,data,labels,counterfactual_data,var_0,counter_var_0,var_1,counter_var_1,aux_0,counter_aux_0,CF_Label_0,CF_FN_0,CF_Label_1,CF_FN_1
0,114 34 22 12 113,17,114 20 25 20 113,5,20,12,20,22,2,25,var_0 counter_var_1 +,32,counter_var_0 var_1 +
1,114 83 32 1 113,26,114 59 94 96 113,25,1,1,3,9,2,28,var_0 counter_var_1 +,2,counter_var_0 var_1 +
2,114 5 101 39 113,13,114 94 3 86 113,5,7,8,24,9,3,29,var_0 counter_var_1 +,15,counter_var_0 var_1 +
3,114 38 82 90 113,37,114 96 15 62 113,9,9,28,0,13,15,9,var_0 counter_var_1 +,37,counter_var_0 var_1 +
4,114 67 69 104 113,20,114 106 98 74 113,9,19,11,12,0,6,21,var_0 counter_var_1 +,30,counter_var_0 var_1 +
5,114 109 77 69 113,29,114 77 22 12 113,22,19,7,12,8,22,34,var_0 counter_var_1 +,26,counter_var_0 var_1 +
6,114 106 93 105 113,31,114 39 112 13 113,19,10,12,13,1,20,32,var_0 counter_var_1 +,22,counter_var_0 var_1 +
7,114 55 108 85 113,49,114 73 40 76 113,26,15,23,14,16,17,40,var_0 counter_var_1 +,38,counter_var_0 var_1 +
8,114 82 51 42 113,35,114 74 38 59 113,24,16,11,28,5,15,52,var_0 counter_var_1 +,27,counter_var_0 var_1 +
9,114 73 106 56 113,40,114 18 50 27 113,15,18,25,27,14,4,42,var_0 counter_var_1 +,43,counter_var_0 var_1 +
10,114 21 12 83 113,42,114 14 63 26 113,21,14,21,26,12,17,47,var_0 counter_var_1 +,35,counter_var_0 var_1 +
11,114 86 58 2 113,30,114 57 92 51 113,28,28,2,20,12,0,48,var_0 counter_var_1 +,30,counter_var_0 var_1 +
12,114 52 9 70 113,31,114 52 71 100 113,23,23,8,7,9,2,30,var_0 counter_var_1 +,31,counter_var_0 var_1 +
13,114 88 107 28 113,29,114 77 55 10 113,1,19,28,10,15,9,11,var_0 counter_var_1 +,47,counter_var_0 var_1 +
14,114 44 34 47 113,31,114 77 49 32 113,15,19,16,1,11,3,16,var_0 counter_var_1 +,35,counter_var_0 var_1 +
15,114 45 39 36 113,21,114 107 112 13 113,16,20,5,13,16,20,29,var_0 counter_var_1 +,25,counter_var_0 var_1 +
16,114 95 63 26 113,34,114 19 3 86 113,8,19,26,24,17,3,32,var_0 counter_var_1 +,45,counter_var_0 var_1 +
17,114 103 44 41 113,26,114 4 98 74 113,16,4,10,12,21,6,28,var_0 counter_var_1 +,14,counter_var_0 var_1 +
18,114 7 12 83 113,28,114 67 104 4 113,7,9,21,4,12,12,11,var_0 counter_var_1 +,30,counter_var_0 var_1 +
19,114 101 37 110 113,31,114 36 82 90 113,14,7,17,28,14,13,42,var_0 counter_var_1 +,24,counter_var_0 var_1 +
20,114 2 69 104 113,13,114 2 12 83 113,2,2,11,21,0,12,23,var_0 counter_var_1 +,13,counter_var_0 var_1 +
21,114 36 29 17 113,24,114 89 94 96 113,7,2,17,3,6,2,10,var_0 counter_var_1 +,19,counter_var_0 var_1 +
22,114 44 90 102 113,24,114 51 52 9 113,15,22,9,9,21,6,24,var_0 counter_var_1 +,31,counter_var_0 var_1 +
23,114 108 40 76 113,35,114 103 26 25 113,21,16,14,25,17,3,46,var_0 counter_var_1 +,30,counter_var_0 var_1 +
24,114 72 76 54 113,37,114 47 58 2 113,14,18,23,2,7,12,16,var_0 counter_var_1 +,41,counter_var_0 var_1 +
25,114 10 24 35 113,14,114 33 85 31 113,10,4,4,0,1,16,10,var_0 counter_var_1 +,8,counter_var_0 var_1 +
26,114 78 71 100 113,27,114 39 111 79 113,20,10,7,17,2,19,37,var_0 counter_var_1 +,17,counter_var_0 var_1 +
27,114 28 77 69 113,35,114 38 8 57 113,28,9,7,26,8,8,54,var_0 counter_var_1 +,16,counter_var_0 var_1 +
28,114 38 86 94 113,10,114 52 87 60 113,9,23,1,29,17,18,38,var_0 counter_var_1 +,24,counter_var_0 var_1 +
29,114 14 52 9 113,23,114 39 39 36 113,14,10,9,5,6,16,19,var_0 counter_var_1 +,19,counter_var_0 var_1 +
30,114 19 0 38 113,26,114 15 82 90 113,19,15,7,28,0,13,47,var_0 counter_var_1 +,22,counter_var_0 var_1 +
31,114 8 68 71 113,17,114 91 25 20 113,8,4,9,20,22,2,28,var_0 counter_var_1 +,13,counter_var_0 var_1 +
32,114 66 4 78 113,24,114 88 90 102 113,8,1,16,9,4,21,17,var_0 counter_var_1 +,17,counter_var_0 var_1 +
33,114 47 14 33 113,20,114 85 94 96 113,18,27,2,3,14,2,21,var_0 counter_var_1 +,29,counter_var_0 var_1 +
34,114 39 86 94 113,11,114 41 76 54 113,10,12,1,23,17,7,33,var_0 counter_var_1 +,13,counter_var_0 var_1 +
35,114 109 87 60 113,51,114 1 92 51 113,22,1,29,20,18,0,42,var_0 counter_var_1 +,30,counter_var_0 var_1 +
36,114 101 83 3 113,17,114 47 40 76 113,14,18,3,14,14,17,28,var_0 counter_var_1 +,21,counter_var_0 var_1 +
37,114 52 75 8 113,31,114 94 110 108 113,23,7,8,15,6,18,38,var_0 counter_var_1 +,15,counter_var_0 var_1 +
38,114 68 53 68 113,16,114 51 92 51 113,10,22,6,20,7,0,30,var_0 counter_var_1 +,28,counter_var_0 var_1 +
39,114 57 14 33 113,30,114 62 61 89 113,28,4,2,27,14,15,55,var_0 counter_var_1 +,6,counter_var_0 var_1 +
40,114 3 57 97 113,7,114 13 27 101 113,3,13,4,8,11,4,11,var_0 counter_var_1 +,17,counter_var_0 var_1 +
41,114 111 82 90 113,52,114 8 55 10 113,24,8,28,10,13,9,34,var_0 counter_var_1 +,36,counter_var_0 var_1 +
42,114 90 26 25 113,28,114 62 23 98 113,3,4,25,5,3,0,8,var_0 counter_var_1 +,29,counter_var_0 var_1 +
43,114 33 89 29 113,33,114 62 12 83 113,4,4,29,21,20,12,25,var_0 counter_var_1 +,33,counter_var_0 var_1 +
44,114 53 76 54 113,47,114 13 55 10 113,24,13,23,10,7,9,34,var_0 counter_var_1 +,36,counter_var_0 var_1 +
45,114 57 97 23 113,51,114 92 17 112 113,28,5,23,19,5,17,47,var_0 counter_var_1 +,28,counter_var_0 var_1 +
46,114 38 19 15 113,24,114 33 72 81 113,9,4,15,19,19,3,28,var_0 counter_var_1 +,19,counter_var_0 var_1 +
47,114 47 85 31 113,18,114 5 107 28 113,18,5,0,28,16,15,46,var_0 counter_var_1 +,5,counter_var_0 var_1 +
48,114 89 47 93 113,2,114 94 66 88 113,2,7,0,26,1,20,28,var_0 counter_var_1 +,7,counter_var_0 var_1 +
49,114 40 30 99 113,17,114 53 43 40 113,11,24,6,9,7,20,20,var_0 counter_var_1 +,30,counter_var_0 var_1 +
50,114 104 32 1 113,18,114 81 13 18 113,17,23,1,18,9,13,35,var_0 counter_var_1 +,24,counter_var_0 var_1 +
51,114 45 45 103 113,26,114 87 55 10 113,16,0,10,10,22,9,26,var_0 counter_var_1 +,10,counter_var_0 var_1 +
52,114 16 33 14 113,30,114 112 99 92 113,16,25,14,30,10,7,46,var_0 counter_var_1 +,39,counter_var_0 var_1 +
53,114 8 87 60 113,37,114 66 6 64 113,8,8,29,2,18,6,10,var_0 counter_var_1 +,37,counter_var_0 var_1 +
54,114 57 96 7 113,35,114 16 36 19 113,28,16,7,19,4,13,47,var_0 counter_var_1 +,23,counter_var_0 var_1 +
55,114 31 23 98 113,7,114 70 111 79 113,2,12,5,17,0,19,19,var_0 counter_var_1 +,17,counter_var_0 var_1 +
56,114 104 52 9 113,26,114 5 24 35 113,17,5,9,4,6,1,21,var_0 counter_var_1 +,14,counter_var_0 var_1 +
57,114 16 52 9 113,25,114 99 38 59 113,16,12,9,28,6,15,44,var_0 counter_var_1 +,21,counter_var_0 var_1 +
58,114 26 110 108 113,41,114 27 10 11 113,26,27,15,11,18,10,37,var_0 counter_var_1 +,42,counter_var_0 var_1 +
59,114 72 51 42 113,25,114 81 39 36 113,14,23,11,5,5,16,19,var_0 counter_var_1 +,34,counter_var_0 var_1 +
60,114 72 102 45 113,28,114 103 48 95 113,14,16,14,2,10,2,16,var_0 counter_var_1 +,30,counter_var_0 var_1 +
61,114 94 65 67 113,12,114 55 39 36 113,7,26,5,5,19,16,12,var_0 counter_var_1 +,31,counter_var_0 var_1 +
62,114 97 8 57 113,36,114 9 80 48 113,10,9,26,17,8,11,27,var_0 counter_var_1 +,35,counter_var_0 var_1 +
63,114 37 10 11 113,19,114 19 45 103 113,8,19,11,10,10,22,18,var_0 counter_var_1 +,30,counter_var_0 var_1 +
64,114 72 35 37 113,20,114 85 12 83 113,14,27,6,21,12,12,35,var_0 counter_var_1 +,33,counter_var_0 var_1 +
65,114 44 31 82 113,35,114 37 8 57 113,15,8,20,26,8,8,41,var_0 counter_var_1 +,28,counter_var_0 var_1 +
66,114 47 51 42 113,29,114 2 0 38 113,18,2,11,7,5,0,25,var_0 counter_var_1 +,13,counter_var_0 var_1 +
67,114 102 12 83 113,36,114 43 45 103 113,15,14,21,10,12,22,25,var_0 counter_var_1 +,35,counter_var_0 var_1 +
68,114 4 45 103 113,14,114 63 54 53 113,4,5,10,22,22,8,26,var_0 counter_var_1 +,15,counter_var_0 var_1 +
69,114 101 5 24 113,38,114 35 8 57 113,14,6,24,26,5,8,40,var_0 counter_var_1 +,30,counter_var_0 var_1 +
70,114 48 4 78 113,35,114 58 99 92 113,19,0,16,30,4,7,49,var_0 counter_var_1 +,16,counter_var_0 var_1 +
71,114 30 14 33 113,3,114 14 93 105 113,1,14,2,12,14,1,13,var_0 counter_var_1 +,16,counter_var_0 var_1 +
72,114 45 108 85 113,39,114 2 67 80 113,16,2,23,18,16,21,34,var_0 counter_var_1 +,25,counter_var_0 var_1 +
73,114 16 77 69 113,23,114 80 107 28 113,16,22,7,28,8,15,44,var_0 counter_var_1 +,29,counter_var_0 var_1 +
74,114 102 86 94 113,16,114 98 39 36 113,15,11,1,5,17,16,20,var_0 counter_var_1 +,12,counter_var_0 var_1 +
75,114 69 105 111 113,29,114 112 78 107 113,11,25,18,14,13,9,25,var_0 counter_var_1 +,43,counter_var_0 var_1 +
76,114 48 102 45 113,33,114 34 50 27 113,19,5,14,27,10,4,46,var_0 counter_var_1 +,19,counter_var_0 var_1 +
77,114 44 79 58 113,42,114 66 63 26 113,15,8,27,26,10,17,41,var_0 counter_var_1 +,35,counter_var_0 var_1 +
78,114 78 89 29 113,49,114 32 15 62 113,20,3,29,0,20,15,20,var_0 counter_var_1 +,32,counter_var_0 var_1 +
79,114 85 60 63 113,28,114 46 108 85 113,27,17,1,23,14,16,50,var_0 counter_var_1 +,18,counter_var_0 var_1 +
80,114 79 73 73 113,32,114 110 30 99 113,21,23,11,6,4,7,27,var_0 counter_var_1 +,34,counter_var_0 var_1 +
81,114 21 91 106 113,34,114 7 102 45 113,21,7,13,14,22,10,35,var_0 counter_var_1 +,20,counter_var_0 var_1 +
82,114 100 71 100 113,20,114 13 33 14 113,13,13,7,14,2,10,27,var_0 counter_var_1 +,20,counter_var_0 var_1 +
83,114 39 37 110 113,27,114 21 75 8 113,10,21,17,8,14,6,18,var_0 counter_var_1 +,38,counter_var_0 var_1 +
84,114 39 31 82 113,30,114 103 91 106 113,10,16,20,13,8,22,23,var_0 counter_var_1 +,36,counter_var_0 var_1 +
85,114 55 101 39 113,34,114 45 55 10 113,26,16,8,10,9,9,36,var_0 counter_var_1 +,24,counter_var_0 var_1 +
86,114 5 105 111 113,23,114 61 87 60 113,5,3,18,29,13,18,34,var_0 counter_var_1 +,21,counter_var_0 var_1 +
87,114 22 47 93 113,22,114 51 80 48 113,22,22,0,17,1,11,39,var_0 counter_var_1 +,22,counter_var_0 var_1 +
88,114 52 69 104 113,34,114 84 17 112 113,23,26,11,19,0,17,42,var_0 counter_var_1 +,37,counter_var_0 var_1 +
89,114 57 1 0 113,28,114 89 14 33 113,28,2,0,2,1,14,30,var_0 counter_var_1 +,2,counter_var_0 var_1 +
90,114 112 26 25 113,50,114 37 80 48 113,25,8,25,17,3,11,42,var_0 counter_var_1 +,33,counter_var_0 var_1 +
91,114 59 104 4 113,5,114 46 43 40 113,1,17,4,9,12,20,10,var_0 counter_var_1 +,21,counter_var_0 var_1 +
92,114 54 98 74 113,37,114 38 61 89 113,25,9,12,27,6,15,52,var_0 counter_var_1 +,21,counter_var_0 var_1 +
93,114 12 30 99 113,18,114 111 0 38 113,12,24,6,7,7,0,19,var_0 counter_var_1 +,30,counter_var_0 var_1 +
94,114 74 46 87 113,41,114 67 48 95 113,16,9,25,2,0,2,18,var_0 counter_var_1 +,34,counter_var_0 var_1 +
95,114 110 88 16 113,39,114 10 44 41 113,23,10,16,10,19,21,33,var_0 counter_var_1 +,26,counter_var_0 var_1 +
96,114 25 91 106 113,38,114 58 52 9 113,25,0,13,9,22,6,34,var_0 counter_var_1 +,13,counter_var_0 var_1 +
97,114 5 13 18 113,23,114 68 27 101 113,5,10,18,8,13,4,13,var_0 counter_var_1 +,28,counter_var_0 var_1 +
98,114 44 4 78 113,31,114 9 12 83 113,15,9,16,21,4,12,36,var_0 counter_var_1 +,25,counter_var_0 var_1 +
99,114 7 27 101 113,15,114 18 31 82 113,7,18,8,20,4,8,27,var_0 counter_var_1 +,26,counter_var_0 var_1 +
100,114 64 29 17 113,23,114 43 53 68 113,6,14,17,6,6,7,12,var_0 counter_var_1 +,31,counter_var_0 var_1 +
101,114 91 99 92 113,34,114 107 76 54 113,4,20,30,23,7,7,27,var_0 counter_var_1 +,50,counter_var_0 var_1 +
102,114 111 60 63 113,25,114 67 109 65 113,24,9,1,3,14,17,27,var_0 counter_var_1 +,10,counter_var_0 var_1 +
103,114 72 111 79 113,31,114 38 92 51 113,14,9,17,20,19,0,34,var_0 counter_var_1 +,26,counter_var_0 var_1 +
104,114 99 112 13 113,25,114 80 28 55 113,12,22,13,24,20,5,36,var_0 counter_var_1 +,35,counter_var_0 var_1 +
105,114 81 6 64 113,25,114 88 34 47 113,23,1,2,16,6,11,39,var_0 counter_var_1 +,3,counter_var_0 var_1 +
106,114 27 16 21 113,48,114 47 76 54 113,27,18,21,23,16,7,50,var_0 counter_var_1 +,39,counter_var_0 var_1 +
107,114 90 2 84 113,25,114 88 44 41 113,3,1,22,10,2,21,13,var_0 counter_var_1 +,23,counter_var_0 var_1 +
108,114 22 111 79 113,39,114 32 7 22 113,22,3,17,22,19,7,44,var_0 counter_var_1 +,20,counter_var_0 var_1 +
109,114 13 37 110 113,30,114 80 100 75 113,13,22,17,13,14,8,26,var_0 counter_var_1 +,39,counter_var_0 var_1 +
110,114 0 46 87 113,25,114 102 35 37 113,0,15,25,6,0,12,6,var_0 counter_var_1 +,40,counter_var_0 var_1 +
111,114 67 47 93 113,9,114 4 35 37 113,9,4,0,6,1,12,15,var_0 counter_var_1 +,4,counter_var_0 var_1 +
112,114 24 18 72 113,34,114 42 29 17 113,24,13,10,17,18,6,41,var_0 counter_var_1 +,23,counter_var_0 var_1 +
113,114 57 95 109 113,44,114 53 89 29 113,28,24,16,29,3,20,57,var_0 counter_var_1 +,40,counter_var_0 var_1 +
114,114 99 47 93 113,12,114 88 12 83 113,12,1,0,21,1,12,33,var_0 counter_var_1 +,1,counter_var_0 var_1 +
115,114 73 40 76 113,29,114 51 54 53 113,15,22,14,22,17,8,37,var_0 counter_var_1 +,36,counter_var_0 var_1 +
116,114 20 112 13 113,33,114 46 48 95 113,20,17,13,2,20,2,22,var_0 counter_var_1 +,30,counter_var_0 var_1 +
117,114 7 31 82 113,27,114 25 13 18 113,7,25,20,18,8,13,25,var_0 counter_var_1 +,45,counter_var_0 var_1 +
118,114 31 32 1 113,3,114 47 69 104 113,2,18,1,11,9,0,13,var_0 counter_var_1 +,19,counter_var_0 var_1 +
119,114 39 76 54 113,33,114 92 58 2 113,10,5,23,2,7,12,12,var_0 counter_var_1 +,28,counter_var_0 var_1 +
120,114 11 21 49 113,29,114 112 31 82 113,11,25,18,20,21,8,31,var_0 counter_var_1 +,43,counter_var_0 var_1 +
121,114 4 100 75 113,17,114 41 6 64 113,4,12,13,2,8,6,6,var_0 counter_var_1 +,25,counter_var_0 var_1 +
122,114 5 90 102 113,14,114 19 62 43 113,5,19,9,12,21,16,17,var_0 counter_var_1 +,28,counter_var_0 var_1 +
123,114 92 0 38 113,12,114 55 75 8 113,5,26,7,8,0,6,13,var_0 counter_var_1 +,33,counter_var_0 var_1 +
124,114 110 80 48 113,40,114 63 27 101 113,23,5,17,8,11,4,31,var_0 counter_var_1 +,22,counter_var_0 var_1 +
125,114 53 60 63 113,25,114 28 86 94 113,24,28,1,1,14,17,25,var_0 counter_var_1 +,29,counter_var_0 var_1 +
126,114 32 90 102 113,12,114 33 23 98 113,3,4,9,5,21,0,8,var_0 counter_var_1 +,13,counter_var_0 var_1 +
127,114 25 31 82 113,45,114 5 92 51 113,25,5,20,20,8,0,45,var_0 counter_var_1 +,25,counter_var_0 var_1 +
128,114 69 37 110 113,28,114 69 80 48 113,11,11,17,17,14,11,28,var_0 counter_var_1 +,28,counter_var_0 var_1 +
129,114 108 9 70 113,29,114 106 103 61 113,21,19,8,30,9,11,51,var_0 counter_var_1 +,27,counter_var_0 var_1 +
130,114 92 61 89 113,32,114 62 82 90 113,5,4,27,28,15,13,33,var_0 counter_var_1 +,31,counter_var_0 var_1 +
131,114 91 108 85 113,27,114 94 67 80 113,4,7,23,18,16,21,22,var_0 counter_var_1 +,30,counter_var_0 var_1 +
132,114 48 47 93 113,19,114 30 3 86 113,19,1,0,24,1,3,43,var_0 counter_var_1 +,1,counter_var_0 var_1 +
133,114 63 48 95 113,7,114 109 100 75 113,5,22,2,13,2,8,18,var_0 counter_var_1 +,24,counter_var_0 var_1 +
134,114 57 41 34 113,31,114 86 88 16 113,28,28,3,16,18,19,44,var_0 counter_var_1 +,31,counter_var_0 var_1 +
135,114 96 19 15 113,24,114 105 33 14 113,9,18,15,14,19,10,23,var_0 counter_var_1 +,33,counter_var_0 var_1 +
136,114 21 67 80 113,39,114 44 14 33 113,21,15,18,2,21,14,23,var_0 counter_var_1 +,33,counter_var_0 var_1 +
137,114 69 110 108 113,26,114 59 103 61 113,11,1,15,30,18,11,41,var_0 counter_var_1 +,16,counter_var_0 var_1 +
138,114 42 79 58 113,40,114 30 2 84 113,13,1,27,22,10,2,35,var_0 counter_var_1 +,28,counter_var_0 var_1 +
139,114 53 94 96 113,27,114 110 46 87 113,24,23,3,25,2,0,49,var_0 counter_var_1 +,26,counter_var_0 var_1 +
140,114 22 52 9 113,31,114 46 103 61 113,22,17,9,30,6,11,52,var_0 counter_var_1 +,26,counter_var_0 var_1 +
141,114 15 52 9 113,24,114 20 68 71 113,15,20,9,9,6,22,24,var_0 counter_var_1 +,29,counter_var_0 var_1 +
142,114 74 68 71 113,25,114 56 75 8 113,16,27,9,8,22,6,24,var_0 counter_var_1 +,36,counter_var_0 var_1 +
143,114 64 20 50 113,25,114 81 81 52 113,6,23,19,21,20,12,27,var_0 counter_var_1 +,42,counter_var_0 var_1 +
144,114 22 72 81 113,41,114 64 49 32 113,22,6,19,1,3,3,23,var_0 counter_var_1 +,25,counter_var_0 var_1 +
145,114 29 46 87 113,25,114 81 45 103 113,0,23,25,10,0,22,10,var_0 counter_var_1 +,48,counter_var_0 var_1 +
146,114 24 31 82 113,44,114 62 90 102 113,24,4,20,9,8,21,33,var_0 counter_var_1 +,24,counter_var_0 var_1 +
147,114 75 102 45 113,31,114 108 4 78 113,17,21,14,16,10,4,33,var_0 counter_var_1 +,35,counter_var_0 var_1 +
148,114 54 99 92 113,55,114 91 108 85 113,25,4,30,23,7,16,48,var_0 counter_var_1 +,34,counter_var_0 var_1 +
149,114 38 10 11 113,20,114 101 27 101 113,9,14,11,8,10,4,17,var_0 counter_var_1 +,25,counter_var_0 var_1 +
150,114 96 4 78 113,25,114 98 102 45 113,9,11,16,14,4,10,23,var_0 counter_var_1 +,27,counter_var_0 var_1 +
151,114 76 44 41 113,28,114 80 106 56 113,18,22,10,25,21,14,43,var_0 counter_var_1 +,32,counter_var_0 var_1 +
152,114 12 5 24 113,36,114 88 32 1 113,12,1,24,1,5,9,13,var_0 counter_var_1 +,25,counter_var_0 var_1 +
153,114 54 16 21 113,46,114 107 36 19 113,25,20,21,19,16,13,44,var_0 counter_var_1 +,41,counter_var_0 var_1 +
154,114 18 105 111 113,36,114 1 58 2 113,18,1,18,2,13,12,20,var_0 counter_var_1 +,19,counter_var_0 var_1 +
155,114 84 21 49 113,44,114 82 36 19 113,26,24,18,19,21,13,45,var_0 counter_var_1 +,42,counter_var_0 var_1 +
156,114 79 47 93 113,21,114 87 30 99 113,21,0,0,6,1,7,27,var_0 counter_var_1 +,0,counter_var_0 var_1 +
157,114 75 93 105 113,29,114 53 97 23 113,17,24,12,23,1,5,40,var_0 counter_var_1 +,36,counter_var_0 var_1 +
158,114 65 22 12 113,19,114 75 101 39 113,7,17,12,8,22,9,15,var_0 counter_var_1 +,29,counter_var_0 var_1 +
159,114 0 16 21 113,21,114 52 34 47 113,0,23,21,16,16,11,16,var_0 counter_var_1 +,44,counter_var_0 var_1 +
160,114 7 44 41 113,17,114 29 69 104 113,7,0,10,11,21,0,18,var_0 counter_var_1 +,10,counter_var_0 var_1 +
161,114 15 94 96 113,18,114 40 30 99 113,15,11,3,6,2,7,21,var_0 counter_var_1 +,14,counter_var_0 var_1 +
162,114 23 59 30 113,53,114 109 44 41 113,23,22,30,10,13,21,33,var_0 counter_var_1 +,52,counter_var_0 var_1 +
163,114 67 81 52 113,30,114 55 104 4 113,9,26,21,4,12,12,13,var_0 counter_var_1 +,47,counter_var_0 var_1 +
164,114 96 40 76 113,23,114 7 13 18 113,9,7,14,18,17,13,27,var_0 counter_var_1 +,21,counter_var_0 var_1 +
165,114 75 82 90 113,45,114 64 10 11 113,17,6,28,11,13,10,28,var_0 counter_var_1 +,34,counter_var_0 var_1 +
166,114 68 20 50 113,29,114 84 21 49 113,10,26,19,18,20,21,28,var_0 counter_var_1 +,45,counter_var_0 var_1 +
167,114 107 67 80 113,38,114 93 1 0 113,20,6,18,0,21,1,20,var_0 counter_var_1 +,24,counter_var_0 var_1 +
168,114 15 89 29 113,44,114 35 111 79 113,15,6,29,17,20,19,32,var_0 counter_var_1 +,35,counter_var_0 var_1 +
169,114 94 11 6 113,13,114 70 66 88 113,7,12,6,26,11,20,33,var_0 counter_var_1 +,18,counter_var_0 var_1 +
170,114 59 28 55 113,25,114 92 112 13 113,1,5,24,13,5,20,14,var_0 counter_var_1 +,29,counter_var_0 var_1 +
171,114 111 5 24 113,48,114 25 57 97 113,24,25,24,4,5,11,28,var_0 counter_var_1 +,49,counter_var_0 var_1 +
172,114 59 31 82 113,21,114 48 11 6 113,1,19,20,6,8,11,7,var_0 counter_var_1 +,39,counter_var_0 var_1 +
173,114 103 76 54 113,39,114 73 81 52 113,16,15,23,21,7,12,37,var_0 counter_var_1 +,38,counter_var_0 var_1 +
174,114 105 19 15 113,33,114 110 111 79 113,18,23,15,17,19,19,35,var_0 counter_var_1 +,38,counter_var_0 var_1 +
175,114 18 20 50 113,37,114 14 82 90 113,18,14,19,28,20,13,46,var_0 counter_var_1 +,33,counter_var_0 var_1 +
176,114 102 5 24 113,39,114 103 32 1 113,15,16,24,1,5,9,16,var_0 counter_var_1 +,40,counter_var_0 var_1 +
177,114 61 107 28 113,31,114 38 76 54 113,3,9,28,23,15,7,26,var_0 counter_var_1 +,37,counter_var_0 var_1 +
178,114 25 94 96 113,28,114 64 51 42 113,25,6,3,11,2,5,36,var_0 counter_var_1 +,9,counter_var_0 var_1 +
179,114 65 76 54 113,30,114 55 105 111 113,7,26,23,18,7,13,25,var_0 counter_var_1 +,49,counter_var_0 var_1 +
180,114 83 77 69 113,32,114 47 110 108 113,25,18,7,15,8,18,40,var_0 counter_var_1 +,25,counter_var_0 var_1 +
181,114 21 43 40 113,30,114 14 61 89 113,21,14,9,27,20,15,48,var_0 counter_var_1 +,23,counter_var_0 var_1 +
182,114 89 64 66 113,6,114 4 58 2 113,2,4,4,2,18,12,4,var_0 counter_var_1 +,8,counter_var_0 var_1 +
183,114 75 13 18 113,35,114 107 92 51 113,17,20,18,20,13,0,37,var_0 counter_var_1 +,38,counter_var_0 var_1 +
184,114 61 46 87 113,28,114 1 0 38 113,3,1,25,7,0,0,10,var_0 counter_var_1 +,26,counter_var_0 var_1 +
185,114 85 85 31 113,27,114 44 22 12 113,27,15,0,12,16,22,39,var_0 counter_var_1 +,15,counter_var_0 var_1 +
186,114 104 93 105 113,29,114 17 30 99 113,17,17,12,6,1,7,23,var_0 counter_var_1 +,29,counter_var_0 var_1 +
187,114 108 14 33 113,23,114 99 106 56 113,21,12,2,25,14,14,46,var_0 counter_var_1 +,14,counter_var_0 var_1 +
188,114 23 73 73 113,34,114 27 20 50 113,23,27,11,19,4,20,42,var_0 counter_var_1 +,38,counter_var_0 var_1 +
189,114 11 35 37 113,17,114 31 57 97 113,11,2,6,4,12,11,15,var_0 counter_var_1 +,8,counter_var_0 var_1 +
190,114 55 47 93 113,26,114 98 62 43 113,26,11,0,12,1,16,38,var_0 counter_var_1 +,11,counter_var_0 var_1 +
191,114 77 106 56 113,44,114 23 71 100 113,19,23,25,7,14,2,26,var_0 counter_var_1 +,48,counter_var_0 var_1 +
192,114 108 31 82 113,41,114 50 35 37 113,21,21,20,6,8,12,27,var_0 counter_var_1 +,41,counter_var_0 var_1 +
193,114 24 29 17 113,41,114 91 93 105 113,24,4,17,12,6,1,36,var_0 counter_var_1 +,21,counter_var_0 var_1 +
194,114 65 4 78 113,23,114 87 19 15 113,7,0,16,15,4,19,22,var_0 counter_var_1 +,16,counter_var_0 var_1 +
195,114 50 36 19 113,40,114 36 26 25 113,21,7,19,25,13,3,46,var_0 counter_var_1 +,26,counter_var_0 var_1 +
196,114 78 2 84 113,42,114 32 55 10 113,20,3,22,10,2,9,30,var_0 counter_var_1 +,25,counter_var_0 var_1 +
197,114 39 100 75 113,23,114 32 3 86 113,10,3,13,24,8,3,34,var_0 counter_var_1 +,16,counter_var_0 var_1 +
198,114 104 12 83 113,38,114 26 49 32 113,17,26,21,1,12,3,18,var_0 counter_var_1 +,47,counter_var_0 var_1 +
199,114 54 85 31 113,25,114 77 58 2 113,25,19,0,2,16,12,27,var_0 counter_var_1 +,19,counter_var_0 var_1 +
200,114 4 76 54 113,27,114 40 11 6 113,4,11,23,6,7,11,10,var_0 counter_var_1 +,34,counter_var_0 var_1 +
201,114 57 70 77 113,43,114 6 70 77 113,28,6,15,15,1,1,43,var_0 counter_var_1 +,21,counter_var_0 var_1 +
202,114 110 71 100 113,30,114 16 55 10 113,23,16,7,10,2,9,33,var_0 counter_var_1 +,23,counter_var_0 var_1 +
203,114 39 26 25 113,35,114 76 3 86 113,10,18,25,24,3,3,34,var_0 counter_var_1 +,43,counter_var_0 var_1 +
204,114 105 69 104 113,29,114 102 72 81 113,18,15,11,19,0,3,37,var_0 counter_var_1 +,26,counter_var_0 var_1 +
205,114 59 82 90 113,29,114 31 68 71 113,1,2,28,9,13,22,10,var_0 counter_var_1 +,30,counter_var_0 var_1 +
206,114 107 75 8 113,28,114 88 63 26 113,20,1,8,26,6,17,46,var_0 counter_var_1 +,9,counter_var_0 var_1 +
207,114 28 62 43 113,40,114 88 46 87 113,28,1,12,25,16,0,53,var_0 counter_var_1 +,13,counter_var_0 var_1 +
208,114 54 44 41 113,35,114 80 24 35 113,25,22,10,4,21,1,29,var_0 counter_var_1 +,32,counter_var_0 var_1 +
209,114 96 68 71 113,18,114 21 37 110 113,9,21,9,17,22,14,26,var_0 counter_var_1 +,30,counter_var_0 var_1 +
210,114 90 68 71 113,12,114 105 90 102 113,3,18,9,9,22,21,12,var_0 counter_var_1 +,27,counter_var_0 var_1 +
211,114 46 39 36 113,22,114 16 98 74 113,17,16,5,12,16,6,29,var_0 counter_var_1 +,21,counter_var_0 var_1 +
212,114 33 21 49 113,22,114 66 62 43 113,4,8,18,12,21,16,16,var_0 counter_var_1 +,26,counter_var_0 var_1 +
213,114 3 23 98 113,8,114 26 73 73 113,3,26,5,11,0,4,14,var_0 counter_var_1 +,31,counter_var_0 var_1 +
214,114 17 21 49 113,35,114 93 73 73 113,17,6,18,11,21,4,28,var_0 counter_var_1 +,24,counter_var_0 var_1 +
215,114 96 88 16 113,25,114 32 101 39 113,9,3,16,8,19,9,17,var_0 counter_var_1 +,19,counter_var_0 var_1 +
216,114 25 44 41 113,35,114 78 8 57 113,25,20,10,26,21,8,51,var_0 counter_var_1 +,30,counter_var_0 var_1 +
217,114 57 15 62 113,28,114 8 47 93 113,28,8,0,0,15,1,28,var_0 counter_var_1 +,8,counter_var_0 var_1 +
218,114 100 3 86 113,37,114 39 24 35 113,13,10,24,4,3,1,17,var_0 counter_var_1 +,34,counter_var_0 var_1 +
219,114 19 89 29 113,48,114 36 57 97 113,19,7,29,4,20,11,23,var_0 counter_var_1 +,36,counter_var_0 var_1 +
220,114 58 45 103 113,10,114 75 40 76 113,0,17,10,14,22,17,14,var_0 counter_var_1 +,27,counter_var_0 var_1 +
221,114 81 102 45 113,37,114 42 47 93 113,23,13,14,0,10,1,23,var_0 counter_var_1 +,27,counter_var_0 var_1 +
222,114 15 33 14 113,29,114 49 34 47 113,15,20,14,16,10,11,31,var_0 counter_var_1 +,34,counter_var_0 var_1 +
223,114 78 22 12 113,32,114 101 94 96 113,20,14,12,3,22,2,23,var_0 counter_var_1 +,26,counter_var_0 var_1 +
224,114 99 95 109 113,28,114 25 0 38 113,12,25,16,7,3,0,19,var_0 counter_var_1 +,41,counter_var_0 var_1 +
225,114 38 61 89 113,36,114 22 97 23 113,9,22,27,23,15,5,32,var_0 counter_var_1 +,49,counter_var_0 var_1 +
226,114 82 0 38 113,31,114 97 103 61 113,24,10,7,30,0,11,54,var_0 counter_var_1 +,17,counter_var_0 var_1 +
227,114 81 16 21 113,44,114 18 71 100 113,23,18,21,7,16,2,30,var_0 counter_var_1 +,39,counter_var_0 var_1 +
228,114 89 50 27 113,29,114 11 26 25 113,2,11,27,25,4,3,27,var_0 counter_var_1 +,38,counter_var_0 var_1 +
229,114 50 13 18 113,39,114 59 85 31 113,21,1,18,0,13,16,21,var_0 counter_var_1 +,19,counter_var_0 var_1 +
230,114 74 101 39 113,24,114 17 90 102 113,16,17,8,9,9,21,25,var_0 counter_var_1 +,25,counter_var_0 var_1 +
231,114 34 50 27 113,32,114 27 79 58 113,5,27,27,27,4,10,32,var_0 counter_var_1 +,54,counter_var_0 var_1 +
232,114 8 64 66 113,12,114 90 43 40 113,8,3,4,9,18,20,17,var_0 counter_var_1 +,7,counter_var_0 var_1 +
233,114 68 37 110 113,27,114 59 17 112 113,10,1,17,19,14,17,29,var_0 counter_var_1 +,18,counter_var_0 var_1 +
234,114 85 68 71 113,36,114 17 32 1 113,27,17,9,1,22,9,28,var_0 counter_var_1 +,26,counter_var_0 var_1 +
235,114 47 47 93 113,18,114 82 43 40 113,18,24,0,9,1,20,27,var_0 counter_var_1 +,24,counter_var_0 var_1 +
236,114 13 92 51 113,33,114 7 59 30 113,13,7,20,30,0,13,43,var_0 counter_var_1 +,27,counter_var_0 var_1 +
237,114 59 45 103 113,11,114 7 105 111 113,1,7,10,18,22,13,19,var_0 counter_var_1 +,17,counter_var_0 var_1 +
238,114 93 35 37 113,12,114 78 19 15 113,6,20,6,15,12,19,21,var_0 counter_var_1 +,26,counter_var_0 var_1 +
239,114 108 10 11 113,32,114 34 108 85 113,21,5,11,23,10,16,44,var_0 counter_var_1 +,16,counter_var_0 var_1 +
240,114 7 16 21 113,28,114 69 27 101 113,7,11,21,8,16,4,15,var_0 counter_var_1 +,32,counter_var_0 var_1 +
241,114 18 108 85 113,41,114 108 15 62 113,18,21,23,0,16,15,18,var_0 counter_var_1 +,44,counter_var_0 var_1 +
242,114 39 1 0 113,10,114 74 7 22 113,10,16,0,22,1,7,32,var_0 counter_var_1 +,16,counter_var_0 var_1 +
243,114 22 6 64 113,24,114 20 61 89 113,22,20,2,27,6,15,49,var_0 counter_var_1 +,22,counter_var_0 var_1 +
244,114 106 105 111 113,37,114 67 96 7 113,19,9,18,7,13,4,26,var_0 counter_var_1 +,27,counter_var_0 var_1 +
245,114 98 75 8 113,19,114 99 20 50 113,11,12,8,19,6,20,30,var_0 counter_var_1 +,20,counter_var_0 var_1 +
246,114 87 60 63 113,1,114 63 106 56 113,0,5,1,25,14,14,25,var_0 counter_var_1 +,6,counter_var_0 var_1 +
247,114 30 85 31 113,1,114 58 88 16 113,1,0,0,16,16,19,17,var_0 counter_var_1 +,0,counter_var_0 var_1 +
248,114 45 36 19 113,35,114 44 36 19 113,16,15,19,19,13,13,35,var_0 counter_var_1 +,34,counter_var_0 var_1 +
249,114 68 19 15 113,25,114 61 73 73 113,10,3,15,11,19,4,21,var_0 counter_var_1 +,18,counter_var_0 var_1 +
250,114 15 29 17 113,32,114 8 49 32 113,15,8,17,1,6,3,16,var_0 counter_var_1 +,25,counter_var_0 var_1 +
251,114 80 10 11 113,33,114 0 52 9 113,22,0,11,9,10,6,31,var_0 counter_var_1 +,11,counter_var_0 var_1 +
252,114 44 97 23 113,38,114 111 40 76 113,15,24,23,14,5,17,29,var_0 counter_var_1 +,47,counter_var_0 var_1 +
253,114 68 110 108 113,25,114 40 102 45 113,10,11,15,14,18,10,24,var_0 counter_var_1 +,26,counter_var_0 var_1 +
254,114 38 8 57 113,35,114 91 55 10 113,9,4,26,10,8,9,19,var_0 counter_var_1 +,30,counter_var_0 var_1 +
255,114 100 17 112 113,32,114 6 91 106 113,13,6,19,13,17,22,26,var_0 counter_var_1 +,25,counter_var_0 var_1 +
256,114 43 21 49 113,32,114 32 14 33 113,14,3,18,2,21,14,16,var_0 counter_var_1 +,21,counter_var_0 var_1 +
257,114 31 18 72 113,12,114 70 69 104 113,2,12,10,11,18,0,13,var_0 counter_var_1 +,22,counter_var_0 var_1 +
258,114 61 54 53 113,25,114 40 49 32 113,3,11,22,1,8,3,4,var_0 counter_var_1 +,33,counter_var_0 var_1 +
259,114 70 6 64 113,14,114 34 37 110 113,12,5,2,17,6,14,29,var_0 counter_var_1 +,7,counter_var_0 var_1 +
260,114 36 110 108 113,22,114 33 61 89 113,7,4,15,27,18,15,34,var_0 counter_var_1 +,19,counter_var_0 var_1 +
261,114 58 0 38 113,7,114 106 83 3 113,0,19,7,3,0,14,3,var_0 counter_var_1 +,26,counter_var_0 var_1 +
262,114 62 12 83 113,25,114 17 76 54 113,4,17,21,23,12,7,27,var_0 counter_var_1 +,38,counter_var_0 var_1 +
263,114 28 65 67 113,33,114 34 72 81 113,28,5,5,19,19,3,47,var_0 counter_var_1 +,10,counter_var_0 var_1 +
264,114 79 86 94 113,22,114 71 19 15 113,21,13,1,15,17,19,36,var_0 counter_var_1 +,14,counter_var_0 var_1 +
265,114 3 33 14 113,17,114 29 51 42 113,3,0,14,11,10,5,14,var_0 counter_var_1 +,14,counter_var_0 var_1 +
266,114 84 101 39 113,34,114 16 44 41 113,26,16,8,10,9,21,36,var_0 counter_var_1 +,24,counter_var_0 var_1 +
267,114 27 21 49 113,45,114 63 111 79 113,27,5,18,17,21,19,44,var_0 counter_var_1 +,23,counter_var_0 var_1 +
268,114 19 93 105 113,31,114 51 1 0 113,19,22,12,0,1,1,19,var_0 counter_var_1 +,34,counter_var_0 var_1 +
269,114 101 86 94 113,15,114 95 52 9 113,14,8,1,9,17,6,23,var_0 counter_var_1 +,9,counter_var_0 var_1 +
270,114 36 59 30 113,37,114 6 52 9 113,7,6,30,9,13,6,16,var_0 counter_var_1 +,36,counter_var_0 var_1 +
271,114 93 109 65 113,9,114 84 90 102 113,6,26,3,9,17,21,15,var_0 counter_var_1 +,29,counter_var_0 var_1 +
272,114 101 53 68 113,20,114 57 70 77 113,14,28,6,15,7,1,29,var_0 counter_var_1 +,34,counter_var_0 var_1 +
273,114 12 75 8 113,20,114 94 103 61 113,12,7,8,30,6,11,42,var_0 counter_var_1 +,15,counter_var_0 var_1 +
274,114 56 13 18 113,45,114 62 46 87 113,27,4,18,25,13,0,52,var_0 counter_var_1 +,22,counter_var_0 var_1 +
275,114 76 110 108 113,33,114 60 20 50 113,18,2,15,19,18,20,37,var_0 counter_var_1 +,17,counter_var_0 var_1 +
276,114 108 71 100 113,28,114 56 109 65 113,21,27,7,3,2,17,24,var_0 counter_var_1 +,34,counter_var_0 var_1 +
277,114 84 31 82 113,46,114 13 81 52 113,26,13,20,21,8,12,47,var_0 counter_var_1 +,33,counter_var_0 var_1 +
278,114 108 92 51 113,41,114 23 53 68 113,21,23,20,6,0,7,27,var_0 counter_var_1 +,43,counter_var_0 var_1 +
279,114 21 51 42 113,32,114 9 51 42 113,21,9,11,11,5,5,32,var_0 counter_var_1 +,20,counter_var_0 var_1 +
280,114 83 72 81 113,44,114 105 50 27 113,25,18,19,27,3,4,52,var_0 counter_var_1 +,37,counter_var_0 var_1 +
281,114 112 76 54 113,48,114 109 4 78 113,25,22,23,16,7,4,41,var_0 counter_var_1 +,45,counter_var_0 var_1 +
282,114 68 75 8 113,18,114 83 71 100 113,10,25,8,7,6,2,17,var_0 counter_var_1 +,33,counter_var_0 var_1 +
283,114 48 27 101 113,27,114 109 22 12 113,19,22,8,12,4,22,31,var_0 counter_var_1 +,30,counter_var_0 var_1 +
284,114 102 66 88 113,41,114 74 58 2 113,15,16,26,2,20,12,17,var_0 counter_var_1 +,42,counter_var_0 var_1 +
285,114 19 73 73 113,30,114 74 62 43 113,19,16,11,12,4,16,31,var_0 counter_var_1 +,27,counter_var_0 var_1 +
286,114 87 103 61 113,30,114 44 105 111 113,0,15,30,18,11,13,18,var_0 counter_var_1 +,45,counter_var_0 var_1 +
287,114 16 106 56 113,41,114 84 104 4 113,16,26,25,4,14,12,20,var_0 counter_var_1 +,51,counter_var_0 var_1 +
288,114 98 65 67 113,16,114 61 94 96 113,11,3,5,3,19,2,14,var_0 counter_var_1 +,8,counter_var_0 var_1 +
289,114 81 27 101 113,31,114 11 32 1 113,23,11,8,1,4,9,24,var_0 counter_var_1 +,19,counter_var_0 var_1 +
290,114 53 103 61 113,54,114 44 52 9 113,24,15,30,9,11,6,33,var_0 counter_var_1 +,45,counter_var_0 var_1 +
291,114 49 66 88 113,46,114 68 88 16 113,20,10,26,16,20,19,36,var_0 counter_var_1 +,36,counter_var_0 var_1 +
292,114 28 50 27 113,55,114 27 7 22 113,28,27,27,22,4,7,50,var_0 counter_var_1 +,54,counter_var_0 var_1 +
293,114 44 2 84 113,37,114 17 25 20 113,15,17,22,20,2,2,35,var_0 counter_var_1 +,39,counter_var_0 var_1 +
294,114 65 103 61 113,37,114 87 80 48 113,7,0,30,17,11,11,24,var_0 counter_var_1 +,30,counter_var_0 var_1 +
295,114 81 68 71 113,32,114 72 46 87 113,23,14,9,25,22,0,48,var_0 counter_var_1 +,23,counter_var_0 var_1 +
296,114 66 23 98 113,13,114 84 1 0 113,8,26,5,0,0,1,8,var_0 counter_var_1 +,31,counter_var_0 var_1 +
297,114 46 25 20 113,37,114 11 37 110 113,17,11,20,17,2,14,34,var_0 counter_var_1 +,31,counter_var_0 var_1 +
298,114 2 44 41 113,12,114 89 35 37 113,2,2,10,6,21,12,8,var_0 counter_var_1 +,12,counter_var_0 var_1 +
299,114 21 64 66 113,25,114 64 53 68 113,21,6,4,6,18,7,27,var_0 counter_var_1 +,10,counter_var_0 var_1 +
300,114 94 54 53 113,29,114 91 45 103 113,7,4,22,10,8,22,17,var_0 counter_var_1 +,26,counter_var_0 var_1 +
301,114 32 21 49 113,21,114 26 53 68 113,3,26,18,6,21,7,9,var_0 counter_var_1 +,44,counter_var_0 var_1 +
302,114 109 43 40 113,31,114 69 54 53 113,22,11,9,22,20,8,44,var_0 counter_var_1 +,20,counter_var_0 var_1 +
303,114 44 112 13 113,28,114 90 106 56 113,15,3,13,25,20,14,40,var_0 counter_var_1 +,16,counter_var_0 var_1 +
304,114 7 29 17 113,24,114 3 30 99 113,7,3,17,6,6,7,13,var_0 counter_var_1 +,20,counter_var_0 var_1 +
305,114 93 112 13 113,19,114 96 33 14 113,6,9,13,14,20,10,20,var_0 counter_var_1 +,22,counter_var_0 var_1 +
306,114 104 90 102 113,26,114 44 68 71 113,17,15,9,9,21,22,26,var_0 counter_var_1 +,24,counter_var_0 var_1 +
307,114 31 85 31 113,2,114 33 74 91 113,2,4,0,29,16,5,31,var_0 counter_var_1 +,4,counter_var_0 var_1 +
308,114 107 71 100 113,27,114 99 45 103 113,20,12,7,10,2,22,30,var_0 counter_var_1 +,19,counter_var_0 var_1 +
309,114 8 47 93 113,8,114 18 59 30 113,8,18,0,30,1,13,38,var_0 counter_var_1 +,18,counter_var_0 var_1 +
310,114 36 109 65 113,10,114 61 4 78 113,7,3,3,16,17,4,23,var_0 counter_var_1 +,6,counter_var_0 var_1 +
311,114 34 104 4 113,9,114 27 3 86 113,5,27,4,24,12,3,29,var_0 counter_var_1 +,31,counter_var_0 var_1 +
312,114 58 40 76 113,14,114 40 100 75 113,0,11,14,13,17,8,13,var_0 counter_var_1 +,25,counter_var_0 var_1 +
313,114 15 80 48 113,32,114 44 19 15 113,15,15,17,15,11,19,30,var_0 counter_var_1 +,32,counter_var_0 var_1 +
314,114 49 67 80 113,38,114 87 93 105 113,20,0,18,12,21,1,32,var_0 counter_var_1 +,18,counter_var_0 var_1 +
315,114 48 42 46 113,34,114 87 70 77 113,19,0,15,15,19,1,34,var_0 counter_var_1 +,15,counter_var_0 var_1 +
316,114 15 73 73 113,26,114 30 81 52 113,15,1,11,21,4,12,36,var_0 counter_var_1 +,12,counter_var_0 var_1 +
317,114 4 11 6 113,10,114 31 58 2 113,4,2,6,2,11,12,6,var_0 counter_var_1 +,8,counter_var_0 var_1 +
318,114 85 81 52 113,48,114 71 44 41 113,27,13,21,10,12,21,37,var_0 counter_var_1 +,34,counter_var_0 var_1 +
319,114 85 49 32 113,28,114 19 102 45 113,27,19,1,14,3,10,41,var_0 counter_var_1 +,20,counter_var_0 var_1 +
320,114 29 105 111 113,18,114 52 84 44 113,0,23,18,13,13,15,13,var_0 counter_var_1 +,41,counter_var_0 var_1 +
321,114 40 48 95 113,13,114 48 8 57 113,11,19,2,26,2,8,37,var_0 counter_var_1 +,21,counter_var_0 var_1 +
322,114 102 70 77 113,30,114 93 110 108 113,15,6,15,15,1,18,30,var_0 counter_var_1 +,21,counter_var_0 var_1 +
323,114 53 6 64 113,26,114 5 14 33 113,24,5,2,2,6,14,26,var_0 counter_var_1 +,7,counter_var_0 var_1 +
324,114 111 55 10 113,34,114 50 97 23 113,24,21,10,23,9,5,47,var_0 counter_var_1 +,31,counter_var_0 var_1 +
325,114 86 83 3 113,31,114 83 55 10 113,28,25,3,10,14,9,38,var_0 counter_var_1 +,28,counter_var_0 var_1 +
326,114 32 11 6 113,9,114 66 88 16 113,3,8,6,16,11,19,19,var_0 counter_var_1 +,14,counter_var_0 var_1 +
327,114 38 56 5 113,14,114 31 2 84 113,9,2,5,22,10,2,31,var_0 counter_var_1 +,7,counter_var_0 var_1 +
328,114 24 66 88 113,50,114 1 66 88 113,24,1,26,26,20,20,50,var_0 counter_var_1 +,27,counter_var_0 var_1 +
329,114 108 28 55 113,45,114 53 57 97 113,21,24,24,4,5,11,25,var_0 counter_var_1 +,48,counter_var_0 var_1 +
330,114 27 49 32 113,28,114 77 86 94 113,27,19,1,1,3,17,28,var_0 counter_var_1 +,20,counter_var_0 var_1 +
331,114 34 67 80 113,23,114 73 80 48 113,5,15,18,17,21,11,22,var_0 counter_var_1 +,33,counter_var_0 var_1 +
332,114 97 35 37 113,16,114 5 70 77 113,10,5,6,15,12,1,25,var_0 counter_var_1 +,11,counter_var_0 var_1 +
333,114 94 46 87 113,32,114 61 79 58 113,7,3,25,27,0,10,34,var_0 counter_var_1 +,28,counter_var_0 var_1 +
334,114 55 82 90 113,54,114 106 101 39 113,26,19,28,8,13,9,34,var_0 counter_var_1 +,47,counter_var_0 var_1 +
335,114 87 79 58 113,27,114 73 67 80 113,0,15,27,18,10,21,18,var_0 counter_var_1 +,42,counter_var_0 var_1 +
336,114 38 77 69 113,16,114 111 46 87 113,9,24,7,25,8,0,34,var_0 counter_var_1 +,31,counter_var_0 var_1 +
337,114 3 37 110 113,20,114 103 86 94 113,3,16,17,1,14,17,4,var_0 counter_var_1 +,33,counter_var_0 var_1 +
338,114 75 104 4 113,21,114 64 64 66 113,17,6,4,4,12,18,21,var_0 counter_var_1 +,10,counter_var_0 var_1 +
339,114 101 74 91 113,43,114 96 65 67 113,14,9,29,5,5,19,19,var_0 counter_var_1 +,38,counter_var_0 var_1 +
340,114 29 30 99 113,6,114 88 48 95 113,0,1,6,2,7,2,2,var_0 counter_var_1 +,7,counter_var_0 var_1 +
341,114 62 68 71 113,13,114 1 61 89 113,4,1,9,27,22,15,31,var_0 counter_var_1 +,10,counter_var_0 var_1 +
342,114 84 108 85 113,49,114 1 68 71 113,26,1,23,9,16,22,35,var_0 counter_var_1 +,24,counter_var_0 var_1 +
343,114 29 92 51 113,20,114 78 2 84 113,0,20,20,22,0,2,22,var_0 counter_var_1 +,40,counter_var_0 var_1 +
344,114 39 80 48 113,27,114 93 9 70 113,10,6,17,8,11,9,18,var_0 counter_var_1 +,23,counter_var_0 var_1 +
345,114 86 15 62 113,28,114 76 17 112 113,28,18,0,19,15,17,47,var_0 counter_var_1 +,18,counter_var_0 var_1 +
346,114 69 40 76 113,25,114 12 106 56 113,11,12,14,25,17,14,36,var_0 counter_var_1 +,26,counter_var_0 var_1 +
347,114 78 19 15 113,35,114 7 41 34 113,20,7,15,3,19,18,23,var_0 counter_var_1 +,22,counter_var_0 var_1 +
348,114 54 7 22 113,47,114 89 90 102 113,25,2,22,9,7,21,34,var_0 counter_var_1 +,24,counter_var_0 var_1 +
349,114 33 68 71 113,13,114 54 60 63 113,4,25,9,1,22,14,5,var_0 counter_var_1 +,34,counter_var_0 var_1 +
350,114 53 71 100 113,31,114 49 48 95 113,24,20,7,2,2,2,26,var_0 counter_var_1 +,27,counter_var_0 var_1 +
351,114 55 36 19 113,45,114 80 52 9 113,26,22,19,9,13,6,35,var_0 counter_var_1 +,41,counter_var_0 var_1 +
352,114 3 7 22 113,25,114 26 107 28 113,3,26,22,28,7,15,31,var_0 counter_var_1 +,48,counter_var_0 var_1 +
353,114 36 50 27 113,34,114 49 88 16 113,7,20,27,16,4,19,23,var_0 counter_var_1 +,47,counter_var_0 var_1 +
354,114 31 56 5 113,7,114 42 34 47 113,2,13,5,16,10,11,18,var_0 counter_var_1 +,18,counter_var_0 var_1 +
355,114 46 88 16 113,33,114 4 83 3 113,17,4,16,3,19,14,20,var_0 counter_var_1 +,20,counter_var_0 var_1 +
356,114 110 95 109 113,39,114 36 79 58 113,23,7,16,27,3,10,50,var_0 counter_var_1 +,23,counter_var_0 var_1 +
357,114 46 112 13 113,30,114 29 2 84 113,17,0,13,22,20,2,39,var_0 counter_var_1 +,13,counter_var_0 var_1 +
358,114 18 5 24 113,42,114 9 78 107 113,18,9,24,14,5,9,32,var_0 counter_var_1 +,33,counter_var_0 var_1 +
359,114 27 60 63 113,28,114 34 48 95 113,27,5,1,2,14,2,29,var_0 counter_var_1 +,6,counter_var_0 var_1 +
360,114 37 2 84 113,30,114 9 104 4 113,8,9,22,4,2,12,12,var_0 counter_var_1 +,31,counter_var_0 var_1 +
361,114 24 82 90 113,52,114 106 45 103 113,24,19,28,10,13,22,34,var_0 counter_var_1 +,47,counter_var_0 var_1 +
362,114 29 93 105 113,12,114 58 93 105 113,0,0,12,12,1,1,12,var_0 counter_var_1 +,12,counter_var_0 var_1 +
363,114 101 39 36 113,19,114 68 105 111 113,14,10,5,18,16,13,32,var_0 counter_var_1 +,15,counter_var_0 var_1 +
364,114 6 10 11 113,17,114 6 74 91 113,6,6,11,29,10,5,35,var_0 counter_var_1 +,17,counter_var_0 var_1 +
365,114 103 63 26 113,42,114 17 100 75 113,16,17,26,13,17,8,29,var_0 counter_var_1 +,43,counter_var_0 var_1 +
366,114 26 93 105 113,38,114 18 96 7 113,26,18,12,7,1,4,33,var_0 counter_var_1 +,30,counter_var_0 var_1 +
367,114 80 0 38 113,29,114 16 93 105 113,22,16,7,12,0,1,34,var_0 counter_var_1 +,23,counter_var_0 var_1 +
368,114 85 8 57 113,53,114 35 101 39 113,27,6,26,8,8,9,35,var_0 counter_var_1 +,32,counter_var_0 var_1 +
369,114 21 63 26 113,47,114 104 25 20 113,21,17,26,20,17,2,41,var_0 counter_var_1 +,43,counter_var_0 var_1 +
370,114 112 110 108 113,40,114 66 38 59 113,25,8,15,28,18,15,53,var_0 counter_var_1 +,23,counter_var_0 var_1 +
371,114 8 62 43 113,20,114 43 77 69 113,8,14,12,7,16,8,15,var_0 counter_var_1 +,26,counter_var_0 var_1 +
372,114 54 52 9 113,34,114 100 99 92 113,25,13,9,30,6,7,55,var_0 counter_var_1 +,22,counter_var_0 var_1 +
373,114 4 89 29 113,33,114 47 9 70 113,4,18,29,8,20,9,12,var_0 counter_var_1 +,47,counter_var_0 var_1 +
374,114 109 9 70 113,30,114 98 53 68 113,22,11,8,6,9,7,28,var_0 counter_var_1 +,19,counter_var_0 var_1 +
375,114 46 90 102 113,26,114 75 36 19 113,17,17,9,19,21,13,36,var_0 counter_var_1 +,26,counter_var_0 var_1 +
376,114 72 25 20 113,34,114 31 34 47 113,14,2,20,16,2,11,30,var_0 counter_var_1 +,22,counter_var_0 var_1 +
377,114 109 39 36 113,27,114 86 31 82 113,22,28,5,20,16,8,42,var_0 counter_var_1 +,33,counter_var_0 var_1 +
378,114 47 69 104 113,29,114 34 29 17 113,18,5,11,17,0,6,35,var_0 counter_var_1 +,16,counter_var_0 var_1 +
379,114 67 32 1 113,10,114 0 11 6 113,9,0,1,6,9,11,15,var_0 counter_var_1 +,1,counter_var_0 var_1 +
380,114 44 35 37 113,21,114 66 112 13 113,15,8,6,13,12,20,28,var_0 counter_var_1 +,14,counter_var_0 var_1 +
381,114 96 2 84 113,31,114 47 86 94 113,9,18,22,1,2,17,10,var_0 counter_var_1 +,40,counter_var_0 var_1 +
382,114 104 77 69 113,24,114 103 88 16 113,17,16,7,16,8,19,33,var_0 counter_var_1 +,23,counter_var_0 var_1 +
383,114 19 36 19 113,38,114 71 1 0 113,19,13,19,0,13,1,19,var_0 counter_var_1 +,32,counter_var_0 var_1 +
384,114 21 109 65 113,24,114 104 61 89 113,21,17,3,27,17,15,48,var_0 counter_var_1 +,20,counter_var_0 var_1 +
385,114 69 109 65 113,14,114 80 97 23 113,11,22,3,23,17,5,34,var_0 counter_var_1 +,25,counter_var_0 var_1 +
386,114 66 65 67 113,13,114 28 93 105 113,8,28,5,12,19,1,20,var_0 counter_var_1 +,33,counter_var_0 var_1 +
387,114 43 81 52 113,35,114 47 100 75 113,14,18,21,13,12,8,27,var_0 counter_var_1 +,39,counter_var_0 var_1 +
388,114 108 11 6 113,27,114 21 85 31 113,21,21,6,0,11,16,21,var_0 counter_var_1 +,27,counter_var_0 var_1 +
389,114 58 101 39 113,8,114 95 55 10 113,0,8,8,10,9,9,10,var_0 counter_var_1 +,16,counter_var_0 var_1 +
390,114 31 55 10 113,12,114 104 44 41 113,2,17,10,10,9,21,12,var_0 counter_var_1 +,27,counter_var_0 var_1 +
391,114 106 34 47 113,35,114 100 72 81 113,19,13,16,19,11,3,38,var_0 counter_var_1 +,29,counter_var_0 var_1 +
392,114 65 70 77 113,22,114 89 49 32 113,7,2,15,1,1,3,8,var_0 counter_var_1 +,17,counter_var_0 var_1 +
393,114 1 76 54 113,24,114 105 9 70 113,1,18,23,8,7,9,9,var_0 counter_var_1 +,41,counter_var_0 var_1 +
394,114 97 15 62 113,10,114 56 0 38 113,10,27,0,7,15,0,17,var_0 counter_var_1 +,27,counter_var_0 var_1 +
395,114 92 2 84 113,27,114 87 18 72 113,5,0,22,10,2,18,15,var_0 counter_var_1 +,22,counter_var_0 var_1 +
396,114 108 24 35 113,25,114 52 85 31 113,21,23,4,0,1,16,21,var_0 counter_var_1 +,27,counter_var_0 var_1 +
397,114 7 106 56 113,32,114 29 1 0 113,7,0,25,0,14,1,7,var_0 counter_var_1 +,25,counter_var_0 var_1 +
398,114 17 19 15 113,32,114 85 49 32 113,17,27,15,1,19,3,18,var_0 counter_var_1 +,42,counter_var_0 var_1 +
399,114 72 77 69 113,21,114 5 18 72 113,14,5,7,10,8,18,24,var_0 counter_var_1 +,12,counter_var_0 var_1 +
400,114 10 67 80 113,28,114 24 105 111 113,10,24,18,18,21,13,28,var_0 counter_var_1 +,42,counter_var_0 var_1 +
401,114 11 22 12 113,23,114 82 77 69 113,11,24,12,7,22,8,18,var_0 counter_var_1 +,36,counter_var_0 var_1 +
402,114 65 20 50 113,26,114 31 76 54 113,7,2,19,23,20,7,30,var_0 counter_var_1 +,21,counter_var_0 var_1 +
403,114 87 46 87 113,25,114 40 79 58 113,0,11,25,27,0,10,27,var_0 counter_var_1 +,36,counter_var_0 var_1 +
404,114 32 103 61 113,33,114 105 25 20 113,3,18,30,20,11,2,23,var_0 counter_var_1 +,48,counter_var_0 var_1 +
405,114 98 10 11 113,22,114 17 56 5 113,11,17,11,5,10,10,16,var_0 counter_var_1 +,28,counter_var_0 var_1 +
406,114 32 57 97 113,7,114 49 78 107 113,3,20,4,14,11,9,17,var_0 counter_var_1 +,24,counter_var_0 var_1 +
407,114 91 11 6 113,10,114 66 97 23 113,4,8,6,23,11,5,27,var_0 counter_var_1 +,14,counter_var_0 var_1 +
408,114 71 35 37 113,19,114 20 96 7 113,13,20,6,7,12,4,20,var_0 counter_var_1 +,26,counter_var_0 var_1 +
409,114 97 92 51 113,30,114 45 112 13 113,10,16,20,13,0,20,23,var_0 counter_var_1 +,36,counter_var_0 var_1 +
410,114 15 35 37 113,21,114 94 2 84 113,15,7,6,22,12,2,37,var_0 counter_var_1 +,13,counter_var_0 var_1 +
411,114 97 110 108 113,25,114 19 46 87 113,10,19,15,25,18,0,35,var_0 counter_var_1 +,34,counter_var_0 var_1 +
412,114 3 69 104 113,14,114 27 9 70 113,3,27,11,8,0,9,11,var_0 counter_var_1 +,38,counter_var_0 var_1 +
413,114 98 84 44 113,24,114 66 7 22 113,11,8,13,22,15,7,33,var_0 counter_var_1 +,21,counter_var_0 var_1 +
414,114 99 32 1 113,13,114 95 74 91 113,12,8,1,29,9,5,41,var_0 counter_var_1 +,9,counter_var_0 var_1 +
415,114 3 71 100 113,10,114 17 61 89 113,3,17,7,27,2,15,30,var_0 counter_var_1 +,24,counter_var_0 var_1 +
416,114 7 14 33 113,9,114 56 26 25 113,7,27,2,25,14,3,32,var_0 counter_var_1 +,29,counter_var_0 var_1 +
417,114 64 110 108 113,21,114 20 86 94 113,6,20,15,1,18,17,7,var_0 counter_var_1 +,35,counter_var_0 var_1 +
418,114 0 38 59 113,28,114 107 37 110 113,0,20,28,17,15,14,17,var_0 counter_var_1 +,48,counter_var_0 var_1 +
419,114 0 97 23 113,23,114 100 31 82 113,0,13,23,20,5,8,20,var_0 counter_var_1 +,36,counter_var_0 var_1 +
420,114 33 110 108 113,19,114 13 41 34 113,4,13,15,3,18,18,7,var_0 counter_var_1 +,28,counter_var_0 var_1 +
421,114 3 53 68 113,9,114 87 65 67 113,3,0,6,5,7,19,8,var_0 counter_var_1 +,6,counter_var_0 var_1 +
422,114 26 37 110 113,43,114 92 44 41 113,26,5,17,10,14,21,36,var_0 counter_var_1 +,22,counter_var_0 var_1 +
423,114 23 47 93 113,23,114 103 7 22 113,23,16,0,22,1,7,45,var_0 counter_var_1 +,16,counter_var_0 var_1 +
424,114 71 54 53 113,35,114 3 4 78 113,13,3,22,16,8,4,29,var_0 counter_var_1 +,25,counter_var_0 var_1 +
425,114 103 24 35 113,20,114 89 33 14 113,16,2,4,14,1,10,30,var_0 counter_var_1 +,6,counter_var_0 var_1 +
426,114 97 36 19 113,29,114 105 95 109 113,10,18,19,16,13,3,26,var_0 counter_var_1 +,37,counter_var_0 var_1 +
427,114 44 62 43 113,27,114 10 9 70 113,15,10,12,8,16,9,23,var_0 counter_var_1 +,22,counter_var_0 var_1 +
428,114 31 4 78 113,18,114 73 44 41 113,2,15,16,10,4,21,12,var_0 counter_var_1 +,31,counter_var_0 var_1 +
429,114 11 87 60 113,40,114 72 106 56 113,11,14,29,25,18,14,36,var_0 counter_var_1 +,43,counter_var_0 var_1 +
430,114 10 17 112 113,29,114 96 66 88 113,10,9,19,26,17,20,36,var_0 counter_var_1 +,28,counter_var_0 var_1 +
431,114 97 93 105 113,22,114 95 9 70 113,10,8,12,8,1,9,18,var_0 counter_var_1 +,20,counter_var_0 var_1 +
432,114 24 14 33 113,26,114 53 35 37 113,24,24,2,6,14,12,30,var_0 counter_var_1 +,26,counter_var_0 var_1 +
433,114 80 91 106 113,35,114 12 39 36 113,22,12,13,5,22,16,27,var_0 counter_var_1 +,25,counter_var_0 var_1 +
434,114 23 8 57 113,49,114 45 46 87 113,23,16,26,25,8,0,48,var_0 counter_var_1 +,42,counter_var_0 var_1 +
435,114 40 25 20 113,31,114 89 85 31 113,11,2,20,0,2,16,11,var_0 counter_var_1 +,22,counter_var_0 var_1 +
436,114 22 112 13 113,35,114 30 61 89 113,22,1,13,27,20,15,49,var_0 counter_var_1 +,14,counter_var_0 var_1 +
437,114 92 8 57 113,31,114 7 75 8 113,5,7,26,8,8,6,13,var_0 counter_var_1 +,33,counter_var_0 var_1 +
438,114 103 14 33 113,18,114 105 80 48 113,16,18,2,17,14,11,33,var_0 counter_var_1 +,20,counter_var_0 var_1 +
439,114 4 47 93 113,4,114 14 96 7 113,4,14,0,7,1,4,11,var_0 counter_var_1 +,14,counter_var_0 var_1 +
440,114 19 74 91 113,48,114 61 108 85 113,19,3,29,23,5,16,42,var_0 counter_var_1 +,32,counter_var_0 var_1 +
441,114 100 70 77 113,28,114 57 54 53 113,13,28,15,22,1,8,35,var_0 counter_var_1 +,43,counter_var_0 var_1 +
442,114 36 60 63 113,8,114 1 112 13 113,7,1,1,13,14,20,20,var_0 counter_var_1 +,2,counter_var_0 var_1 +
443,114 34 33 14 113,19,114 11 9 70 113,5,11,14,8,10,9,13,var_0 counter_var_1 +,25,counter_var_0 var_1 +
444,114 80 77 69 113,29,114 51 27 101 113,22,22,7,8,8,4,30,var_0 counter_var_1 +,29,counter_var_0 var_1 +
445,114 69 71 100 113,18,114 78 81 52 113,11,20,7,21,2,12,32,var_0 counter_var_1 +,27,counter_var_0 var_1 +
446,114 112 29 17 113,42,114 40 1 0 113,25,11,17,0,6,1,25,var_0 counter_var_1 +,28,counter_var_0 var_1 +
447,114 11 53 68 113,17,114 6 68 71 113,11,6,6,9,7,22,20,var_0 counter_var_1 +,12,counter_var_0 var_1 +
448,114 38 60 63 113,10,114 82 42 46 113,9,24,1,15,14,19,24,var_0 counter_var_1 +,25,counter_var_0 var_1 +
449,114 23 16 21 113,44,114 39 66 88 113,23,10,21,26,16,20,49,var_0 counter_var_1 +,31,counter_var_0 var_1 +
450,114 111 97 23 113,47,114 97 35 37 113,24,10,23,6,5,12,30,var_0 counter_var_1 +,33,counter_var_0 var_1 +
451,114 92 56 5 113,10,114 83 9 70 113,5,25,5,8,10,9,13,var_0 counter_var_1 +,30,counter_var_0 var_1 +
452,114 39 61 89 113,37,114 88 66 88 113,10,1,27,26,15,20,36,var_0 counter_var_1 +,28,counter_var_0 var_1 +
453,114 33 72 81 113,23,114 81 97 23 113,4,23,19,23,3,5,27,var_0 counter_var_1 +,42,counter_var_0 var_1 +
454,114 30 90 102 113,10,114 32 27 101 113,1,3,9,8,21,4,9,var_0 counter_var_1 +,12,counter_var_0 var_1 +
455,114 34 58 2 113,7,114 91 5 24 113,5,4,2,24,12,5,29,var_0 counter_var_1 +,6,counter_var_0 var_1 +
456,114 48 9 70 113,27,114 26 75 8 113,19,26,8,8,9,6,27,var_0 counter_var_1 +,34,counter_var_0 var_1 +
457,114 36 5 24 113,31,114 9 109 65 113,7,9,24,3,5,17,10,var_0 counter_var_1 +,33,counter_var_0 var_1 +
458,114 70 43 40 113,21,114 40 77 69 113,12,11,9,7,20,8,19,var_0 counter_var_1 +,20,counter_var_0 var_1 +
459,114 74 102 45 113,30,114 96 111 79 113,16,9,14,17,10,19,33,var_0 counter_var_1 +,23,counter_var_0 var_1 +
460,114 51 53 68 113,28,114 19 106 56 113,22,19,6,25,7,14,47,var_0 counter_var_1 +,25,counter_var_0 var_1 +
461,114 7 84 44 113,20,114 112 105 111 113,7,25,13,18,15,13,25,var_0 counter_var_1 +,38,counter_var_0 var_1 +
462,114 93 95 109 113,22,114 56 95 109 113,6,27,16,16,3,3,22,var_0 counter_var_1 +,43,counter_var_0 var_1 +
463,114 24 11 6 113,30,114 5 96 7 113,24,5,6,7,11,4,31,var_0 counter_var_1 +,11,counter_var_0 var_1 +
464,114 73 107 28 113,43,114 3 46 87 113,15,3,28,25,15,0,40,var_0 counter_var_1 +,31,counter_var_0 var_1 +
465,114 20 75 8 113,28,114 37 64 66 113,20,8,8,4,6,18,24,var_0 counter_var_1 +,16,counter_var_0 var_1 +
466,114 59 90 102 113,10,114 56 17 112 113,1,27,9,19,21,17,20,var_0 counter_var_1 +,36,counter_var_0 var_1 +
467,114 60 64 66 113,6,114 59 51 42 113,2,1,4,11,18,5,13,var_0 counter_var_1 +,5,counter_var_0 var_1 +
468,114 78 32 1 113,21,114 96 76 54 113,20,9,1,23,9,7,43,var_0 counter_var_1 +,10,counter_var_0 var_1 +
469,114 42 99 92 113,43,114 73 92 51 113,13,15,30,20,7,0,33,var_0 counter_var_1 +,45,counter_var_0 var_1 +
470,114 62 57 97 113,8,114 61 110 108 113,4,3,4,15,11,18,19,var_0 counter_var_1 +,7,counter_var_0 var_1 +
471,114 42 18 72 113,23,114 26 59 30 113,13,26,10,30,18,13,43,var_0 counter_var_1 +,36,counter_var_0 var_1 +
472,114 84 63 26 113,52,114 53 58 2 113,26,24,26,2,17,12,28,var_0 counter_var_1 +,50,counter_var_0 var_1 +
473,114 45 9 70 113,24,114 9 37 110 113,16,9,8,17,9,14,33,var_0 counter_var_1 +,17,counter_var_0 var_1 +
474,114 76 111 79 113,35,114 81 92 51 113,18,23,17,20,19,0,38,var_0 counter_var_1 +,40,counter_var_0 var_1 +
475,114 49 45 103 113,30,114 75 48 95 113,20,17,10,2,22,2,22,var_0 counter_var_1 +,27,counter_var_0 var_1 +
476,114 51 20 50 113,41,114 47 78 107 113,22,18,19,14,20,9,36,var_0 counter_var_1 +,37,counter_var_0 var_1 +
477,114 78 99 92 113,50,114 91 3 86 113,20,4,30,24,7,3,44,var_0 counter_var_1 +,34,counter_var_0 var_1 +
478,114 71 57 97 113,17,114 16 26 25 113,13,16,4,25,11,3,38,var_0 counter_var_1 +,20,counter_var_0 var_1 +
479,114 38 3 86 113,33,114 57 32 1 113,9,28,24,1,3,9,10,var_0 counter_var_1 +,52,counter_var_0 var_1 +
480,114 66 1 0 113,8,114 55 109 65 113,8,26,0,3,1,17,11,var_0 counter_var_1 +,26,counter_var_0 var_1 +
481,114 80 69 104 113,33,114 10 55 10 113,22,10,11,10,0,9,32,var_0 counter_var_1 +,21,counter_var_0 var_1 +
482,114 8 25 20 113,28,114 94 94 96 113,8,7,20,3,2,2,11,var_0 counter_var_1 +,27,counter_var_0 var_1 +
483,114 79 79 58 113,48,114 78 54 53 113,21,20,27,22,10,8,43,var_0 counter_var_1 +,47,counter_var_0 var_1 +
484,114 42 78 107 113,27,114 5 58 2 113,13,5,14,2,9,12,15,var_0 counter_var_1 +,19,counter_var_0 var_1 +
485,114 76 14 33 113,20,114 47 88 16 113,18,18,2,16,14,19,34,var_0 counter_var_1 +,20,counter_var_0 var_1 +
486,114 21 45 103 113,31,114 58 21 49 113,21,0,10,18,22,21,39,var_0 counter_var_1 +,10,counter_var_0 var_1 +
487,114 88 12 83 113,22,114 66 31 82 113,1,8,21,20,12,8,21,var_0 counter_var_1 +,29,counter_var_0 var_1 +
488,114 35 82 90 113,34,114 67 82 90 113,6,9,28,28,13,13,34,var_0 counter_var_1 +,37,counter_var_0 var_1 +
489,114 67 68 71 113,18,114 74 30 99 113,9,16,9,6,22,7,15,var_0 counter_var_1 +,25,counter_var_0 var_1 +
490,114 97 54 53 113,32,114 112 106 56 113,10,25,22,25,8,14,35,var_0 counter_var_1 +,47,counter_var_0 var_1 +
491,114 92 42 46 113,20,114 111 63 26 113,5,24,15,26,19,17,31,var_0 counter_var_1 +,39,counter_var_0 var_1 +
492,114 0 42 46 113,15,114 58 26 25 113,0,0,15,25,19,3,25,var_0 counter_var_1 +,15,counter_var_0 var_1 +
493,114 91 9 70 113,12,114 38 109 65 113,4,9,8,3,9,17,7,var_0 counter_var_1 +,17,counter_var_0 var_1 +
494,114 36 96 7 113,14,114 55 4 78 113,7,26,7,16,4,4,23,var_0 counter_var_1 +,33,counter_var_0 var_1 +
495,114 57 78 107 113,42,114 90 95 109 113,28,3,14,16,9,3,44,var_0 counter_var_1 +,17,counter_var_0 var_1 +
496,114 96 95 109 113,25,114 108 97 23 113,9,21,16,23,3,5,32,var_0 counter_var_1 +,37,counter_var_0 var_1 +
497,114 86 77 69 113,35,114 72 29 17 113,28,14,7,17,8,6,45,var_0 counter_var_1 +,21,counter_var_0 var_1 +
498,114 66 37 110 113,25,114 75 59 30 113,8,17,17,30,14,13,38,var_0 counter_var_1 +,34,counter_var_0 var_1 +
499,114 13 102 45 113,27,114 74 2 84 113,13,16,14,22,10,2,35,var_0 counter_var_1 +,30,counter_var_0 var_1 +
500,114 62 2 84 113,26,114 45 11 6 113,4,16,22,6,2,11,10,var_0 counter_var_1 +,38,counter_var_0 var_1 +
501,114 109 105 111 113,40,114 25 62 43 113,22,25,18,12,13,16,34,var_0 counter_var_1 +,43,counter_var_0 var_1 +
502,114 12 1 0 113,12,114 84 57 97 113,12,26,0,4,1,11,16,var_0 counter_var_1 +,26,counter_var_0 var_1 +
503,114 4 50 27 113,31,114 69 35 37 113,4,11,27,6,4,12,10,var_0 counter_var_1 +,38,counter_var_0 var_1 +
504,114 108 72 81 113,40,114 1 29 17 113,21,1,19,17,3,6,38,var_0 counter_var_1 +,20,counter_var_0 var_1 +
505,114 32 18 72 113,13,114 80 39 36 113,3,22,10,5,18,16,8,var_0 counter_var_1 +,32,counter_var_0 var_1 +
506,114 3 48 95 113,5,114 60 33 14 113,3,2,2,14,2,10,17,var_0 counter_var_1 +,4,counter_var_0 var_1 +
507,114 99 106 56 113,37,114 85 86 94 113,12,27,25,1,14,17,13,var_0 counter_var_1 +,52,counter_var_0 var_1 +
508,114 23 7 22 113,45,114 36 11 6 113,23,7,22,6,7,11,29,var_0 counter_var_1 +,29,counter_var_0 var_1 +
509,114 62 1 0 113,4,114 33 109 65 113,4,4,0,3,1,17,7,var_0 counter_var_1 +,4,counter_var_0 var_1 +
510,114 29 100 75 113,13,114 92 2 84 113,0,5,13,22,8,2,22,var_0 counter_var_1 +,18,counter_var_0 var_1 +
511,114 6 111 79 113,23,114 85 34 47 113,6,27,17,16,19,11,22,var_0 counter_var_1 +,44,counter_var_0 var_1 +
512,114 81 22 12 113,35,114 71 46 87 113,23,13,12,25,22,0,48,var_0 counter_var_1 +,25,counter_var_0 var_1 +
513,114 46 62 43 113,29,114 18 79 58 113,17,18,12,27,16,10,44,var_0 counter_var_1 +,30,counter_var_0 var_1 +
514,114 22 85 31 113,22,114 19 53 68 113,22,19,0,6,16,7,28,var_0 counter_var_1 +,19,counter_var_0 var_1 +
515,114 62 94 96 113,7,114 84 71 100 113,4,26,3,7,2,2,11,var_0 counter_var_1 +,29,counter_var_0 var_1 +
516,114 82 103 61 113,54,114 40 86 94 113,24,11,30,1,11,17,25,var_0 counter_var_1 +,41,counter_var_0 var_1 +
517,114 111 86 94 113,25,114 33 45 103 113,24,4,1,10,17,22,34,var_0 counter_var_1 +,5,counter_var_0 var_1 +
518,114 8 65 67 113,13,114 18 56 5 113,8,18,5,5,19,10,13,var_0 counter_var_1 +,23,counter_var_0 var_1 +
519,114 90 33 14 113,17,114 100 86 94 113,3,13,14,1,10,17,4,var_0 counter_var_1 +,27,counter_var_0 var_1 +
520,114 6 26 25 113,31,114 38 29 17 113,6,9,25,17,3,6,23,var_0 counter_var_1 +,34,counter_var_0 var_1 +
521,114 56 34 47 113,43,114 78 82 90 113,27,20,16,28,11,13,55,var_0 counter_var_1 +,36,counter_var_0 var_1 +
522,114 10 101 39 113,18,114 56 67 80 113,10,27,8,18,9,21,28,var_0 counter_var_1 +,35,counter_var_0 var_1 +
523,114 66 81 52 113,29,114 90 103 61 113,8,3,21,30,12,11,38,var_0 counter_var_1 +,24,counter_var_0 var_1 +
524,114 17 112 13 113,30,114 20 31 82 113,17,20,13,20,20,8,37,var_0 counter_var_1 +,33,counter_var_0 var_1 +
525,114 42 88 16 113,29,114 87 61 89 113,13,0,16,27,19,15,40,var_0 counter_var_1 +,16,counter_var_0 var_1 +
526,114 32 25 20 113,23,114 72 28 55 113,3,14,20,24,2,5,27,var_0 counter_var_1 +,34,counter_var_0 var_1 +
527,114 30 69 104 113,12,114 76 112 13 113,1,18,11,13,0,20,14,var_0 counter_var_1 +,29,counter_var_0 var_1 +
528,114 25 29 17 113,42,114 102 56 5 113,25,15,17,5,6,10,30,var_0 counter_var_1 +,32,counter_var_0 var_1 +
529,114 76 78 107 113,32,114 111 83 3 113,18,24,14,3,9,14,21,var_0 counter_var_1 +,38,counter_var_0 var_1 +
530,114 105 60 63 113,19,114 75 41 34 113,18,17,1,3,14,18,21,var_0 counter_var_1 +,18,counter_var_0 var_1 +
531,114 25 6 64 113,27,114 7 72 81 113,25,7,2,19,6,3,44,var_0 counter_var_1 +,9,counter_var_0 var_1 +
532,114 84 102 45 113,40,114 70 34 47 113,26,12,14,16,10,11,42,var_0 counter_var_1 +,26,counter_var_0 var_1 +
533,114 86 36 19 113,47,114 44 111 79 113,28,15,19,17,13,19,45,var_0 counter_var_1 +,34,counter_var_0 var_1 +
534,114 73 59 30 113,45,114 104 82 90 113,15,17,30,28,13,13,43,var_0 counter_var_1 +,47,counter_var_0 var_1 +
535,114 1 72 81 113,20,114 23 72 81 113,1,23,19,19,3,3,20,var_0 counter_var_1 +,42,counter_var_0 var_1 +
536,114 107 69 104 113,31,114 80 20 50 113,20,22,11,19,0,20,39,var_0 counter_var_1 +,33,counter_var_0 var_1 +
537,114 42 89 29 113,42,114 13 5 24 113,13,13,29,24,20,5,37,var_0 counter_var_1 +,42,counter_var_0 var_1 +
538,114 87 30 99 113,6,114 34 107 28 113,0,5,6,28,7,15,28,var_0 counter_var_1 +,11,counter_var_0 var_1 +
539,114 98 58 2 113,13,114 12 4 78 113,11,12,2,16,12,4,27,var_0 counter_var_1 +,14,counter_var_0 var_1 +
540,114 20 77 69 113,27,114 62 70 77 113,20,4,7,15,8,1,35,var_0 counter_var_1 +,11,counter_var_0 var_1 +
541,114 112 54 53 113,47,114 56 53 68 113,25,27,22,6,8,7,31,var_0 counter_var_1 +,49,counter_var_0 var_1 +
542,114 64 28 55 113,30,114 15 102 45 113,6,15,24,14,5,10,20,var_0 counter_var_1 +,39,counter_var_0 var_1 +
543,114 18 78 107 113,32,114 14 14 33 113,18,14,14,2,9,14,20,var_0 counter_var_1 +,28,counter_var_0 var_1 +
544,114 46 33 14 113,31,114 18 6 64 113,17,18,14,2,10,6,19,var_0 counter_var_1 +,32,counter_var_0 var_1 +
545,114 3 109 65 113,6,114 47 42 46 113,3,18,3,15,17,19,18,var_0 counter_var_1 +,21,counter_var_0 var_1 +
546,114 20 97 23 113,43,114 83 94 96 113,20,25,23,3,5,2,23,var_0 counter_var_1 +,48,counter_var_0 var_1 +
547,114 58 9 70 113,8,114 78 58 2 113,0,20,8,2,9,12,2,var_0 counter_var_1 +,28,counter_var_0 var_1 +
548,114 103 66 88 113,42,114 21 71 100 113,16,21,26,7,20,2,23,var_0 counter_var_1 +,47,counter_var_0 var_1 +
549,114 43 62 43 113,26,114 86 28 55 113,14,28,12,24,16,5,38,var_0 counter_var_1 +,40,counter_var_0 var_1 +
550,114 44 92 51 113,35,114 107 19 15 113,15,20,20,15,0,19,30,var_0 counter_var_1 +,40,counter_var_0 var_1 +
551,114 85 102 45 113,41,114 77 54 53 113,27,19,14,22,10,8,49,var_0 counter_var_1 +,33,counter_var_0 var_1 +
552,114 48 101 39 113,27,114 40 34 47 113,19,11,8,16,9,11,35,var_0 counter_var_1 +,19,counter_var_0 var_1 +
553,114 35 48 95 113,8,114 93 79 58 113,6,6,2,27,2,10,33,var_0 counter_var_1 +,8,counter_var_0 var_1 +
554,114 35 46 87 113,31,114 93 27 101 113,6,6,25,8,0,4,14,var_0 counter_var_1 +,31,counter_var_0 var_1 +
555,114 15 65 67 113,20,114 43 2 84 113,15,14,5,22,19,2,37,var_0 counter_var_1 +,19,counter_var_0 var_1 +
556,114 42 71 100 113,20,114 110 112 13 113,13,23,7,13,2,20,26,var_0 counter_var_1 +,30,counter_var_0 var_1 +
557,114 57 11 6 113,34,114 3 8 57 113,28,3,6,26,11,8,54,var_0 counter_var_1 +,9,counter_var_0 var_1 +
558,114 85 9 70 113,35,114 26 67 80 113,27,26,8,18,9,21,45,var_0 counter_var_1 +,34,counter_var_0 var_1 +
559,114 33 46 87 113,29,114 101 71 100 113,4,14,25,7,0,2,11,var_0 counter_var_1 +,39,counter_var_0 var_1 +
560,114 68 58 2 113,12,114 12 35 37 113,10,12,2,6,12,12,16,var_0 counter_var_1 +,14,counter_var_0 var_1 +
561,114 89 7 22 113,24,114 27 67 80 113,2,27,22,18,7,21,20,var_0 counter_var_1 +,49,counter_var_0 var_1 +
562,114 24 9 70 113,32,114 61 26 25 113,24,3,8,25,9,3,49,var_0 counter_var_1 +,11,counter_var_0 var_1 +
563,114 100 46 87 113,38,114 99 105 111 113,13,12,25,18,0,13,31,var_0 counter_var_1 +,37,counter_var_0 var_1 +
564,114 28 51 42 113,39,114 45 10 11 113,28,16,11,11,5,10,39,var_0 counter_var_1 +,27,counter_var_0 var_1 +
565,114 78 39 36 113,25,114 21 82 90 113,20,21,5,28,16,13,48,var_0 counter_var_1 +,26,counter_var_0 var_1 +
566,114 95 26 25 113,33,114 28 88 16 113,8,28,25,16,3,19,24,var_0 counter_var_1 +,53,counter_var_0 var_1 +
567,114 92 19 15 113,20,114 93 82 90 113,5,6,15,28,19,13,33,var_0 counter_var_1 +,21,counter_var_0 var_1 +
568,114 12 70 77 113,27,114 50 101 39 113,12,21,15,8,1,9,20,var_0 counter_var_1 +,36,counter_var_0 var_1 +
569,114 78 13 18 113,38,114 17 45 103 113,20,17,18,10,13,22,30,var_0 counter_var_1 +,35,counter_var_0 var_1 +
570,114 83 3 86 113,49,114 13 20 50 113,25,13,24,19,3,20,44,var_0 counter_var_1 +,37,counter_var_0 var_1 +
571,114 88 103 61 113,31,114 85 55 10 113,1,27,30,10,11,9,11,var_0 counter_var_1 +,57,counter_var_0 var_1 +
572,114 5 55 10 113,15,114 11 77 69 113,5,11,10,7,9,8,12,var_0 counter_var_1 +,21,counter_var_0 var_1 +
573,114 66 62 43 113,20,114 65 110 108 113,8,7,12,15,16,18,23,var_0 counter_var_1 +,19,counter_var_0 var_1 +
574,114 112 55 10 113,35,114 97 100 75 113,25,10,10,13,9,8,38,var_0 counter_var_1 +,20,counter_var_0 var_1 +
575,114 20 26 25 113,45,114 36 56 5 113,20,7,25,5,3,10,25,var_0 counter_var_1 +,32,counter_var_0 var_1 +
576,114 81 66 88 113,49,114 64 1 0 113,23,6,26,0,20,1,23,var_0 counter_var_1 +,32,counter_var_0 var_1 +
577,114 106 84 44 113,32,114 3 21 49 113,19,3,13,18,15,21,37,var_0 counter_var_1 +,16,counter_var_0 var_1 +
578,114 75 53 68 113,23,114 86 9 70 113,17,28,6,8,7,9,25,var_0 counter_var_1 +,34,counter_var_0 var_1 +
579,114 60 89 29 113,31,114 2 106 56 113,2,2,29,25,20,14,27,var_0 counter_var_1 +,31,counter_var_0 var_1 +
580,114 65 34 47 113,23,114 95 37 110 113,7,8,16,17,11,14,24,var_0 counter_var_1 +,24,counter_var_0 var_1 +
581,114 60 109 65 113,5,114 109 42 46 113,2,22,3,15,17,19,17,var_0 counter_var_1 +,25,counter_var_0 var_1 +
582,114 24 52 9 113,33,114 69 93 105 113,24,11,9,12,6,1,36,var_0 counter_var_1 +,20,counter_var_0 var_1 +
583,114 109 102 45 113,36,114 59 0 38 113,22,1,14,7,10,0,29,var_0 counter_var_1 +,15,counter_var_0 var_1 +
584,114 109 16 21 113,43,114 55 71 100 113,22,26,21,7,16,2,29,var_0 counter_var_1 +,47,counter_var_0 var_1 +
585,114 90 8 57 113,29,114 24 8 57 113,3,24,26,26,8,8,29,var_0 counter_var_1 +,50,counter_var_0 var_1 +
586,114 65 38 59 113,35,114 106 84 44 113,7,19,28,13,15,15,20,var_0 counter_var_1 +,47,counter_var_0 var_1 +
587,114 75 41 34 113,20,114 78 60 63 113,17,20,3,1,18,14,18,var_0 counter_var_1 +,23,counter_var_0 var_1 +
588,114 80 83 3 113,25,114 33 30 99 113,22,4,3,6,14,7,28,var_0 counter_var_1 +,7,counter_var_0 var_1 +
589,114 107 92 51 113,40,114 93 64 66 113,20,6,20,4,0,18,24,var_0 counter_var_1 +,26,counter_var_0 var_1 +
590,114 41 39 36 113,17,114 66 39 36 113,12,8,5,5,16,16,17,var_0 counter_var_1 +,13,counter_var_0 var_1 +
591,114 45 50 27 113,43,114 85 109 65 113,16,27,27,3,4,17,19,var_0 counter_var_1 +,54,counter_var_0 var_1 +
592,114 111 6 64 113,26,114 76 94 96 113,24,18,2,3,6,2,27,var_0 counter_var_1 +,20,counter_var_0 var_1 +
593,114 71 48 95 113,15,114 8 106 56 113,13,8,2,25,2,14,38,var_0 counter_var_1 +,10,counter_var_0 var_1 +
594,114 24 94 96 113,27,114 13 34 47 113,24,13,3,16,2,11,40,var_0 counter_var_1 +,16,counter_var_0 var_1 +
595,114 6 74 91 113,35,114 102 48 95 113,6,15,29,2,5,2,8,var_0 counter_var_1 +,44,counter_var_0 var_1 +
596,114 68 39 36 113,15,114 42 27 101 113,10,13,5,8,16,4,18,var_0 counter_var_1 +,18,counter_var_0 var_1 +
597,114 54 75 8 113,33,114 46 111 79 113,25,17,8,17,6,19,42,var_0 counter_var_1 +,25,counter_var_0 var_1 +
598,114 58 94 96 113,3,114 33 15 62 113,0,4,3,0,2,15,0,var_0 counter_var_1 +,7,counter_var_0 var_1 +
599,114 7 17 112 113,26,114 110 71 100 113,7,23,19,7,17,2,14,var_0 counter_var_1 +,42,counter_var_0 var_1 +
600,114 72 7 22 113,36,114 48 15 62 113,14,19,22,0,7,15,14,var_0 counter_var_1 +,41,counter_var_0 var_1 +
601,114 94 32 1 113,8,114 16 16 21 113,7,16,1,21,9,16,28,var_0 counter_var_1 +,17,counter_var_0 var_1 +
602,114 47 1 0 113,18,114 10 23 98 113,18,10,0,5,1,0,23,var_0 counter_var_1 +,10,counter_var_0 var_1 +
603,114 68 29 17 113,27,114 14 33 14 113,10,14,17,14,6,10,24,var_0 counter_var_1 +,31,counter_var_0 var_1 +
604,114 41 106 56 113,37,114 61 103 61 113,12,3,25,30,14,11,42,var_0 counter_var_1 +,28,counter_var_0 var_1 +
605,114 73 15 62 113,15,114 105 96 7 113,15,18,0,7,15,4,22,var_0 counter_var_1 +,18,counter_var_0 var_1 +
606,114 40 85 31 113,11,114 31 78 107 113,11,2,0,14,16,9,25,var_0 counter_var_1 +,2,counter_var_0 var_1 +
607,114 108 8 57 113,47,114 66 35 37 113,21,8,26,6,8,12,27,var_0 counter_var_1 +,34,counter_var_0 var_1 +
608,114 14 41 34 113,17,114 26 101 39 113,14,26,3,8,18,9,22,var_0 counter_var_1 +,29,counter_var_0 var_1 +
609,114 59 24 35 113,5,114 107 49 32 113,1,20,4,1,1,3,2,var_0 counter_var_1 +,24,counter_var_0 var_1 +
610,114 12 100 75 113,25,114 83 109 65 113,12,25,13,3,8,17,15,var_0 counter_var_1 +,38,counter_var_0 var_1 +
611,114 52 25 20 113,43,114 102 16 21 113,23,15,20,21,2,16,44,var_0 counter_var_1 +,35,counter_var_0 var_1 +
612,114 111 11 6 113,30,114 101 52 9 113,24,14,6,9,11,6,33,var_0 counter_var_1 +,20,counter_var_0 var_1 +
613,114 46 17 112 113,36,114 97 15 62 113,17,10,19,0,17,15,17,var_0 counter_var_1 +,29,counter_var_0 var_1 +
614,114 109 107 28 113,50,114 108 34 47 113,22,21,28,16,15,11,38,var_0 counter_var_1 +,49,counter_var_0 var_1 +
615,114 10 16 21 113,31,114 48 82 90 113,10,19,21,28,16,13,38,var_0 counter_var_1 +,40,counter_var_0 var_1 +
616,114 106 28 55 113,43,114 16 51 42 113,19,16,24,11,5,5,30,var_0 counter_var_1 +,40,counter_var_0 var_1 +
617,114 77 90 102 113,28,114 1 86 94 113,19,1,9,1,21,17,20,var_0 counter_var_1 +,10,counter_var_0 var_1 +
618,114 106 3 86 113,43,114 41 98 74 113,19,12,24,12,3,6,31,var_0 counter_var_1 +,36,counter_var_0 var_1 +
619,114 84 22 12 113,38,114 73 55 10 113,26,15,12,10,22,9,36,var_0 counter_var_1 +,27,counter_var_0 var_1 +
620,114 6 73 73 113,17,114 28 82 90 113,6,28,11,28,4,13,34,var_0 counter_var_1 +,39,counter_var_0 var_1 +
621,114 107 79 58 113,47,114 15 100 75 113,20,15,27,13,10,8,33,var_0 counter_var_1 +,42,counter_var_0 var_1 +
622,114 102 25 20 113,35,114 63 59 30 113,15,5,20,30,2,13,45,var_0 counter_var_1 +,25,counter_var_0 var_1 +
623,114 50 0 38 113,28,114 50 110 108 113,21,21,7,15,0,18,36,var_0 counter_var_1 +,28,counter_var_0 var_1 +
624,114 18 63 26 113,44,114 20 89 29 113,18,20,26,29,17,20,47,var_0 counter_var_1 +,46,counter_var_0 var_1 +
625,114 101 92 51 113,34,114 33 52 9 113,14,4,20,9,0,6,23,var_0 counter_var_1 +,24,counter_var_0 var_1 +
626,114 21 39 36 113,26,114 28 63 26 113,21,28,5,26,16,17,47,var_0 counter_var_1 +,33,counter_var_0 var_1 +
627,114 73 90 102 113,24,114 69 0 38 113,15,11,9,7,21,0,22,var_0 counter_var_1 +,20,counter_var_0 var_1 +
628,114 15 71 100 113,22,114 100 90 102 113,15,13,7,9,2,21,24,var_0 counter_var_1 +,20,counter_var_0 var_1 +
629,114 85 77 69 113,34,114 88 54 53 113,27,1,7,22,8,8,49,var_0 counter_var_1 +,8,counter_var_0 var_1 +
630,114 111 0 38 113,31,114 2 63 26 113,24,2,7,26,0,17,50,var_0 counter_var_1 +,9,counter_var_0 var_1 +
631,114 109 1 0 113,22,114 107 5 24 113,22,20,0,24,1,5,46,var_0 counter_var_1 +,20,counter_var_0 var_1 +
632,114 51 46 87 113,47,114 28 99 92 113,22,28,25,30,0,7,52,var_0 counter_var_1 +,53,counter_var_0 var_1 +
633,114 80 29 17 113,39,114 17 46 87 113,22,17,17,25,6,0,47,var_0 counter_var_1 +,34,counter_var_0 var_1 +
634,114 88 62 43 113,13,114 110 90 102 113,1,23,12,9,16,21,10,var_0 counter_var_1 +,35,counter_var_0 var_1 +
635,114 23 22 12 113,35,114 97 66 88 113,23,10,12,26,22,20,49,var_0 counter_var_1 +,22,counter_var_0 var_1 +
636,114 83 67 80 113,43,114 63 81 52 113,25,5,18,21,21,12,46,var_0 counter_var_1 +,23,counter_var_0 var_1 +
637,114 110 46 87 113,48,114 108 53 68 113,23,21,25,6,0,7,29,var_0 counter_var_1 +,46,counter_var_0 var_1 +
638,114 74 82 90 113,44,114 93 42 46 113,16,6,28,15,13,19,31,var_0 counter_var_1 +,34,counter_var_0 var_1 +
639,114 79 30 99 113,27,114 81 12 83 113,21,23,6,21,7,12,42,var_0 counter_var_1 +,29,counter_var_0 var_1 +
640,114 72 88 16 113,30,114 33 51 42 113,14,4,16,11,19,5,25,var_0 counter_var_1 +,20,counter_var_0 var_1 +
641,114 61 68 71 113,12,114 6 97 23 113,3,6,9,23,22,5,26,var_0 counter_var_1 +,15,counter_var_0 var_1 +
642,114 101 107 28 113,42,114 78 17 112 113,14,20,28,19,15,17,33,var_0 counter_var_1 +,48,counter_var_0 var_1 +
643,114 66 17 112 113,27,114 46 92 51 113,8,17,19,20,17,0,28,var_0 counter_var_1 +,36,counter_var_0 var_1 +
644,114 19 105 111 113,37,114 62 85 31 113,19,4,18,0,13,16,19,var_0 counter_var_1 +,22,counter_var_0 var_1 +
645,114 39 99 92 113,40,114 60 36 19 113,10,2,30,19,7,13,29,var_0 counter_var_1 +,32,counter_var_0 var_1 +
646,114 33 104 4 113,8,114 20 59 30 113,4,20,4,30,12,13,34,var_0 counter_var_1 +,24,counter_var_0 var_1 +
647,114 58 14 33 113,2,114 62 105 111 113,0,4,2,18,14,13,18,var_0 counter_var_1 +,6,counter_var_0 var_1 +
648,114 111 81 52 113,45,114 102 0 38 113,24,15,21,7,12,0,31,var_0 counter_var_1 +,36,counter_var_0 var_1 +
649,114 56 58 2 113,29,114 58 74 91 113,27,0,2,29,12,5,56,var_0 counter_var_1 +,2,counter_var_0 var_1 +
650,114 98 72 81 113,30,114 55 8 57 113,11,26,19,26,3,8,37,var_0 counter_var_1 +,45,counter_var_0 var_1 +
651,114 87 84 44 113,13,114 9 105 111 113,0,9,13,18,15,13,18,var_0 counter_var_1 +,22,counter_var_0 var_1 +
652,114 83 37 110 113,42,114 99 53 68 113,25,12,17,6,14,7,31,var_0 counter_var_1 +,29,counter_var_0 var_1 +
653,114 64 85 31 113,6,114 99 22 12 113,6,12,0,12,16,22,18,var_0 counter_var_1 +,12,counter_var_0 var_1 +
654,114 53 5 24 113,48,114 25 68 71 113,24,25,24,9,5,22,33,var_0 counter_var_1 +,49,counter_var_0 var_1 +
655,114 26 92 51 113,46,114 41 35 37 113,26,12,20,6,0,12,32,var_0 counter_var_1 +,32,counter_var_0 var_1 +
656,114 58 89 29 113,29,114 49 23 98 113,0,20,29,5,20,0,5,var_0 counter_var_1 +,49,counter_var_0 var_1 +
657,114 96 90 102 113,18,114 56 15 62 113,9,27,9,0,21,15,9,var_0 counter_var_1 +,36,counter_var_0 var_1 +
658,114 110 92 51 113,43,114 8 39 36 113,23,8,20,5,0,16,28,var_0 counter_var_1 +,28,counter_var_0 var_1 +
659,114 112 106 56 113,50,114 30 44 41 113,25,1,25,10,14,21,35,var_0 counter_var_1 +,26,counter_var_0 var_1 +
660,114 53 26 25 113,49,114 30 0 38 113,24,1,25,7,3,0,31,var_0 counter_var_1 +,26,counter_var_0 var_1 +
661,114 24 2 84 113,46,114 30 51 42 113,24,1,22,11,2,5,35,var_0 counter_var_1 +,23,counter_var_0 var_1 +
662,114 66 25 20 113,28,114 19 112 13 113,8,19,20,13,2,20,21,var_0 counter_var_1 +,39,counter_var_0 var_1 +
663,114 28 111 79 113,45,114 74 85 31 113,28,16,17,0,19,16,28,var_0 counter_var_1 +,33,counter_var_0 var_1 +
664,114 36 101 39 113,15,114 62 73 73 113,7,4,8,11,9,4,18,var_0 counter_var_1 +,12,counter_var_0 var_1 +
665,114 54 20 50 113,44,114 28 111 79 113,25,28,19,17,20,19,42,var_0 counter_var_1 +,47,counter_var_0 var_1 +
666,114 57 107 28 113,56,114 57 20 50 113,28,28,28,19,15,20,47,var_0 counter_var_1 +,56,counter_var_0 var_1 +
667,114 57 4 78 113,44,114 66 12 83 113,28,8,16,21,4,12,49,var_0 counter_var_1 +,24,counter_var_0 var_1 +
668,114 66 16 21 113,29,114 83 34 47 113,8,25,21,16,16,11,24,var_0 counter_var_1 +,46,counter_var_0 var_1 +
669,114 12 104 4 113,16,114 107 88 16 113,12,20,4,16,12,19,28,var_0 counter_var_1 +,24,counter_var_0 var_1 +
670,114 91 18 72 113,14,114 94 48 95 113,4,7,10,2,18,2,6,var_0 counter_var_1 +,17,counter_var_0 var_1 +
671,114 77 81 52 113,40,114 29 47 93 113,19,0,21,0,12,1,19,var_0 counter_var_1 +,21,counter_var_0 var_1 +
672,114 70 45 103 113,22,114 12 36 19 113,12,12,10,19,22,13,31,var_0 counter_var_1 +,22,counter_var_0 var_1 +
673,114 46 47 93 113,17,114 101 99 92 113,17,14,0,30,1,7,47,var_0 counter_var_1 +,14,counter_var_0 var_1 +
674,114 99 51 42 113,23,114 62 62 43 113,12,4,11,12,5,16,24,var_0 counter_var_1 +,15,counter_var_0 var_1 +
675,114 88 7 22 113,23,114 32 21 49 113,1,3,22,18,7,21,19,var_0 counter_var_1 +,25,counter_var_0 var_1 +
676,114 8 78 107 113,22,114 62 87 60 113,8,4,14,29,9,18,37,var_0 counter_var_1 +,18,counter_var_0 var_1 +
677,114 77 94 96 113,22,114 59 90 102 113,19,1,3,9,2,21,28,var_0 counter_var_1 +,4,counter_var_0 var_1 +
678,114 14 80 48 113,31,114 4 15 62 113,14,4,17,0,11,15,14,var_0 counter_var_1 +,21,counter_var_0 var_1 +
679,114 16 72 81 113,35,114 80 42 46 113,16,22,19,15,3,19,31,var_0 counter_var_1 +,41,counter_var_0 var_1 +
680,114 16 26 25 113,41,114 86 54 53 113,16,28,25,22,3,8,38,var_0 counter_var_1 +,53,counter_var_0 var_1 +
681,114 32 45 103 113,13,114 10 70 77 113,3,10,10,15,22,1,18,var_0 counter_var_1 +,20,counter_var_0 var_1 +
682,114 26 71 100 113,33,114 105 45 103 113,26,18,7,10,2,22,36,var_0 counter_var_1 +,25,counter_var_0 var_1 +
683,114 19 109 65 113,22,114 28 35 37 113,19,28,3,6,17,12,25,var_0 counter_var_1 +,31,counter_var_0 var_1 +
684,114 64 19 15 113,21,114 50 41 34 113,6,21,15,3,19,18,9,var_0 counter_var_1 +,36,counter_var_0 var_1 +
685,114 44 89 29 113,44,114 76 69 104 113,15,18,29,11,20,0,26,var_0 counter_var_1 +,47,counter_var_0 var_1 +
686,114 17 28 55 113,41,114 25 81 52 113,17,25,24,21,5,12,38,var_0 counter_var_1 +,49,counter_var_0 var_1 +
687,114 96 38 59 113,37,114 12 64 66 113,9,12,28,4,15,18,13,var_0 counter_var_1 +,40,counter_var_0 var_1 +
688,114 97 49 32 113,11,114 57 73 73 113,10,28,1,11,3,4,21,var_0 counter_var_1 +,29,counter_var_0 var_1 +
689,114 75 78 107 113,31,114 54 59 30 113,17,25,14,30,9,13,47,var_0 counter_var_1 +,39,counter_var_0 var_1 +
690,114 82 58 2 113,26,114 60 55 10 113,24,2,2,10,12,9,34,var_0 counter_var_1 +,4,counter_var_0 var_1 +
691,114 4 90 102 113,13,114 17 31 82 113,4,17,9,20,21,8,24,var_0 counter_var_1 +,26,counter_var_0 var_1 +
692,114 11 111 79 113,28,114 100 11 6 113,11,13,17,6,19,11,17,var_0 counter_var_1 +,30,counter_var_0 var_1 +
693,114 21 54 53 113,43,114 9 101 39 113,21,9,22,8,8,9,29,var_0 counter_var_1 +,31,counter_var_0 var_1 +
694,114 89 84 44 113,15,114 11 86 94 113,2,11,13,1,15,17,3,var_0 counter_var_1 +,24,counter_var_0 var_1 +
695,114 4 44 41 113,14,114 57 101 39 113,4,28,10,8,21,9,12,var_0 counter_var_1 +,38,counter_var_0 var_1 +
696,114 103 1 0 113,16,114 67 13 18 113,16,9,0,18,1,13,34,var_0 counter_var_1 +,9,counter_var_0 var_1 +
697,114 94 37 110 113,24,114 93 8 57 113,7,6,17,26,14,8,33,var_0 counter_var_1 +,23,counter_var_0 var_1 +
698,114 90 65 67 113,8,114 95 6 64 113,3,8,5,2,19,6,5,var_0 counter_var_1 +,13,counter_var_0 var_1 +
699,114 103 65 67 113,21,114 18 48 95 113,16,18,5,2,19,2,18,var_0 counter_var_1 +,23,counter_var_0 var_1 +
700,114 75 12 83 113,38,114 50 104 4 113,17,21,21,4,12,12,21,var_0 counter_var_1 +,42,counter_var_0 var_1 +
701,114 18 83 3 113,21,114 80 48 95 113,18,22,3,2,14,2,20,var_0 counter_var_1 +,25,counter_var_0 var_1 +
702,114 73 48 95 113,17,114 80 61 89 113,15,22,2,27,2,15,42,var_0 counter_var_1 +,24,counter_var_0 var_1 +
703,114 24 77 69 113,31,114 18 107 28 113,24,18,7,28,8,15,52,var_0 counter_var_1 +,25,counter_var_0 var_1 +
704,114 110 0 38 113,30,114 39 54 53 113,23,10,7,22,0,8,45,var_0 counter_var_1 +,17,counter_var_0 var_1 +
705,114 11 10 11 113,22,114 77 37 110 113,11,19,11,17,10,14,28,var_0 counter_var_1 +,30,counter_var_0 var_1 +
706,114 46 32 1 113,18,114 57 39 36 113,17,28,1,5,9,16,22,var_0 counter_var_1 +,29,counter_var_0 var_1 +
707,114 104 33 14 113,31,114 103 70 77 113,17,16,14,15,10,1,32,var_0 counter_var_1 +,30,counter_var_0 var_1 +
708,114 73 64 66 113,19,114 80 17 112 113,15,22,4,19,18,17,34,var_0 counter_var_1 +,26,counter_var_0 var_1 +
709,114 64 71 100 113,13,114 109 35 37 113,6,22,7,6,2,12,12,var_0 counter_var_1 +,29,counter_var_0 var_1 +
710,114 87 112 13 113,13,114 14 12 83 113,0,14,13,21,20,12,21,var_0 counter_var_1 +,27,counter_var_0 var_1 +
711,114 43 51 42 113,25,114 77 1 0 113,14,19,11,0,5,1,14,var_0 counter_var_1 +,30,counter_var_0 var_1 +
712,114 23 98 74 113,35,114 112 80 48 113,23,25,12,17,6,11,40,var_0 counter_var_1 +,37,counter_var_0 var_1 +
713,114 107 60 63 113,21,114 49 54 53 113,20,20,1,22,14,8,42,var_0 counter_var_1 +,21,counter_var_0 var_1 +
714,114 90 45 103 113,13,114 51 47 93 113,3,22,10,0,22,1,3,var_0 counter_var_1 +,32,counter_var_0 var_1 +
715,114 64 16 21 113,27,114 39 74 91 113,6,10,21,29,16,5,35,var_0 counter_var_1 +,31,counter_var_0 var_1 +
716,114 1 91 106 113,14,114 68 42 46 113,1,10,13,15,22,19,16,var_0 counter_var_1 +,23,counter_var_0 var_1 +
717,114 40 97 23 113,34,114 20 81 52 113,11,20,23,21,5,12,32,var_0 counter_var_1 +,43,counter_var_0 var_1 +
718,114 63 51 42 113,16,114 80 90 102 113,5,22,11,9,5,21,14,var_0 counter_var_1 +,33,counter_var_0 var_1 +
719,114 42 1 0 113,13,114 73 24 35 113,13,15,0,4,1,1,17,var_0 counter_var_1 +,15,counter_var_0 var_1 +
720,114 93 28 55 113,30,114 49 50 27 113,6,20,24,27,5,4,33,var_0 counter_var_1 +,44,counter_var_0 var_1 +
721,114 43 71 100 113,21,114 99 64 66 113,14,12,7,4,2,18,18,var_0 counter_var_1 +,19,counter_var_0 var_1 +
722,114 11 61 89 113,38,114 75 38 59 113,11,17,27,28,15,15,39,var_0 counter_var_1 +,44,counter_var_0 var_1 +
723,114 1 47 93 113,1,114 48 102 45 113,1,19,0,14,1,10,15,var_0 counter_var_1 +,19,counter_var_0 var_1 +
724,114 82 62 43 113,36,114 91 90 102 113,24,4,12,9,16,21,33,var_0 counter_var_1 +,16,counter_var_0 var_1 +
725,114 16 58 2 113,18,114 98 27 101 113,16,11,2,8,12,4,24,var_0 counter_var_1 +,13,counter_var_0 var_1 +
726,114 75 87 60 113,46,114 49 101 39 113,17,20,29,8,18,9,25,var_0 counter_var_1 +,49,counter_var_0 var_1 +
727,114 30 100 75 113,14,114 9 13 18 113,1,9,13,18,8,13,19,var_0 counter_var_1 +,22,counter_var_0 var_1 +
728,114 23 111 79 113,40,114 39 27 101 113,23,10,17,8,19,4,31,var_0 counter_var_1 +,27,counter_var_0 var_1 +
729,114 81 11 6 113,29,114 0 27 101 113,23,0,6,8,11,4,31,var_0 counter_var_1 +,6,counter_var_0 var_1 +
730,114 102 87 60 113,44,114 60 112 13 113,15,2,29,13,18,20,28,var_0 counter_var_1 +,31,counter_var_0 var_1 +
731,114 51 1 0 113,22,114 112 110 108 113,22,25,0,15,1,18,37,var_0 counter_var_1 +,25,counter_var_0 var_1 +
732,114 5 75 8 113,13,114 44 69 104 113,5,15,8,11,6,0,16,var_0 counter_var_1 +,23,counter_var_0 var_1 +
733,114 20 3 86 113,44,114 13 12 83 113,20,13,24,21,3,12,41,var_0 counter_var_1 +,37,counter_var_0 var_1 +
734,114 101 19 15 113,29,114 7 61 89 113,14,7,15,27,19,15,41,var_0 counter_var_1 +,22,counter_var_0 var_1 +
735,114 53 95 109 113,40,114 14 44 41 113,24,14,16,10,3,21,34,var_0 counter_var_1 +,30,counter_var_0 var_1 +
736,114 58 56 5 113,5,114 65 109 65 113,0,7,5,3,10,17,3,var_0 counter_var_1 +,12,counter_var_0 var_1 +
737,114 26 77 69 113,33,114 15 75 8 113,26,15,7,8,8,6,34,var_0 counter_var_1 +,22,counter_var_0 var_1 +
738,114 99 69 104 113,23,114 72 14 33 113,12,14,11,2,0,14,14,var_0 counter_var_1 +,25,counter_var_0 var_1 +
739,114 30 18 72 113,11,114 64 28 55 113,1,6,10,24,18,5,25,var_0 counter_var_1 +,16,counter_var_0 var_1 +
740,114 87 51 42 113,11,114 89 81 52 113,0,2,11,21,5,12,21,var_0 counter_var_1 +,13,counter_var_0 var_1 +
741,114 28 27 101 113,36,114 105 29 17 113,28,18,8,17,4,6,45,var_0 counter_var_1 +,26,counter_var_0 var_1 +
742,114 4 95 109 113,20,114 53 91 106 113,4,24,16,13,3,22,17,var_0 counter_var_1 +,40,counter_var_0 var_1 +
743,114 66 90 102 113,17,114 21 107 28 113,8,21,9,28,21,15,36,var_0 counter_var_1 +,30,counter_var_0 var_1 +
744,114 36 28 55 113,31,114 95 32 1 113,7,8,24,1,5,9,8,var_0 counter_var_1 +,32,counter_var_0 var_1 +
745,114 34 30 99 113,11,114 51 57 97 113,5,22,6,4,7,11,9,var_0 counter_var_1 +,28,counter_var_0 var_1 +
746,114 50 33 14 113,35,114 13 38 59 113,21,13,14,28,10,15,49,var_0 counter_var_1 +,27,counter_var_0 var_1 +
747,114 39 58 2 113,12,114 88 102 45 113,10,1,2,14,12,10,24,var_0 counter_var_1 +,3,counter_var_0 var_1 +
748,114 71 84 44 113,26,114 44 88 16 113,13,15,13,16,15,19,29,var_0 counter_var_1 +,28,counter_var_0 var_1 +
749,114 10 31 82 113,30,114 49 105 111 113,10,20,20,18,8,13,28,var_0 counter_var_1 +,40,counter_var_0 var_1 +
750,114 2 6 64 113,4,114 50 31 82 113,2,21,2,20,6,8,22,var_0 counter_var_1 +,23,counter_var_0 var_1 +
751,114 57 33 14 113,42,114 86 26 25 113,28,28,14,25,10,3,53,var_0 counter_var_1 +,42,counter_var_0 var_1 +
752,114 27 64 66 113,31,114 40 65 67 113,27,11,4,5,18,19,32,var_0 counter_var_1 +,15,counter_var_0 var_1 +
753,114 67 73 73 113,20,114 54 72 81 113,9,25,11,19,4,3,28,var_0 counter_var_1 +,36,counter_var_0 var_1 +
754,114 28 13 18 113,46,114 88 101 39 113,28,1,18,8,13,9,36,var_0 counter_var_1 +,19,counter_var_0 var_1 +
755,114 20 91 106 113,33,114 17 40 76 113,20,17,13,14,22,17,34,var_0 counter_var_1 +,30,counter_var_0 var_1 +
756,114 69 95 109 113,27,114 82 10 11 113,11,24,16,11,3,10,22,var_0 counter_var_1 +,40,counter_var_0 var_1 +
757,114 108 99 92 113,51,114 9 48 95 113,21,9,30,2,7,2,23,var_0 counter_var_1 +,39,counter_var_0 var_1 +
758,114 3 19 15 113,18,114 4 34 47 113,3,4,15,16,19,11,19,var_0 counter_var_1 +,19,counter_var_0 var_1 +
759,114 68 4 78 113,26,114 59 105 111 113,10,1,16,18,4,13,28,var_0 counter_var_1 +,17,counter_var_0 var_1 +
760,114 74 66 88 113,42,114 34 98 74 113,16,5,26,12,20,6,28,var_0 counter_var_1 +,31,counter_var_0 var_1 +
761,114 74 16 21 113,37,114 57 90 102 113,16,28,21,9,16,21,25,var_0 counter_var_1 +,49,counter_var_0 var_1 +
762,114 60 82 90 113,30,114 35 50 27 113,2,6,28,27,13,4,29,var_0 counter_var_1 +,34,counter_var_0 var_1 +
763,114 33 50 27 113,31,114 13 17 112 113,4,13,27,19,4,17,23,var_0 counter_var_1 +,40,counter_var_0 var_1 +
764,114 59 11 6 113,7,114 84 65 67 113,1,26,6,5,11,19,6,var_0 counter_var_1 +,32,counter_var_0 var_1 +
765,114 48 76 54 113,42,114 35 60 63 113,19,6,23,1,7,14,20,var_0 counter_var_1 +,29,counter_var_0 var_1 +
766,114 96 81 52 113,30,114 49 2 84 113,9,20,21,22,12,2,31,var_0 counter_var_1 +,41,counter_var_0 var_1 +
767,114 7 50 27 113,34,114 92 69 104 113,7,5,27,11,4,0,18,var_0 counter_var_1 +,32,counter_var_0 var_1 +
768,114 27 84 44 113,40,114 101 11 6 113,27,14,13,6,15,11,33,var_0 counter_var_1 +,27,counter_var_0 var_1 +
769,114 13 68 71 113,22,114 54 64 66 113,13,25,9,4,22,18,17,var_0 counter_var_1 +,34,counter_var_0 var_1 +
770,114 85 6 64 113,29,114 52 62 43 113,27,23,2,12,6,16,39,var_0 counter_var_1 +,25,counter_var_0 var_1 +
771,114 13 71 100 113,20,114 8 112 13 113,13,8,7,13,2,20,26,var_0 counter_var_1 +,15,counter_var_0 var_1 +
772,114 51 4 78 113,38,114 76 22 12 113,22,18,16,12,4,22,34,var_0 counter_var_1 +,34,counter_var_0 var_1 +
773,114 93 6 64 113,8,114 22 7 22 113,6,22,2,22,6,7,28,var_0 counter_var_1 +,24,counter_var_0 var_1 +
774,114 45 41 34 113,19,114 36 86 94 113,16,7,3,1,18,17,17,var_0 counter_var_1 +,10,counter_var_0 var_1 +
775,114 88 111 79 113,18,114 77 12 83 113,1,19,17,21,19,12,22,var_0 counter_var_1 +,36,counter_var_0 var_1 +
776,114 48 19 15 113,34,114 111 25 20 113,19,24,15,20,19,2,39,var_0 counter_var_1 +,39,counter_var_0 var_1 +
777,114 18 26 25 113,43,114 0 80 48 113,18,0,25,17,3,11,35,var_0 counter_var_1 +,25,counter_var_0 var_1 +
778,114 78 43 40 113,29,114 93 89 29 113,20,6,9,29,20,20,49,var_0 counter_var_1 +,15,counter_var_0 var_1 +
779,114 27 99 92 113,57,114 68 102 45 113,27,10,30,14,7,10,41,var_0 counter_var_1 +,40,counter_var_0 var_1 +
780,114 58 48 95 113,2,114 87 50 27 113,0,0,2,27,2,4,27,var_0 counter_var_1 +,2,counter_var_0 var_1 +
781,114 10 80 48 113,27,114 62 45 103 113,10,4,17,10,11,22,20,var_0 counter_var_1 +,21,counter_var_0 var_1 +
782,114 69 26 25 113,36,114 96 9 70 113,11,9,25,8,3,9,19,var_0 counter_var_1 +,34,counter_var_0 var_1 +
783,114 58 96 7 113,7,114 73 45 103 113,0,15,7,10,4,22,10,var_0 counter_var_1 +,22,counter_var_0 var_1 +
784,114 52 97 23 113,46,114 102 95 109 113,23,15,23,16,5,3,39,var_0 counter_var_1 +,38,counter_var_0 var_1 +
785,114 70 91 106 113,25,114 40 60 63 113,12,11,13,1,22,14,13,var_0 counter_var_1 +,24,counter_var_0 var_1 +
786,114 77 3 86 113,43,114 112 48 95 113,19,25,24,2,3,2,21,var_0 counter_var_1 +,49,counter_var_0 var_1 +
787,114 88 65 67 113,6,114 97 70 77 113,1,10,5,15,19,1,16,var_0 counter_var_1 +,15,counter_var_0 var_1 +
788,114 94 1 0 113,7,114 3 80 48 113,7,3,0,17,1,11,24,var_0 counter_var_1 +,3,counter_var_0 var_1 +
789,114 104 75 8 113,25,114 36 42 46 113,17,7,8,15,6,19,32,var_0 counter_var_1 +,15,counter_var_0 var_1 +
790,114 63 59 30 113,35,114 94 85 31 113,5,7,30,0,13,16,5,var_0 counter_var_1 +,37,counter_var_0 var_1 +
791,114 5 49 32 113,6,114 16 42 46 113,5,16,1,15,3,19,20,var_0 counter_var_1 +,17,counter_var_0 var_1 +
792,114 88 79 58 113,28,114 95 45 103 113,1,8,27,10,10,22,11,var_0 counter_var_1 +,35,counter_var_0 var_1 +
793,114 77 67 80 113,37,114 22 66 88 113,19,22,18,26,21,20,45,var_0 counter_var_1 +,40,counter_var_0 var_1 +
794,114 29 16 21 113,21,114 93 85 31 113,0,6,21,0,16,16,0,var_0 counter_var_1 +,27,counter_var_0 var_1 +
795,114 85 108 85 113,50,114 50 19 15 113,27,21,23,15,16,19,42,var_0 counter_var_1 +,44,counter_var_0 var_1 +
796,114 88 67 80 113,19,114 30 50 27 113,1,1,18,27,21,4,28,var_0 counter_var_1 +,19,counter_var_0 var_1 +
797,114 110 109 65 113,26,114 3 48 95 113,23,3,3,2,17,2,25,var_0 counter_var_1 +,6,counter_var_0 var_1 +
798,114 73 78 107 113,29,114 80 13 18 113,15,22,14,18,9,13,33,var_0 counter_var_1 +,36,counter_var_0 var_1 +
799,114 57 12 83 113,49,114 102 21 49 113,28,15,21,18,12,21,46,var_0 counter_var_1 +,36,counter_var_0 var_1 +
800,114 38 63 26 113,35,114 82 0 38 113,9,24,26,7,17,0,16,var_0 counter_var_1 +,50,counter_var_0 var_1 +
801,114 51 108 85 113,45,114 16 82 90 113,22,16,23,28,16,13,50,var_0 counter_var_1 +,39,counter_var_0 var_1 +
802,114 19 48 95 113,21,114 112 9 70 113,19,25,2,8,2,9,27,var_0 counter_var_1 +,27,counter_var_0 var_1 +
803,114 61 14 33 113,5,114 101 9 70 113,3,14,2,8,14,9,11,var_0 counter_var_1 +,16,counter_var_0 var_1 +
804,114 105 74 91 113,47,114 24 74 91 113,18,24,29,29,5,5,47,var_0 counter_var_1 +,53,counter_var_0 var_1 +
805,114 61 62 43 113,15,114 60 102 45 113,3,2,12,14,16,10,17,var_0 counter_var_1 +,14,counter_var_0 var_1 +
806,114 46 38 59 113,45,114 49 53 68 113,17,20,28,6,15,7,23,var_0 counter_var_1 +,48,counter_var_0 var_1 +
807,114 73 2 84 113,37,114 80 65 67 113,15,22,22,5,2,19,20,var_0 counter_var_1 +,44,counter_var_0 var_1 +
808,114 96 71 100 113,16,114 86 16 21 113,9,28,7,21,2,16,30,var_0 counter_var_1 +,35,counter_var_0 var_1 +
809,114 53 107 28 113,52,114 22 79 58 113,24,22,28,27,15,10,51,var_0 counter_var_1 +,50,counter_var_0 var_1 +
810,114 42 6 64 113,15,114 42 91 106 113,13,13,2,13,6,22,26,var_0 counter_var_1 +,15,counter_var_0 var_1 +
811,114 86 82 90 113,56,114 86 77 69 113,28,28,28,7,13,8,35,var_0 counter_var_1 +,56,counter_var_0 var_1 +
812,114 106 4 78 113,35,114 35 12 83 113,19,6,16,21,4,12,40,var_0 counter_var_1 +,22,counter_var_0 var_1 +
813,114 47 35 37 113,24,114 104 59 30 113,18,17,6,30,12,13,48,var_0 counter_var_1 +,23,counter_var_0 var_1 +
814,114 91 43 40 113,13,114 59 54 53 113,4,1,9,22,20,8,26,var_0 counter_var_1 +,10,counter_var_0 var_1 +
815,114 61 110 108 113,18,114 70 44 41 113,3,12,15,10,18,21,13,var_0 counter_var_1 +,27,counter_var_0 var_1 +
816,114 79 49 32 113,22,114 54 46 87 113,21,25,1,25,3,0,46,var_0 counter_var_1 +,26,counter_var_0 var_1 +
817,114 25 56 5 113,30,114 58 48 95 113,25,0,5,2,10,2,27,var_0 counter_var_1 +,5,counter_var_0 var_1 +
818,114 84 43 40 113,35,114 81 103 61 113,26,23,9,30,20,11,56,var_0 counter_var_1 +,32,counter_var_0 var_1 +
819,114 88 83 3 113,4,114 50 86 94 113,1,21,3,1,14,17,2,var_0 counter_var_1 +,24,counter_var_0 var_1 +
820,114 49 69 104 113,31,114 93 22 12 113,20,6,11,12,0,22,32,var_0 counter_var_1 +,17,counter_var_0 var_1 +
821,114 17 34 47 113,33,114 110 78 107 113,17,23,16,14,11,9,31,var_0 counter_var_1 +,39,counter_var_0 var_1 +
822,114 8 73 73 113,19,114 76 71 100 113,8,18,11,7,4,2,15,var_0 counter_var_1 +,29,counter_var_0 var_1 +
823,114 25 20 50 113,44,114 45 101 39 113,25,16,19,8,20,9,33,var_0 counter_var_1 +,35,counter_var_0 var_1 +
824,114 62 8 57 113,30,114 43 70 77 113,4,14,26,15,8,1,19,var_0 counter_var_1 +,40,counter_var_0 var_1 +
825,114 6 106 56 113,31,114 11 16 21 113,6,11,25,21,14,16,27,var_0 counter_var_1 +,36,counter_var_0 var_1 +
826,114 43 61 89 113,41,114 33 42 46 113,14,4,27,15,15,19,29,var_0 counter_var_1 +,31,counter_var_0 var_1 +
827,114 70 73 73 113,23,114 102 10 11 113,12,15,11,11,4,10,23,var_0 counter_var_1 +,26,counter_var_0 var_1 +
828,114 75 62 43 113,29,114 63 84 44 113,17,5,12,13,16,15,30,var_0 counter_var_1 +,17,counter_var_0 var_1 +
829,114 110 91 106 113,36,114 30 83 3 113,23,1,13,3,22,14,26,var_0 counter_var_1 +,14,counter_var_0 var_1 +
830,114 78 7 22 113,42,114 43 87 60 113,20,14,22,29,7,18,49,var_0 counter_var_1 +,36,counter_var_0 var_1 +
831,114 56 64 66 113,31,114 16 85 31 113,27,16,4,0,18,16,27,var_0 counter_var_1 +,20,counter_var_0 var_1 +
832,114 37 55 10 113,18,114 19 0 38 113,8,19,10,7,9,0,15,var_0 counter_var_1 +,29,counter_var_0 var_1 +
833,114 0 10 11 113,11,114 74 98 74 113,0,16,11,12,10,6,12,var_0 counter_var_1 +,27,counter_var_0 var_1 +
834,114 26 3 86 113,50,114 46 22 12 113,26,17,24,12,3,22,38,var_0 counter_var_1 +,41,counter_var_0 var_1 +
835,114 11 44 41 113,21,114 108 2 84 113,11,21,10,22,21,2,33,var_0 counter_var_1 +,31,counter_var_0 var_1 +
836,114 61 40 76 113,17,114 62 43 40 113,3,4,14,9,17,20,12,var_0 counter_var_1 +,18,counter_var_0 var_1 +
837,114 7 102 45 113,21,114 68 0 38 113,7,10,14,7,10,0,14,var_0 counter_var_1 +,24,counter_var_0 var_1 +
838,114 85 72 81 113,46,114 32 4 78 113,27,3,19,16,3,4,43,var_0 counter_var_1 +,22,counter_var_0 var_1 +
839,114 62 40 76 113,18,114 104 50 27 113,4,17,14,27,17,4,31,var_0 counter_var_1 +,31,counter_var_0 var_1 +
840,114 23 13 18 113,41,114 69 50 27 113,23,11,18,27,13,4,50,var_0 counter_var_1 +,29,counter_var_0 var_1 +
841,114 25 112 13 113,38,114 99 47 93 113,25,12,13,0,20,1,25,var_0 counter_var_1 +,25,counter_var_0 var_1 +
842,114 65 55 10 113,17,114 65 94 96 113,7,7,10,3,9,2,10,var_0 counter_var_1 +,17,counter_var_0 var_1 +
843,114 73 25 20 113,35,114 107 44 41 113,15,20,20,10,2,21,25,var_0 counter_var_1 +,40,counter_var_0 var_1 +
844,114 77 80 48 113,36,114 87 104 4 113,19,0,17,4,11,12,23,var_0 counter_var_1 +,17,counter_var_0 var_1 +
845,114 15 24 35 113,19,114 31 39 36 113,15,2,4,5,1,16,20,var_0 counter_var_1 +,6,counter_var_0 var_1 +
846,114 23 90 102 113,32,114 40 4 78 113,23,11,9,16,21,4,39,var_0 counter_var_1 +,20,counter_var_0 var_1 +
847,114 103 81 52 113,37,114 99 102 45 113,16,12,21,14,12,10,30,var_0 counter_var_1 +,33,counter_var_0 var_1 +
848,114 108 101 39 113,29,114 57 30 99 113,21,28,8,6,9,7,27,var_0 counter_var_1 +,36,counter_var_0 var_1 +
849,114 15 26 25 113,40,114 102 58 2 113,15,15,25,2,3,12,17,var_0 counter_var_1 +,40,counter_var_0 var_1 +
850,114 68 32 1 113,11,114 75 24 35 113,10,17,1,4,9,1,14,var_0 counter_var_1 +,18,counter_var_0 var_1 +
851,114 106 59 30 113,49,114 30 100 75 113,19,1,30,13,13,8,32,var_0 counter_var_1 +,31,counter_var_0 var_1 +
852,114 0 6 64 113,2,114 70 19 15 113,0,12,2,15,6,19,15,var_0 counter_var_1 +,14,counter_var_0 var_1 +
853,114 93 69 104 113,17,114 70 53 68 113,6,12,11,6,0,7,12,var_0 counter_var_1 +,23,counter_var_0 var_1 +
854,114 74 48 95 113,18,114 81 54 53 113,16,23,2,22,2,8,38,var_0 counter_var_1 +,25,counter_var_0 var_1 +
855,114 50 95 109 113,37,114 75 42 46 113,21,17,16,15,3,19,36,var_0 counter_var_1 +,33,counter_var_0 var_1 +
856,114 80 63 26 113,48,114 78 64 66 113,22,20,26,4,17,18,26,var_0 counter_var_1 +,46,counter_var_0 var_1 +
857,114 30 41 34 113,4,114 75 66 88 113,1,17,3,26,18,20,27,var_0 counter_var_1 +,20,counter_var_0 var_1 +
858,114 70 7 22 113,34,114 98 84 44 113,12,11,22,13,7,15,25,var_0 counter_var_1 +,33,counter_var_0 var_1 +
859,114 55 102 45 113,40,114 29 16 21 113,26,0,14,21,10,16,47,var_0 counter_var_1 +,14,counter_var_0 var_1 +
860,114 3 108 85 113,26,114 88 56 5 113,3,1,23,5,16,10,8,var_0 counter_var_1 +,24,counter_var_0 var_1 +
861,114 56 83 3 113,30,114 30 34 47 113,27,1,3,16,14,11,43,var_0 counter_var_1 +,4,counter_var_0 var_1 +
862,114 78 6 64 113,22,114 83 73 73 113,20,25,2,11,6,4,31,var_0 counter_var_1 +,27,counter_var_0 var_1 +
863,114 89 53 68 113,8,114 54 12 83 113,2,25,6,21,7,12,23,var_0 counter_var_1 +,31,counter_var_0 var_1 +
864,114 28 2 84 113,50,114 47 74 91 113,28,18,22,29,2,5,57,var_0 counter_var_1 +,40,counter_var_0 var_1 +
865,114 13 11 6 113,19,114 109 80 48 113,13,22,6,17,11,11,30,var_0 counter_var_1 +,28,counter_var_0 var_1 +
866,114 19 83 3 113,22,114 94 81 52 113,19,7,3,21,14,12,40,var_0 counter_var_1 +,10,counter_var_0 var_1 +
867,114 108 59 30 113,51,114 28 44 41 113,21,28,30,10,13,21,31,var_0 counter_var_1 +,58,counter_var_0 var_1 +
868,114 91 42 46 113,19,114 67 97 23 113,4,9,15,23,19,5,27,var_0 counter_var_1 +,24,counter_var_0 var_1 +
869,114 69 65 67 113,16,114 35 78 107 113,11,6,5,14,19,9,25,var_0 counter_var_1 +,11,counter_var_0 var_1 +
870,114 40 69 104 113,22,114 43 98 74 113,11,14,11,12,0,6,23,var_0 counter_var_1 +,25,counter_var_0 var_1 +
871,114 69 63 26 113,37,114 22 55 10 113,11,22,26,10,17,9,21,var_0 counter_var_1 +,48,counter_var_0 var_1 +
872,114 54 14 33 113,27,114 39 58 2 113,25,10,2,2,14,12,27,var_0 counter_var_1 +,12,counter_var_0 var_1 +
873,114 101 33 14 113,28,114 19 10 11 113,14,19,14,11,10,10,25,var_0 counter_var_1 +,33,counter_var_0 var_1 +
874,114 3 30 99 113,9,114 102 15 62 113,3,15,6,0,7,15,3,var_0 counter_var_1 +,21,counter_var_0 var_1 +
875,114 89 59 30 113,32,114 30 95 109 113,2,1,30,16,13,3,18,var_0 counter_var_1 +,31,counter_var_0 var_1 +
876,114 75 69 104 113,28,114 4 19 15 113,17,4,11,15,0,19,32,var_0 counter_var_1 +,15,counter_var_0 var_1 +
877,114 28 14 33 113,30,114 53 46 87 113,28,24,2,25,14,0,53,var_0 counter_var_1 +,26,counter_var_0 var_1 +
878,114 97 38 59 113,38,114 12 5 24 113,10,12,28,24,15,5,34,var_0 counter_var_1 +,40,counter_var_0 var_1 +
879,114 92 109 65 113,8,114 84 99 92 113,5,26,3,30,17,7,35,var_0 counter_var_1 +,29,counter_var_0 var_1 +
880,114 63 50 27 113,32,114 45 64 66 113,5,16,27,4,4,18,9,var_0 counter_var_1 +,43,counter_var_0 var_1 +
881,114 65 0 38 113,14,114 106 107 28 113,7,19,7,28,0,15,35,var_0 counter_var_1 +,26,counter_var_0 var_1 +
882,114 2 100 75 113,15,114 58 89 29 113,2,0,13,29,8,20,31,var_0 counter_var_1 +,13,counter_var_0 var_1 +
883,114 42 48 95 113,15,114 97 49 32 113,13,10,2,1,2,3,14,var_0 counter_var_1 +,12,counter_var_0 var_1 +
884,114 63 62 43 113,17,114 107 43 40 113,5,20,12,9,16,20,14,var_0 counter_var_1 +,32,counter_var_0 var_1 +
885,114 97 60 63 113,11,114 28 40 76 113,10,28,1,14,14,17,24,var_0 counter_var_1 +,29,counter_var_0 var_1 +
886,114 54 37 110 113,42,114 65 31 82 113,25,7,17,20,14,8,45,var_0 counter_var_1 +,24,counter_var_0 var_1 +
887,114 72 59 30 113,44,114 38 59 30 113,14,9,30,30,13,13,44,var_0 counter_var_1 +,39,counter_var_0 var_1 +
888,114 78 3 86 113,44,114 73 73 73 113,20,15,24,11,3,4,31,var_0 counter_var_1 +,39,counter_var_0 var_1 +
889,114 34 54 53 113,27,114 61 64 66 113,5,3,22,4,8,18,9,var_0 counter_var_1 +,25,counter_var_0 var_1 +
890,114 44 7 22 113,37,114 2 94 96 113,15,2,22,3,7,2,18,var_0 counter_var_1 +,24,counter_var_0 var_1 +
891,114 94 17 112 113,26,114 31 36 19 113,7,2,19,19,17,13,26,var_0 counter_var_1 +,21,counter_var_0 var_1 +
892,114 82 45 103 113,34,114 25 11 6 113,24,25,10,6,22,11,30,var_0 counter_var_1 +,35,counter_var_0 var_1 +
893,114 75 2 84 113,39,114 90 99 92 113,17,3,22,30,2,7,47,var_0 counter_var_1 +,25,counter_var_0 var_1 +
894,114 95 43 40 113,17,114 67 103 61 113,8,9,9,30,20,11,38,var_0 counter_var_1 +,18,counter_var_0 var_1 +
895,114 66 104 4 113,12,114 111 1 0 113,8,24,4,0,12,1,8,var_0 counter_var_1 +,28,counter_var_0 var_1 +
896,114 40 55 10 113,21,114 54 4 78 113,11,25,10,16,9,4,27,var_0 counter_var_1 +,35,counter_var_0 var_1 +
897,114 12 84 44 113,25,114 14 2 84 113,12,14,13,22,15,2,34,var_0 counter_var_1 +,27,counter_var_0 var_1 +
898,114 9 13 18 113,27,114 63 47 93 113,9,5,18,0,13,1,9,var_0 counter_var_1 +,23,counter_var_0 var_1 +
899,114 57 79 58 113,55,114 88 84 44 113,28,1,27,13,10,15,41,var_0 counter_var_1 +,28,counter_var_0 var_1 +
900,114 47 9 70 113,26,114 19 26 25 113,18,19,8,25,9,3,43,var_0 counter_var_1 +,27,counter_var_0 var_1 +
901,114 17 10 11 113,28,114 102 92 51 113,17,15,11,20,10,0,37,var_0 counter_var_1 +,26,counter_var_0 var_1 +
902,114 98 109 65 113,14,114 106 85 31 113,11,19,3,0,17,16,11,var_0 counter_var_1 +,22,counter_var_0 var_1 +
903,114 60 93 105 113,14,114 15 77 69 113,2,15,12,7,1,8,9,var_0 counter_var_1 +,27,counter_var_0 var_1 +
904,114 34 24 35 113,9,114 90 111 79 113,5,3,4,17,1,19,22,var_0 counter_var_1 +,7,counter_var_0 var_1 +
905,114 7 11 6 113,13,114 78 71 100 113,7,20,6,7,11,2,14,var_0 counter_var_1 +,26,counter_var_0 var_1 +
906,114 99 87 60 113,41,114 87 54 53 113,12,0,29,22,18,8,34,var_0 counter_var_1 +,29,counter_var_0 var_1 +
907,114 21 3 86 113,45,114 40 29 17 113,21,11,24,17,3,6,38,var_0 counter_var_1 +,35,counter_var_0 var_1 +
908,114 31 111 79 113,19,114 27 44 41 113,2,27,17,10,19,21,12,var_0 counter_var_1 +,44,counter_var_0 var_1 +
909,114 63 101 39 113,13,114 62 76 54 113,5,4,8,23,9,7,28,var_0 counter_var_1 +,12,counter_var_0 var_1 +
910,114 55 74 91 113,55,114 60 3 86 113,26,2,29,24,5,3,50,var_0 counter_var_1 +,31,counter_var_0 var_1 +
911,114 63 110 108 113,20,114 88 9 70 113,5,1,15,8,18,9,13,var_0 counter_var_1 +,16,counter_var_0 var_1 +
912,114 40 19 15 113,26,114 87 68 71 113,11,0,15,9,19,22,20,var_0 counter_var_1 +,15,counter_var_0 var_1 +
913,114 85 64 66 113,31,114 85 85 31 113,27,27,4,0,18,16,27,var_0 counter_var_1 +,31,counter_var_0 var_1 +
914,114 7 54 53 113,29,114 42 15 62 113,7,13,22,0,8,15,7,var_0 counter_var_1 +,35,counter_var_0 var_1 +
915,114 61 67 80 113,21,114 69 99 92 113,3,11,18,30,21,7,33,var_0 counter_var_1 +,29,counter_var_0 var_1 +
916,114 103 78 107 113,30,114 96 99 92 113,16,9,14,30,9,7,46,var_0 counter_var_1 +,23,counter_var_0 var_1 +
917,114 0 67 80 113,18,114 73 101 39 113,0,15,18,8,21,9,8,var_0 counter_var_1 +,33,counter_var_0 var_1 +
918,114 50 104 4 113,25,114 69 44 41 113,21,11,4,10,12,21,31,var_0 counter_var_1 +,15,counter_var_0 var_1 +
919,114 103 109 65 113,19,114 87 98 74 113,16,0,3,12,17,6,28,var_0 counter_var_1 +,3,counter_var_0 var_1 +
920,114 26 55 10 113,36,114 18 87 60 113,26,18,10,29,9,18,55,var_0 counter_var_1 +,28,counter_var_0 var_1 +
921,114 53 39 36 113,29,114 86 38 59 113,24,28,5,28,16,15,52,var_0 counter_var_1 +,33,counter_var_0 var_1 +
922,114 41 38 59 113,40,114 61 12 83 113,12,3,28,21,15,12,33,var_0 counter_var_1 +,31,counter_var_0 var_1 +
923,114 36 95 109 113,23,114 55 111 79 113,7,26,16,17,3,19,24,var_0 counter_var_1 +,42,counter_var_0 var_1 +
924,114 107 68 71 113,29,114 75 5 24 113,20,17,9,24,22,5,44,var_0 counter_var_1 +,26,counter_var_0 var_1 +
925,114 103 54 53 113,38,114 20 40 76 113,16,20,22,14,8,17,30,var_0 counter_var_1 +,42,counter_var_0 var_1 +
926,114 47 76 54 113,41,114 88 23 98 113,18,1,23,5,7,0,23,var_0 counter_var_1 +,24,counter_var_0 var_1 +
927,114 37 48 95 113,10,114 89 106 56 113,8,2,2,25,2,14,33,var_0 counter_var_1 +,4,counter_var_0 var_1 +
928,114 70 86 94 113,13,114 45 80 48 113,12,16,1,17,17,11,29,var_0 counter_var_1 +,17,counter_var_0 var_1 +
929,114 41 112 13 113,25,114 45 84 44 113,12,16,13,13,20,15,25,var_0 counter_var_1 +,29,counter_var_0 var_1 +
930,114 112 97 23 113,48,114 33 91 106 113,25,4,23,13,5,22,38,var_0 counter_var_1 +,27,counter_var_0 var_1 +
931,114 72 78 107 113,28,114 52 11 6 113,14,23,14,6,9,11,20,var_0 counter_var_1 +,37,counter_var_0 var_1 +
932,114 42 65 67 113,18,114 112 5 24 113,13,25,5,24,19,5,37,var_0 counter_var_1 +,30,counter_var_0 var_1 +
933,114 44 24 35 113,19,114 65 6 64 113,15,7,4,2,1,6,17,var_0 counter_var_1 +,11,counter_var_0 var_1 +
934,114 59 35 37 113,7,114 24 65 67 113,1,24,6,5,12,19,6,var_0 counter_var_1 +,30,counter_var_0 var_1 +
935,114 6 72 81 113,25,114 3 105 111 113,6,3,19,18,3,13,24,var_0 counter_var_1 +,22,counter_var_0 var_1 +
936,114 18 87 60 113,47,114 71 80 48 113,18,13,29,17,18,11,35,var_0 counter_var_1 +,42,counter_var_0 var_1 +
937,114 41 40 76 113,26,114 22 18 72 113,12,22,14,10,17,18,22,var_0 counter_var_1 +,36,counter_var_0 var_1 +
938,114 88 85 31 113,1,114 15 13 18 113,1,15,0,18,16,13,19,var_0 counter_var_1 +,15,counter_var_0 var_1 +
939,114 43 48 95 113,16,114 88 47 93 113,14,1,2,0,2,1,14,var_0 counter_var_1 +,3,counter_var_0 var_1 +
940,114 55 81 52 113,47,114 11 95 109 113,26,11,21,16,12,3,42,var_0 counter_var_1 +,32,counter_var_0 var_1 +
941,114 37 70 77 113,23,114 74 107 28 113,8,16,15,28,1,15,36,var_0 counter_var_1 +,31,counter_var_0 var_1 +
942,114 58 71 100 113,7,114 101 55 10 113,0,14,7,10,2,9,10,var_0 counter_var_1 +,21,counter_var_0 var_1 +
943,114 68 90 102 113,19,114 11 60 63 113,10,11,9,1,21,14,11,var_0 counter_var_1 +,20,counter_var_0 var_1 +
944,114 48 11 6 113,25,114 59 77 69 113,19,1,6,7,11,8,26,var_0 counter_var_1 +,7,counter_var_0 var_1 +
945,114 79 97 23 113,44,114 20 41 34 113,21,20,23,3,5,18,24,var_0 counter_var_1 +,43,counter_var_0 var_1 +
946,114 46 41 34 113,20,114 99 28 55 113,17,12,3,24,18,5,41,var_0 counter_var_1 +,15,counter_var_0 var_1 +
947,114 51 83 3 113,25,114 103 11 6 113,22,16,3,6,14,11,28,var_0 counter_var_1 +,19,counter_var_0 var_1 +
948,114 22 71 100 113,29,114 41 30 99 113,22,12,7,6,2,7,28,var_0 counter_var_1 +,19,counter_var_0 var_1 +
949,114 19 51 42 113,30,114 111 7 22 113,19,24,11,22,5,7,41,var_0 counter_var_1 +,35,counter_var_0 var_1 +
950,114 9 3 86 113,33,114 83 13 18 113,9,25,24,18,3,13,27,var_0 counter_var_1 +,49,counter_var_0 var_1 +
951,114 33 85 31 113,4,114 97 23 98 113,4,10,0,5,16,0,9,var_0 counter_var_1 +,10,counter_var_0 var_1 +
952,114 55 73 73 113,37,114 3 96 7 113,26,3,11,7,4,4,33,var_0 counter_var_1 +,14,counter_var_0 var_1 +
953,114 111 30 99 113,30,114 43 59 30 113,24,14,6,30,7,13,54,var_0 counter_var_1 +,20,counter_var_0 var_1 +
954,114 42 93 105 113,25,114 39 38 59 113,13,10,12,28,1,15,41,var_0 counter_var_1 +,22,counter_var_0 var_1 +
955,114 70 38 59 113,40,114 96 74 91 113,12,9,28,29,15,5,41,var_0 counter_var_1 +,37,counter_var_0 var_1 +
956,114 62 13 18 113,22,114 103 66 88 113,4,16,18,26,13,20,30,var_0 counter_var_1 +,34,counter_var_0 var_1 +
957,114 84 61 89 113,53,114 68 91 106 113,26,10,27,13,15,22,39,var_0 counter_var_1 +,37,counter_var_0 var_1 +
958,114 99 37 110 113,29,114 79 64 66 113,12,21,17,4,14,18,16,var_0 counter_var_1 +,38,counter_var_0 var_1 +
959,114 10 89 29 113,39,114 91 26 25 113,10,4,29,25,20,3,35,var_0 counter_var_1 +,33,counter_var_0 var_1 +
960,114 55 10 11 113,37,114 26 41 34 113,26,26,11,3,10,18,29,var_0 counter_var_1 +,37,counter_var_0 var_1 +
961,114 21 41 34 113,24,114 104 105 111 113,21,17,3,18,18,13,39,var_0 counter_var_1 +,20,counter_var_0 var_1 +
962,114 106 86 94 113,20,114 67 39 36 113,19,9,1,5,17,16,24,var_0 counter_var_1 +,10,counter_var_0 var_1 +
963,114 14 65 67 113,19,114 21 60 63 113,14,21,5,1,19,14,15,var_0 counter_var_1 +,26,counter_var_0 var_1 +
964,114 10 19 15 113,25,114 74 103 61 113,10,16,15,30,19,11,40,var_0 counter_var_1 +,31,counter_var_0 var_1 +
965,114 89 97 23 113,25,114 5 10 11 113,2,5,23,11,5,10,13,var_0 counter_var_1 +,28,counter_var_0 var_1 +
966,114 99 10 11 113,23,114 36 54 53 113,12,7,11,22,10,8,34,var_0 counter_var_1 +,18,counter_var_0 var_1 +
967,114 94 59 30 113,37,114 13 104 4 113,7,13,30,4,13,12,11,var_0 counter_var_1 +,43,counter_var_0 var_1 +
968,114 65 10 11 113,18,114 11 17 112 113,7,11,11,19,10,17,26,var_0 counter_var_1 +,22,counter_var_0 var_1 +
969,114 62 97 23 113,27,114 89 98 74 113,4,2,23,12,5,6,16,var_0 counter_var_1 +,25,counter_var_0 var_1 +
970,114 57 52 9 113,37,114 4 74 91 113,28,4,9,29,6,5,57,var_0 counter_var_1 +,13,counter_var_0 var_1 +
971,114 62 73 73 113,15,114 34 69 104 113,4,5,11,11,4,0,15,var_0 counter_var_1 +,16,counter_var_0 var_1 +
972,114 103 5 24 113,40,114 30 28 55 113,16,1,24,24,5,5,40,var_0 counter_var_1 +,25,counter_var_0 var_1 +
973,114 111 68 71 113,33,114 0 88 16 113,24,0,9,16,22,19,40,var_0 counter_var_1 +,9,counter_var_0 var_1 +
974,114 4 19 15 113,19,114 80 89 29 113,4,22,15,29,19,20,33,var_0 counter_var_1 +,37,counter_var_0 var_1 +
975,114 90 72 81 113,22,114 22 38 59 113,3,22,19,28,3,15,31,var_0 counter_var_1 +,41,counter_var_0 var_1 +
976,114 103 112 13 113,29,114 79 103 61 113,16,21,13,30,20,11,46,var_0 counter_var_1 +,34,counter_var_0 var_1 +
977,114 69 12 83 113,32,114 103 42 46 113,11,16,21,15,12,19,26,var_0 counter_var_1 +,37,counter_var_0 var_1 +
978,114 62 107 28 113,32,114 10 24 35 113,4,10,28,4,15,1,8,var_0 counter_var_1 +,38,counter_var_0 var_1 +
979,114 67 76 54 113,32,114 21 88 16 113,9,21,23,16,7,19,25,var_0 counter_var_1 +,44,counter_var_0 var_1 +
980,114 91 60 63 113,5,114 10 74 91 113,4,10,1,29,14,5,33,var_0 counter_var_1 +,11,counter_var_0 var_1 +
981,114 43 109 65 113,17,114 91 69 104 113,14,4,3,11,17,0,25,var_0 counter_var_1 +,7,counter_var_0 var_1 +
982,114 21 22 12 113,33,114 76 100 75 113,21,18,12,13,22,8,34,var_0 counter_var_1 +,30,counter_var_0 var_1 +
983,114 15 43 40 113,24,114 63 99 92 113,15,5,9,30,20,7,45,var_0 counter_var_1 +,14,counter_var_0 var_1 +
984,114 47 39 36 113,23,114 71 66 88 113,18,13,5,26,16,20,44,var_0 counter_var_1 +,18,counter_var_0 var_1 +
985,114 86 90 102 113,37,114 94 26 25 113,28,7,9,25,21,3,53,var_0 counter_var_1 +,16,counter_var_0 var_1 +
986,114 9 89 29 113,38,114 39 98 74 113,9,10,29,12,20,6,21,var_0 counter_var_1 +,39,counter_var_0 var_1 +
987,114 51 41 34 113,25,114 104 27 101 113,22,17,3,8,18,4,30,var_0 counter_var_1 +,20,counter_var_0 var_1 +
988,114 17 1 0 113,17,114 88 73 73 113,17,1,0,11,1,4,28,var_0 counter_var_1 +,1,counter_var_0 var_1 +
989,114 47 43 40 113,27,114 5 9 70 113,18,5,9,8,20,9,26,var_0 counter_var_1 +,14,counter_var_0 var_1 +
990,114 31 80 48 113,19,114 52 38 59 113,2,23,17,28,11,15,30,var_0 counter_var_1 +,40,counter_var_0 var_1 +
991,114 59 49 32 113,2,114 81 86 94 113,1,23,1,1,3,17,2,var_0 counter_var_1 +,24,counter_var_0 var_1 +
992,114 112 9 70 113,33,114 106 59 30 113,25,19,8,30,9,13,55,var_0 counter_var_1 +,27,counter_var_0 var_1 +
993,114 93 16 21 113,27,114 20 20 50 113,6,20,21,19,16,20,25,var_0 counter_var_1 +,41,counter_var_0 var_1 +
994,114 44 3 86 113,39,114 22 86 94 113,15,22,24,1,3,17,16,var_0 counter_var_1 +,46,counter_var_0 var_1 +
995,114 28 38 59 113,56,114 90 62 43 113,28,3,28,12,15,16,40,var_0 counter_var_1 +,31,counter_var_0 var_1 +
996,114 33 51 42 113,15,114 65 101 39 113,4,7,11,8,5,9,12,var_0 counter_var_1 +,18,counter_var_0 var_1 +
997,114 81 34 47 113,39,114 10 32 1 113,23,10,16,1,11,9,24,var_0 counter_var_1 +,26,counter_var_0 var_1 +
998,114 99 57 97 113,16,114 108 71 100 113,12,21,4,7,11,2,19,var_0 counter_var_1 +,25,counter_var_0 var_1 +
999,114 23 31 82 113,43,114 15 55 10 113,23,15,20,10,8,9,33,var_0 counter_var_1 +,35,counter_var_0 var_1 +
1000,114 9 49 32 113,10,114 37 74 91 113,9,8,1,29,3,5,38,var_0 counter_var_1 +,9,counter_var_0 var_1 +
1001,114 42 57 97 113,17,114 42 8 57 113,13,13,4,26,11,8,39,var_0 counter_var_1 +,17,counter_var_0 var_1 +
1002,114 57 32 1 113,29,114 95 14 33 113,28,8,1,2,9,14,30,var_0 counter_var_1 +,9,counter_var_0 var_1 +
1003,114 17 59 30 113,47,114 99 101 39 113,17,12,30,8,13,9,25,var_0 counter_var_1 +,42,counter_var_0 var_1 +
1004,114 47 45 103 113,28,114 49 106 56 113,18,20,10,25,22,14,43,var_0 counter_var_1 +,30,counter_var_0 var_1 +
1005,114 16 43 40 113,25,114 112 12 83 113,16,25,9,21,20,12,37,var_0 counter_var_1 +,34,counter_var_0 var_1 +
1006,114 1 66 88 113,27,114 4 91 106 113,1,4,26,13,20,22,14,var_0 counter_var_1 +,30,counter_var_0 var_1 +
1007,114 52 28 55 113,47,114 17 42 46 113,23,17,24,15,5,19,38,var_0 counter_var_1 +,41,counter_var_0 var_1 +
1008,114 28 61 89 113,55,114 5 80 48 113,28,5,27,17,15,11,45,var_0 counter_var_1 +,32,counter_var_0 var_1 +
1009,114 43 93 105 113,26,114 11 84 44 113,14,11,12,13,1,15,27,var_0 counter_var_1 +,23,counter_var_0 var_1 +
1010,114 87 45 103 113,10,114 4 7 22 113,0,4,10,22,22,7,22,var_0 counter_var_1 +,14,counter_var_0 var_1 +
1011,114 64 32 1 113,7,114 99 36 19 113,6,12,1,19,9,13,25,var_0 counter_var_1 +,13,counter_var_0 var_1 +
1012,114 43 106 56 113,39,114 75 21 49 113,14,17,25,18,14,21,32,var_0 counter_var_1 +,42,counter_var_0 var_1 +
1013,114 45 96 7 113,23,114 56 105 111 113,16,27,7,18,4,13,34,var_0 counter_var_1 +,34,counter_var_0 var_1 +
1014,114 47 57 97 113,22,114 67 90 102 113,18,9,4,9,11,21,27,var_0 counter_var_1 +,13,counter_var_0 var_1 +
1015,114 34 27 101 113,13,114 40 42 46 113,5,11,8,15,4,19,20,var_0 counter_var_1 +,19,counter_var_0 var_1 +
1016,114 31 87 60 113,31,114 18 70 77 113,2,18,29,15,18,1,17,var_0 counter_var_1 +,47,counter_var_0 var_1 +
1017,114 4 33 14 113,18,114 40 98 74 113,4,11,14,12,10,6,16,var_0 counter_var_1 +,25,counter_var_0 var_1 +
1018,114 4 92 51 113,24,114 90 77 69 113,4,3,20,7,0,8,11,var_0 counter_var_1 +,23,counter_var_0 var_1 +
1019,114 50 101 39 113,29,114 92 86 94 113,21,5,8,1,9,17,22,var_0 counter_var_1 +,13,counter_var_0 var_1 +
1020,114 73 103 61 113,45,114 61 22 12 113,15,3,30,12,11,22,27,var_0 counter_var_1 +,33,counter_var_0 var_1 +
1021,114 102 72 81 113,34,114 69 96 7 113,15,11,19,7,3,4,22,var_0 counter_var_1 +,30,counter_var_0 var_1 +
1022,114 5 96 7 113,12,114 55 78 107 113,5,26,7,14,4,9,19,var_0 counter_var_1 +,33,counter_var_0 var_1 +
1023,114 78 86 94 113,21,114 67 75 8 113,20,9,1,8,17,6,28,var_0 counter_var_1 +,10,counter_var_0 var_1 +
1024,114 45 66 88 113,42,114 41 32 1 113,16,12,26,1,20,9,17,var_0 counter_var_1 +,38,counter_var_0 var_1 +
1025,114 26 58 2 113,28,114 40 76 54 113,26,11,2,23,12,7,49,var_0 counter_var_1 +,13,counter_var_0 var_1 +
1026,114 39 89 29 113,39,114 48 13 18 113,10,19,29,18,20,13,28,var_0 counter_var_1 +,48,counter_var_0 var_1 +
1027,114 68 42 46 113,25,114 27 78 107 113,10,27,15,14,19,9,24,var_0 counter_var_1 +,42,counter_var_0 var_1 +
1028,114 16 95 109 113,32,114 79 70 77 113,16,21,16,15,3,1,31,var_0 counter_var_1 +,37,counter_var_0 var_1 +
1029,114 41 90 102 113,21,114 4 54 53 113,12,4,9,22,21,8,34,var_0 counter_var_1 +,13,counter_var_0 var_1 +
1030,114 108 97 23 113,44,114 68 33 14 113,21,10,23,14,5,10,35,var_0 counter_var_1 +,33,counter_var_0 var_1 +
1031,114 75 31 82 113,37,114 90 60 63 113,17,3,20,1,8,14,18,var_0 counter_var_1 +,23,counter_var_0 var_1 +
1032,114 107 58 2 113,22,114 109 56 5 113,20,22,2,5,12,10,25,var_0 counter_var_1 +,24,counter_var_0 var_1 +
1033,114 98 5 24 113,35,114 39 37 110 113,11,10,24,17,5,14,28,var_0 counter_var_1 +,34,counter_var_0 var_1 +
1034,114 11 40 76 113,25,114 48 65 67 113,11,19,14,5,17,19,16,var_0 counter_var_1 +,33,counter_var_0 var_1 +
1035,114 46 81 52 113,38,114 32 112 13 113,17,3,21,13,12,20,30,var_0 counter_var_1 +,24,counter_var_0 var_1 +
1036,114 90 75 8 113,11,114 53 77 69 113,3,24,8,7,6,8,10,var_0 counter_var_1 +,32,counter_var_0 var_1 +
1037,114 54 100 75 113,38,114 97 89 29 113,25,10,13,29,8,20,54,var_0 counter_var_1 +,23,counter_var_0 var_1 +
1038,114 87 76 54 113,23,114 5 86 94 113,0,5,23,1,7,17,1,var_0 counter_var_1 +,28,counter_var_0 var_1 +
1039,114 32 102 45 113,17,114 71 76 54 113,3,13,14,23,10,7,26,var_0 counter_var_1 +,27,counter_var_0 var_1 +
1040,114 21 29 17 113,38,114 24 6 64 113,21,24,17,2,6,6,23,var_0 counter_var_1 +,41,counter_var_0 var_1 +
1041,114 107 34 47 113,36,114 54 70 77 113,20,25,16,15,11,1,35,var_0 counter_var_1 +,41,counter_var_0 var_1 +
1042,114 107 54 53 113,42,114 61 74 91 113,20,3,22,29,8,5,49,var_0 counter_var_1 +,25,counter_var_0 var_1 +
1043,114 46 63 26 113,43,114 82 102 45 113,17,24,26,14,17,10,31,var_0 counter_var_1 +,50,counter_var_0 var_1 +
1044,114 95 101 39 113,16,114 76 93 105 113,8,18,8,12,9,1,20,var_0 counter_var_1 +,26,counter_var_0 var_1 +
1045,114 9 78 107 113,23,114 1 110 108 113,9,1,14,15,9,18,24,var_0 counter_var_1 +,15,counter_var_0 var_1 +
1046,114 104 27 101 113,25,114 31 74 91 113,17,2,8,29,4,5,46,var_0 counter_var_1 +,10,counter_var_0 var_1 +
1047,114 104 62 43 113,29,114 48 1 0 113,17,19,12,0,16,1,17,var_0 counter_var_1 +,31,counter_var_0 var_1 +
1048,114 11 50 27 113,38,114 91 13 18 113,11,4,27,18,4,13,29,var_0 counter_var_1 +,31,counter_var_0 var_1 +
1049,114 87 48 95 113,2,114 70 5 24 113,0,12,2,24,2,5,24,var_0 counter_var_1 +,14,counter_var_0 var_1 +
1050,114 30 61 89 113,28,114 43 103 61 113,1,14,27,30,15,11,31,var_0 counter_var_1 +,41,counter_var_0 var_1 +
1051,114 70 14 33 113,14,114 77 28 55 113,12,19,2,24,14,5,36,var_0 counter_var_1 +,21,counter_var_0 var_1 +
1052,114 5 6 64 113,7,114 98 79 58 113,5,11,2,27,6,10,32,var_0 counter_var_1 +,13,counter_var_0 var_1 +
1053,114 59 69 104 113,12,114 26 66 88 113,1,26,11,26,0,20,27,var_0 counter_var_1 +,37,counter_var_0 var_1 +
1054,114 20 64 66 113,24,114 8 36 19 113,20,8,4,19,18,13,39,var_0 counter_var_1 +,12,counter_var_0 var_1 +
1055,114 48 97 23 113,42,114 23 62 43 113,19,23,23,12,5,16,31,var_0 counter_var_1 +,46,counter_var_0 var_1 +
1056,114 76 98 74 113,30,114 94 71 100 113,18,7,12,7,6,2,25,var_0 counter_var_1 +,19,counter_var_0 var_1 +
1057,114 100 103 61 113,43,114 26 109 65 113,13,26,30,3,11,17,16,var_0 counter_var_1 +,56,counter_var_0 var_1 +
1058,114 51 54 53 113,44,114 13 25 20 113,22,13,22,20,8,2,42,var_0 counter_var_1 +,35,counter_var_0 var_1 +
1059,114 76 35 37 113,24,114 13 3 86 113,18,13,6,24,12,3,42,var_0 counter_var_1 +,19,counter_var_0 var_1 +
1060,114 26 63 26 113,52,114 0 33 14 113,26,0,26,14,17,10,40,var_0 counter_var_1 +,26,counter_var_0 var_1 +
1061,114 51 18 72 113,32,114 37 66 88 113,22,8,10,26,18,20,48,var_0 counter_var_1 +,18,counter_var_0 var_1 +
1062,114 20 13 18 113,38,114 103 74 91 113,20,16,18,29,13,5,49,var_0 counter_var_1 +,34,counter_var_0 var_1 +
1063,114 96 53 68 113,15,114 48 77 69 113,9,19,6,7,7,8,16,var_0 counter_var_1 +,25,counter_var_0 var_1 +
1064,114 3 6 64 113,5,114 102 100 75 113,3,15,2,13,6,8,16,var_0 counter_var_1 +,17,counter_var_0 var_1 +
1065,114 37 105 111 113,26,114 14 17 112 113,8,14,18,19,13,17,27,var_0 counter_var_1 +,32,counter_var_0 var_1 +
1066,114 108 68 71 113,30,114 94 42 46 113,21,7,9,15,22,19,36,var_0 counter_var_1 +,16,counter_var_0 var_1 +
1067,114 62 61 89 113,31,114 3 77 69 113,4,3,27,7,15,8,11,var_0 counter_var_1 +,30,counter_var_0 var_1 +
1068,114 112 30 99 113,31,114 88 26 25 113,25,1,6,25,7,3,50,var_0 counter_var_1 +,7,counter_var_0 var_1 +
1069,114 79 52 9 113,30,114 104 108 85 113,21,17,9,23,6,16,44,var_0 counter_var_1 +,26,counter_var_0 var_1 +
1070,114 105 84 44 113,31,114 92 40 76 113,18,5,13,14,15,17,32,var_0 counter_var_1 +,18,counter_var_0 var_1 +
1071,114 5 28 55 113,29,114 101 85 31 113,5,14,24,0,5,16,5,var_0 counter_var_1 +,38,counter_var_0 var_1 +
1072,114 13 51 42 113,24,114 26 10 11 113,13,26,11,11,5,10,24,var_0 counter_var_1 +,37,counter_var_0 var_1 +
1073,114 101 24 35 113,18,114 104 103 61 113,14,17,4,30,1,11,44,var_0 counter_var_1 +,21,counter_var_0 var_1 +
1074,114 85 99 92 113,57,114 80 64 66 113,27,22,30,4,7,18,31,var_0 counter_var_1 +,52,counter_var_0 var_1 +
1075,114 99 77 69 113,19,114 64 6 64 113,12,6,7,2,8,6,14,var_0 counter_var_1 +,13,counter_var_0 var_1 +
1076,114 95 4 78 113,24,114 27 105 111 113,8,27,16,18,4,13,26,var_0 counter_var_1 +,43,counter_var_0 var_1 +
1077,114 25 52 9 113,34,114 18 54 53 113,25,18,9,22,6,8,47,var_0 counter_var_1 +,27,counter_var_0 var_1 +
1078,114 72 32 1 113,15,114 81 77 69 113,14,23,1,7,9,8,21,var_0 counter_var_1 +,24,counter_var_0 var_1 +
1079,114 31 21 49 113,20,114 102 43 40 113,2,15,18,9,21,20,11,var_0 counter_var_1 +,33,counter_var_0 var_1 +
1080,114 8 54 53 113,30,114 31 63 26 113,8,2,22,26,8,17,34,var_0 counter_var_1 +,24,counter_var_0 var_1 +
1081,114 9 92 51 113,29,114 79 90 102 113,9,21,20,9,0,21,18,var_0 counter_var_1 +,41,counter_var_0 var_1 +
1082,114 97 53 68 113,16,114 53 99 92 113,10,24,6,30,7,7,40,var_0 counter_var_1 +,30,counter_var_0 var_1 +
1083,114 90 39 36 113,8,114 13 107 28 113,3,13,5,28,16,15,31,var_0 counter_var_1 +,18,counter_var_0 var_1 +
1084,114 62 27 101 113,12,114 112 35 37 113,4,25,8,6,4,12,10,var_0 counter_var_1 +,33,counter_var_0 var_1 +
1085,114 1 0 38 113,8,114 24 73 73 113,1,24,7,11,0,4,12,var_0 counter_var_1 +,31,counter_var_0 var_1 +
1086,114 93 42 46 113,21,114 51 34 47 113,6,22,15,16,19,11,22,var_0 counter_var_1 +,37,counter_var_0 var_1 +
1087,114 30 30 99 113,7,114 34 27 101 113,1,5,6,8,7,4,9,var_0 counter_var_1 +,11,counter_var_0 var_1 +
1088,114 82 39 36 113,29,114 38 3 86 113,24,9,5,24,16,3,48,var_0 counter_var_1 +,14,counter_var_0 var_1 +
1089,114 63 81 52 113,26,114 101 100 75 113,5,14,21,13,12,8,18,var_0 counter_var_1 +,35,counter_var_0 var_1 +
1090,114 68 6 64 113,12,114 34 47 93 113,10,5,2,0,6,1,10,var_0 counter_var_1 +,7,counter_var_0 var_1 +
1091,114 61 22 12 113,15,114 1 89 29 113,3,1,12,29,22,20,32,var_0 counter_var_1 +,13,counter_var_0 var_1 +
1092,114 16 80 48 113,33,114 9 15 62 113,16,9,17,0,11,15,16,var_0 counter_var_1 +,26,counter_var_0 var_1 +
1093,114 44 17 112 113,34,114 48 39 36 113,15,19,19,5,17,16,20,var_0 counter_var_1 +,38,counter_var_0 var_1 +
1094,114 15 105 111 113,33,114 56 30 99 113,15,27,18,6,13,7,21,var_0 counter_var_1 +,45,counter_var_0 var_1 +
1095,114 91 34 47 113,20,114 30 6 64 113,4,1,16,2,11,6,6,var_0 counter_var_1 +,17,counter_var_0 var_1 +
1096,114 66 46 87 113,33,114 17 8 57 113,8,17,25,26,0,8,34,var_0 counter_var_1 +,42,counter_var_0 var_1 +
1097,114 109 79 58 113,49,114 39 0 38 113,22,10,27,7,10,0,29,var_0 counter_var_1 +,37,counter_var_0 var_1 +
1098,114 99 107 28 113,40,114 45 92 51 113,12,16,28,20,15,0,32,var_0 counter_var_1 +,44,counter_var_0 var_1 +
1099,114 76 6 64 113,20,114 97 90 102 113,18,10,2,9,6,21,27,var_0 counter_var_1 +,12,counter_var_0 var_1 +
1100,114 27 2 84 113,49,114 93 65 67 113,27,6,22,5,2,19,32,var_0 counter_var_1 +,28,counter_var_0 var_1 +
1101,114 97 59 30 113,40,114 67 5 24 113,10,9,30,24,13,5,34,var_0 counter_var_1 +,39,counter_var_0 var_1 +
1102,114 29 35 37 113,6,114 10 39 36 113,0,10,6,5,12,16,5,var_0 counter_var_1 +,16,counter_var_0 var_1 +
1103,114 60 100 75 113,15,114 41 14 33 113,2,12,13,2,8,14,4,var_0 counter_var_1 +,25,counter_var_0 var_1 +
1104,114 1 90 102 113,10,114 37 96 7 113,1,8,9,7,21,4,8,var_0 counter_var_1 +,17,counter_var_0 var_1 +
1105,114 21 85 31 113,21,114 62 1 0 113,21,4,0,0,16,1,21,var_0 counter_var_1 +,4,counter_var_0 var_1 +
1106,114 63 10 11 113,16,114 33 111 79 113,5,4,11,17,10,19,22,var_0 counter_var_1 +,15,counter_var_0 var_1 +
1107,114 111 110 108 113,39,114 90 78 107 113,24,3,15,14,18,9,38,var_0 counter_var_1 +,18,counter_var_0 var_1 +
1108,114 31 0 38 113,9,114 2 110 108 113,2,2,7,15,0,18,17,var_0 counter_var_1 +,9,counter_var_0 var_1 +
1109,114 15 34 47 113,31,114 100 70 77 113,15,13,16,15,11,1,30,var_0 counter_var_1 +,29,counter_var_0 var_1 +
1110,114 35 107 28 113,34,114 23 66 88 113,6,23,28,26,15,20,32,var_0 counter_var_1 +,51,counter_var_0 var_1 +
1111,114 52 41 34 113,26,114 0 68 71 113,23,0,3,9,18,22,32,var_0 counter_var_1 +,3,counter_var_0 var_1 +
1112,114 1 22 12 113,13,114 74 109 65 113,1,16,12,3,22,17,4,var_0 counter_var_1 +,28,counter_var_0 var_1 +
1113,114 76 94 96 113,21,114 4 36 19 113,18,4,3,19,2,13,37,var_0 counter_var_1 +,7,counter_var_0 var_1 +
1114,114 1 86 94 113,2,114 102 25 20 113,1,15,1,20,17,2,21,var_0 counter_var_1 +,16,counter_var_0 var_1 +
1115,114 77 52 9 113,28,114 24 50 27 113,19,24,9,27,6,4,46,var_0 counter_var_1 +,33,counter_var_0 var_1 +
1116,114 64 44 41 113,16,114 80 5 24 113,6,22,10,24,21,5,30,var_0 counter_var_1 +,32,counter_var_0 var_1 +
1117,114 5 41 34 113,8,114 92 104 4 113,5,5,3,4,18,12,9,var_0 counter_var_1 +,8,counter_var_0 var_1 +
1118,114 20 105 111 113,38,114 97 42 46 113,20,10,18,15,13,19,35,var_0 counter_var_1 +,28,counter_var_0 var_1 +
1119,114 24 1 0 113,24,114 72 101 39 113,24,14,0,8,1,9,32,var_0 counter_var_1 +,14,counter_var_0 var_1 +
1120,114 4 60 63 113,5,114 63 15 62 113,4,5,1,0,14,15,4,var_0 counter_var_1 +,6,counter_var_0 var_1 +
1121,114 93 29 17 113,23,114 14 5 24 113,6,14,17,24,6,5,30,var_0 counter_var_1 +,31,counter_var_0 var_1 +
1122,114 98 24 35 113,15,114 100 64 66 113,11,13,4,4,1,18,15,var_0 counter_var_1 +,17,counter_var_0 var_1 +
1123,114 33 18 72 113,14,114 51 8 57 113,4,22,10,26,18,8,30,var_0 counter_var_1 +,32,counter_var_0 var_1 +
1124,114 96 50 27 113,36,114 12 74 91 113,9,12,27,29,4,5,38,var_0 counter_var_1 +,39,counter_var_0 var_1 +
1125,114 78 64 66 113,24,114 56 88 16 113,20,27,4,16,18,19,36,var_0 counter_var_1 +,31,counter_var_0 var_1 +
1126,114 17 72 81 113,36,114 58 67 80 113,17,0,19,18,3,21,35,var_0 counter_var_1 +,19,counter_var_0 var_1 +
1127,114 37 32 1 113,9,114 42 103 61 113,8,13,1,30,9,11,38,var_0 counter_var_1 +,14,counter_var_0 var_1 +
1128,114 40 39 36 113,16,114 108 7 22 113,11,21,5,22,16,7,33,var_0 counter_var_1 +,26,counter_var_0 var_1 +
1129,114 64 80 48 113,23,114 110 87 60 113,6,23,17,29,11,18,35,var_0 counter_var_1 +,40,counter_var_0 var_1 +
1130,114 64 7 22 113,28,114 50 64 66 113,6,21,22,4,7,18,10,var_0 counter_var_1 +,43,counter_var_0 var_1 +
1131,114 13 24 35 113,17,114 13 62 43 113,13,13,4,12,1,16,25,var_0 counter_var_1 +,17,counter_var_0 var_1 +
1132,114 87 36 19 113,19,114 40 37 110 113,0,11,19,17,13,14,17,var_0 counter_var_1 +,30,counter_var_0 var_1 +
1133,114 100 9 70 113,21,114 43 80 48 113,13,14,8,17,9,11,30,var_0 counter_var_1 +,22,counter_var_0 var_1 +
1134,114 37 62 43 113,20,114 7 5 24 113,8,7,12,24,16,5,32,var_0 counter_var_1 +,19,counter_var_0 var_1 +
1135,114 33 9 70 113,12,114 68 46 87 113,4,10,8,25,9,0,29,var_0 counter_var_1 +,18,counter_var_0 var_1 +
1136,114 53 34 47 113,40,114 42 63 26 113,24,13,16,26,11,17,50,var_0 counter_var_1 +,29,counter_var_0 var_1 +
1137,114 53 89 29 113,53,114 103 39 36 113,24,16,29,5,20,16,29,var_0 counter_var_1 +,45,counter_var_0 var_1 +
1138,114 42 36 19 113,32,114 71 83 3 113,13,13,19,3,13,14,16,var_0 counter_var_1 +,32,counter_var_0 var_1 +
1139,114 54 26 25 113,50,114 43 0 38 113,25,14,25,7,3,0,32,var_0 counter_var_1 +,39,counter_var_0 var_1 +
1140,114 72 55 10 113,24,114 25 3 86 113,14,25,10,24,9,3,38,var_0 counter_var_1 +,35,counter_var_0 var_1 +
1141,114 34 44 41 113,15,114 10 35 37 113,5,10,10,6,21,12,11,var_0 counter_var_1 +,20,counter_var_0 var_1 +
1142,114 22 79 58 113,49,114 104 0 38 113,22,17,27,7,10,0,29,var_0 counter_var_1 +,44,counter_var_0 var_1 +
1143,114 46 22 12 113,29,114 47 99 92 113,17,18,12,30,22,7,47,var_0 counter_var_1 +,30,counter_var_0 var_1 +
1144,114 103 0 38 113,23,114 105 44 41 113,16,18,7,10,0,21,26,var_0 counter_var_1 +,25,counter_var_0 var_1 +
1145,114 26 100 75 113,39,114 109 7 22 113,26,22,13,22,8,7,48,var_0 counter_var_1 +,35,counter_var_0 var_1 +
1146,114 23 110 108 113,38,114 82 81 52 113,23,24,15,21,18,12,44,var_0 counter_var_1 +,39,counter_var_0 var_1 +
1147,114 99 27 101 113,20,114 48 53 68 113,12,19,8,6,4,7,18,var_0 counter_var_1 +,27,counter_var_0 var_1 +
1148,114 87 10 11 113,11,114 56 72 81 113,0,27,11,19,10,3,19,var_0 counter_var_1 +,38,counter_var_0 var_1 +
1149,114 43 46 87 113,39,114 75 86 94 113,14,17,25,1,0,17,15,var_0 counter_var_1 +,42,counter_var_0 var_1 +
1150,114 92 88 16 113,21,114 22 68 71 113,5,22,16,9,19,22,14,var_0 counter_var_1 +,38,counter_var_0 var_1 +
1151,114 14 73 73 113,25,114 73 110 108 113,14,15,11,15,4,18,29,var_0 counter_var_1 +,26,counter_var_0 var_1 +
1152,114 25 8 57 113,51,114 26 77 69 113,25,26,26,7,8,8,32,var_0 counter_var_1 +,52,counter_var_0 var_1 +
1153,114 2 66 88 113,28,114 88 96 7 113,2,1,26,7,20,4,9,var_0 counter_var_1 +,27,counter_var_0 var_1 +
1154,114 0 27 101 113,8,114 52 111 79 113,0,23,8,17,4,19,17,var_0 counter_var_1 +,31,counter_var_0 var_1 +
1155,114 71 104 4 113,17,114 76 57 97 113,13,18,4,4,12,11,17,var_0 counter_var_1 +,22,counter_var_0 var_1 +
1156,114 97 108 85 113,33,114 69 74 91 113,10,11,23,29,16,5,39,var_0 counter_var_1 +,34,counter_var_0 var_1 +
1157,114 47 75 8 113,26,114 96 11 6 113,18,9,8,6,6,11,24,var_0 counter_var_1 +,17,counter_var_0 var_1 +
1158,114 40 66 88 113,37,114 107 1 0 113,11,20,26,0,20,1,11,var_0 counter_var_1 +,46,counter_var_0 var_1 +
1159,114 54 23 98 113,30,114 44 4 78 113,25,15,5,16,0,4,41,var_0 counter_var_1 +,20,counter_var_0 var_1 +
1160,114 61 35 37 113,9,114 12 77 69 113,3,12,6,7,12,8,10,var_0 counter_var_1 +,18,counter_var_0 var_1 +
1161,114 106 92 51 113,39,114 70 35 37 113,19,12,20,6,0,12,25,var_0 counter_var_1 +,32,counter_var_0 var_1 +
1162,114 55 29 17 113,43,114 110 40 76 113,26,23,17,14,6,17,40,var_0 counter_var_1 +,40,counter_var_0 var_1 +
1163,114 16 44 41 113,26,114 2 46 87 113,16,2,10,25,21,0,41,var_0 counter_var_1 +,12,counter_var_0 var_1 +
1164,114 11 108 85 113,34,114 5 73 73 113,11,5,23,11,16,4,22,var_0 counter_var_1 +,28,counter_var_0 var_1 +
1165,114 2 59 30 113,32,114 2 24 35 113,2,2,30,4,13,1,6,var_0 counter_var_1 +,32,counter_var_0 var_1 +
1166,114 67 18 72 113,19,114 88 18 72 113,9,1,10,10,18,18,19,var_0 counter_var_1 +,11,counter_var_0 var_1 +
1167,114 88 14 33 113,3,114 16 99 92 113,1,16,2,30,14,7,31,var_0 counter_var_1 +,18,counter_var_0 var_1 +
1168,114 75 57 97 113,21,114 44 59 30 113,17,15,4,30,11,13,47,var_0 counter_var_1 +,19,counter_var_0 var_1 +
1169,114 14 28 55 113,38,114 2 93 105 113,14,2,24,12,5,1,26,var_0 counter_var_1 +,26,counter_var_0 var_1 +
1170,114 104 59 30 113,47,114 20 67 80 113,17,20,30,18,13,21,35,var_0 counter_var_1 +,50,counter_var_0 var_1 +
1171,114 80 79 58 113,49,114 58 101 39 113,22,0,27,8,10,9,30,var_0 counter_var_1 +,27,counter_var_0 var_1 +
1172,114 102 63 26 113,41,114 35 44 41 113,15,6,26,10,17,21,25,var_0 counter_var_1 +,32,counter_var_0 var_1 +
1173,114 32 72 81 113,22,114 104 23 98 113,3,17,19,5,3,0,8,var_0 counter_var_1 +,36,counter_var_0 var_1 +
1174,114 110 64 66 113,27,114 78 102 45 113,23,20,4,14,18,10,37,var_0 counter_var_1 +,24,counter_var_0 var_1 +
1175,114 61 59 30 113,33,114 111 86 94 113,3,24,30,1,13,17,4,var_0 counter_var_1 +,54,counter_var_0 var_1 +
1176,114 36 112 13 113,20,114 45 28 55 113,7,16,13,24,20,5,31,var_0 counter_var_1 +,29,counter_var_0 var_1 +
1177,114 90 101 39 113,11,114 5 69 104 113,3,5,8,11,9,0,14,var_0 counter_var_1 +,13,counter_var_0 var_1 +
1178,114 4 74 91 113,33,114 91 84 44 113,4,4,29,13,5,15,17,var_0 counter_var_1 +,33,counter_var_0 var_1 +
1179,114 85 25 20 113,47,114 0 0 38 113,27,0,20,7,2,0,34,var_0 counter_var_1 +,20,counter_var_0 var_1 +
1180,114 93 1 0 113,6,114 84 93 105 113,6,26,0,12,1,1,18,var_0 counter_var_1 +,26,counter_var_0 var_1 +
1181,114 11 105 111 113,29,114 112 69 104 113,11,25,18,11,13,0,22,var_0 counter_var_1 +,43,counter_var_0 var_1 +
1182,114 13 90 102 113,22,114 41 25 20 113,13,12,9,20,21,2,33,var_0 counter_var_1 +,21,counter_var_0 var_1 +
1183,114 20 8 57 113,46,114 56 83 3 113,20,27,26,3,8,14,23,var_0 counter_var_1 +,53,counter_var_0 var_1 +
1184,114 103 52 9 113,25,114 12 24 35 113,16,12,9,4,6,1,20,var_0 counter_var_1 +,21,counter_var_0 var_1 +
1185,114 25 73 73 113,36,114 74 32 1 113,25,16,11,1,4,9,26,var_0 counter_var_1 +,27,counter_var_0 var_1 +
1186,114 15 66 88 113,41,114 95 36 19 113,15,8,26,19,20,13,34,var_0 counter_var_1 +,34,counter_var_0 var_1 +
1187,114 12 45 103 113,22,114 20 37 110 113,12,20,10,17,22,14,29,var_0 counter_var_1 +,30,counter_var_0 var_1 +
1188,114 91 30 99 113,10,114 53 48 95 113,4,24,6,2,7,2,6,var_0 counter_var_1 +,30,counter_var_0 var_1 +
1189,114 23 79 58 113,50,114 6 49 32 113,23,6,27,1,10,3,24,var_0 counter_var_1 +,33,counter_var_0 var_1 +
1190,114 75 59 30 113,47,114 47 28 55 113,17,18,30,24,13,5,41,var_0 counter_var_1 +,48,counter_var_0 var_1 +
1191,114 16 86 94 113,17,114 33 77 69 113,16,4,1,7,17,8,23,var_0 counter_var_1 +,5,counter_var_0 var_1 +
1192,114 68 70 77 113,25,114 32 93 105 113,10,3,15,12,1,1,22,var_0 counter_var_1 +,18,counter_var_0 var_1 +
1193,114 106 101 39 113,27,114 106 25 20 113,19,19,8,20,9,2,39,var_0 counter_var_1 +,27,counter_var_0 var_1 +
1194,114 87 4 78 113,16,114 89 77 69 113,0,2,16,7,4,8,7,var_0 counter_var_1 +,18,counter_var_0 var_1 +
1195,114 68 79 58 113,37,114 35 20 50 113,10,6,27,19,10,20,29,var_0 counter_var_1 +,33,counter_var_0 var_1 +
1196,114 27 59 30 113,57,114 12 16 21 113,27,12,30,21,13,16,48,var_0 counter_var_1 +,42,counter_var_0 var_1 +
1197,114 38 83 3 113,12,114 78 66 88 113,9,20,3,26,14,20,35,var_0 counter_var_1 +,23,counter_var_0 var_1 +
1198,114 97 69 104 113,21,114 28 32 1 113,10,28,11,1,0,9,11,var_0 counter_var_1 +,39,counter_var_0 var_1 +
1199,114 97 72 81 113,29,114 48 87 60 113,10,19,19,29,3,18,39,var_0 counter_var_1 +,38,counter_var_0 var_1 +
1200,114 88 59 30 113,31,114 66 95 109 113,1,8,30,16,13,3,17,var_0 counter_var_1 +,38,counter_var_0 var_1 +
1201,114 16 10 11 113,27,114 46 97 23 113,16,17,11,23,10,5,39,var_0 counter_var_1 +,28,counter_var_0 var_1 +
1202,114 91 17 112 113,23,114 68 38 59 113,4,10,19,28,17,15,32,var_0 counter_var_1 +,29,counter_var_0 var_1 +
1203,114 21 75 8 113,29,114 23 103 61 113,21,23,8,30,6,11,51,var_0 counter_var_1 +,31,counter_var_0 var_1 +
1204,114 40 94 96 113,14,114 99 27 101 113,11,12,3,8,2,4,19,var_0 counter_var_1 +,15,counter_var_0 var_1 +
1205,114 78 66 88 113,46,114 15 45 103 113,20,15,26,10,20,22,30,var_0 counter_var_1 +,41,counter_var_0 var_1 +
1206,114 3 95 109 113,19,114 80 51 42 113,3,22,16,11,3,5,14,var_0 counter_var_1 +,38,counter_var_0 var_1 +
1207,114 44 82 90 113,43,114 93 58 2 113,15,6,28,2,13,12,17,var_0 counter_var_1 +,34,counter_var_0 var_1 +
1208,114 81 41 34 113,26,114 75 96 7 113,23,17,3,7,18,4,30,var_0 counter_var_1 +,20,counter_var_0 var_1 +
1209,114 63 87 60 113,34,114 39 48 95 113,5,10,29,2,18,2,7,var_0 counter_var_1 +,39,counter_var_0 var_1 +
1210,114 79 101 39 113,29,114 67 28 55 113,21,9,8,24,9,5,45,var_0 counter_var_1 +,17,counter_var_0 var_1 +
1211,114 44 83 3 113,18,114 13 82 90 113,15,13,3,28,14,13,43,var_0 counter_var_1 +,16,counter_var_0 var_1 +
1212,114 57 105 111 113,46,114 45 24 35 113,28,16,18,4,13,1,32,var_0 counter_var_1 +,34,counter_var_0 var_1 +
1213,114 101 93 105 113,26,114 79 53 68 113,14,21,12,6,1,7,20,var_0 counter_var_1 +,33,counter_var_0 var_1 +
1214,114 83 57 97 113,29,114 27 66 88 113,25,27,4,26,11,20,51,var_0 counter_var_1 +,31,counter_var_0 var_1 +
1215,114 34 29 17 113,22,114 31 98 74 113,5,2,17,12,6,6,17,var_0 counter_var_1 +,19,counter_var_0 var_1 +
1216,114 18 96 7 113,25,114 73 89 29 113,18,15,7,29,4,20,47,var_0 counter_var_1 +,22,counter_var_0 var_1 +
1217,114 75 98 74 113,29,114 42 93 105 113,17,13,12,12,6,1,29,var_0 counter_var_1 +,25,counter_var_0 var_1 +
1218,114 28 84 44 113,41,114 101 35 37 113,28,14,13,6,15,12,34,var_0 counter_var_1 +,27,counter_var_0 var_1 +
1219,114 10 107 28 113,38,114 19 54 53 113,10,19,28,22,15,8,32,var_0 counter_var_1 +,47,counter_var_0 var_1 +
1220,114 17 76 54 113,40,114 50 37 110 113,17,21,23,17,7,14,34,var_0 counter_var_1 +,44,counter_var_0 var_1 +
1221,114 19 12 83 113,40,114 80 101 39 113,19,22,21,8,12,9,27,var_0 counter_var_1 +,43,counter_var_0 var_1 +
1222,114 11 55 10 113,21,114 103 2 84 113,11,16,10,22,9,2,33,var_0 counter_var_1 +,26,counter_var_0 var_1 +
1223,114 6 22 12 113,18,114 7 111 79 113,6,7,12,17,22,19,23,var_0 counter_var_1 +,19,counter_var_0 var_1 +
1224,114 29 12 83 113,21,114 20 18 72 113,0,20,21,10,12,18,10,var_0 counter_var_1 +,41,counter_var_0 var_1 +
1225,114 29 99 92 113,30,114 110 4 78 113,0,23,30,16,7,4,16,var_0 counter_var_1 +,53,counter_var_0 var_1 +
1226,114 0 63 26 113,26,114 57 80 48 113,0,28,26,17,17,11,17,var_0 counter_var_1 +,54,counter_var_0 var_1 +
1227,114 4 104 4 113,8,114 57 49 32 113,4,28,4,1,12,3,5,var_0 counter_var_1 +,32,counter_var_0 var_1 +
1228,114 34 39 36 113,10,114 25 37 110 113,5,25,5,17,16,14,22,var_0 counter_var_1 +,30,counter_var_0 var_1 +
1229,114 74 33 14 113,30,114 82 54 53 113,16,24,14,22,10,8,38,var_0 counter_var_1 +,38,counter_var_0 var_1 +
1230,114 68 85 31 113,10,114 78 84 44 113,10,20,0,13,16,15,23,var_0 counter_var_1 +,20,counter_var_0 var_1 +
1231,114 60 17 112 113,21,114 51 25 20 113,2,22,19,20,17,2,22,var_0 counter_var_1 +,41,counter_var_0 var_1 +
1232,114 10 106 56 113,35,114 29 93 105 113,10,0,25,12,14,1,22,var_0 counter_var_1 +,25,counter_var_0 var_1 +
1233,114 110 30 99 113,29,114 61 16 21 113,23,3,6,21,7,16,44,var_0 counter_var_1 +,9,counter_var_0 var_1 +
1234,114 85 112 13 113,40,114 112 19 15 113,27,25,13,15,20,19,42,var_0 counter_var_1 +,38,counter_var_0 var_1 +
1235,114 84 67 80 113,44,114 111 8 57 113,26,24,18,26,21,8,52,var_0 counter_var_1 +,42,counter_var_0 var_1 +
1236,114 20 40 76 113,34,114 37 55 10 113,20,8,14,10,17,9,30,var_0 counter_var_1 +,22,counter_var_0 var_1 +
1237,114 36 98 74 113,19,114 99 34 47 113,7,12,12,16,6,11,23,var_0 counter_var_1 +,24,counter_var_0 var_1 +
1238,114 17 47 93 113,17,114 77 14 33 113,17,19,0,2,1,14,19,var_0 counter_var_1 +,19,counter_var_0 var_1 +
1239,114 60 19 15 113,17,114 11 54 53 113,2,11,15,22,19,8,24,var_0 counter_var_1 +,26,counter_var_0 var_1 +
1240,114 106 49 32 113,20,114 33 59 30 113,19,4,1,30,3,13,49,var_0 counter_var_1 +,5,counter_var_0 var_1 +
1241,114 106 12 83 113,40,114 52 65 67 113,19,23,21,5,12,19,24,var_0 counter_var_1 +,44,counter_var_0 var_1 +
1242,114 106 97 23 113,42,114 21 31 82 113,19,21,23,20,5,8,39,var_0 counter_var_1 +,44,counter_var_0 var_1 +
1243,114 47 59 30 113,48,114 101 44 41 113,18,14,30,10,13,21,28,var_0 counter_var_1 +,44,counter_var_0 var_1 +
1244,114 111 98 74 113,36,114 47 103 61 113,24,18,12,30,6,11,54,var_0 counter_var_1 +,30,counter_var_0 var_1 +
1245,114 32 97 23 113,26,114 52 78 107 113,3,23,23,14,5,9,17,var_0 counter_var_1 +,46,counter_var_0 var_1 +
1246,114 40 89 29 113,40,114 108 68 71 113,11,21,29,9,20,22,20,var_0 counter_var_1 +,50,counter_var_0 var_1 +
1247,114 60 53 68 113,8,114 47 21 49 113,2,18,6,18,7,21,20,var_0 counter_var_1 +,24,counter_var_0 var_1 +
1248,114 25 35 37 113,31,114 77 48 95 113,25,19,6,2,12,2,27,var_0 counter_var_1 +,25,counter_var_0 var_1 +
1249,114 4 20 50 113,23,114 17 38 59 113,4,17,19,28,20,15,32,var_0 counter_var_1 +,36,counter_var_0 var_1 +
1250,114 62 35 37 113,10,114 10 14 33 113,4,10,6,2,12,14,6,var_0 counter_var_1 +,16,counter_var_0 var_1 +
1251,114 60 51 42 113,13,114 70 62 43 113,2,12,11,12,5,16,14,var_0 counter_var_1 +,23,counter_var_0 var_1 +
1252,114 14 57 97 113,18,114 28 61 89 113,14,28,4,27,11,15,41,var_0 counter_var_1 +,32,counter_var_0 var_1 +
1253,114 70 26 25 113,37,114 9 71 100 113,12,9,25,7,3,2,19,var_0 counter_var_1 +,34,counter_var_0 var_1 +
1254,114 96 30 99 113,15,114 106 105 111 113,9,19,6,18,7,13,27,var_0 counter_var_1 +,25,counter_var_0 var_1 +
1255,114 12 52 9 113,21,114 59 59 30 113,12,1,9,30,6,13,42,var_0 counter_var_1 +,10,counter_var_0 var_1 +
1256,114 36 44 41 113,17,114 53 71 100 113,7,24,10,7,21,2,14,var_0 counter_var_1 +,34,counter_var_0 var_1 +
1257,114 75 106 56 113,42,114 89 15 62 113,17,2,25,0,14,15,17,var_0 counter_var_1 +,27,counter_var_0 var_1 +
1258,114 60 66 88 113,28,114 74 53 68 113,2,16,26,6,20,7,8,var_0 counter_var_1 +,42,counter_var_0 var_1 +
1259,114 81 104 4 113,27,114 68 83 3 113,23,10,4,3,12,14,26,var_0 counter_var_1 +,14,counter_var_0 var_1 +
1260,114 15 95 109 113,31,114 81 90 102 113,15,23,16,9,3,21,24,var_0 counter_var_1 +,39,counter_var_0 var_1 +
1261,114 108 2 84 113,43,114 75 31 82 113,21,17,22,20,2,8,41,var_0 counter_var_1 +,39,counter_var_0 var_1 +
1262,114 13 93 105 113,25,114 69 83 3 113,13,11,12,3,1,14,16,var_0 counter_var_1 +,23,counter_var_0 var_1 +
1263,114 4 84 44 113,17,114 12 51 42 113,4,12,13,11,15,5,15,var_0 counter_var_1 +,25,counter_var_0 var_1 +
1264,114 34 28 55 113,29,114 88 95 109 113,5,1,24,16,5,3,21,var_0 counter_var_1 +,25,counter_var_0 var_1 +
1265,114 57 47 93 113,28,114 58 18 72 113,28,0,0,10,1,18,38,var_0 counter_var_1 +,0,counter_var_0 var_1 +
1266,114 7 66 88 113,33,114 80 16 21 113,7,22,26,21,20,16,28,var_0 counter_var_1 +,48,counter_var_0 var_1 +
1267,114 67 24 35 113,13,114 79 97 23 113,9,21,4,23,1,5,32,var_0 counter_var_1 +,25,counter_var_0 var_1 +
1268,114 45 0 38 113,23,114 27 6 64 113,16,27,7,2,0,6,18,var_0 counter_var_1 +,34,counter_var_0 var_1 +
1269,114 88 24 35 113,5,114 71 94 96 113,1,13,4,3,1,2,4,var_0 counter_var_1 +,17,counter_var_0 var_1 +
1270,114 111 83 3 113,27,114 69 64 66 113,24,11,3,4,14,18,28,var_0 counter_var_1 +,14,counter_var_0 var_1 +
1271,114 28 15 62 113,28,114 88 22 12 113,28,1,0,12,15,22,40,var_0 counter_var_1 +,1,counter_var_0 var_1 +
1272,114 93 85 31 113,6,114 53 8 57 113,6,24,0,26,16,8,32,var_0 counter_var_1 +,24,counter_var_0 var_1 +
1273,114 12 14 33 113,14,114 32 107 28 113,12,3,2,28,14,15,40,var_0 counter_var_1 +,5,counter_var_0 var_1 +
1274,114 50 102 45 113,35,114 5 43 40 113,21,5,14,9,10,20,30,var_0 counter_var_1 +,19,counter_var_0 var_1 +
1275,114 4 4 78 113,20,114 65 14 33 113,4,7,16,2,4,14,6,var_0 counter_var_1 +,23,counter_var_0 var_1 +
1276,114 70 49 32 113,13,114 72 31 82 113,12,14,1,20,3,8,32,var_0 counter_var_1 +,15,counter_var_0 var_1 +
1277,114 63 56 5 113,10,114 86 51 42 113,5,28,5,11,10,5,16,var_0 counter_var_1 +,33,counter_var_0 var_1 +
1278,114 1 59 30 113,31,114 111 47 93 113,1,24,30,0,13,1,1,var_0 counter_var_1 +,54,counter_var_0 var_1 +
1279,114 32 111 79 113,20,114 48 92 51 113,3,19,17,20,19,0,23,var_0 counter_var_1 +,36,counter_var_0 var_1 +
1280,114 56 93 105 113,39,114 46 102 45 113,27,17,12,14,1,10,41,var_0 counter_var_1 +,29,counter_var_0 var_1 +
1281,114 63 93 105 113,17,114 48 80 48 113,5,19,12,17,1,11,22,var_0 counter_var_1 +,31,counter_var_0 var_1 +
1282,114 83 68 71 113,34,114 40 109 65 113,25,11,9,3,22,17,28,var_0 counter_var_1 +,20,counter_var_0 var_1 +
1283,114 69 9 70 113,19,114 88 71 100 113,11,1,8,7,9,2,18,var_0 counter_var_1 +,9,counter_var_0 var_1 +
1284,114 85 58 2 113,29,114 7 63 26 113,27,7,2,26,12,17,53,var_0 counter_var_1 +,9,counter_var_0 var_1 +
1285,114 51 69 104 113,33,114 91 2 84 113,22,4,11,22,0,2,44,var_0 counter_var_1 +,15,counter_var_0 var_1 +
1286,114 104 102 45 113,31,114 74 10 11 113,17,16,14,11,10,10,28,var_0 counter_var_1 +,30,counter_var_0 var_1 +
1287,114 5 40 76 113,19,114 46 49 32 113,5,17,14,1,17,3,6,var_0 counter_var_1 +,31,counter_var_0 var_1 +
1288,114 6 41 34 113,9,114 57 52 9 113,6,28,3,9,18,6,15,var_0 counter_var_1 +,31,counter_var_0 var_1 +
1289,114 93 33 14 113,20,114 19 67 80 113,6,19,14,18,10,21,24,var_0 counter_var_1 +,33,counter_var_0 var_1 +
1290,114 33 105 111 113,22,114 26 33 14 113,4,26,18,14,13,10,18,var_0 counter_var_1 +,44,counter_var_0 var_1 +
1291,114 39 110 108 113,25,114 38 56 5 113,10,9,15,5,18,10,15,var_0 counter_var_1 +,24,counter_var_0 var_1 +
1292,114 61 74 91 113,32,114 105 38 59 113,3,18,29,28,5,15,31,var_0 counter_var_1 +,47,counter_var_0 var_1 +
1293,114 23 15 62 113,23,114 70 49 32 113,23,12,0,1,15,3,24,var_0 counter_var_1 +,12,counter_var_0 var_1 +
1294,114 29 101 39 113,8,114 98 75 8 113,0,11,8,8,9,6,8,var_0 counter_var_1 +,19,counter_var_0 var_1 +
1295,114 15 93 105 113,27,114 41 51 42 113,15,12,12,11,1,5,26,var_0 counter_var_1 +,24,counter_var_0 var_1 +
1296,114 5 92 51 113,25,114 57 42 46 113,5,28,20,15,0,19,20,var_0 counter_var_1 +,48,counter_var_0 var_1 +
1297,114 12 31 82 113,32,114 63 79 58 113,12,5,20,27,8,10,39,var_0 counter_var_1 +,25,counter_var_0 var_1 +
1298,114 77 77 69 113,26,114 109 49 32 113,19,22,7,1,8,3,20,var_0 counter_var_1 +,29,counter_var_0 var_1 +
1299,114 11 63 26 113,37,114 112 45 103 113,11,25,26,10,17,22,21,var_0 counter_var_1 +,51,counter_var_0 var_1 +
1300,114 25 63 26 113,51,114 26 72 81 113,25,26,26,19,17,3,44,var_0 counter_var_1 +,52,counter_var_0 var_1 +
1301,114 56 102 45 113,41,114 22 14 33 113,27,22,14,2,10,14,29,var_0 counter_var_1 +,36,counter_var_0 var_1 +
1302,114 65 7 22 113,29,114 68 32 1 113,7,10,22,1,7,9,8,var_0 counter_var_1 +,32,counter_var_0 var_1 +
1303,114 93 0 38 113,13,114 102 70 77 113,6,15,7,15,0,1,21,var_0 counter_var_1 +,22,counter_var_0 var_1 +
1304,114 76 53 68 113,24,114 18 33 14 113,18,18,6,14,7,10,32,var_0 counter_var_1 +,24,counter_var_0 var_1 +
1305,114 65 9 70 113,15,114 111 4 78 113,7,24,8,16,9,4,23,var_0 counter_var_1 +,32,counter_var_0 var_1 +
1306,114 104 7 22 113,39,114 48 38 59 113,17,19,22,28,7,15,45,var_0 counter_var_1 +,41,counter_var_0 var_1 +
1307,114 90 103 61 113,33,114 112 8 57 113,3,25,30,26,11,8,29,var_0 counter_var_1 +,55,counter_var_0 var_1 +
1308,114 40 74 91 113,40,114 90 45 103 113,11,3,29,10,5,22,21,var_0 counter_var_1 +,32,counter_var_0 var_1 +
1309,114 18 21 49 113,36,114 52 47 93 113,18,23,18,0,21,1,18,var_0 counter_var_1 +,41,counter_var_0 var_1 +
1310,114 86 30 99 113,34,114 7 108 85 113,28,7,6,23,7,16,51,var_0 counter_var_1 +,13,counter_var_0 var_1 +
1311,114 79 85 31 113,21,114 48 91 106 113,21,19,0,13,16,22,34,var_0 counter_var_1 +,19,counter_var_0 var_1 +
1312,114 37 107 28 113,36,114 22 46 87 113,8,22,28,25,15,0,33,var_0 counter_var_1 +,50,counter_var_0 var_1 +
1313,114 72 11 6 113,20,114 76 51 42 113,14,18,6,11,11,5,25,var_0 counter_var_1 +,24,counter_var_0 var_1 +
1314,114 37 101 39 113,16,114 96 59 30 113,8,9,8,30,9,13,38,var_0 counter_var_1 +,17,counter_var_0 var_1 +
1315,114 105 102 45 113,32,114 26 90 102 113,18,26,14,9,10,21,27,var_0 counter_var_1 +,40,counter_var_0 var_1 +
1316,114 32 74 91 113,32,114 90 56 5 113,3,3,29,5,5,10,8,var_0 counter_var_1 +,32,counter_var_0 var_1 +
1317,114 54 34 47 113,41,114 52 106 56 113,25,23,16,25,11,14,50,var_0 counter_var_1 +,39,counter_var_0 var_1 +
1318,114 51 43 40 113,31,114 3 12 83 113,22,3,9,21,20,12,43,var_0 counter_var_1 +,12,counter_var_0 var_1 +
1319,114 109 33 14 113,36,114 72 5 24 113,22,14,14,24,10,5,46,var_0 counter_var_1 +,28,counter_var_0 var_1 +
1320,114 67 13 18 113,27,114 93 51 42 113,9,6,18,11,13,5,20,var_0 counter_var_1 +,24,counter_var_0 var_1 +
1321,114 72 16 21 113,35,114 4 70 77 113,14,4,21,15,16,1,29,var_0 counter_var_1 +,25,counter_var_0 var_1 +
1322,114 3 56 5 113,8,114 105 20 50 113,3,18,5,19,10,20,22,var_0 counter_var_1 +,23,counter_var_0 var_1 +
1323,114 71 30 99 113,19,114 24 106 56 113,13,24,6,25,7,14,38,var_0 counter_var_1 +,30,counter_var_0 var_1 +
1324,114 10 61 89 113,37,114 54 112 13 113,10,25,27,13,15,20,23,var_0 counter_var_1 +,52,counter_var_0 var_1 +
1325,114 55 63 26 113,52,114 89 23 98 113,26,2,26,5,17,0,31,var_0 counter_var_1 +,28,counter_var_0 var_1 +
1326,114 100 58 2 113,15,114 28 102 45 113,13,28,2,14,12,10,27,var_0 counter_var_1 +,30,counter_var_0 var_1 +
1327,114 42 53 68 113,19,114 15 72 81 113,13,15,6,19,7,3,32,var_0 counter_var_1 +,21,counter_var_0 var_1 +
1328,114 109 69 104 113,33,114 0 51 42 113,22,0,11,11,0,5,33,var_0 counter_var_1 +,11,counter_var_0 var_1 +
1329,114 107 89 29 113,49,114 55 108 85 113,20,26,29,23,20,16,43,var_0 counter_var_1 +,55,counter_var_0 var_1 +
1330,114 102 110 108 113,30,114 77 98 74 113,15,19,15,12,18,6,27,var_0 counter_var_1 +,34,counter_var_0 var_1 +
1331,114 22 1 0 113,22,114 35 65 67 113,22,6,0,5,1,19,27,var_0 counter_var_1 +,6,counter_var_0 var_1 +
1332,114 9 40 76 113,23,114 8 111 79 113,9,8,14,17,17,19,26,var_0 counter_var_1 +,22,counter_var_0 var_1 +
1333,114 107 59 30 113,50,114 49 74 91 113,20,20,30,29,13,5,49,var_0 counter_var_1 +,50,counter_var_0 var_1 +
1334,114 10 26 25 113,35,114 71 11 6 113,10,13,25,6,3,11,16,var_0 counter_var_1 +,38,counter_var_0 var_1 +
1335,114 67 41 34 113,12,114 31 70 77 113,9,2,3,15,18,1,24,var_0 counter_var_1 +,5,counter_var_0 var_1 +
1336,114 77 72 81 113,38,114 46 42 46 113,19,17,19,15,3,19,34,var_0 counter_var_1 +,36,counter_var_0 var_1 +
1337,114 100 62 43 113,25,114 110 32 1 113,13,23,12,1,16,9,14,var_0 counter_var_1 +,35,counter_var_0 var_1 +
1338,114 70 42 46 113,27,114 104 112 13 113,12,17,15,13,19,20,25,var_0 counter_var_1 +,32,counter_var_0 var_1 +
1339,114 25 34 47 113,41,114 83 96 7 113,25,25,16,7,11,4,32,var_0 counter_var_1 +,41,counter_var_0 var_1 +
1340,114 62 10 11 113,15,114 103 101 39 113,4,16,11,8,10,9,12,var_0 counter_var_1 +,27,counter_var_0 var_1 +
1341,114 9 80 48 113,26,114 102 109 65 113,9,15,17,3,11,17,12,var_0 counter_var_1 +,32,counter_var_0 var_1 +
1342,114 36 99 92 113,37,114 1 69 104 113,7,1,30,11,7,0,18,var_0 counter_var_1 +,31,counter_var_0 var_1 +
1343,114 94 48 95 113,9,114 32 35 37 113,7,3,2,6,2,12,13,var_0 counter_var_1 +,5,counter_var_0 var_1 +
1344,114 35 17 112 113,25,114 74 100 75 113,6,16,19,13,17,8,19,var_0 counter_var_1 +,35,counter_var_0 var_1 +
1345,114 53 16 21 113,45,114 0 81 52 113,24,0,21,21,16,12,45,var_0 counter_var_1 +,21,counter_var_0 var_1 +
1346,114 95 38 59 113,36,114 94 19 15 113,8,7,28,15,15,19,23,var_0 counter_var_1 +,35,counter_var_0 var_1 +
1347,114 6 81 52 113,27,114 9 39 36 113,6,9,21,5,12,16,11,var_0 counter_var_1 +,30,counter_var_0 var_1 +
1348,114 68 17 112 113,29,114 8 103 61 113,10,8,19,30,17,11,40,var_0 counter_var_1 +,27,counter_var_0 var_1 +
1349,114 37 86 94 113,9,114 23 67 80 113,8,23,1,18,17,21,26,var_0 counter_var_1 +,24,counter_var_0 var_1 +
1350,114 9 20 50 113,28,114 8 94 96 113,9,8,19,3,20,2,12,var_0 counter_var_1 +,27,counter_var_0 var_1 +
1351,114 99 46 87 113,37,114 54 108 85 113,12,25,25,23,0,16,35,var_0 counter_var_1 +,50,counter_var_0 var_1 +
1352,114 65 67 80 113,25,114 3 39 36 113,7,3,18,5,21,16,12,var_0 counter_var_1 +,21,counter_var_0 var_1 +
1353,114 82 112 13 113,37,114 2 45 103 113,24,2,13,10,20,22,34,var_0 counter_var_1 +,15,counter_var_0 var_1 +
1354,114 90 97 23 113,26,114 38 25 20 113,3,9,23,20,5,2,23,var_0 counter_var_1 +,32,counter_var_0 var_1 +
1355,114 52 7 22 113,45,114 82 8 57 113,23,24,22,26,7,8,49,var_0 counter_var_1 +,46,counter_var_0 var_1 +
1356,114 89 93 105 113,14,114 101 54 53 113,2,14,12,22,1,8,24,var_0 counter_var_1 +,26,counter_var_0 var_1 +
1357,114 107 72 81 113,39,114 15 10 11 113,20,15,19,11,3,10,31,var_0 counter_var_1 +,34,counter_var_0 var_1 +
1358,114 40 64 66 113,15,114 47 95 109 113,11,18,4,16,18,3,27,var_0 counter_var_1 +,22,counter_var_0 var_1 +
1359,114 98 64 66 113,15,114 64 77 69 113,11,6,4,7,18,8,18,var_0 counter_var_1 +,10,counter_var_0 var_1 +
1360,114 81 44 41 113,33,114 1 15 62 113,23,1,10,0,21,15,23,var_0 counter_var_1 +,11,counter_var_0 var_1 +
1361,114 73 97 23 113,38,114 6 26 25 113,15,6,23,25,5,3,40,var_0 counter_var_1 +,29,counter_var_0 var_1 +
1362,114 109 110 108 113,37,114 12 61 89 113,22,12,15,27,18,15,49,var_0 counter_var_1 +,27,counter_var_0 var_1 +
1363,114 12 88 16 113,28,114 90 54 53 113,12,3,16,22,19,8,34,var_0 counter_var_1 +,19,counter_var_0 var_1 +
1364,114 68 35 37 113,16,114 110 88 16 113,10,23,6,16,12,19,26,var_0 counter_var_1 +,29,counter_var_0 var_1 +
1365,114 55 107 28 113,54,114 36 103 61 113,26,7,28,30,15,11,56,var_0 counter_var_1 +,35,counter_var_0 var_1 +
1366,114 65 19 15 113,22,114 24 0 38 113,7,24,15,7,19,0,14,var_0 counter_var_1 +,39,counter_var_0 var_1 +
1367,114 108 12 83 113,42,114 22 51 42 113,21,22,21,11,12,5,32,var_0 counter_var_1 +,43,counter_var_0 var_1 +
1368,114 14 9 70 113,22,114 72 96 7 113,14,14,8,7,9,4,21,var_0 counter_var_1 +,22,counter_var_0 var_1 +
1369,114 24 95 109 113,40,114 84 42 46 113,24,26,16,15,3,19,39,var_0 counter_var_1 +,42,counter_var_0 var_1 +
1370,114 64 83 3 113,9,114 52 67 80 113,6,23,3,18,14,21,24,var_0 counter_var_1 +,26,counter_var_0 var_1 +
1371,114 108 65 67 113,26,114 34 16 21 113,21,5,5,21,19,16,42,var_0 counter_var_1 +,10,counter_var_0 var_1 +
1372,114 10 34 47 113,26,114 82 95 109 113,10,24,16,16,11,3,26,var_0 counter_var_1 +,40,counter_var_0 var_1 +
1373,114 71 82 90 113,41,114 60 43 40 113,13,2,28,9,13,20,22,var_0 counter_var_1 +,30,counter_var_0 var_1 +
1374,114 24 5 24 113,48,114 45 9 70 113,24,16,24,8,5,9,32,var_0 counter_var_1 +,40,counter_var_0 var_1 +
1375,114 95 83 3 113,11,114 97 94 96 113,8,10,3,3,14,2,11,var_0 counter_var_1 +,13,counter_var_0 var_1 +
1376,114 21 79 58 113,48,114 70 57 97 113,21,12,27,4,10,11,25,var_0 counter_var_1 +,39,counter_var_0 var_1 +
1377,114 7 24 35 113,11,114 31 52 9 113,7,2,4,9,1,6,16,var_0 counter_var_1 +,6,counter_var_0 var_1 +
1378,114 25 3 86 113,49,114 3 91 106 113,25,3,24,13,3,22,38,var_0 counter_var_1 +,27,counter_var_0 var_1 +
1379,114 59 41 34 113,4,114 32 25 20 113,1,3,3,20,18,2,21,var_0 counter_var_1 +,6,counter_var_0 var_1 +
1380,114 95 15 62 113,8,114 29 19 15 113,8,0,0,15,15,19,23,var_0 counter_var_1 +,0,counter_var_0 var_1 +
1381,114 92 95 109 113,21,114 100 50 27 113,5,13,16,27,3,4,32,var_0 counter_var_1 +,29,counter_var_0 var_1 +
1382,114 56 4 78 113,43,114 76 4 78 113,27,18,16,16,4,4,43,var_0 counter_var_1 +,34,counter_var_0 var_1 +
1383,114 29 52 9 113,9,114 97 6 64 113,0,10,9,2,6,6,2,var_0 counter_var_1 +,19,counter_var_0 var_1 +
1384,114 37 91 106 113,21,114 19 94 96 113,8,19,13,3,22,2,11,var_0 counter_var_1 +,32,counter_var_0 var_1 +
1385,114 8 86 94 113,9,114 20 73 73 113,8,20,1,11,17,4,19,var_0 counter_var_1 +,21,counter_var_0 var_1 +
1386,114 78 48 95 113,22,114 96 89 29 113,20,9,2,29,2,20,49,var_0 counter_var_1 +,11,counter_var_0 var_1 +
1387,114 66 13 18 113,26,114 36 29 17 113,8,7,18,17,13,6,25,var_0 counter_var_1 +,25,counter_var_0 var_1 +
1388,114 71 50 27 113,40,114 71 29 17 113,13,13,27,17,4,6,30,var_0 counter_var_1 +,40,counter_var_0 var_1 +
1389,114 69 13 18 113,29,114 8 68 71 113,11,8,18,9,13,22,20,var_0 counter_var_1 +,26,counter_var_0 var_1 +
1390,114 54 66 88 113,51,114 54 25 20 113,25,25,26,20,20,2,45,var_0 counter_var_1 +,51,counter_var_0 var_1 +
1391,114 10 2 84 113,32,114 90 4 78 113,10,3,22,16,2,4,26,var_0 counter_var_1 +,25,counter_var_0 var_1 +
1392,114 102 40 76 113,29,114 71 74 91 113,15,13,14,29,17,5,44,var_0 counter_var_1 +,27,counter_var_0 var_1 +
1393,114 67 49 32 113,10,114 13 74 91 113,9,13,1,29,3,5,38,var_0 counter_var_1 +,14,counter_var_0 var_1 +
1394,114 90 31 82 113,23,114 28 92 51 113,3,28,20,20,8,0,23,var_0 counter_var_1 +,48,counter_var_0 var_1 +
1395,114 84 106 56 113,51,114 24 60 63 113,26,24,25,1,14,14,27,var_0 counter_var_1 +,49,counter_var_0 var_1 +
1396,114 76 62 43 113,30,114 66 75 8 113,18,8,12,8,16,6,26,var_0 counter_var_1 +,20,counter_var_0 var_1 +
1397,114 20 100 75 113,33,114 39 1 0 113,20,10,13,0,8,1,20,var_0 counter_var_1 +,23,counter_var_0 var_1 +
1398,114 104 28 55 113,41,114 72 92 51 113,17,14,24,20,5,0,37,var_0 counter_var_1 +,38,counter_var_0 var_1 +
1399,114 86 107 28 113,56,114 16 21 49 113,28,16,28,18,15,21,46,var_0 counter_var_1 +,44,counter_var_0 var_1 +
1400,114 100 28 55 113,37,114 79 28 55 113,13,21,24,24,5,5,37,var_0 counter_var_1 +,45,counter_var_0 var_1 +
1401,114 103 8 57 113,42,114 98 55 10 113,16,11,26,10,8,9,26,var_0 counter_var_1 +,37,counter_var_0 var_1 +
1402,114 14 107 28 113,42,114 6 105 111 113,14,6,28,18,15,13,32,var_0 counter_var_1 +,34,counter_var_0 var_1 +
1403,114 60 96 7 113,9,114 33 79 58 113,2,4,7,27,4,10,29,var_0 counter_var_1 +,11,counter_var_0 var_1 +
1404,114 58 6 64 113,2,114 89 80 48 113,0,2,2,17,6,11,17,var_0 counter_var_1 +,4,counter_var_0 var_1 +
1405,114 99 31 82 113,32,114 58 82 90 113,12,0,20,28,8,13,40,var_0 counter_var_1 +,20,counter_var_0 var_1 +
1406,114 75 84 44 113,30,114 87 71 100 113,17,0,13,7,15,2,24,var_0 counter_var_1 +,13,counter_var_0 var_1 +
1407,114 56 110 108 113,42,114 54 101 39 113,27,25,15,8,18,9,35,var_0 counter_var_1 +,40,counter_var_0 var_1 +
1408,114 0 103 61 113,30,114 8 92 51 113,0,8,30,20,11,0,20,var_0 counter_var_1 +,38,counter_var_0 var_1 +
1409,114 66 85 31 113,8,114 24 24 35 113,8,24,0,4,16,1,12,var_0 counter_var_1 +,24,counter_var_0 var_1 +
1410,114 95 46 87 113,33,114 16 40 76 113,8,16,25,14,0,17,22,var_0 counter_var_1 +,41,counter_var_0 var_1 +
1411,114 98 100 75 113,24,114 65 95 109 113,11,7,13,16,8,3,27,var_0 counter_var_1 +,20,counter_var_0 var_1 +
1412,114 36 77 69 113,14,114 24 99 92 113,7,24,7,30,8,7,37,var_0 counter_var_1 +,31,counter_var_0 var_1 +
1413,114 44 111 79 113,32,114 7 101 39 113,15,7,17,8,19,9,23,var_0 counter_var_1 +,24,counter_var_0 var_1 +
1414,114 28 100 75 113,41,114 70 101 39 113,28,12,13,8,8,9,36,var_0 counter_var_1 +,25,counter_var_0 var_1 +
1415,114 2 108 85 113,25,114 76 60 63 113,2,18,23,1,16,14,3,var_0 counter_var_1 +,41,counter_var_0 var_1 +
1416,114 12 102 45 113,26,114 63 40 76 113,12,5,14,14,10,17,26,var_0 counter_var_1 +,19,counter_var_0 var_1 +
1417,114 87 110 108 113,15,114 51 39 36 113,0,22,15,5,18,16,5,var_0 counter_var_1 +,37,counter_var_0 var_1 +
1418,114 106 27 101 113,27,114 63 94 96 113,19,5,8,3,4,2,22,var_0 counter_var_1 +,13,counter_var_0 var_1 +
1419,114 18 54 53 113,40,114 18 29 17 113,18,18,22,17,8,6,35,var_0 counter_var_1 +,40,counter_var_0 var_1 +
1420,114 13 111 79 113,30,114 37 30 99 113,13,8,17,6,19,7,19,var_0 counter_var_1 +,25,counter_var_0 var_1 +
1421,114 5 72 81 113,24,114 45 61 89 113,5,16,19,27,3,15,32,var_0 counter_var_1 +,35,counter_var_0 var_1 +
1422,114 30 71 100 113,8,114 56 63 26 113,1,27,7,26,2,17,27,var_0 counter_var_1 +,34,counter_var_0 var_1 +
1423,114 104 42 46 113,32,114 6 95 109 113,17,6,15,16,19,3,33,var_0 counter_var_1 +,21,counter_var_0 var_1 +
1424,114 100 10 11 113,24,114 16 45 103 113,13,16,11,10,10,22,23,var_0 counter_var_1 +,27,counter_var_0 var_1 +
1425,114 67 9 70 113,17,114 91 81 52 113,9,4,8,21,9,12,30,var_0 counter_var_1 +,12,counter_var_0 var_1 +
1426,114 69 81 52 113,32,114 71 62 43 113,11,13,21,12,12,16,23,var_0 counter_var_1 +,34,counter_var_0 var_1 +
1427,114 38 104 4 113,13,114 78 16 21 113,9,20,4,21,12,16,30,var_0 counter_var_1 +,24,counter_var_0 var_1 +
1428,114 65 107 28 113,35,114 108 56 5 113,7,21,28,5,15,10,12,var_0 counter_var_1 +,49,counter_var_0 var_1 +
1429,114 102 92 51 113,35,114 15 6 64 113,15,15,20,2,0,6,17,var_0 counter_var_1 +,35,counter_var_0 var_1 +
1430,114 106 64 66 113,23,114 18 83 3 113,19,18,4,3,18,14,22,var_0 counter_var_1 +,22,counter_var_0 var_1 +
1431,114 106 106 56 113,44,114 70 110 108 113,19,12,25,15,14,18,34,var_0 counter_var_1 +,37,counter_var_0 var_1 +
1432,114 39 108 85 113,33,114 65 44 41 113,10,7,23,10,16,21,20,var_0 counter_var_1 +,30,counter_var_0 var_1 +
1433,114 107 0 38 113,27,114 104 97 23 113,20,17,7,23,0,5,43,var_0 counter_var_1 +,24,counter_var_0 var_1 +
1434,114 105 50 27 113,45,114 102 62 43 113,18,15,27,12,4,16,30,var_0 counter_var_1 +,42,counter_var_0 var_1 +
1435,114 107 43 40 113,29,114 24 52 9 113,20,24,9,9,20,6,29,var_0 counter_var_1 +,33,counter_var_0 var_1 +
1436,114 60 78 107 113,16,114 41 80 48 113,2,12,14,17,9,11,19,var_0 counter_var_1 +,26,counter_var_0 var_1 +
1437,114 79 75 8 113,29,114 33 65 67 113,21,4,8,5,6,19,26,var_0 counter_var_1 +,12,counter_var_0 var_1 +
1438,114 56 99 92 113,57,114 74 95 109 113,27,16,30,16,7,3,43,var_0 counter_var_1 +,46,counter_var_0 var_1 +
1439,114 93 106 56 113,31,114 86 107 28 113,6,28,25,28,14,15,34,var_0 counter_var_1 +,53,counter_var_0 var_1 +
1440,114 57 65 67 113,33,114 3 16 21 113,28,3,5,21,19,16,49,var_0 counter_var_1 +,8,counter_var_0 var_1 +
1441,114 42 5 24 113,37,114 48 19 15 113,13,19,24,15,5,19,28,var_0 counter_var_1 +,43,counter_var_0 var_1 +
1442,114 56 14 33 113,29,114 0 83 3 113,27,0,2,3,14,14,30,var_0 counter_var_1 +,2,counter_var_0 var_1 +
1443,114 55 55 10 113,36,114 35 14 33 113,26,6,10,2,9,14,28,var_0 counter_var_1 +,16,counter_var_0 var_1 +
1444,114 37 81 52 113,29,114 92 56 5 113,8,5,21,5,12,10,13,var_0 counter_var_1 +,26,counter_var_0 var_1 +
1445,114 81 77 69 113,30,114 101 38 59 113,23,14,7,28,8,15,51,var_0 counter_var_1 +,21,counter_var_0 var_1 +
1446,114 70 77 69 113,19,114 73 13 18 113,12,15,7,18,8,13,30,var_0 counter_var_1 +,22,counter_var_0 var_1 +
1447,114 57 104 4 113,32,114 33 103 61 113,28,4,4,30,12,11,58,var_0 counter_var_1 +,8,counter_var_0 var_1 +
1448,114 90 63 26 113,29,114 62 112 13 113,3,4,26,13,17,20,16,var_0 counter_var_1 +,30,counter_var_0 var_1 +
1449,114 46 51 42 113,28,114 57 60 63 113,17,28,11,1,5,14,18,var_0 counter_var_1 +,39,counter_var_0 var_1 +
1450,114 3 60 63 113,4,114 25 109 65 113,3,25,1,3,14,17,6,var_0 counter_var_1 +,26,counter_var_0 var_1 +
1451,114 14 63 26 113,40,114 78 62 43 113,14,20,26,12,17,16,26,var_0 counter_var_1 +,46,counter_var_0 var_1 +
1452,114 39 98 74 113,22,114 56 106 56 113,10,27,12,25,6,14,35,var_0 counter_var_1 +,39,counter_var_0 var_1 +
1453,114 96 62 43 113,21,114 97 47 93 113,9,10,12,0,16,1,9,var_0 counter_var_1 +,22,counter_var_0 var_1 +
1454,114 103 87 60 113,45,114 36 81 52 113,16,7,29,21,18,12,37,var_0 counter_var_1 +,36,counter_var_0 var_1 +
1455,114 40 38 59 113,39,114 32 77 69 113,11,3,28,7,15,8,18,var_0 counter_var_1 +,31,counter_var_0 var_1 +
1456,114 13 29 17 113,30,114 88 75 8 113,13,1,17,8,6,6,21,var_0 counter_var_1 +,18,counter_var_0 var_1 +
1457,114 71 79 58 113,40,114 49 65 67 113,13,20,27,5,10,19,18,var_0 counter_var_1 +,47,counter_var_0 var_1 +
1458,114 50 32 1 113,22,114 0 9 70 113,21,0,1,8,9,9,29,var_0 counter_var_1 +,1,counter_var_0 var_1 +
1459,114 14 69 104 113,25,114 65 43 40 113,14,7,11,9,0,20,23,var_0 counter_var_1 +,18,counter_var_0 var_1 +
1460,114 20 25 20 113,40,114 79 98 74 113,20,21,20,12,2,6,32,var_0 counter_var_1 +,41,counter_var_0 var_1 +
1461,114 29 40 76 113,14,114 62 20 50 113,0,4,14,19,17,20,19,var_0 counter_var_1 +,18,counter_var_0 var_1 +
1462,114 5 52 9 113,14,114 9 100 75 113,5,9,9,13,6,8,18,var_0 counter_var_1 +,18,counter_var_0 var_1 +
1463,114 25 103 61 113,55,114 111 76 54 113,25,24,30,23,11,7,48,var_0 counter_var_1 +,54,counter_var_0 var_1 +
1464,114 56 57 97 113,31,114 6 9 70 113,27,6,4,8,11,9,35,var_0 counter_var_1 +,10,counter_var_0 var_1 +
1465,114 51 9 70 113,30,114 51 16 21 113,22,22,8,21,9,16,43,var_0 counter_var_1 +,30,counter_var_0 var_1 +
1466,114 39 32 1 113,11,114 102 46 87 113,10,15,1,25,9,0,35,var_0 counter_var_1 +,16,counter_var_0 var_1 +
1467,114 82 29 17 113,41,114 39 11 6 113,24,10,17,6,6,11,30,var_0 counter_var_1 +,27,counter_var_0 var_1 +
1468,114 27 32 1 113,28,114 32 46 87 113,27,3,1,25,9,0,52,var_0 counter_var_1 +,4,counter_var_0 var_1 +
1469,114 64 12 83 113,27,114 6 7 22 113,6,6,21,22,12,7,28,var_0 counter_var_1 +,27,counter_var_0 var_1 +
1470,114 15 51 42 113,26,114 56 32 1 113,15,27,11,1,5,9,16,var_0 counter_var_1 +,38,counter_var_0 var_1 +
1471,114 49 29 17 113,37,114 109 92 51 113,20,22,17,20,6,0,40,var_0 counter_var_1 +,39,counter_var_0 var_1 +
1472,114 98 106 56 113,36,114 14 90 102 113,11,14,25,9,14,21,20,var_0 counter_var_1 +,39,counter_var_0 var_1 +
1473,114 13 40 76 113,27,114 62 50 27 113,13,4,14,27,17,4,40,var_0 counter_var_1 +,18,counter_var_0 var_1 +
1474,114 52 108 85 113,46,114 85 28 55 113,23,27,23,24,16,5,47,var_0 counter_var_1 +,50,counter_var_0 var_1 +
1475,114 49 110 108 113,35,114 72 80 48 113,20,14,15,17,18,11,37,var_0 counter_var_1 +,29,counter_var_0 var_1 +
1476,114 86 35 37 113,34,114 24 75 8 113,28,24,6,8,12,6,36,var_0 counter_var_1 +,30,counter_var_0 var_1 +
1477,114 24 80 48 113,41,114 68 48 95 113,24,10,17,2,11,2,26,var_0 counter_var_1 +,27,counter_var_0 var_1 +
1478,114 26 45 103 113,36,114 30 59 30 113,26,1,10,30,22,13,56,var_0 counter_var_1 +,11,counter_var_0 var_1 +
1479,114 25 65 67 113,30,114 38 112 13 113,25,9,5,13,19,20,38,var_0 counter_var_1 +,14,counter_var_0 var_1 +
1480,114 111 111 79 113,41,114 93 81 52 113,24,6,17,21,19,12,45,var_0 counter_var_1 +,23,counter_var_0 var_1 +
1481,114 40 104 4 113,15,114 53 110 108 113,11,24,4,15,12,18,26,var_0 counter_var_1 +,28,counter_var_0 var_1 +
1482,114 86 80 48 113,45,114 74 6 64 113,28,16,17,2,11,6,30,var_0 counter_var_1 +,33,counter_var_0 var_1 +
1483,114 58 28 55 113,24,114 92 34 47 113,0,5,24,16,5,11,16,var_0 counter_var_1 +,29,counter_var_0 var_1 +
1484,114 78 21 49 113,38,114 20 74 91 113,20,20,18,29,21,5,49,var_0 counter_var_1 +,38,counter_var_0 var_1 +
1485,114 12 19 15 113,27,114 23 26 25 113,12,23,15,25,19,3,37,var_0 counter_var_1 +,38,counter_var_0 var_1 +
1486,114 54 62 43 113,37,114 111 23 98 113,25,24,12,5,16,0,30,var_0 counter_var_1 +,36,counter_var_0 var_1 +
1487,114 8 43 40 113,17,114 48 24 35 113,8,19,9,4,20,1,12,var_0 counter_var_1 +,28,counter_var_0 var_1 +
1488,114 10 79 58 113,37,114 26 78 107 113,10,26,27,14,10,9,24,var_0 counter_var_1 +,53,counter_var_0 var_1 +
1489,114 71 21 49 113,31,114 48 32 1 113,13,19,18,1,21,9,14,var_0 counter_var_1 +,37,counter_var_0 var_1 +
1490,114 2 2 84 113,24,114 55 93 105 113,2,26,22,12,2,1,14,var_0 counter_var_1 +,48,counter_var_0 var_1 +
1491,114 30 44 41 113,11,114 56 45 103 113,1,27,10,10,21,22,11,var_0 counter_var_1 +,37,counter_var_0 var_1 +
1492,114 40 99 92 113,41,114 105 105 111 113,11,18,30,18,7,13,29,var_0 counter_var_1 +,48,counter_var_0 var_1 +
1493,114 107 91 106 113,33,114 73 77 69 113,20,15,13,7,22,8,27,var_0 counter_var_1 +,28,counter_var_0 var_1 +
1494,114 52 86 94 113,24,114 104 81 52 113,23,17,1,21,17,12,44,var_0 counter_var_1 +,18,counter_var_0 var_1 +
1495,114 31 107 28 113,30,114 36 7 22 113,2,7,28,22,15,7,24,var_0 counter_var_1 +,35,counter_var_0 var_1 +
1496,114 109 75 8 113,30,114 14 67 80 113,22,14,8,18,6,21,40,var_0 counter_var_1 +,22,counter_var_0 var_1 +
1497,114 64 17 112 113,25,114 40 96 7 113,6,11,19,7,17,4,13,var_0 counter_var_1 +,30,counter_var_0 var_1 +
1498,114 68 62 43 113,22,114 15 48 95 113,10,15,12,2,16,2,12,var_0 counter_var_1 +,27,counter_var_0 var_1 +
1499,114 10 11 6 113,16,114 98 38 59 113,10,11,6,28,11,15,38,var_0 counter_var_1 +,17,counter_var_0 var_1 +
1500,114 40 80 48 113,28,114 70 67 80 113,11,12,17,18,11,21,29,var_0 counter_var_1 +,29,counter_var_0 var_1 +
1501,114 25 106 56 113,50,114 1 96 7 113,25,1,25,7,14,4,32,var_0 counter_var_1 +,26,counter_var_0 var_1 +
1502,114 18 104 4 113,22,114 70 51 42 113,18,12,4,11,12,5,29,var_0 counter_var_1 +,16,counter_var_0 var_1 +
1503,114 12 85 31 113,12,114 86 97 23 113,12,28,0,23,16,5,35,var_0 counter_var_1 +,28,counter_var_0 var_1 +
1504,114 58 51 42 113,11,114 56 73 73 113,0,27,11,11,5,4,11,var_0 counter_var_1 +,38,counter_var_0 var_1 +
1505,114 79 108 85 113,44,114 58 94 96 113,21,0,23,3,16,2,24,var_0 counter_var_1 +,23,counter_var_0 var_1 +
1506,114 23 52 9 113,32,114 27 40 76 113,23,27,9,14,6,17,37,var_0 counter_var_1 +,36,counter_var_0 var_1 +
1507,114 13 54 53 113,35,114 37 103 61 113,13,8,22,30,8,11,43,var_0 counter_var_1 +,30,counter_var_0 var_1 +
1508,114 46 69 104 113,28,114 107 31 82 113,17,20,11,20,0,8,37,var_0 counter_var_1 +,31,counter_var_0 var_1 +
1509,114 75 36 19 113,36,114 78 89 29 113,17,20,19,29,13,20,46,var_0 counter_var_1 +,39,counter_var_0 var_1 +
1510,114 33 56 5 113,9,114 50 102 45 113,4,21,5,14,10,10,18,var_0 counter_var_1 +,26,counter_var_0 var_1 +
1511,114 13 94 96 113,16,114 28 66 88 113,13,28,3,26,2,20,39,var_0 counter_var_1 +,31,counter_var_0 var_1 +
1512,114 52 10 11 113,34,114 89 61 89 113,23,2,11,27,10,15,50,var_0 counter_var_1 +,13,counter_var_0 var_1 +
1513,114 31 39 36 113,7,114 100 33 14 113,2,13,5,14,16,10,16,var_0 counter_var_1 +,18,counter_var_0 var_1 +
1514,114 30 80 48 113,18,114 29 111 79 113,1,0,17,17,11,19,18,var_0 counter_var_1 +,17,counter_var_0 var_1 +
1515,114 51 31 82 113,42,114 93 21 49 113,22,6,20,18,8,21,40,var_0 counter_var_1 +,26,counter_var_0 var_1 +
1516,114 15 30 99 113,21,114 109 67 80 113,15,22,6,18,7,21,33,var_0 counter_var_1 +,28,counter_var_0 var_1 +
1517,114 80 41 34 113,25,114 60 81 52 113,22,2,3,21,18,12,43,var_0 counter_var_1 +,5,counter_var_0 var_1 +
1518,114 30 62 43 113,13,114 70 46 87 113,1,12,12,25,16,0,26,var_0 counter_var_1 +,24,counter_var_0 var_1 +
1519,114 93 34 47 113,22,114 95 57 97 113,6,8,16,4,11,11,10,var_0 counter_var_1 +,24,counter_var_0 var_1 +
1520,114 82 84 44 113,37,114 87 87 60 113,24,0,13,29,15,18,53,var_0 counter_var_1 +,13,counter_var_0 var_1 +
1521,114 101 31 82 113,34,114 74 106 56 113,14,16,20,25,8,14,39,var_0 counter_var_1 +,36,counter_var_0 var_1 +
1522,114 77 112 13 113,32,114 6 98 74 113,19,6,13,12,20,6,31,var_0 counter_var_1 +,19,counter_var_0 var_1 +
1523,114 25 32 1 113,26,114 96 67 80 113,25,9,1,18,9,21,43,var_0 counter_var_1 +,10,counter_var_0 var_1 +
1524,114 56 2 84 113,49,114 10 100 75 113,27,10,22,13,2,8,40,var_0 counter_var_1 +,32,counter_var_0 var_1 +
1525,114 40 100 75 113,24,114 4 86 94 113,11,4,13,1,8,17,12,var_0 counter_var_1 +,17,counter_var_0 var_1 +
1526,114 87 75 8 113,8,114 78 101 39 113,0,20,8,8,6,9,8,var_0 counter_var_1 +,28,counter_var_0 var_1 +
1527,114 103 94 96 113,19,114 75 99 92 113,16,17,3,30,2,7,46,var_0 counter_var_1 +,20,counter_var_0 var_1 +
1528,114 39 20 50 113,29,114 76 65 67 113,10,18,19,5,20,19,15,var_0 counter_var_1 +,37,counter_var_0 var_1 +
1529,114 104 58 2 113,19,114 36 22 12 113,17,7,2,12,12,22,29,var_0 counter_var_1 +,9,counter_var_0 var_1 +
1530,114 88 35 37 113,7,114 52 50 27 113,1,23,6,27,12,4,28,var_0 counter_var_1 +,29,counter_var_0 var_1 +
1531,114 61 41 34 113,6,114 73 107 28 113,3,15,3,28,18,15,31,var_0 counter_var_1 +,18,counter_var_0 var_1 +
1532,114 94 57 97 113,11,114 108 86 94 113,7,21,4,1,11,17,8,var_0 counter_var_1 +,25,counter_var_0 var_1 +
1533,114 94 93 105 113,19,114 18 81 52 113,7,18,12,21,1,12,28,var_0 counter_var_1 +,30,counter_var_0 var_1 +
1534,114 22 33 14 113,36,114 13 110 108 113,22,13,14,15,10,18,37,var_0 counter_var_1 +,27,counter_var_0 var_1 +
1535,114 92 90 102 113,14,114 101 62 43 113,5,14,9,12,21,16,17,var_0 counter_var_1 +,23,counter_var_0 var_1 +
1536,114 62 55 10 113,14,114 46 71 100 113,4,17,10,7,9,2,11,var_0 counter_var_1 +,27,counter_var_0 var_1 +
1537,114 3 85 31 113,3,114 68 31 82 113,3,10,0,20,16,8,23,var_0 counter_var_1 +,10,counter_var_0 var_1 +
1538,114 17 31 82 113,37,114 68 70 77 113,17,10,20,15,8,1,32,var_0 counter_var_1 +,30,counter_var_0 var_1 +
1539,114 105 7 22 113,40,114 102 94 96 113,18,15,22,3,7,2,21,var_0 counter_var_1 +,37,counter_var_0 var_1 +
1540,114 87 39 36 113,5,114 0 36 19 113,0,0,5,19,16,13,19,var_0 counter_var_1 +,5,counter_var_0 var_1 +
1541,114 28 105 111 113,46,114 11 29 17 113,28,11,18,17,13,6,45,var_0 counter_var_1 +,29,counter_var_0 var_1 +
1542,114 82 110 108 113,39,114 38 68 71 113,24,9,15,9,18,22,33,var_0 counter_var_1 +,24,counter_var_0 var_1 +
1543,114 73 86 94 113,16,114 5 66 88 113,15,5,1,26,17,20,41,var_0 counter_var_1 +,6,counter_var_0 var_1 +
1544,114 60 33 14 113,16,114 34 83 3 113,2,5,14,3,10,14,5,var_0 counter_var_1 +,19,counter_var_0 var_1 +
1545,114 60 84 44 113,15,114 109 40 76 113,2,22,13,14,15,17,16,var_0 counter_var_1 +,35,counter_var_0 var_1 +
1546,114 99 58 2 113,14,114 80 60 63 113,12,22,2,1,12,14,13,var_0 counter_var_1 +,24,counter_var_0 var_1 +
1547,114 98 62 43 113,23,114 32 73 73 113,11,3,12,11,16,4,22,var_0 counter_var_1 +,15,counter_var_0 var_1 +
1548,114 76 97 23 113,41,114 65 18 72 113,18,7,23,10,5,18,28,var_0 counter_var_1 +,30,counter_var_0 var_1 +
1549,114 86 60 63 113,29,114 6 61 89 113,28,6,1,27,14,15,55,var_0 counter_var_1 +,7,counter_var_0 var_1 +
1550,114 28 6 64 113,30,114 85 60 63 113,28,27,2,1,6,14,29,var_0 counter_var_1 +,29,counter_var_0 var_1 +
1551,114 97 34 47 113,26,114 2 29 17 113,10,2,16,17,11,6,27,var_0 counter_var_1 +,18,counter_var_0 var_1 +
1552,114 35 23 98 113,11,114 40 23 98 113,6,11,5,5,0,0,11,var_0 counter_var_1 +,16,counter_var_0 var_1 +
1553,114 35 86 94 113,7,114 55 26 25 113,6,26,1,25,17,3,31,var_0 counter_var_1 +,27,counter_var_0 var_1 +
1554,114 74 18 72 113,26,114 96 17 112 113,16,9,10,19,18,17,35,var_0 counter_var_1 +,19,counter_var_0 var_1 +
1555,114 16 27 101 113,24,114 10 79 58 113,16,10,8,27,4,10,43,var_0 counter_var_1 +,18,counter_var_0 var_1 +
1556,114 92 85 31 113,5,114 7 74 91 113,5,7,0,29,16,5,34,var_0 counter_var_1 +,7,counter_var_0 var_1 +
1557,114 109 58 2 113,24,114 73 99 92 113,22,15,2,30,12,7,52,var_0 counter_var_1 +,17,counter_var_0 var_1 +
1558,114 74 92 51 113,36,114 48 99 92 113,16,19,20,30,0,7,46,var_0 counter_var_1 +,39,counter_var_0 var_1 +
1559,114 11 13 18 113,29,114 55 57 97 113,11,26,18,4,13,11,15,var_0 counter_var_1 +,44,counter_var_0 var_1 +
1560,114 2 104 4 113,6,114 37 76 54 113,2,8,4,23,12,7,25,var_0 counter_var_1 +,12,counter_var_0 var_1 +
1561,114 53 112 13 113,37,114 107 18 72 113,24,20,13,10,20,18,34,var_0 counter_var_1 +,33,counter_var_0 var_1 +
1562,114 92 86 94 113,6,114 23 77 69 113,5,23,1,7,17,8,12,var_0 counter_var_1 +,24,counter_var_0 var_1 +
1563,114 59 3 86 113,25,114 2 37 110 113,1,2,24,17,3,14,18,var_0 counter_var_1 +,26,counter_var_0 var_1 +
1564,114 39 18 72 113,20,114 28 18 72 113,10,28,10,10,18,18,20,var_0 counter_var_1 +,38,counter_var_0 var_1 +
1565,114 94 39 36 113,12,114 93 44 41 113,7,6,5,10,16,21,17,var_0 counter_var_1 +,11,counter_var_0 var_1 +
1566,114 58 67 80 113,18,114 29 53 68 113,0,0,18,6,21,7,6,var_0 counter_var_1 +,18,counter_var_0 var_1 +
1567,114 97 52 9 113,19,114 66 47 93 113,10,8,9,0,6,1,10,var_0 counter_var_1 +,17,counter_var_0 var_1 +
1568,114 39 14 33 113,12,114 106 60 63 113,10,19,2,1,14,14,11,var_0 counter_var_1 +,21,counter_var_0 var_1 +
1569,114 17 92 51 113,37,114 39 3 86 113,17,10,20,24,0,3,41,var_0 counter_var_1 +,30,counter_var_0 var_1 +
1570,114 93 74 91 113,35,114 102 80 48 113,6,15,29,17,5,11,23,var_0 counter_var_1 +,44,counter_var_0 var_1 +
1571,114 86 32 1 113,29,114 48 101 39 113,28,19,1,8,9,9,36,var_0 counter_var_1 +,20,counter_var_0 var_1 +
1572,114 10 52 9 113,19,114 13 83 3 113,10,13,9,3,6,14,13,var_0 counter_var_1 +,22,counter_var_0 var_1 +
1573,114 31 90 102 113,11,114 21 5 24 113,2,21,9,24,21,5,26,var_0 counter_var_1 +,30,counter_var_0 var_1 +
1574,114 46 94 96 113,20,114 6 32 1 113,17,6,3,1,2,9,18,var_0 counter_var_1 +,9,counter_var_0 var_1 +
1575,114 56 108 85 113,50,114 53 29 17 113,27,24,23,17,16,6,44,var_0 counter_var_1 +,47,counter_var_0 var_1 +
1576,114 8 10 11 113,19,114 111 80 48 113,8,24,11,17,10,11,25,var_0 counter_var_1 +,35,counter_var_0 var_1 +
1577,114 46 104 4 113,21,114 52 88 16 113,17,23,4,16,12,19,33,var_0 counter_var_1 +,27,counter_var_0 var_1 +
1578,114 36 82 90 113,35,114 14 66 88 113,7,14,28,26,13,20,33,var_0 counter_var_1 +,42,counter_var_0 var_1 +
1579,114 103 92 51 113,36,114 6 67 80 113,16,6,20,18,0,21,34,var_0 counter_var_1 +,26,counter_var_0 var_1 +
1580,114 110 32 1 113,24,114 76 110 108 113,23,18,1,15,9,18,38,var_0 counter_var_1 +,19,counter_var_0 var_1 +
1581,114 38 38 59 113,37,114 29 61 89 113,9,0,28,27,15,15,36,var_0 counter_var_1 +,28,counter_var_0 var_1 +
1582,114 69 101 39 113,19,114 11 52 9 113,11,11,8,9,9,6,20,var_0 counter_var_1 +,19,counter_var_0 var_1 +
1583,114 39 49 32 113,11,114 17 110 108 113,10,17,1,15,3,18,25,var_0 counter_var_1 +,18,counter_var_0 var_1 +
1584,114 43 24 35 113,18,114 16 75 8 113,14,16,4,8,1,6,22,var_0 counter_var_1 +,20,counter_var_0 var_1 +
1585,114 101 16 21 113,35,114 39 90 102 113,14,10,21,9,16,21,23,var_0 counter_var_1 +,31,counter_var_0 var_1 +
1586,114 43 18 72 113,24,114 5 13 18 113,14,5,10,18,18,13,32,var_0 counter_var_1 +,15,counter_var_0 var_1 +
1587,114 12 21 49 113,30,114 30 103 61 113,12,1,18,30,21,11,42,var_0 counter_var_1 +,19,counter_var_0 var_1 +
1588,114 80 26 25 113,47,114 25 61 89 113,22,25,25,27,3,15,49,var_0 counter_var_1 +,50,counter_var_0 var_1 +
1589,114 81 100 75 113,36,114 99 85 31 113,23,12,13,0,8,16,23,var_0 counter_var_1 +,25,counter_var_0 var_1 +
1590,114 78 18 72 113,30,114 5 30 99 113,20,5,10,6,18,7,26,var_0 counter_var_1 +,15,counter_var_0 var_1 +
1591,114 8 20 50 113,27,114 36 46 87 113,8,7,19,25,20,0,33,var_0 counter_var_1 +,26,counter_var_0 var_1 +
1592,114 32 43 40 113,12,114 44 7 22 113,3,15,9,22,20,7,25,var_0 counter_var_1 +,24,counter_var_0 var_1 +
1593,114 27 66 88 113,53,114 107 81 52 113,27,20,26,21,20,12,48,var_0 counter_var_1 +,46,counter_var_0 var_1 +
1594,114 49 31 82 113,40,114 93 48 95 113,20,6,20,2,8,2,22,var_0 counter_var_1 +,26,counter_var_0 var_1 +
1595,114 82 15 62 113,24,114 106 61 89 113,24,19,0,27,15,15,51,var_0 counter_var_1 +,19,counter_var_0 var_1 +
1596,114 25 48 95 113,27,114 55 56 5 113,25,26,2,5,2,10,30,var_0 counter_var_1 +,28,counter_var_0 var_1 +
1597,114 64 60 63 113,7,114 70 52 9 113,6,12,1,9,14,6,15,var_0 counter_var_1 +,13,counter_var_0 var_1 +
1598,114 37 99 92 113,38,114 73 19 15 113,8,15,30,15,7,19,23,var_0 counter_var_1 +,45,counter_var_0 var_1 +
1599,114 43 54 53 113,36,114 42 43 40 113,14,13,22,9,8,20,23,var_0 counter_var_1 +,35,counter_var_0 var_1 +
1600,114 74 38 59 113,44,114 88 15 62 113,16,1,28,0,15,15,16,var_0 counter_var_1 +,29,counter_var_0 var_1 +
1601,114 82 4 78 113,40,114 76 109 65 113,24,18,16,3,4,17,27,var_0 counter_var_1 +,34,counter_var_0 var_1 +
1602,114 61 15 62 113,3,114 76 83 3 113,3,18,0,3,15,14,6,var_0 counter_var_1 +,18,counter_var_0 var_1 +
1603,114 105 80 48 113,35,114 106 14 33 113,18,19,17,2,11,14,20,var_0 counter_var_1 +,36,counter_var_0 var_1 +
1604,114 87 27 101 113,8,114 44 62 43 113,0,15,8,12,4,16,12,var_0 counter_var_1 +,23,counter_var_0 var_1 +
1605,114 34 51 42 113,16,114 101 68 71 113,5,14,11,9,5,22,14,var_0 counter_var_1 +,25,counter_var_0 var_1 +
1606,114 3 54 53 113,25,114 7 58 2 113,3,7,22,2,8,12,5,var_0 counter_var_1 +,29,counter_var_0 var_1 +
1607,114 2 99 92 113,32,114 47 112 13 113,2,18,30,13,7,20,15,var_0 counter_var_1 +,48,counter_var_0 var_1 +
1608,114 43 87 60 113,43,114 63 101 39 113,14,5,29,8,18,9,22,var_0 counter_var_1 +,34,counter_var_0 var_1 +
1609,114 41 62 43 113,24,114 30 68 71 113,12,1,12,9,16,22,21,var_0 counter_var_1 +,13,counter_var_0 var_1 +
1610,114 59 47 93 113,1,114 97 86 94 113,1,10,0,1,1,17,2,var_0 counter_var_1 +,10,counter_var_0 var_1 +
1611,114 108 89 29 113,50,114 83 76 54 113,21,25,29,23,20,7,44,var_0 counter_var_1 +,54,counter_var_0 var_1 +
1612,114 40 103 61 113,41,114 16 103 61 113,11,16,30,30,11,11,41,var_0 counter_var_1 +,46,counter_var_0 var_1 +
1613,114 82 77 69 113,31,114 96 41 34 113,24,9,7,3,8,18,27,var_0 counter_var_1 +,16,counter_var_0 var_1 +
1614,114 94 25 20 113,27,114 4 96 7 113,7,4,20,7,2,4,14,var_0 counter_var_1 +,24,counter_var_0 var_1 +
1615,114 71 1 0 113,13,114 36 96 7 113,13,7,0,7,1,4,20,var_0 counter_var_1 +,7,counter_var_0 var_1 +
1616,114 30 112 13 113,14,114 56 12 83 113,1,27,13,21,20,12,22,var_0 counter_var_1 +,40,counter_var_0 var_1 +
1617,114 48 22 12 113,31,114 51 33 14 113,19,22,12,14,22,10,33,var_0 counter_var_1 +,34,counter_var_0 var_1 +
1618,114 18 106 56 113,43,114 28 29 17 113,18,28,25,17,14,6,35,var_0 counter_var_1 +,53,counter_var_0 var_1 +
1619,114 52 33 14 113,37,114 15 81 52 113,23,15,14,21,10,12,44,var_0 counter_var_1 +,29,counter_var_0 var_1 +
1620,114 11 51 42 113,22,114 112 63 26 113,11,25,11,26,5,17,37,var_0 counter_var_1 +,36,counter_var_0 var_1 +
1621,114 42 111 79 113,30,114 80 35 37 113,13,22,17,6,19,12,19,var_0 counter_var_1 +,39,counter_var_0 var_1 +
1622,114 76 20 50 113,37,114 110 104 4 113,18,23,19,4,20,12,22,var_0 counter_var_1 +,42,counter_var_0 var_1 +
1623,114 40 101 39 113,19,114 33 69 104 113,11,4,8,11,9,0,22,var_0 counter_var_1 +,12,counter_var_0 var_1 +
1624,114 39 51 42 113,21,114 56 74 91 113,10,27,11,29,5,5,39,var_0 counter_var_1 +,38,counter_var_0 var_1 +
1625,114 75 77 69 113,24,114 15 26 25 113,17,15,7,25,8,3,42,var_0 counter_var_1 +,22,counter_var_0 var_1 +
1626,114 101 38 59 113,42,114 62 10 11 113,14,4,28,11,15,10,25,var_0 counter_var_1 +,32,counter_var_0 var_1 +
1627,114 103 73 73 113,27,114 86 50 27 113,16,28,11,27,4,4,43,var_0 counter_var_1 +,39,counter_var_0 var_1 +
1628,114 3 0 38 113,10,114 14 59 30 113,3,14,7,30,0,13,33,var_0 counter_var_1 +,21,counter_var_0 var_1 +
1629,114 47 2 84 113,40,114 8 109 65 113,18,8,22,3,2,17,21,var_0 counter_var_1 +,30,counter_var_0 var_1 +
1630,114 63 89 29 113,34,114 52 54 53 113,5,23,29,22,20,8,27,var_0 counter_var_1 +,52,counter_var_0 var_1 +
1631,114 2 105 111 113,20,114 64 93 105 113,2,6,18,12,13,1,14,var_0 counter_var_1 +,24,counter_var_0 var_1 +
1632,114 100 13 18 113,31,114 49 112 13 113,13,20,18,13,13,20,26,var_0 counter_var_1 +,38,counter_var_0 var_1 +
1633,114 52 39 36 113,28,114 42 84 44 113,23,13,5,13,16,15,36,var_0 counter_var_1 +,18,counter_var_0 var_1 +
1634,114 108 21 49 113,39,114 27 45 103 113,21,27,18,10,21,22,31,var_0 counter_var_1 +,45,counter_var_0 var_1 +
1635,114 27 20 50 113,46,114 39 36 19 113,27,10,19,19,20,13,46,var_0 counter_var_1 +,29,counter_var_0 var_1 +
1636,114 61 6 64 113,5,114 83 29 17 113,3,25,2,17,6,6,20,var_0 counter_var_1 +,27,counter_var_0 var_1 +
1637,114 74 42 46 113,31,114 38 111 79 113,16,9,15,17,19,19,33,var_0 counter_var_1 +,24,counter_var_0 var_1 +
1638,114 54 55 10 113,35,114 96 101 39 113,25,9,10,8,9,9,33,var_0 counter_var_1 +,19,counter_var_0 var_1 +
1639,114 70 2 84 113,34,114 15 19 15 113,12,15,22,15,2,19,27,var_0 counter_var_1 +,37,counter_var_0 var_1 +
1640,114 30 6 64 113,3,114 71 75 8 113,1,13,2,8,6,6,9,var_0 counter_var_1 +,15,counter_var_0 var_1 +
1641,114 0 89 29 113,29,114 69 38 59 113,0,11,29,28,20,15,28,var_0 counter_var_1 +,40,counter_var_0 var_1 +
1642,114 43 88 16 113,30,114 99 104 4 113,14,12,16,4,19,12,18,var_0 counter_var_1 +,28,counter_var_0 var_1 +
1643,114 61 13 18 113,21,114 25 35 37 113,3,25,18,6,13,12,9,var_0 counter_var_1 +,43,counter_var_0 var_1 +
1644,114 30 27 101 113,9,114 84 112 13 113,1,26,8,13,4,20,14,var_0 counter_var_1 +,34,counter_var_0 var_1 +
1645,114 3 45 103 113,13,114 1 54 53 113,3,1,10,22,22,8,25,var_0 counter_var_1 +,11,counter_var_0 var_1 +
1646,114 20 53 68 113,26,114 69 43 40 113,20,11,6,9,7,20,29,var_0 counter_var_1 +,17,counter_var_0 var_1 +
1647,114 2 65 67 113,7,114 102 7 22 113,2,15,5,22,19,7,24,var_0 counter_var_1 +,20,counter_var_0 var_1 +
1648,114 81 54 53 113,45,114 36 16 21 113,23,7,22,21,8,16,44,var_0 counter_var_1 +,29,counter_var_0 var_1 +
1649,114 58 75 8 113,8,114 46 28 55 113,0,17,8,24,6,5,24,var_0 counter_var_1 +,25,counter_var_0 var_1 +
1650,114 22 60 63 113,23,114 4 12 83 113,22,4,1,21,14,12,43,var_0 counter_var_1 +,5,counter_var_0 var_1 +
1651,114 60 108 85 113,25,114 61 31 82 113,2,3,23,20,16,8,22,var_0 counter_var_1 +,26,counter_var_0 var_1 +
1652,114 56 48 95 113,29,114 33 58 2 113,27,4,2,2,2,12,29,var_0 counter_var_1 +,6,counter_var_0 var_1 +
1653,114 61 105 111 113,21,114 105 39 36 113,3,18,18,5,13,16,8,var_0 counter_var_1 +,36,counter_var_0 var_1 +
1654,114 12 26 25 113,37,114 47 6 64 113,12,18,25,2,3,6,14,var_0 counter_var_1 +,43,counter_var_0 var_1 +
1655,114 102 111 79 113,32,114 99 59 30 113,15,12,17,30,19,13,45,var_0 counter_var_1 +,29,counter_var_0 var_1 +
1656,114 3 50 27 113,30,114 42 10 11 113,3,13,27,11,4,10,14,var_0 counter_var_1 +,40,counter_var_0 var_1 +
1657,114 14 1 0 113,14,114 21 55 10 113,14,21,0,10,1,9,24,var_0 counter_var_1 +,21,counter_var_0 var_1 +
1658,114 97 32 1 113,11,114 89 47 93 113,10,2,1,0,9,1,10,var_0 counter_var_1 +,3,counter_var_0 var_1 +
1659,114 80 60 63 113,23,114 99 29 17 113,22,12,1,17,14,6,39,var_0 counter_var_1 +,13,counter_var_0 var_1 +
1660,114 85 11 6 113,33,114 76 16 21 113,27,18,6,21,11,16,48,var_0 counter_var_1 +,24,counter_var_0 var_1 +
1661,114 107 76 54 113,43,114 13 96 7 113,20,13,23,7,7,4,27,var_0 counter_var_1 +,36,counter_var_0 var_1 +
1662,114 35 111 79 113,23,114 58 46 87 113,6,0,17,25,19,0,31,var_0 counter_var_1 +,17,counter_var_0 var_1 +
1663,114 84 95 109 113,42,114 49 32 1 113,26,20,16,1,3,9,27,var_0 counter_var_1 +,36,counter_var_0 var_1 +
1664,114 12 106 56 113,37,114 24 9 70 113,12,24,25,8,14,9,20,var_0 counter_var_1 +,49,counter_var_0 var_1 +
1665,114 25 82 90 113,53,114 69 84 44 113,25,11,28,13,13,15,38,var_0 counter_var_1 +,39,counter_var_0 var_1 +
1666,114 38 88 16 113,25,114 43 101 39 113,9,14,16,8,19,9,17,var_0 counter_var_1 +,30,counter_var_0 var_1 +
1667,114 43 3 86 113,38,114 109 95 109 113,14,22,24,16,3,3,30,var_0 counter_var_1 +,46,counter_var_0 var_1 +
1668,114 52 95 109 113,39,114 69 105 111 113,23,11,16,18,3,13,41,var_0 counter_var_1 +,27,counter_var_0 var_1 +
1669,114 87 109 65 113,3,114 101 88 16 113,0,14,3,16,17,19,16,var_0 counter_var_1 +,17,counter_var_0 var_1 +
1670,114 37 31 82 113,28,114 83 23 98 113,8,25,20,5,8,0,13,var_0 counter_var_1 +,45,counter_var_0 var_1 +
1671,114 19 24 35 113,23,114 92 81 52 113,19,5,4,21,1,12,40,var_0 counter_var_1 +,9,counter_var_0 var_1 +
1672,114 49 93 105 113,32,114 25 51 42 113,20,25,12,11,1,5,31,var_0 counter_var_1 +,37,counter_var_0 var_1 +
1673,114 96 66 88 113,35,114 52 80 48 113,9,23,26,17,20,11,26,var_0 counter_var_1 +,49,counter_var_0 var_1 +
1674,114 80 45 103 113,32,114 65 42 46 113,22,7,10,15,22,19,37,var_0 counter_var_1 +,17,counter_var_0 var_1 +
1675,114 90 112 13 113,16,114 106 63 26 113,3,19,13,26,20,17,29,var_0 counter_var_1 +,32,counter_var_0 var_1 +
1676,114 103 37 110 113,33,114 10 36 19 113,16,10,17,19,14,13,35,var_0 counter_var_1 +,27,counter_var_0 var_1 +
1677,114 93 25 20 113,26,114 56 48 95 113,6,27,20,2,2,2,8,var_0 counter_var_1 +,47,counter_var_0 var_1 +
1678,114 25 77 69 113,32,114 50 98 74 113,25,21,7,12,8,6,37,var_0 counter_var_1 +,28,counter_var_0 var_1 +
1679,114 70 58 2 113,14,114 109 11 6 113,12,22,2,6,12,11,18,var_0 counter_var_1 +,24,counter_var_0 var_1 +
1680,114 105 112 13 113,31,114 18 47 93 113,18,18,13,0,20,1,18,var_0 counter_var_1 +,31,counter_var_0 var_1 +
1681,114 31 109 65 113,5,114 39 95 109 113,2,10,3,16,17,3,18,var_0 counter_var_1 +,13,counter_var_0 var_1 +
1682,114 30 111 79 113,18,114 105 18 72 113,1,18,17,10,19,18,11,var_0 counter_var_1 +,35,counter_var_0 var_1 +
1683,114 24 106 56 113,49,114 27 71 100 113,24,27,25,7,14,2,31,var_0 counter_var_1 +,52,counter_var_0 var_1 +
1684,114 70 54 53 113,34,114 22 32 1 113,12,22,22,1,8,9,13,var_0 counter_var_1 +,44,counter_var_0 var_1 +
1685,114 107 6 64 113,22,114 1 85 31 113,20,1,2,0,6,16,20,var_0 counter_var_1 +,3,counter_var_0 var_1 +
1686,114 90 64 66 113,7,114 48 45 103 113,3,19,4,10,18,22,13,var_0 counter_var_1 +,23,counter_var_0 var_1 +
1687,114 19 8 57 113,45,114 6 24 35 113,19,6,26,4,8,1,23,var_0 counter_var_1 +,32,counter_var_0 var_1 +
1688,114 49 60 63 113,21,114 83 61 89 113,20,25,1,27,14,15,47,var_0 counter_var_1 +,26,counter_var_0 var_1 +
1689,114 31 67 80 113,20,114 34 92 51 113,2,5,18,20,21,0,22,var_0 counter_var_1 +,23,counter_var_0 var_1 +
1690,114 37 66 88 113,34,114 68 108 85 113,8,10,26,23,20,16,31,var_0 counter_var_1 +,36,counter_var_0 var_1 +
1691,114 72 54 53 113,36,114 22 95 109 113,14,22,22,16,8,3,30,var_0 counter_var_1 +,44,counter_var_0 var_1 +
1692,114 91 14 33 113,6,114 73 108 85 113,4,15,2,23,14,16,27,var_0 counter_var_1 +,17,counter_var_0 var_1 +
1693,114 54 30 99 113,31,114 9 62 43 113,25,9,6,12,7,16,37,var_0 counter_var_1 +,15,counter_var_0 var_1 +
1694,114 95 97 23 113,31,114 48 2 84 113,8,19,23,22,5,2,30,var_0 counter_var_1 +,42,counter_var_0 var_1 +
1695,114 90 76 54 113,26,114 23 2 84 113,3,23,23,22,7,2,25,var_0 counter_var_1 +,46,counter_var_0 var_1 +
1696,114 64 37 110 113,23,114 91 21 49 113,6,4,17,18,14,21,24,var_0 counter_var_1 +,21,counter_var_0 var_1 +
1697,114 66 72 81 113,27,114 112 23 98 113,8,25,19,5,3,0,13,var_0 counter_var_1 +,44,counter_var_0 var_1 +
1698,114 14 77 69 113,21,114 99 65 67 113,14,12,7,5,8,19,19,var_0 counter_var_1 +,19,counter_var_0 var_1 +
1699,114 112 38 59 113,53,114 36 17 112 113,25,7,28,19,15,17,44,var_0 counter_var_1 +,35,counter_var_0 var_1 +
1700,114 86 1 0 113,28,114 103 18 72 113,28,16,0,10,1,18,38,var_0 counter_var_1 +,16,counter_var_0 var_1 +
1701,114 84 73 73 113,37,114 31 51 42 113,26,2,11,11,4,5,37,var_0 counter_var_1 +,13,counter_var_0 var_1 +
1702,114 15 17 112 113,34,114 32 67 80 113,15,3,19,18,17,21,33,var_0 counter_var_1 +,22,counter_var_0 var_1 +
1703,114 45 91 106 113,29,114 1 41 34 113,16,1,13,3,22,18,19,var_0 counter_var_1 +,14,counter_var_0 var_1 +
1704,114 6 97 23 113,29,114 77 3 86 113,6,19,23,24,5,3,30,var_0 counter_var_1 +,42,counter_var_0 var_1 +
1705,114 27 13 18 113,45,114 12 101 39 113,27,12,18,8,13,9,35,var_0 counter_var_1 +,30,counter_var_0 var_1 +
1706,114 69 53 68 113,17,114 11 58 2 113,11,11,6,2,7,12,13,var_0 counter_var_1 +,17,counter_var_0 var_1 +
1707,114 62 62 43 113,16,114 26 102 45 113,4,26,12,14,16,10,18,var_0 counter_var_1 +,38,counter_var_0 var_1 +
1708,114 19 72 81 113,38,114 38 0 38 113,19,9,19,7,3,0,26,var_0 counter_var_1 +,28,counter_var_0 var_1 +
1709,114 79 61 89 113,48,114 37 94 96 113,21,8,27,3,15,2,24,var_0 counter_var_1 +,35,counter_var_0 var_1 +
1710,114 14 26 25 113,39,114 47 61 89 113,14,18,25,27,3,15,41,var_0 counter_var_1 +,43,counter_var_0 var_1 +
1711,114 50 16 21 113,42,114 98 83 3 113,21,11,21,3,16,14,24,var_0 counter_var_1 +,32,counter_var_0 var_1 +
1712,114 57 84 44 113,41,114 56 69 104 113,28,27,13,11,15,0,39,var_0 counter_var_1 +,40,counter_var_0 var_1 +
1713,114 41 67 80 113,30,114 37 111 79 113,12,8,18,17,21,19,29,var_0 counter_var_1 +,26,counter_var_0 var_1 +
1714,114 102 29 17 113,32,114 62 84 44 113,15,4,17,13,6,15,28,var_0 counter_var_1 +,21,counter_var_0 var_1 +
1715,114 10 12 83 113,31,114 14 21 49 113,10,14,21,18,12,21,28,var_0 counter_var_1 +,35,counter_var_0 var_1 +
1716,114 23 14 33 113,25,114 35 27 101 113,23,6,2,8,14,4,31,var_0 counter_var_1 +,8,counter_var_0 var_1 +
1717,114 104 4 78 113,33,114 14 20 50 113,17,14,16,19,4,20,36,var_0 counter_var_1 +,30,counter_var_0 var_1 +
1718,114 55 85 31 113,26,114 84 39 36 113,26,26,0,5,16,16,31,var_0 counter_var_1 +,26,counter_var_0 var_1 +
1719,114 93 58 2 113,8,114 97 10 11 113,6,10,2,11,12,10,17,var_0 counter_var_1 +,12,counter_var_0 var_1 +
1720,114 25 13 18 113,43,114 19 32 1 113,25,19,18,1,13,9,26,var_0 counter_var_1 +,37,counter_var_0 var_1 +
1721,114 63 12 83 113,26,114 38 80 48 113,5,9,21,17,12,11,22,var_0 counter_var_1 +,30,counter_var_0 var_1 +
1722,114 30 99 92 113,31,114 39 92 51 113,1,10,30,20,7,0,21,var_0 counter_var_1 +,40,counter_var_0 var_1 +
1723,114 109 6 64 113,24,114 98 9 70 113,22,11,2,8,6,9,30,var_0 counter_var_1 +,13,counter_var_0 var_1 +
1724,114 39 74 91 113,39,114 71 71 100 113,10,13,29,7,5,2,17,var_0 counter_var_1 +,42,counter_var_0 var_1 +
1725,114 16 56 5 113,21,114 64 103 61 113,16,6,5,30,10,11,46,var_0 counter_var_1 +,11,counter_var_0 var_1 +
1726,114 60 3 86 113,26,114 4 66 88 113,2,4,24,26,3,20,28,var_0 counter_var_1 +,28,counter_var_0 var_1 +
1727,114 88 18 72 113,11,114 57 89 29 113,1,28,10,29,18,20,30,var_0 counter_var_1 +,38,counter_var_0 var_1 +
1728,114 34 74 91 113,34,114 87 102 45 113,5,0,29,14,5,10,19,var_0 counter_var_1 +,29,counter_var_0 var_1 +
1729,114 35 81 52 113,27,114 31 93 105 113,6,2,21,12,12,1,18,var_0 counter_var_1 +,23,counter_var_0 var_1 +
1730,114 92 11 6 113,11,114 71 73 73 113,5,13,6,11,11,4,16,var_0 counter_var_1 +,19,counter_var_0 var_1 +
1731,114 65 52 9 113,16,114 91 52 9 113,7,4,9,9,6,6,16,var_0 counter_var_1 +,13,counter_var_0 var_1 +
1732,114 68 25 20 113,30,114 17 0 38 113,10,17,20,7,2,0,17,var_0 counter_var_1 +,37,counter_var_0 var_1 +
1733,114 72 49 32 113,15,114 29 15 62 113,14,0,1,0,3,15,14,var_0 counter_var_1 +,1,counter_var_0 var_1 +
1734,114 52 23 98 113,28,114 5 83 3 113,23,5,5,3,0,14,26,var_0 counter_var_1 +,10,counter_var_0 var_1 +
1735,114 52 45 103 113,33,114 88 0 38 113,23,1,10,7,22,0,30,var_0 counter_var_1 +,11,counter_var_0 var_1 +
1736,114 100 42 46 113,28,114 35 39 36 113,13,6,15,5,19,16,18,var_0 counter_var_1 +,21,counter_var_0 var_1 +
1737,114 81 111 79 113,40,114 10 87 60 113,23,10,17,29,19,18,52,var_0 counter_var_1 +,27,counter_var_0 var_1 +
1738,114 29 37 110 113,17,114 98 81 52 113,0,11,17,21,14,12,21,var_0 counter_var_1 +,28,counter_var_0 var_1 +
1739,114 4 49 32 113,5,114 9 69 104 113,4,9,1,11,3,0,15,var_0 counter_var_1 +,10,counter_var_0 var_1 +
1740,114 37 57 97 113,12,114 15 99 92 113,8,15,4,30,11,7,38,var_0 counter_var_1 +,19,counter_var_0 var_1 +
1741,114 95 106 56 113,33,114 91 66 88 113,8,4,25,26,14,20,34,var_0 counter_var_1 +,29,counter_var_0 var_1 +
1742,114 80 13 18 113,40,114 1 40 76 113,22,1,18,14,13,17,36,var_0 counter_var_1 +,19,counter_var_0 var_1 +
1743,114 1 46 87 113,26,114 99 2 84 113,1,12,25,22,0,2,23,var_0 counter_var_1 +,37,counter_var_0 var_1 +
1744,114 93 89 29 113,35,114 39 82 90 113,6,10,29,28,20,13,34,var_0 counter_var_1 +,39,counter_var_0 var_1 +
1745,114 25 19 15 113,40,114 91 99 92 113,25,4,15,30,19,7,55,var_0 counter_var_1 +,19,counter_var_0 var_1 +
1746,114 72 106 56 113,39,114 17 35 37 113,14,17,25,6,14,12,20,var_0 counter_var_1 +,42,counter_var_0 var_1 +
1747,114 52 38 59 113,51,114 67 34 47 113,23,9,28,16,15,11,39,var_0 counter_var_1 +,37,counter_var_0 var_1 +
1748,114 84 23 98 113,31,114 27 41 34 113,26,27,5,3,0,18,29,var_0 counter_var_1 +,32,counter_var_0 var_1 +
1749,114 95 103 61 113,38,114 49 33 14 113,8,20,30,14,11,10,22,var_0 counter_var_1 +,50,counter_var_0 var_1 +
1750,114 26 0 38 113,33,114 52 94 96 113,26,23,7,3,0,2,29,var_0 counter_var_1 +,30,counter_var_0 var_1 +
1751,114 59 16 21 113,22,114 94 87 60 113,1,7,21,29,16,18,30,var_0 counter_var_1 +,28,counter_var_0 var_1 +
1752,114 35 66 88 113,32,114 74 102 45 113,6,16,26,14,20,10,20,var_0 counter_var_1 +,42,counter_var_0 var_1 +
1753,114 99 89 29 113,41,114 74 23 98 113,12,16,29,5,20,0,17,var_0 counter_var_1 +,45,counter_var_0 var_1 +
1754,114 73 77 69 113,22,114 108 43 40 113,15,21,7,9,8,20,24,var_0 counter_var_1 +,28,counter_var_0 var_1 +
1755,114 50 53 68 113,27,114 44 24 35 113,21,15,6,4,7,1,25,var_0 counter_var_1 +,21,counter_var_0 var_1 +
1756,114 95 96 7 113,15,114 97 50 27 113,8,10,7,27,4,4,35,var_0 counter_var_1 +,17,counter_var_0 var_1 +
1757,114 51 73 73 113,33,114 79 49 32 113,22,21,11,1,4,3,23,var_0 counter_var_1 +,32,counter_var_0 var_1 +
1758,114 93 70 77 113,21,114 14 79 58 113,6,14,15,27,1,10,33,var_0 counter_var_1 +,29,counter_var_0 var_1 +
1759,114 93 68 71 113,15,114 90 24 35 113,6,3,9,4,22,1,10,var_0 counter_var_1 +,12,counter_var_0 var_1 +
1760,114 94 4 78 113,23,114 110 65 67 113,7,23,16,5,4,19,12,var_0 counter_var_1 +,39,counter_var_0 var_1 +
1761,114 86 96 7 113,35,114 101 39 36 113,28,14,7,5,4,16,33,var_0 counter_var_1 +,21,counter_var_0 var_1 +
1762,114 31 68 71 113,11,114 43 97 23 113,2,14,9,23,22,5,25,var_0 counter_var_1 +,23,counter_var_0 var_1 +
1763,114 47 54 53 113,40,114 39 57 97 113,18,10,22,4,8,11,22,var_0 counter_var_1 +,32,counter_var_0 var_1 +
1764,114 100 102 45 113,27,114 90 82 90 113,13,3,14,28,10,13,41,var_0 counter_var_1 +,17,counter_var_0 var_1 +
1765,114 93 48 95 113,8,114 66 18 72 113,6,8,2,10,2,18,16,var_0 counter_var_1 +,10,counter_var_0 var_1 +
1766,114 103 48 95 113,18,114 27 49 32 113,16,27,2,1,2,3,17,var_0 counter_var_1 +,29,counter_var_0 var_1 +
1767,114 58 35 37 113,6,114 25 86 94 113,0,25,6,1,12,17,1,var_0 counter_var_1 +,31,counter_var_0 var_1 +
1768,114 30 22 12 113,13,114 56 99 92 113,1,27,12,30,22,7,31,var_0 counter_var_1 +,39,counter_var_0 var_1 +
1769,114 82 36 19 113,43,114 37 91 106 113,24,8,19,13,13,22,37,var_0 counter_var_1 +,27,counter_var_0 var_1 +
1770,114 3 29 17 113,20,114 91 68 71 113,3,4,17,9,6,22,12,var_0 counter_var_1 +,21,counter_var_0 var_1 +
1771,114 11 86 94 113,12,114 67 58 2 113,11,9,1,2,17,12,13,var_0 counter_var_1 +,10,counter_var_0 var_1 +
1772,114 29 61 89 113,27,114 12 103 61 113,0,12,27,30,15,11,30,var_0 counter_var_1 +,39,counter_var_0 var_1 +
1773,114 37 56 5 113,13,114 32 89 29 113,8,3,5,29,10,20,37,var_0 counter_var_1 +,8,counter_var_0 var_1 +
1774,114 44 66 88 113,41,114 13 49 32 113,15,13,26,1,20,3,16,var_0 counter_var_1 +,39,counter_var_0 var_1 +
1775,114 93 8 57 113,32,114 89 4 78 113,6,2,26,16,8,4,22,var_0 counter_var_1 +,28,counter_var_0 var_1 +
1776,114 108 42 46 113,36,114 25 20 50 113,21,25,15,19,19,20,40,var_0 counter_var_1 +,40,counter_var_0 var_1 +
1777,114 107 103 61 113,50,114 109 60 63 113,20,22,30,1,11,14,21,var_0 counter_var_1 +,52,counter_var_0 var_1 +
1778,114 19 97 23 113,42,114 111 11 6 113,19,24,23,6,5,11,25,var_0 counter_var_1 +,47,counter_var_0 var_1 +
1779,114 61 101 39 113,11,114 25 93 105 113,3,25,8,12,9,1,15,var_0 counter_var_1 +,33,counter_var_0 var_1 +
1780,114 97 80 48 113,27,114 108 49 32 113,10,21,17,1,11,3,11,var_0 counter_var_1 +,38,counter_var_0 var_1 +
1781,114 56 50 27 113,54,114 22 109 65 113,27,22,27,3,4,17,30,var_0 counter_var_1 +,49,counter_var_0 var_1 +
1782,114 49 15 62 113,20,114 25 104 4 113,20,25,0,4,15,12,24,var_0 counter_var_1 +,25,counter_var_0 var_1 +
1783,114 92 25 20 113,25,114 90 91 106 113,5,3,20,13,2,22,18,var_0 counter_var_1 +,23,counter_var_0 var_1 +
1784,114 12 111 79 113,29,114 81 69 104 113,12,23,17,11,19,0,23,var_0 counter_var_1 +,40,counter_var_0 var_1 +
1785,114 99 62 43 113,24,114 20 97 23 113,12,20,12,23,16,5,35,var_0 counter_var_1 +,32,counter_var_0 var_1 +
1786,114 77 9 70 113,27,114 47 45 103 113,19,18,8,10,9,22,29,var_0 counter_var_1 +,26,counter_var_0 var_1 +
1787,114 81 50 27 113,50,114 33 67 80 113,23,4,27,18,4,21,41,var_0 counter_var_1 +,31,counter_var_0 var_1 +
1788,114 22 87 60 113,51,114 3 37 110 113,22,3,29,17,18,14,39,var_0 counter_var_1 +,32,counter_var_0 var_1 +
1789,114 46 96 7 113,24,114 59 112 13 113,17,1,7,13,4,20,30,var_0 counter_var_1 +,8,counter_var_0 var_1 +
1790,114 106 18 72 113,29,114 74 39 36 113,19,16,10,5,18,16,24,var_0 counter_var_1 +,26,counter_var_0 var_1 +
1791,114 102 1 0 113,15,114 9 36 19 113,15,9,0,19,1,13,34,var_0 counter_var_1 +,9,counter_var_0 var_1 +
1792,114 37 92 51 113,28,114 64 31 82 113,8,6,20,20,0,8,28,var_0 counter_var_1 +,26,counter_var_0 var_1 +
1793,114 57 108 85 113,51,114 38 39 36 113,28,9,23,5,16,16,33,var_0 counter_var_1 +,32,counter_var_0 var_1 +
1794,114 60 83 3 113,5,114 69 75 8 113,2,11,3,8,14,6,10,var_0 counter_var_1 +,14,counter_var_0 var_1 +
1795,114 39 93 105 113,22,114 32 92 51 113,10,3,12,20,1,0,30,var_0 counter_var_1 +,15,counter_var_0 var_1 +
1796,114 20 55 10 113,30,114 64 72 81 113,20,6,10,19,9,3,39,var_0 counter_var_1 +,16,counter_var_0 var_1 +
1797,114 106 24 35 113,23,114 58 8 57 113,19,0,4,26,1,8,45,var_0 counter_var_1 +,4,counter_var_0 var_1 +
1798,114 44 26 25 113,40,114 0 43 40 113,15,0,25,9,3,20,24,var_0 counter_var_1 +,25,counter_var_0 var_1 +
1799,114 84 60 63 113,27,114 6 6 64 113,26,6,1,2,14,6,28,var_0 counter_var_1 +,7,counter_var_0 var_1 +
1800,114 6 37 110 113,23,114 107 85 31 113,6,20,17,0,14,16,6,var_0 counter_var_1 +,37,counter_var_0 var_1 +
1801,114 26 25 20 113,46,114 65 13 18 113,26,7,20,18,2,13,44,var_0 counter_var_1 +,27,counter_var_0 var_1 +
1802,114 68 51 42 113,21,114 0 59 30 113,10,0,11,30,5,13,40,var_0 counter_var_1 +,11,counter_var_0 var_1 +
1803,114 35 36 19 113,25,114 0 74 91 113,6,0,19,29,13,5,35,var_0 counter_var_1 +,19,counter_var_0 var_1 +
1804,114 35 67 80 113,24,114 59 78 107 113,6,1,18,14,21,9,20,var_0 counter_var_1 +,19,counter_var_0 var_1 +
1805,114 21 36 19 113,40,114 112 33 14 113,21,25,19,14,13,10,35,var_0 counter_var_1 +,44,counter_var_0 var_1 +
1806,114 34 81 52 113,26,114 12 104 4 113,5,12,21,4,12,12,9,var_0 counter_var_1 +,33,counter_var_0 var_1 +
1807,114 23 86 94 113,24,114 112 56 5 113,23,25,1,5,17,10,28,var_0 counter_var_1 +,26,counter_var_0 var_1 +
1808,114 84 6 64 113,28,114 46 40 76 113,26,17,2,14,6,17,40,var_0 counter_var_1 +,19,counter_var_0 var_1 +
1809,114 29 59 30 113,30,114 66 29 17 113,0,8,30,17,13,6,17,var_0 counter_var_1 +,38,counter_var_0 var_1 +
1810,114 97 27 101 113,18,114 7 91 106 113,10,7,8,13,4,22,23,var_0 counter_var_1 +,15,counter_var_0 var_1 +
1811,114 33 32 1 113,5,114 70 92 51 113,4,12,1,20,9,0,24,var_0 counter_var_1 +,13,counter_var_0 var_1 +
1812,114 62 96 7 113,11,114 3 73 73 113,4,3,7,11,4,4,15,var_0 counter_var_1 +,10,counter_var_0 var_1 +
1813,114 78 15 62 113,20,114 55 99 92 113,20,26,0,30,15,7,50,var_0 counter_var_1 +,26,counter_var_0 var_1 +
1814,114 19 49 32 113,20,114 90 67 80 113,19,3,1,18,3,21,37,var_0 counter_var_1 +,4,counter_var_0 var_1 +
1815,114 96 46 87 113,34,114 32 48 95 113,9,3,25,2,0,2,11,var_0 counter_var_1 +,28,counter_var_0 var_1 +
1816,114 68 67 80 113,28,114 55 11 6 113,10,26,18,6,21,11,16,var_0 counter_var_1 +,44,counter_var_0 var_1 +
1817,114 47 58 2 113,20,114 44 96 7 113,18,15,2,7,12,4,25,var_0 counter_var_1 +,17,counter_var_0 var_1 +
1818,114 25 23 98 113,30,114 66 8 57 113,25,8,5,26,0,8,51,var_0 counter_var_1 +,13,counter_var_0 var_1 +
1819,114 57 57 97 113,32,114 50 53 68 113,28,21,4,6,11,7,34,var_0 counter_var_1 +,25,counter_var_0 var_1 +
1820,114 21 100 75 113,34,114 52 77 69 113,21,23,13,7,8,8,28,var_0 counter_var_1 +,36,counter_var_0 var_1 +
1821,114 41 87 60 113,41,114 85 61 89 113,12,27,29,27,18,15,39,var_0 counter_var_1 +,56,counter_var_0 var_1 +
1822,114 103 34 47 113,32,114 91 75 8 113,16,4,16,8,11,6,24,var_0 counter_var_1 +,20,counter_var_0 var_1 +
1823,114 104 96 7 113,24,114 29 25 20 113,17,0,7,20,4,2,37,var_0 counter_var_1 +,7,counter_var_0 var_1 +
1824,114 12 29 17 113,29,114 104 70 77 113,12,17,17,15,6,1,27,var_0 counter_var_1 +,34,counter_var_0 var_1 +
1825,114 108 103 61 113,51,114 84 103 61 113,21,26,30,30,11,11,51,var_0 counter_var_1 +,56,counter_var_0 var_1 +
1826,114 9 39 36 113,14,114 34 5 24 113,9,5,5,24,16,5,33,var_0 counter_var_1 +,10,counter_var_0 var_1 +
1827,114 7 95 109 113,23,114 38 9 70 113,7,9,16,8,3,9,15,var_0 counter_var_1 +,25,counter_var_0 var_1 +
1828,114 87 58 2 113,2,114 18 103 61 113,0,18,2,30,12,11,30,var_0 counter_var_1 +,20,counter_var_0 var_1 +
1829,114 37 36 19 113,27,114 37 81 52 113,8,8,19,21,13,12,29,var_0 counter_var_1 +,27,counter_var_0 var_1 +
1830,114 82 72 81 113,43,114 36 25 20 113,24,7,19,20,3,2,44,var_0 counter_var_1 +,26,counter_var_0 var_1 +
1831,114 106 0 38 113,26,114 31 5 24 113,19,2,7,24,0,5,43,var_0 counter_var_1 +,9,counter_var_0 var_1 +
1832,114 42 41 34 113,16,114 48 79 58 113,13,19,3,27,18,10,40,var_0 counter_var_1 +,22,counter_var_0 var_1 +
1833,114 96 55 10 113,19,114 57 86 94 113,9,28,10,1,9,17,10,var_0 counter_var_1 +,38,counter_var_0 var_1 +
1834,114 50 88 16 113,37,114 73 35 37 113,21,15,16,6,19,12,27,var_0 counter_var_1 +,31,counter_var_0 var_1 +
1835,114 15 98 74 113,27,114 78 48 95 113,15,20,12,2,6,2,17,var_0 counter_var_1 +,32,counter_var_0 var_1 +
1836,114 51 32 1 113,23,114 87 38 59 113,22,0,1,28,9,15,50,var_0 counter_var_1 +,1,counter_var_0 var_1 +
1837,114 58 84 44 113,13,114 49 96 7 113,0,20,13,7,15,4,7,var_0 counter_var_1 +,33,counter_var_0 var_1 +
1838,114 24 56 5 113,29,114 101 67 80 113,24,14,5,18,10,21,42,var_0 counter_var_1 +,19,counter_var_0 var_1 +
1839,114 54 13 18 113,43,114 110 109 65 113,25,23,18,3,13,17,28,var_0 counter_var_1 +,41,counter_var_0 var_1 +
1840,114 101 100 75 113,27,114 26 65 67 113,14,26,13,5,8,19,19,var_0 counter_var_1 +,39,counter_var_0 var_1 +
1841,114 102 73 73 113,26,114 17 98 74 113,15,17,11,12,4,6,27,var_0 counter_var_1 +,28,counter_var_0 var_1 +
1842,114 3 47 93 113,3,114 77 60 63 113,3,19,0,1,1,14,4,var_0 counter_var_1 +,19,counter_var_0 var_1 +
1843,114 94 30 99 113,13,114 24 12 83 113,7,24,6,21,7,12,28,var_0 counter_var_1 +,30,counter_var_0 var_1 +
1844,114 12 89 29 113,41,114 27 97 23 113,12,27,29,23,20,5,35,var_0 counter_var_1 +,56,counter_var_0 var_1 +
1845,114 5 43 40 113,14,114 2 9 70 113,5,2,9,8,20,9,13,var_0 counter_var_1 +,11,counter_var_0 var_1 +
1846,114 67 78 107 113,23,114 41 72 81 113,9,12,14,19,9,3,28,var_0 counter_var_1 +,26,counter_var_0 var_1 +
1847,114 104 108 85 113,40,114 31 26 25 113,17,2,23,25,16,3,42,var_0 counter_var_1 +,25,counter_var_0 var_1 +
1848,114 59 111 79 113,18,114 44 60 63 113,1,15,17,1,19,14,2,var_0 counter_var_1 +,32,counter_var_0 var_1 +
1849,114 29 26 25 113,25,114 48 59 30 113,0,19,25,30,3,13,30,var_0 counter_var_1 +,44,counter_var_0 var_1 +
1850,114 72 75 8 113,22,114 104 7 22 113,14,17,8,22,6,7,36,var_0 counter_var_1 +,25,counter_var_0 var_1 +
1851,114 84 11 6 113,32,114 20 45 103 113,26,20,6,10,11,22,36,var_0 counter_var_1 +,26,counter_var_0 var_1 +
1852,114 101 28 55 113,38,114 21 47 93 113,14,21,24,0,5,1,14,var_0 counter_var_1 +,45,counter_var_0 var_1 +
1853,114 71 8 57 113,39,114 58 51 42 113,13,0,26,11,8,5,24,var_0 counter_var_1 +,26,counter_var_0 var_1 +
1854,114 32 54 53 113,25,114 90 44 41 113,3,3,22,10,8,21,13,var_0 counter_var_1 +,25,counter_var_0 var_1 +
1855,114 65 56 5 113,12,114 47 96 7 113,7,18,5,7,10,4,14,var_0 counter_var_1 +,23,counter_var_0 var_1 +
1856,114 49 14 33 113,22,114 91 31 82 113,20,4,2,20,14,8,40,var_0 counter_var_1 +,6,counter_var_0 var_1 +
1857,114 89 9 70 113,10,114 28 36 19 113,2,28,8,19,9,13,21,var_0 counter_var_1 +,36,counter_var_0 var_1 +
1858,114 74 73 73 113,27,114 112 0 38 113,16,25,11,7,4,0,23,var_0 counter_var_1 +,36,counter_var_0 var_1 +
1859,114 36 91 106 113,20,114 0 78 107 113,7,0,13,14,22,9,21,var_0 counter_var_1 +,13,counter_var_0 var_1 +
1860,114 41 12 83 113,33,114 98 76 54 113,12,11,21,23,12,7,35,var_0 counter_var_1 +,32,counter_var_0 var_1 +
1861,114 52 80 48 113,40,114 50 30 99 113,23,21,17,6,11,7,29,var_0 counter_var_1 +,38,counter_var_0 var_1 +
1862,114 18 73 73 113,29,114 72 8 57 113,18,14,11,26,4,8,44,var_0 counter_var_1 +,25,counter_var_0 var_1 +
1863,114 81 51 42 113,34,114 81 65 67 113,23,23,11,5,5,19,28,var_0 counter_var_1 +,34,counter_var_0 var_1 +
1864,114 86 27 101 113,36,114 75 69 104 113,28,17,8,11,4,0,39,var_0 counter_var_1 +,25,counter_var_0 var_1 +
1865,114 83 17 112 113,44,114 85 26 25 113,25,27,19,25,17,3,50,var_0 counter_var_1 +,46,counter_var_0 var_1 +
1866,114 22 82 90 113,50,114 86 46 87 113,22,28,28,25,13,0,47,var_0 counter_var_1 +,56,counter_var_0 var_1 +
1867,114 53 110 108 113,39,114 7 14 33 113,24,7,15,2,18,14,26,var_0 counter_var_1 +,22,counter_var_0 var_1 +
1868,114 64 27 101 113,14,114 75 49 32 113,6,17,8,1,4,3,7,var_0 counter_var_1 +,25,counter_var_0 var_1 +
1869,114 48 106 56 113,44,114 104 92 51 113,19,17,25,20,14,0,39,var_0 counter_var_1 +,42,counter_var_0 var_1 +
1870,114 89 74 91 113,31,114 86 89 29 113,2,28,29,29,5,20,31,var_0 counter_var_1 +,57,counter_var_0 var_1 +
1871,114 16 47 93 113,16,114 88 33 14 113,16,1,0,14,1,10,30,var_0 counter_var_1 +,1,counter_var_0 var_1 +
1872,114 70 34 47 113,28,114 52 72 81 113,12,23,16,19,11,3,31,var_0 counter_var_1 +,39,counter_var_0 var_1 +
1873,114 110 77 69 113,30,114 84 35 37 113,23,26,7,6,8,12,29,var_0 counter_var_1 +,33,counter_var_0 var_1 +
1874,114 31 79 58 113,29,114 59 9 70 113,2,1,27,8,10,9,10,var_0 counter_var_1 +,28,counter_var_0 var_1 +
1875,114 50 83 3 113,24,114 55 18 72 113,21,26,3,10,14,18,31,var_0 counter_var_1 +,29,counter_var_0 var_1 +
1876,114 77 74 91 113,48,114 29 81 52 113,19,0,29,21,5,12,40,var_0 counter_var_1 +,29,counter_var_0 var_1 +
1877,114 92 18 72 113,15,114 38 51 42 113,5,9,10,11,18,5,16,var_0 counter_var_1 +,19,counter_var_0 var_1 +
1878,114 75 65 67 113,22,114 13 66 88 113,17,13,5,26,19,20,43,var_0 counter_var_1 +,18,counter_var_0 var_1 +
1879,114 89 31 82 113,22,114 27 82 90 113,2,27,20,28,8,13,30,var_0 counter_var_1 +,47,counter_var_0 var_1 +
1880,114 41 102 45 113,26,114 31 7 22 113,12,2,14,22,10,7,34,var_0 counter_var_1 +,16,counter_var_0 var_1 +
1881,114 9 14 33 113,11,114 109 88 16 113,9,22,2,16,14,19,25,var_0 counter_var_1 +,24,counter_var_0 var_1 +
1882,114 4 77 69 113,11,114 72 0 38 113,4,14,7,7,8,0,11,var_0 counter_var_1 +,21,counter_var_0 var_1 +
1883,114 51 93 105 113,34,114 75 34 47 113,22,17,12,16,1,11,38,var_0 counter_var_1 +,29,counter_var_0 var_1 +
1884,114 45 86 94 113,17,114 9 11 6 113,16,9,1,6,17,11,22,var_0 counter_var_1 +,10,counter_var_0 var_1 +
1885,114 46 66 88 113,43,114 81 31 82 113,17,23,26,20,20,8,37,var_0 counter_var_1 +,49,counter_var_0 var_1 +
1886,114 23 43 40 113,32,114 85 44 41 113,23,27,9,10,20,21,33,var_0 counter_var_1 +,36,counter_var_0 var_1 +
1887,114 31 19 15 113,17,114 85 30 99 113,2,27,15,6,19,7,8,var_0 counter_var_1 +,42,counter_var_0 var_1 +
1888,114 100 56 5 113,18,114 68 64 66 113,13,10,5,4,10,18,17,var_0 counter_var_1 +,15,counter_var_0 var_1 +
1889,114 74 11 6 113,22,114 20 80 48 113,16,20,6,17,11,11,33,var_0 counter_var_1 +,26,counter_var_0 var_1 +
1890,114 52 107 28 113,51,114 6 28 55 113,23,6,28,24,15,5,47,var_0 counter_var_1 +,34,counter_var_0 var_1 +
1891,114 112 67 80 113,43,114 100 1 0 113,25,13,18,0,21,1,25,var_0 counter_var_1 +,31,counter_var_0 var_1 +
1892,114 33 44 41 113,14,114 55 94 96 113,4,26,10,3,21,2,7,var_0 counter_var_1 +,36,counter_var_0 var_1 +
1893,114 83 62 43 113,37,114 0 103 61 113,25,0,12,30,16,11,55,var_0 counter_var_1 +,12,counter_var_0 var_1 +
1894,114 44 23 98 113,20,114 95 23 98 113,15,8,5,5,0,0,20,var_0 counter_var_1 +,13,counter_var_0 var_1 +
1895,114 97 70 77 113,25,114 85 108 85 113,10,27,15,23,1,16,33,var_0 counter_var_1 +,42,counter_var_0 var_1 +
1896,114 39 109 65 113,13,114 49 16 21 113,10,20,3,21,17,16,31,var_0 counter_var_1 +,23,counter_var_0 var_1 +
1897,114 79 90 102 113,30,114 65 50 27 113,21,7,9,27,21,4,48,var_0 counter_var_1 +,16,counter_var_0 var_1 +
1898,114 61 24 35 113,7,114 72 60 63 113,3,14,4,1,1,14,4,var_0 counter_var_1 +,18,counter_var_0 var_1 +
1899,114 59 17 112 113,20,114 49 98 74 113,1,20,19,12,17,6,13,var_0 counter_var_1 +,39,counter_var_0 var_1 +
1900,114 36 103 61 113,37,114 5 111 79 113,7,5,30,17,11,19,24,var_0 counter_var_1 +,35,counter_var_0 var_1 +
1901,114 75 33 14 113,31,114 4 106 56 113,17,4,14,25,10,14,42,var_0 counter_var_1 +,18,counter_var_0 var_1 +
1902,114 54 35 37 113,31,114 94 97 23 113,25,7,6,23,12,5,48,var_0 counter_var_1 +,13,counter_var_0 var_1 +
1903,114 67 105 111 113,27,114 108 41 34 113,9,21,18,3,13,18,12,var_0 counter_var_1 +,39,counter_var_0 var_1 +
1904,114 70 104 4 113,16,114 13 97 23 113,12,13,4,23,12,5,35,var_0 counter_var_1 +,17,counter_var_0 var_1 +
1905,114 109 99 92 113,52,114 68 87 60 113,22,10,30,29,7,18,51,var_0 counter_var_1 +,40,counter_var_0 var_1 +
1906,114 6 48 95 113,8,114 30 70 77 113,6,1,2,15,2,1,21,var_0 counter_var_1 +,3,counter_var_0 var_1 +
1907,114 72 14 33 113,16,114 8 37 110 113,14,8,2,17,14,14,31,var_0 counter_var_1 +,10,counter_var_0 var_1 +
1908,114 73 87 60 113,44,114 85 14 33 113,15,27,29,2,18,14,17,var_0 counter_var_1 +,56,counter_var_0 var_1 +
1909,114 10 32 1 113,11,114 3 13 18 113,10,3,1,18,9,13,28,var_0 counter_var_1 +,4,counter_var_0 var_1 +
1910,114 19 54 53 113,41,114 93 19 15 113,19,6,22,15,8,19,34,var_0 counter_var_1 +,28,counter_var_0 var_1 +
1911,114 18 74 91 113,47,114 96 30 99 113,18,9,29,6,5,7,24,var_0 counter_var_1 +,38,counter_var_0 var_1 +
1912,114 10 70 77 113,25,114 4 0 38 113,10,4,15,7,1,0,17,var_0 counter_var_1 +,19,counter_var_0 var_1 +
1913,114 112 84 44 113,38,114 44 31 82 113,25,15,13,20,15,8,45,var_0 counter_var_1 +,28,counter_var_0 var_1 +
1914,114 0 23 98 113,5,114 59 18 72 113,0,1,5,10,0,18,10,var_0 counter_var_1 +,6,counter_var_0 var_1 +
1915,114 28 75 8 113,36,114 33 46 87 113,28,4,8,25,6,0,53,var_0 counter_var_1 +,12,counter_var_0 var_1 +
1916,114 26 65 67 113,31,114 8 7 22 113,26,8,5,22,19,7,48,var_0 counter_var_1 +,13,counter_var_0 var_1 +
1917,114 29 85 31 113,0,114 109 66 88 113,0,22,0,26,16,20,26,var_0 counter_var_1 +,22,counter_var_0 var_1 +
1918,114 26 108 85 113,49,114 9 102 45 113,26,9,23,14,16,10,40,var_0 counter_var_1 +,32,counter_var_0 var_1 +
1919,114 21 2 84 113,43,114 74 48 95 113,21,16,22,2,2,2,23,var_0 counter_var_1 +,38,counter_var_0 var_1 +
1920,114 66 102 45 113,22,114 86 48 95 113,8,28,14,2,10,2,10,var_0 counter_var_1 +,42,counter_var_0 var_1 +
1921,114 42 35 37 113,19,114 74 77 69 113,13,16,6,7,12,8,20,var_0 counter_var_1 +,22,counter_var_0 var_1 +
1922,114 60 86 94 113,3,114 46 96 7 113,2,17,1,7,17,4,9,var_0 counter_var_1 +,18,counter_var_0 var_1 +
1923,114 15 39 36 113,20,114 104 93 105 113,15,17,5,12,16,1,27,var_0 counter_var_1 +,22,counter_var_0 var_1 +
1924,114 62 26 25 113,29,114 42 99 92 113,4,13,25,30,3,7,34,var_0 counter_var_1 +,38,counter_var_0 var_1 +
1925,114 38 111 79 113,26,114 52 39 36 113,9,23,17,5,19,16,14,var_0 counter_var_1 +,40,counter_var_0 var_1 +
1926,114 4 99 92 113,34,114 80 105 111 113,4,22,30,18,7,13,22,var_0 counter_var_1 +,52,counter_var_0 var_1 +
1927,114 16 81 52 113,37,114 41 101 39 113,16,12,21,8,12,9,24,var_0 counter_var_1 +,33,counter_var_0 var_1 +
1928,114 35 65 67 113,11,114 82 61 89 113,6,24,5,27,19,15,33,var_0 counter_var_1 +,29,counter_var_0 var_1 +
1929,114 9 7 22 113,31,114 87 75 8 113,9,0,22,8,7,6,17,var_0 counter_var_1 +,22,counter_var_0 var_1 +
1930,114 52 98 74 113,35,114 54 81 52 113,23,25,12,21,6,12,44,var_0 counter_var_1 +,37,counter_var_0 var_1 +
1931,114 91 62 43 113,16,114 44 47 93 113,4,15,12,0,16,1,4,var_0 counter_var_1 +,27,counter_var_0 var_1 +
1932,114 74 51 42 113,27,114 69 9 70 113,16,11,11,8,5,9,24,var_0 counter_var_1 +,22,counter_var_0 var_1 +
1933,114 35 57 97 113,10,114 59 31 82 113,6,1,4,20,11,8,26,var_0 counter_var_1 +,5,counter_var_0 var_1 +
1934,114 56 16 21 113,48,114 65 17 112 113,27,7,21,19,16,17,46,var_0 counter_var_1 +,28,counter_var_0 var_1 +
1935,114 24 83 3 113,27,114 84 75 8 113,24,26,3,8,14,6,32,var_0 counter_var_1 +,29,counter_var_0 var_1 +
1936,114 83 60 63 113,26,114 27 58 2 113,25,27,1,2,14,12,27,var_0 counter_var_1 +,28,counter_var_0 var_1 +
1937,114 53 65 67 113,29,114 110 33 14 113,24,23,5,14,19,10,38,var_0 counter_var_1 +,28,counter_var_0 var_1 +
1938,114 46 57 97 113,21,114 108 78 107 113,17,21,4,14,11,9,31,var_0 counter_var_1 +,25,counter_var_0 var_1 +
1939,114 32 73 73 113,14,114 14 36 19 113,3,14,11,19,4,13,22,var_0 counter_var_1 +,25,counter_var_0 var_1 +
1940,114 94 35 37 113,13,114 102 22 12 113,7,15,6,12,12,22,19,var_0 counter_var_1 +,21,counter_var_0 var_1 +
1941,114 112 23 98 113,30,114 27 18 72 113,25,27,5,10,0,18,35,var_0 counter_var_1 +,32,counter_var_0 var_1 +
1942,114 88 75 8 113,9,114 62 69 104 113,1,4,8,11,6,0,12,var_0 counter_var_1 +,12,counter_var_0 var_1 +
1943,114 55 14 33 113,28,114 0 98 74 113,26,0,2,12,14,6,38,var_0 counter_var_1 +,2,counter_var_0 var_1 +
1944,114 59 18 72 113,11,114 21 28 55 113,1,21,10,24,18,5,25,var_0 counter_var_1 +,31,counter_var_0 var_1 +
1945,114 15 107 28 113,43,114 103 55 10 113,15,16,28,10,15,9,25,var_0 counter_var_1 +,44,counter_var_0 var_1 +
1946,114 53 1 0 113,24,114 110 39 36 113,24,23,0,5,1,16,29,var_0 counter_var_1 +,23,counter_var_0 var_1 +
1947,114 60 65 67 113,7,114 103 57 97 113,2,16,5,4,19,11,6,var_0 counter_var_1 +,21,counter_var_0 var_1 +
1948,114 7 81 52 113,28,114 60 38 59 113,7,2,21,28,12,15,35,var_0 counter_var_1 +,23,counter_var_0 var_1 +
1949,114 80 7 22 113,44,114 41 5 24 113,22,12,22,24,7,5,46,var_0 counter_var_1 +,34,counter_var_0 var_1 +
1950,114 96 18 72 113,19,114 0 85 31 113,9,0,10,0,18,16,9,var_0 counter_var_1 +,10,counter_var_0 var_1 +
1951,114 59 84 44 113,14,114 112 51 42 113,1,25,13,11,15,5,12,var_0 counter_var_1 +,38,counter_var_0 var_1 +
1952,114 83 8 57 113,51,114 97 16 21 113,25,10,26,21,8,16,46,var_0 counter_var_1 +,36,counter_var_0 var_1 +
1953,114 88 78 107 113,15,114 22 64 66 113,1,22,14,4,9,18,5,var_0 counter_var_1 +,36,counter_var_0 var_1 +
1954,114 38 75 8 113,17,114 23 112 13 113,9,23,8,13,6,20,22,var_0 counter_var_1 +,31,counter_var_0 var_1 +
1955,114 34 18 72 113,15,114 66 21 49 113,5,8,10,18,18,21,23,var_0 counter_var_1 +,18,counter_var_0 var_1 +
1956,114 61 26 25 113,28,114 90 53 68 113,3,3,25,6,3,7,9,var_0 counter_var_1 +,28,counter_var_0 var_1 +
1957,114 19 2 84 113,41,114 108 33 14 113,19,21,22,14,2,10,33,var_0 counter_var_1 +,43,counter_var_0 var_1 +
1958,114 97 29 17 113,27,114 95 68 71 113,10,8,17,9,6,22,19,var_0 counter_var_1 +,25,counter_var_0 var_1 +
1959,114 19 63 26 113,45,114 10 75 8 113,19,10,26,8,17,6,27,var_0 counter_var_1 +,36,counter_var_0 var_1 +
1960,114 7 49 32 113,8,114 74 74 91 113,7,16,1,29,3,5,36,var_0 counter_var_1 +,17,counter_var_0 var_1 +
1961,114 75 85 31 113,17,114 33 60 63 113,17,4,0,1,16,14,18,var_0 counter_var_1 +,4,counter_var_0 var_1 +
1962,114 32 46 87 113,28,114 80 10 11 113,3,22,25,11,0,10,14,var_0 counter_var_1 +,47,counter_var_0 var_1 +
1963,114 39 56 5 113,15,114 2 18 72 113,10,2,5,10,10,18,20,var_0 counter_var_1 +,7,counter_var_0 var_1 +
1964,114 34 13 18 113,23,114 85 89 29 113,5,27,18,29,13,20,34,var_0 counter_var_1 +,45,counter_var_0 var_1 +
1965,114 84 5 24 113,50,114 41 75 8 113,26,12,24,8,5,6,34,var_0 counter_var_1 +,36,counter_var_0 var_1 +
1966,114 12 80 48 113,29,114 20 90 102 113,12,20,17,9,11,21,21,var_0 counter_var_1 +,37,counter_var_0 var_1 +
1967,114 8 100 75 113,21,114 63 109 65 113,8,5,13,3,8,17,11,var_0 counter_var_1 +,18,counter_var_0 var_1 +
1968,114 88 100 75 113,14,114 74 97 23 113,1,16,13,23,8,5,24,var_0 counter_var_1 +,29,counter_var_0 var_1 +
1969,114 9 111 79 113,26,114 64 29 17 113,9,6,17,17,19,6,26,var_0 counter_var_1 +,23,counter_var_0 var_1 +
1970,114 72 84 44 113,27,114 48 26 25 113,14,19,13,25,15,3,39,var_0 counter_var_1 +,32,counter_var_0 var_1 +
1971,114 81 9 70 113,31,114 89 67 80 113,23,2,8,18,9,21,41,var_0 counter_var_1 +,10,counter_var_0 var_1 +
1972,114 21 74 91 113,50,114 34 70 77 113,21,5,29,15,5,1,36,var_0 counter_var_1 +,34,counter_var_0 var_1 +
1973,114 9 33 14 113,23,114 94 38 59 113,9,7,14,28,10,15,37,var_0 counter_var_1 +,21,counter_var_0 var_1 +
1974,114 20 99 92 113,50,114 10 112 13 113,20,10,30,13,7,20,33,var_0 counter_var_1 +,40,counter_var_0 var_1 +
1975,114 27 69 104 113,38,114 77 8 57 113,27,19,11,26,0,8,53,var_0 counter_var_1 +,30,counter_var_0 var_1 +
1976,114 28 86 94 113,29,114 110 110 108 113,28,23,1,15,17,18,43,var_0 counter_var_1 +,24,counter_var_0 var_1 +
1977,114 88 96 7 113,8,114 23 58 2 113,1,23,7,2,4,12,3,var_0 counter_var_1 +,30,counter_var_0 var_1 +
1978,114 103 41 34 113,19,114 83 51 42 113,16,25,3,11,18,5,27,var_0 counter_var_1 +,28,counter_var_0 var_1 +
1979,114 22 63 26 113,48,114 60 77 69 113,22,2,26,7,17,8,29,var_0 counter_var_1 +,28,counter_var_0 var_1 +
1980,114 31 36 19 113,21,114 109 51 42 113,2,22,19,11,13,5,13,var_0 counter_var_1 +,41,counter_var_0 var_1 +
1981,114 15 60 63 113,16,114 34 59 30 113,15,5,1,30,14,13,45,var_0 counter_var_1 +,6,counter_var_0 var_1 +
1982,114 66 61 89 113,35,114 98 21 49 113,8,11,27,18,15,21,26,var_0 counter_var_1 +,38,counter_var_0 var_1 +
1983,114 5 111 79 113,22,114 93 59 30 113,5,6,17,30,19,13,35,var_0 counter_var_1 +,23,counter_var_0 var_1 +
1984,114 53 75 8 113,32,114 49 22 12 113,24,20,8,12,6,22,36,var_0 counter_var_1 +,28,counter_var_0 var_1 +
1985,114 61 72 81 113,22,114 65 68 71 113,3,7,19,9,3,22,12,var_0 counter_var_1 +,26,counter_var_0 var_1 +
1986,114 40 95 109 113,27,114 38 95 109 113,11,9,16,16,3,3,27,var_0 counter_var_1 +,25,counter_var_0 var_1 +
1987,114 18 98 74 113,30,114 100 17 112 113,18,13,12,19,6,17,37,var_0 counter_var_1 +,25,counter_var_0 var_1 +
1988,114 86 50 27 113,55,114 85 90 102 113,28,27,27,9,4,21,37,var_0 counter_var_1 +,54,counter_var_0 var_1 +
1989,114 3 86 94 113,4,114 36 19 15 113,3,7,1,15,17,19,18,var_0 counter_var_1 +,8,counter_var_0 var_1 +
1990,114 87 78 107 113,14,114 109 57 97 113,0,22,14,4,9,11,4,var_0 counter_var_1 +,36,counter_var_0 var_1 +
1991,114 14 79 58 113,41,114 85 17 112 113,14,27,27,19,10,17,33,var_0 counter_var_1 +,54,counter_var_0 var_1 +
1992,114 61 69 104 113,14,114 48 71 100 113,3,19,11,7,0,2,10,var_0 counter_var_1 +,30,counter_var_0 var_1 +
1993,114 0 88 16 113,16,114 21 68 71 113,0,21,16,9,19,22,9,var_0 counter_var_1 +,37,counter_var_0 var_1 +
1994,114 59 110 108 113,16,114 98 6 64 113,1,11,15,2,18,6,3,var_0 counter_var_1 +,26,counter_var_0 var_1 +
1995,114 110 107 28 113,51,114 16 61 89 113,23,16,28,27,15,15,50,var_0 counter_var_1 +,44,counter_var_0 var_1 +
1996,114 107 25 20 113,40,114 88 20 50 113,20,1,20,19,2,20,39,var_0 counter_var_1 +,21,counter_var_0 var_1 +
1997,114 38 99 92 113,39,114 75 9 70 113,9,17,30,8,7,9,17,var_0 counter_var_1 +,47,counter_var_0 var_1 +
1998,114 14 54 53 113,36,114 73 96 7 113,14,15,22,7,8,4,21,var_0 counter_var_1 +,37,counter_var_0 var_1 +
1999,114 97 57 97 113,14,114 56 70 77 113,10,27,4,15,11,1,25,var_0 counter_var_1 +,31,counter_var_0 var_1 +
2000,114 99 74 91 113,41,114 24 107 28 113,12,24,29,28,5,15,40,var_0 counter_var_1 +,53,counter_var_0 var_1 +
2001,114 22 48 95 113,24,114 40 66 88 113,22,11,2,26,2,20,48,var_0 counter_var_1 +,13,counter_var_0 var_1 +
2002,114 42 108 85 113,36,114 19 44 41 113,13,19,23,10,16,21,23,var_0 counter_var_1 +,42,counter_var_0 var_1 +
2003,114 43 72 81 113,33,114 94 100 75 113,14,7,19,13,3,8,27,var_0 counter_var_1 +,26,counter_var_0 var_1 +
2004,114 37 24 35 113,12,114 99 97 23 113,8,12,4,23,1,5,31,var_0 counter_var_1 +,16,counter_var_0 var_1 +
2005,114 18 13 18 113,36,114 57 34 47 113,18,28,18,16,13,11,34,var_0 counter_var_1 +,46,counter_var_0 var_1 +
2006,114 107 97 23 113,43,114 78 93 105 113,20,20,23,12,5,1,32,var_0 counter_var_1 +,43,counter_var_0 var_1 +
2007,114 70 94 96 113,15,114 34 52 9 113,12,5,3,9,2,6,21,var_0 counter_var_1 +,8,counter_var_0 var_1 +
2008,114 13 96 7 113,20,114 1 73 73 113,13,1,7,11,4,4,24,var_0 counter_var_1 +,8,counter_var_0 var_1 +
2009,114 58 68 71 113,9,114 98 103 61 113,0,11,9,30,22,11,30,var_0 counter_var_1 +,20,counter_var_0 var_1 +
2010,114 110 35 37 113,29,114 37 25 20 113,23,8,6,20,12,2,43,var_0 counter_var_1 +,14,counter_var_0 var_1 +
2011,114 80 111 79 113,39,114 101 74 91 113,22,14,17,29,19,5,51,var_0 counter_var_1 +,31,counter_var_0 var_1 +
2012,114 81 56 5 113,28,114 3 76 54 113,23,3,5,23,10,7,46,var_0 counter_var_1 +,8,counter_var_0 var_1 +
2013,114 76 109 65 113,21,114 79 51 42 113,18,21,3,11,17,5,29,var_0 counter_var_1 +,24,counter_var_0 var_1 +
2014,114 93 101 39 113,14,114 107 15 62 113,6,20,8,0,9,15,6,var_0 counter_var_1 +,28,counter_var_0 var_1 +
2015,114 9 0 38 113,16,114 74 35 37 113,9,16,7,6,0,12,15,var_0 counter_var_1 +,23,counter_var_0 var_1 +
2016,114 42 67 80 113,31,114 69 34 47 113,13,11,18,16,21,11,29,var_0 counter_var_1 +,29,counter_var_0 var_1 +
2017,114 42 29 17 113,30,114 10 42 46 113,13,10,17,15,6,19,28,var_0 counter_var_1 +,27,counter_var_0 var_1 +
2018,114 11 79 58 113,38,114 80 25 20 113,11,22,27,20,10,2,31,var_0 counter_var_1 +,49,counter_var_0 var_1 +
2019,114 99 19 15 113,27,114 42 35 37 113,12,13,15,6,19,12,18,var_0 counter_var_1 +,28,counter_var_0 var_1 +
2020,114 110 73 73 113,34,114 100 12 83 113,23,13,11,21,4,12,44,var_0 counter_var_1 +,24,counter_var_0 var_1 +
2021,114 110 33 14 113,37,114 17 111 79 113,23,17,14,17,10,19,40,var_0 counter_var_1 +,31,counter_var_0 var_1 +
2022,114 85 59 30 113,57,114 78 103 61 113,27,20,30,30,13,11,57,var_0 counter_var_1 +,50,counter_var_0 var_1 +
2023,114 12 56 5 113,17,114 10 78 107 113,12,10,5,14,10,9,26,var_0 counter_var_1 +,15,counter_var_0 var_1 +
2024,114 26 64 66 113,30,114 107 24 35 113,26,20,4,4,18,1,30,var_0 counter_var_1 +,24,counter_var_0 var_1 +
2025,114 25 16 21 113,46,114 84 4 78 113,25,26,21,16,16,4,41,var_0 counter_var_1 +,47,counter_var_0 var_1 +
2026,114 25 69 104 113,36,114 9 14 33 113,25,9,11,2,0,14,27,var_0 counter_var_1 +,20,counter_var_0 var_1 +
2027,114 31 73 73 113,13,114 61 100 75 113,2,3,11,13,4,8,15,var_0 counter_var_1 +,14,counter_var_0 var_1 +
2028,114 18 58 2 113,20,114 28 49 32 113,18,28,2,1,12,3,19,var_0 counter_var_1 +,30,counter_var_0 var_1 +
2029,114 86 19 15 113,43,114 16 74 91 113,28,16,15,29,19,5,57,var_0 counter_var_1 +,31,counter_var_0 var_1 +
2030,114 12 37 110 113,29,114 21 44 41 113,12,21,17,10,14,21,22,var_0 counter_var_1 +,38,counter_var_0 var_1 +
2031,114 37 58 2 113,10,114 84 87 60 113,8,26,2,29,12,18,37,var_0 counter_var_1 +,28,counter_var_0 var_1 +
2032,114 88 6 64 113,3,114 95 62 43 113,1,8,2,12,6,16,13,var_0 counter_var_1 +,10,counter_var_0 var_1 +
2033,114 85 89 29 113,56,114 49 67 80 113,27,20,29,18,20,21,45,var_0 counter_var_1 +,49,counter_var_0 var_1 +
2034,114 110 86 94 113,24,114 37 47 93 113,23,8,1,0,17,1,23,var_0 counter_var_1 +,9,counter_var_0 var_1 +
2035,114 60 73 73 113,13,114 42 96 7 113,2,13,11,7,4,4,9,var_0 counter_var_1 +,24,counter_var_0 var_1 +
2036,114 8 53 68 113,14,114 2 84 44 113,8,2,6,13,7,15,21,var_0 counter_var_1 +,8,counter_var_0 var_1 +
2037,114 21 53 68 113,27,114 107 87 60 113,21,20,6,29,7,18,50,var_0 counter_var_1 +,26,counter_var_0 var_1 +
2038,114 8 67 80 113,26,114 107 41 34 113,8,20,18,3,21,18,11,var_0 counter_var_1 +,38,counter_var_0 var_1 +
2039,114 77 61 89 113,46,114 71 107 28 113,19,13,27,28,15,15,47,var_0 counter_var_1 +,40,counter_var_0 var_1 +
2040,114 13 105 111 113,31,114 73 50 27 113,13,15,18,27,13,4,40,var_0 counter_var_1 +,33,counter_var_0 var_1 +
2041,114 76 41 34 113,21,114 36 31 82 113,18,7,3,20,18,8,38,var_0 counter_var_1 +,10,counter_var_0 var_1 +
2042,114 90 41 34 113,6,114 97 14 33 113,3,10,3,2,18,14,5,var_0 counter_var_1 +,13,counter_var_0 var_1 +
2043,114 94 90 102 113,16,114 12 88 16 113,7,12,9,16,21,19,23,var_0 counter_var_1 +,21,counter_var_0 var_1 +
2044,114 55 56 5 113,31,114 73 83 3 113,26,15,5,3,10,14,29,var_0 counter_var_1 +,20,counter_var_0 var_1 +
2045,114 100 80 48 113,30,114 75 58 2 113,13,17,17,2,11,12,15,var_0 counter_var_1 +,34,counter_var_0 var_1 +
2046,114 87 101 39 113,8,114 107 62 43 113,0,20,8,12,9,16,12,var_0 counter_var_1 +,28,counter_var_0 var_1 +
2047,114 8 97 23 113,31,114 35 100 75 113,8,6,23,13,5,8,21,var_0 counter_var_1 +,29,counter_var_0 var_1 +
2048,114 101 21 49 113,32,114 41 44 41 113,14,12,18,10,21,21,24,var_0 counter_var_1 +,30,counter_var_0 var_1 +
2049,114 49 80 48 113,37,114 62 95 109 113,20,4,17,16,11,3,36,var_0 counter_var_1 +,21,counter_var_0 var_1 +
2050,114 108 69 104 113,32,114 112 10 11 113,21,25,11,11,0,10,32,var_0 counter_var_1 +,36,counter_var_0 var_1 +
2051,114 18 36 19 113,37,114 10 63 26 113,18,10,19,26,13,17,44,var_0 counter_var_1 +,29,counter_var_0 var_1 +
2052,114 91 58 2 113,6,114 44 3 86 113,4,15,2,24,12,3,28,var_0 counter_var_1 +,17,counter_var_0 var_1 +
2053,114 102 55 10 113,25,114 96 77 69 113,15,9,10,7,9,8,22,var_0 counter_var_1 +,19,counter_var_0 var_1 +
2054,114 57 87 60 113,57,114 25 21 49 113,28,25,29,18,18,21,46,var_0 counter_var_1 +,54,counter_var_0 var_1 +
2055,114 38 67 80 113,27,114 53 73 73 113,9,24,18,11,21,4,20,var_0 counter_var_1 +,42,counter_var_0 var_1 +
2056,114 98 98 74 113,23,114 42 90 102 113,11,13,12,9,6,21,20,var_0 counter_var_1 +,25,counter_var_0 var_1 +
2057,114 110 8 57 113,49,114 54 5 24 113,23,25,26,24,8,5,47,var_0 counter_var_1 +,51,counter_var_0 var_1 +
2058,114 41 72 81 113,31,114 108 51 42 113,12,21,19,11,3,5,23,var_0 counter_var_1 +,40,counter_var_0 var_1 +
2059,114 83 96 7 113,32,114 109 76 54 113,25,22,7,23,4,7,48,var_0 counter_var_1 +,29,counter_var_0 var_1 +
2060,114 49 10 11 113,31,114 74 81 52 113,20,16,11,21,10,12,41,var_0 counter_var_1 +,27,counter_var_0 var_1 +
2061,114 73 29 17 113,32,114 77 5 24 113,15,19,17,24,6,5,39,var_0 counter_var_1 +,36,counter_var_0 var_1 +
2062,114 14 27 101 113,22,114 53 68 71 113,14,24,8,9,4,22,23,var_0 counter_var_1 +,32,counter_var_0 var_1 +
2063,114 36 9 70 113,15,114 12 40 76 113,7,12,8,14,9,17,21,var_0 counter_var_1 +,20,counter_var_0 var_1 +
2064,114 81 45 103 113,33,114 88 7 22 113,23,1,10,22,22,7,45,var_0 counter_var_1 +,11,counter_var_0 var_1 +
2065,114 21 108 85 113,44,114 106 34 47 113,21,19,23,16,16,11,37,var_0 counter_var_1 +,42,counter_var_0 var_1 +
2066,114 19 65 67 113,24,114 38 102 45 113,19,9,5,14,19,10,33,var_0 counter_var_1 +,14,counter_var_0 var_1 +
2067,114 21 38 59 113,49,114 26 32 1 113,21,26,28,1,15,9,22,var_0 counter_var_1 +,54,counter_var_0 var_1 +
2068,114 47 63 26 113,44,114 61 40 76 113,18,3,26,14,17,17,32,var_0 counter_var_1 +,29,counter_var_0 var_1 +
2069,114 45 17 112 113,35,114 12 21 49 113,16,12,19,18,17,21,34,var_0 counter_var_1 +,31,counter_var_0 var_1 +
2070,114 103 62 43 113,28,114 35 57 97 113,16,6,12,4,16,11,20,var_0 counter_var_1 +,18,counter_var_0 var_1 +
2071,114 64 50 27 113,33,114 64 76 54 113,6,6,27,23,4,7,29,var_0 counter_var_1 +,33,counter_var_0 var_1 +
2072,114 27 57 97 113,31,114 22 13 18 113,27,22,4,18,11,13,45,var_0 counter_var_1 +,26,counter_var_0 var_1 +
2073,114 94 81 52 113,28,114 86 21 49 113,7,28,21,18,12,21,25,var_0 counter_var_1 +,49,counter_var_0 var_1 +
2074,114 92 76 54 113,28,114 17 60 63 113,5,17,23,1,7,14,6,var_0 counter_var_1 +,40,counter_var_0 var_1 +
2075,114 4 105 111 113,22,114 62 64 66 113,4,4,18,4,13,18,8,var_0 counter_var_1 +,22,counter_var_0 var_1 +
2076,114 89 18 72 113,12,114 51 76 54 113,2,22,10,23,18,7,25,var_0 counter_var_1 +,32,counter_var_0 var_1 +
2077,114 50 97 23 113,44,114 50 90 102 113,21,21,23,9,5,21,30,var_0 counter_var_1 +,44,counter_var_0 var_1 +
2078,114 61 21 49 113,21,114 70 58 2 113,3,12,18,2,21,12,5,var_0 counter_var_1 +,30,counter_var_0 var_1 +
2079,114 107 12 83 113,41,114 56 101 39 113,20,27,21,8,12,9,28,var_0 counter_var_1 +,48,counter_var_0 var_1 +
2080,114 50 79 58 113,48,114 43 35 37 113,21,14,27,6,10,12,27,var_0 counter_var_1 +,41,counter_var_0 var_1 +
2081,114 47 23 98 113,23,114 67 112 13 113,18,9,5,13,0,20,31,var_0 counter_var_1 +,14,counter_var_0 var_1 +
2082,114 8 103 61 113,38,114 31 84 44 113,8,2,30,13,11,15,21,var_0 counter_var_1 +,32,counter_var_0 var_1 +
2083,114 78 25 20 113,40,114 99 68 71 113,20,12,20,9,2,22,29,var_0 counter_var_1 +,32,counter_var_0 var_1 +
2084,114 56 23 98 113,32,114 28 31 82 113,27,28,5,20,0,8,47,var_0 counter_var_1 +,33,counter_var_0 var_1 +
2085,114 42 101 39 113,21,114 94 64 66 113,13,7,8,4,9,18,17,var_0 counter_var_1 +,15,counter_var_0 var_1 +
2086,114 53 62 43 113,36,114 72 89 29 113,24,14,12,29,16,20,53,var_0 counter_var_1 +,26,counter_var_0 var_1 +
2087,114 84 94 96 113,29,114 8 77 69 113,26,8,3,7,2,8,33,var_0 counter_var_1 +,11,counter_var_0 var_1 +
2088,114 22 7 22 113,44,114 25 72 81 113,22,25,22,19,7,3,41,var_0 counter_var_1 +,47,counter_var_0 var_1 +
2089,114 80 99 92 113,52,114 60 39 36 113,22,2,30,5,7,16,27,var_0 counter_var_1 +,32,counter_var_0 var_1 +
2090,114 59 42 46 113,16,114 87 3 86 113,1,0,15,24,19,3,25,var_0 counter_var_1 +,15,counter_var_0 var_1 +
2091,114 40 50 27 113,38,114 82 96 7 113,11,24,27,7,4,4,18,var_0 counter_var_1 +,51,counter_var_0 var_1 +
2092,114 33 62 43 113,16,114 1 9 70 113,4,1,12,8,16,9,12,var_0 counter_var_1 +,13,counter_var_0 var_1 +
2093,114 55 57 97 113,30,114 67 56 5 113,26,9,4,5,11,10,31,var_0 counter_var_1 +,13,counter_var_0 var_1 +
2094,114 94 69 104 113,18,114 87 28 55 113,7,0,11,24,0,5,31,var_0 counter_var_1 +,11,counter_var_0 var_1 +
2095,114 35 98 74 113,18,114 86 25 20 113,6,28,12,20,6,2,26,var_0 counter_var_1 +,40,counter_var_0 var_1 +
2096,114 83 13 18 113,43,114 21 56 5 113,25,21,18,5,13,10,30,var_0 counter_var_1 +,39,counter_var_0 var_1 +
2097,114 1 102 45 113,15,114 42 25 20 113,1,13,14,20,10,2,21,var_0 counter_var_1 +,27,counter_var_0 var_1 +
2098,114 37 38 59 113,36,114 73 14 33 113,8,15,28,2,15,14,10,var_0 counter_var_1 +,43,counter_var_0 var_1 +
2099,114 2 89 29 113,31,114 38 12 83 113,2,9,29,21,20,12,23,var_0 counter_var_1 +,38,counter_var_0 var_1 +
2100,114 66 52 9 113,17,114 82 5 24 113,8,24,9,24,6,5,32,var_0 counter_var_1 +,33,counter_var_0 var_1 +
2101,114 4 66 88 113,30,114 44 34 47 113,4,15,26,16,20,11,20,var_0 counter_var_1 +,41,counter_var_0 var_1 +
2102,114 94 23 98 113,12,114 37 73 73 113,7,8,5,11,0,4,18,var_0 counter_var_1 +,13,counter_var_0 var_1 +
2103,114 53 9 70 113,32,114 93 2 84 113,24,6,8,22,9,2,46,var_0 counter_var_1 +,14,counter_var_0 var_1 +
2104,114 38 30 99 113,15,114 24 23 98 113,9,24,6,5,7,0,14,var_0 counter_var_1 +,30,counter_var_0 var_1 +
2105,114 103 110 108 113,31,114 29 67 80 113,16,0,15,18,18,21,34,var_0 counter_var_1 +,15,counter_var_0 var_1 +
2106,114 55 109 65 113,29,114 4 108 85 113,26,4,3,23,17,16,49,var_0 counter_var_1 +,7,counter_var_0 var_1 +
2107,114 37 35 37 113,14,114 11 69 104 113,8,11,6,11,12,0,19,var_0 counter_var_1 +,17,counter_var_0 var_1 +
2108,114 94 100 75 113,20,114 21 13 18 113,7,21,13,18,8,13,25,var_0 counter_var_1 +,34,counter_var_0 var_1 +
2109,114 88 32 1 113,2,114 107 42 46 113,1,20,1,15,9,19,16,var_0 counter_var_1 +,21,counter_var_0 var_1 +
2110,114 33 88 16 113,20,114 80 81 52 113,4,22,16,21,19,12,25,var_0 counter_var_1 +,38,counter_var_0 var_1 +
2111,114 100 43 40 113,22,114 92 21 49 113,13,5,9,18,20,21,31,var_0 counter_var_1 +,14,counter_var_0 var_1 +
2112,114 21 95 109 113,37,114 50 77 69 113,21,21,16,7,3,8,28,var_0 counter_var_1 +,37,counter_var_0 var_1 +
2113,114 59 4 78 113,17,114 26 83 3 113,1,26,16,3,4,14,4,var_0 counter_var_1 +,42,counter_var_0 var_1 +
2114,114 6 34 47 113,22,114 110 64 66 113,6,23,16,4,11,18,10,var_0 counter_var_1 +,39,counter_var_0 var_1 +
2115,114 82 20 50 113,43,114 110 26 25 113,24,23,19,25,20,3,49,var_0 counter_var_1 +,42,counter_var_0 var_1 +
2116,114 2 15 62 113,2,114 39 67 80 113,2,10,0,18,15,21,20,var_0 counter_var_1 +,10,counter_var_0 var_1 +
2117,114 23 112 13 113,36,114 93 14 33 113,23,6,13,2,20,14,25,var_0 counter_var_1 +,19,counter_var_0 var_1 +
2118,114 41 21 49 113,30,114 55 70 77 113,12,26,18,15,21,1,27,var_0 counter_var_1 +,44,counter_var_0 var_1 +
2119,114 108 37 110 113,38,114 16 53 68 113,21,16,17,6,14,7,27,var_0 counter_var_1 +,33,counter_var_0 var_1 +
2120,114 48 25 20 113,39,114 18 16 21 113,19,18,20,21,2,16,40,var_0 counter_var_1 +,38,counter_var_0 var_1 +
2121,114 60 79 58 113,29,114 58 79 58 113,2,0,27,27,10,10,29,var_0 counter_var_1 +,27,counter_var_0 var_1 +
2122,114 5 22 12 113,17,114 43 8 57 113,5,14,12,26,22,8,31,var_0 counter_var_1 +,26,counter_var_0 var_1 +
2123,114 24 38 59 113,52,114 92 82 90 113,24,5,28,28,15,13,52,var_0 counter_var_1 +,33,counter_var_0 var_1 +
2124,114 17 9 70 113,25,114 80 6 64 113,17,22,8,2,9,6,19,var_0 counter_var_1 +,30,counter_var_0 var_1 +
2125,114 35 2 84 113,28,114 25 43 40 113,6,25,22,9,2,20,15,var_0 counter_var_1 +,47,counter_var_0 var_1 +
2126,114 7 20 50 113,26,114 72 98 74 113,7,14,19,12,20,6,19,var_0 counter_var_1 +,33,counter_var_0 var_1 +
2127,114 88 88 16 113,17,114 94 0 38 113,1,7,16,7,19,0,8,var_0 counter_var_1 +,23,counter_var_0 var_1 +
2128,114 67 37 110 113,26,114 70 60 63 113,9,12,17,1,14,14,10,var_0 counter_var_1 +,29,counter_var_0 var_1 +
2129,114 51 110 108 113,37,114 30 56 5 113,22,1,15,5,18,10,27,var_0 counter_var_1 +,16,counter_var_0 var_1 +
2130,114 49 100 75 113,33,114 105 30 99 113,20,18,13,6,8,7,26,var_0 counter_var_1 +,31,counter_var_0 var_1 +
2131,114 20 94 96 113,23,114 107 40 76 113,20,20,3,14,2,17,34,var_0 counter_var_1 +,23,counter_var_0 var_1 +
2132,114 17 11 6 113,23,114 23 111 79 113,17,23,6,17,11,19,34,var_0 counter_var_1 +,29,counter_var_0 var_1 +
2133,114 64 11 6 113,12,114 61 63 26 113,6,3,6,26,11,17,32,var_0 counter_var_1 +,9,counter_var_0 var_1 +
2134,114 107 93 105 113,32,114 43 28 55 113,20,14,12,24,1,5,44,var_0 counter_var_1 +,26,counter_var_0 var_1 +
2135,114 19 7 22 113,41,114 87 9 70 113,19,0,22,8,7,9,27,var_0 counter_var_1 +,22,counter_var_0 var_1 +
2136,114 60 59 30 113,32,114 59 92 51 113,2,1,30,20,13,0,22,var_0 counter_var_1 +,31,counter_var_0 var_1 +
2137,114 110 82 90 113,51,114 43 109 65 113,23,14,28,3,13,17,26,var_0 counter_var_1 +,42,counter_var_0 var_1 +
2138,114 70 8 57 113,38,114 110 25 20 113,12,23,26,20,8,2,32,var_0 counter_var_1 +,49,counter_var_0 var_1 +
2139,114 93 21 49 113,24,114 37 18 72 113,6,8,18,10,21,18,16,var_0 counter_var_1 +,26,counter_var_0 var_1 +
2140,114 44 33 14 113,29,114 86 34 47 113,15,28,14,16,10,11,31,var_0 counter_var_1 +,42,counter_var_0 var_1 +
2141,114 27 18 72 113,37,114 90 64 66 113,27,3,10,4,18,18,31,var_0 counter_var_1 +,13,counter_var_0 var_1 +
2142,114 42 42 46 113,28,114 38 37 110 113,13,9,15,17,19,14,30,var_0 counter_var_1 +,24,counter_var_0 var_1 +
2143,114 18 95 109 113,34,114 45 110 108 113,18,16,16,15,3,18,33,var_0 counter_var_1 +,32,counter_var_0 var_1 +
2144,114 33 78 107 113,18,114 8 74 91 113,4,8,14,29,9,5,33,var_0 counter_var_1 +,22,counter_var_0 var_1 +
2145,114 66 10 11 113,19,114 56 33 14 113,8,27,11,14,10,10,22,var_0 counter_var_1 +,38,counter_var_0 var_1 +
2146,114 33 99 92 113,34,114 77 23 98 113,4,19,30,5,7,0,9,var_0 counter_var_1 +,49,counter_var_0 var_1 +
2147,114 23 93 105 113,35,114 58 68 71 113,23,0,12,9,1,22,32,var_0 counter_var_1 +,12,counter_var_0 var_1 +
2148,114 82 5 24 113,48,114 77 0 38 113,24,19,24,7,5,0,31,var_0 counter_var_1 +,43,counter_var_0 var_1 +
2149,114 112 35 37 113,31,114 1 51 42 113,25,1,6,11,12,5,36,var_0 counter_var_1 +,7,counter_var_0 var_1 +
2150,114 26 26 25 113,51,114 11 7 22 113,26,11,25,22,3,7,48,var_0 counter_var_1 +,36,counter_var_0 var_1 +
2151,114 95 84 44 113,21,114 60 86 94 113,8,2,13,1,15,17,9,var_0 counter_var_1 +,15,counter_var_0 var_1 +
2152,114 9 102 45 113,23,114 99 43 40 113,9,12,14,9,10,20,18,var_0 counter_var_1 +,26,counter_var_0 var_1 +
2153,114 16 29 17 113,33,114 64 84 44 113,16,6,17,13,6,15,29,var_0 counter_var_1 +,23,counter_var_0 var_1 +
2154,114 84 39 36 113,31,114 75 92 51 113,26,17,5,20,16,0,46,var_0 counter_var_1 +,22,counter_var_0 var_1 +
2155,114 2 92 51 113,22,114 109 89 29 113,2,22,20,29,0,20,31,var_0 counter_var_1 +,42,counter_var_0 var_1 +
2156,114 25 85 31 113,25,114 83 87 60 113,25,25,0,29,16,18,54,var_0 counter_var_1 +,25,counter_var_0 var_1 +
2157,114 32 12 83 113,24,114 25 87 60 113,3,25,21,29,12,18,32,var_0 counter_var_1 +,46,counter_var_0 var_1 +
2158,114 54 77 69 113,32,114 3 51 42 113,25,3,7,11,8,5,36,var_0 counter_var_1 +,10,counter_var_0 var_1 +
2159,114 5 112 13 113,18,114 31 47 93 113,5,2,13,0,20,1,5,var_0 counter_var_1 +,15,counter_var_0 var_1 +
2160,114 112 5 24 113,49,114 96 58 2 113,25,9,24,2,5,12,27,var_0 counter_var_1 +,33,counter_var_0 var_1 +
2161,114 99 108 85 113,35,114 111 43 40 113,12,24,23,9,16,20,21,var_0 counter_var_1 +,47,counter_var_0 var_1 +
2162,114 102 27 101 113,23,114 106 18 72 113,15,19,8,10,4,18,25,var_0 counter_var_1 +,27,counter_var_0 var_1 +
2163,114 90 27 101 113,11,114 71 57 97 113,3,13,8,4,4,11,7,var_0 counter_var_1 +,21,counter_var_0 var_1 +
2164,114 20 5 24 113,44,114 57 47 93 113,20,28,24,0,5,1,20,var_0 counter_var_1 +,52,counter_var_0 var_1 +
2165,114 64 106 56 113,31,114 26 96 7 113,6,26,25,7,14,4,13,var_0 counter_var_1 +,51,counter_var_0 var_1 +
2166,114 35 15 62 113,6,114 9 83 3 113,6,9,0,3,15,14,9,var_0 counter_var_1 +,9,counter_var_0 var_1 +
2167,114 13 15 62 113,13,114 104 109 65 113,13,17,0,3,15,17,16,var_0 counter_var_1 +,17,counter_var_0 var_1 +
2168,114 70 31 82 113,32,114 63 92 51 113,12,5,20,20,8,0,32,var_0 counter_var_1 +,25,counter_var_0 var_1 +
2169,114 91 23 98 113,9,114 57 55 10 113,4,28,5,10,0,9,14,var_0 counter_var_1 +,33,counter_var_0 var_1 +
2170,114 75 103 61 113,47,114 6 17 112 113,17,6,30,19,11,17,36,var_0 counter_var_1 +,36,counter_var_0 var_1 +
2171,114 95 111 79 113,25,114 105 37 110 113,8,18,17,17,19,14,25,var_0 counter_var_1 +,35,counter_var_0 var_1 +
2172,114 68 71 100 113,17,114 14 28 55 113,10,14,7,24,2,5,34,var_0 counter_var_1 +,21,counter_var_0 var_1 +
2173,114 1 67 80 113,19,114 42 31 82 113,1,13,18,20,21,8,21,var_0 counter_var_1 +,31,counter_var_0 var_1 +
2174,114 101 10 11 113,25,114 87 43 40 113,14,0,11,9,10,20,23,var_0 counter_var_1 +,11,counter_var_0 var_1 +
2175,114 61 28 55 113,27,114 17 11 6 113,3,17,24,6,5,11,9,var_0 counter_var_1 +,41,counter_var_0 var_1 +
2176,114 23 91 106 113,36,114 52 31 82 113,23,23,13,20,22,8,43,var_0 counter_var_1 +,36,counter_var_0 var_1 +
2177,114 15 50 27 113,42,114 8 46 87 113,15,8,27,25,4,0,40,var_0 counter_var_1 +,35,counter_var_0 var_1 +
2178,114 22 56 5 113,27,114 110 19 15 113,22,23,5,15,10,19,37,var_0 counter_var_1 +,28,counter_var_0 var_1 +
2179,114 111 74 91 113,53,114 47 101 39 113,24,18,29,8,5,9,32,var_0 counter_var_1 +,47,counter_var_0 var_1 +
2180,114 78 80 48 113,37,114 69 72 81 113,20,11,17,19,11,3,39,var_0 counter_var_1 +,28,counter_var_0 var_1 +
2181,114 97 2 84 113,32,114 107 7 22 113,10,20,22,22,2,7,32,var_0 counter_var_1 +,42,counter_var_0 var_1 +
2182,114 84 92 51 113,46,114 18 11 6 113,26,18,20,6,0,11,32,var_0 counter_var_1 +,38,counter_var_0 var_1 +
2183,114 107 102 45 113,34,114 53 112 13 113,20,24,14,13,10,20,33,var_0 counter_var_1 +,38,counter_var_0 var_1 +
2184,114 75 35 37 113,23,114 3 103 61 113,17,3,6,30,12,11,47,var_0 counter_var_1 +,9,counter_var_0 var_1 +
2185,114 39 44 41 113,20,114 29 88 16 113,10,0,10,16,21,19,26,var_0 counter_var_1 +,10,counter_var_0 var_1 +
2186,114 26 111 79 113,43,114 59 65 67 113,26,1,17,5,19,19,31,var_0 counter_var_1 +,18,counter_var_0 var_1 +
2187,114 18 16 21 113,39,114 64 27 101 113,18,6,21,8,16,4,26,var_0 counter_var_1 +,27,counter_var_0 var_1 +
2188,114 32 98 74 113,15,114 94 72 81 113,3,7,12,19,6,3,22,var_0 counter_var_1 +,19,counter_var_0 var_1 +
2189,114 16 70 77 113,31,114 58 71 100 113,16,0,15,7,1,2,23,var_0 counter_var_1 +,15,counter_var_0 var_1 +
2190,114 54 92 51 113,45,114 32 78 107 113,25,3,20,14,0,9,39,var_0 counter_var_1 +,23,counter_var_0 var_1 +
2191,114 77 32 1 113,20,114 15 2 84 113,19,15,1,22,9,2,41,var_0 counter_var_1 +,16,counter_var_0 var_1 +
2192,114 86 63 26 113,54,114 14 24 35 113,28,14,26,4,17,1,32,var_0 counter_var_1 +,40,counter_var_0 var_1 +
2193,114 72 5 24 113,38,114 79 92 51 113,14,21,24,20,5,0,34,var_0 counter_var_1 +,45,counter_var_0 var_1 +
2194,114 61 97 23 113,26,114 67 54 53 113,3,9,23,22,5,8,25,var_0 counter_var_1 +,32,counter_var_0 var_1 +
2195,114 1 61 89 113,28,114 3 19 15 113,1,3,27,15,15,19,16,var_0 counter_var_1 +,30,counter_var_0 var_1 +
2196,114 65 1 0 113,7,114 35 24 35 113,7,6,0,4,1,1,11,var_0 counter_var_1 +,6,counter_var_0 var_1 +
2197,114 99 81 52 113,33,114 79 65 67 113,12,21,21,5,12,19,17,var_0 counter_var_1 +,42,counter_var_0 var_1 +
2198,114 53 77 69 113,31,114 111 71 100 113,24,24,7,7,8,2,31,var_0 counter_var_1 +,31,counter_var_0 var_1 +
2199,114 109 41 34 113,25,114 101 13 18 113,22,14,3,18,18,13,40,var_0 counter_var_1 +,17,counter_var_0 var_1 +
2200,114 51 111 79 113,39,114 68 61 89 113,22,10,17,27,19,15,49,var_0 counter_var_1 +,27,counter_var_0 var_1 +
2201,114 65 49 32 113,8,114 12 43 40 113,7,12,1,9,3,20,16,var_0 counter_var_1 +,13,counter_var_0 var_1 +
2202,114 64 104 4 113,10,114 47 47 93 113,6,18,4,0,12,1,6,var_0 counter_var_1 +,22,counter_var_0 var_1 +
2203,114 103 31 82 113,36,114 70 99 92 113,16,12,20,30,8,7,46,var_0 counter_var_1 +,32,counter_var_0 var_1 +
2204,114 102 79 58 113,42,114 16 106 56 113,15,16,27,25,10,14,40,var_0 counter_var_1 +,43,counter_var_0 var_1 +
2205,114 83 33 14 113,39,114 78 98 74 113,25,20,14,12,10,6,37,var_0 counter_var_1 +,34,counter_var_0 var_1 +
2206,114 70 29 17 113,29,114 13 11 6 113,12,13,17,6,6,11,18,var_0 counter_var_1 +,30,counter_var_0 var_1 +
2207,114 62 98 74 113,16,114 83 40 76 113,4,25,12,14,6,17,18,var_0 counter_var_1 +,37,counter_var_0 var_1 +
2208,114 4 30 99 113,10,114 103 108 85 113,4,16,6,23,7,16,27,var_0 counter_var_1 +,22,counter_var_0 var_1 +
2209,114 46 8 57 113,43,114 3 54 53 113,17,3,26,22,8,8,39,var_0 counter_var_1 +,29,counter_var_0 var_1 +
2210,114 93 2 84 113,28,114 6 110 108 113,6,6,22,15,2,18,21,var_0 counter_var_1 +,28,counter_var_0 var_1 +
2211,114 4 10 11 113,15,114 48 55 10 113,4,19,11,10,10,9,14,var_0 counter_var_1 +,30,counter_var_0 var_1 +
2212,114 94 104 4 113,11,114 94 18 72 113,7,7,4,10,12,18,17,var_0 counter_var_1 +,11,counter_var_0 var_1 +
2213,114 66 109 65 113,11,114 17 13 18 113,8,17,3,18,17,13,26,var_0 counter_var_1 +,20,counter_var_0 var_1 +
2214,114 1 28 55 113,25,114 108 90 102 113,1,21,24,9,5,21,10,var_0 counter_var_1 +,45,counter_var_0 var_1 +
2215,114 65 14 33 113,9,114 65 47 93 113,7,7,2,0,14,1,7,var_0 counter_var_1 +,9,counter_var_0 var_1 +
2216,114 9 64 66 113,13,114 52 55 10 113,9,23,4,10,18,9,19,var_0 counter_var_1 +,27,counter_var_0 var_1 +
2217,114 92 22 12 113,17,114 25 90 102 113,5,25,12,9,22,21,14,var_0 counter_var_1 +,37,counter_var_0 var_1 +
2218,114 49 5 24 113,44,114 44 101 39 113,20,15,24,8,5,9,28,var_0 counter_var_1 +,39,counter_var_0 var_1 +
2219,114 74 35 37 113,22,114 42 45 103 113,16,13,6,10,12,22,26,var_0 counter_var_1 +,19,counter_var_0 var_1 +
2220,114 79 80 48 113,38,114 74 94 96 113,21,16,17,3,11,2,24,var_0 counter_var_1 +,33,counter_var_0 var_1 +
2221,114 22 53 68 113,28,114 54 35 37 113,22,25,6,6,7,12,28,var_0 counter_var_1 +,31,counter_var_0 var_1 +
2222,114 76 88 16 113,34,114 94 102 45 113,18,7,16,14,19,10,32,var_0 counter_var_1 +,23,counter_var_0 var_1 +
2223,114 55 34 47 113,42,114 40 71 100 113,26,11,16,7,11,2,33,var_0 counter_var_1 +,27,counter_var_0 var_1 +
2224,114 12 7 22 113,34,114 46 87 60 113,12,17,22,29,7,18,41,var_0 counter_var_1 +,39,counter_var_0 var_1 +
2225,114 76 8 57 113,44,114 5 16 21 113,18,5,26,21,8,16,39,var_0 counter_var_1 +,31,counter_var_0 var_1 +
2226,114 33 29 17 113,21,114 102 23 98 113,4,15,17,5,6,0,9,var_0 counter_var_1 +,32,counter_var_0 var_1 +
2227,114 72 42 46 113,29,114 107 26 25 113,14,20,15,25,19,3,39,var_0 counter_var_1 +,35,counter_var_0 var_1 +
2228,114 12 108 85 113,35,114 112 46 87 113,12,25,23,25,16,0,37,var_0 counter_var_1 +,48,counter_var_0 var_1 +
2229,114 12 22 12 113,24,114 94 73 73 113,12,7,12,11,22,4,23,var_0 counter_var_1 +,19,counter_var_0 var_1 +
2230,114 81 80 48 113,40,114 53 14 33 113,23,24,17,2,11,14,25,var_0 counter_var_1 +,41,counter_var_0 var_1 +
2231,114 28 12 83 113,49,114 75 74 91 113,28,17,21,29,12,5,57,var_0 counter_var_1 +,38,counter_var_0 var_1 +
2232,114 94 80 48 113,24,114 66 55 10 113,7,8,17,10,11,9,17,var_0 counter_var_1 +,25,counter_var_0 var_1 +
2233,114 107 44 41 113,30,114 43 23 98 113,20,14,10,5,21,0,25,var_0 counter_var_1 +,24,counter_var_0 var_1 +
2234,114 29 94 96 113,3,114 17 21 49 113,0,17,3,18,2,21,18,var_0 counter_var_1 +,20,counter_var_0 var_1 +
2235,114 42 30 99 113,19,114 43 32 1 113,13,14,6,1,7,9,14,var_0 counter_var_1 +,20,counter_var_0 var_1 +
2236,114 40 76 54 113,34,114 59 79 58 113,11,1,23,27,7,10,38,var_0 counter_var_1 +,24,counter_var_0 var_1 +
2237,114 102 104 4 113,19,114 105 22 12 113,15,18,4,12,12,22,27,var_0 counter_var_1 +,22,counter_var_0 var_1 +
2238,114 65 66 88 113,33,114 25 18 72 113,7,25,26,10,20,18,17,var_0 counter_var_1 +,51,counter_var_0 var_1 +
2239,114 34 52 9 113,14,114 101 87 60 113,5,14,9,29,6,18,34,var_0 counter_var_1 +,23,counter_var_0 var_1 +
2240,114 91 85 31 113,4,114 61 75 8 113,4,3,0,8,16,6,12,var_0 counter_var_1 +,3,counter_var_0 var_1 +
2241,114 29 96 7 113,7,114 4 2 84 113,0,4,7,22,4,2,22,var_0 counter_var_1 +,11,counter_var_0 var_1 +
2242,114 18 91 106 113,31,114 51 106 56 113,18,22,13,25,22,14,43,var_0 counter_var_1 +,35,counter_var_0 var_1 +
2243,114 64 109 65 113,9,114 80 112 13 113,6,22,3,13,17,20,19,var_0 counter_var_1 +,25,counter_var_0 var_1 +
2244,114 33 30 99 113,10,114 112 76 54 113,4,25,6,23,7,7,27,var_0 counter_var_1 +,31,counter_var_0 var_1 +
2245,114 97 73 73 113,21,114 11 51 42 113,10,11,11,11,4,5,21,var_0 counter_var_1 +,22,counter_var_0 var_1 +
2246,114 78 98 74 113,32,114 2 66 88 113,20,2,12,26,6,20,46,var_0 counter_var_1 +,14,counter_var_0 var_1 +
2247,114 98 110 108 113,26,114 43 16 21 113,11,14,15,21,18,16,32,var_0 counter_var_1 +,29,counter_var_0 var_1 +
2248,114 6 53 68 113,12,114 47 7 22 113,6,18,6,22,7,7,28,var_0 counter_var_1 +,24,counter_var_0 var_1 +
2249,114 102 51 42 113,26,114 84 88 16 113,15,26,11,16,5,19,31,var_0 counter_var_1 +,37,counter_var_0 var_1 +
2250,114 88 26 25 113,26,114 32 30 99 113,1,3,25,6,3,7,7,var_0 counter_var_1 +,28,counter_var_0 var_1 +
2251,114 27 76 54 113,50,114 3 20 50 113,27,3,23,19,7,20,46,var_0 counter_var_1 +,26,counter_var_0 var_1 +
2252,114 1 10 11 113,12,114 102 88 16 113,1,15,11,16,10,19,17,var_0 counter_var_1 +,26,counter_var_0 var_1 +
2253,114 39 27 101 113,18,114 43 52 9 113,10,14,8,9,4,6,19,var_0 counter_var_1 +,22,counter_var_0 var_1 +
2254,114 111 35 37 113,30,114 70 38 59 113,24,12,6,28,12,15,52,var_0 counter_var_1 +,18,counter_var_0 var_1 +
2255,114 2 70 77 113,17,114 110 13 18 113,2,23,15,18,1,13,20,var_0 counter_var_1 +,38,counter_var_0 var_1 +
2256,114 62 11 6 113,10,114 52 109 65 113,4,23,6,3,11,17,7,var_0 counter_var_1 +,29,counter_var_0 var_1 +
2257,114 67 108 85 113,32,114 42 97 23 113,9,13,23,23,16,5,32,var_0 counter_var_1 +,36,counter_var_0 var_1 +
2258,114 32 88 16 113,19,114 4 33 14 113,3,4,16,14,19,10,17,var_0 counter_var_1 +,20,counter_var_0 var_1 +
2259,114 66 50 27 113,35,114 82 66 88 113,8,24,27,26,4,20,34,var_0 counter_var_1 +,51,counter_var_0 var_1 +
2260,114 1 30 99 113,7,114 27 72 81 113,1,27,6,19,7,3,20,var_0 counter_var_1 +,33,counter_var_0 var_1 +
2261,114 18 52 9 113,27,114 83 20 50 113,18,25,9,19,6,20,37,var_0 counter_var_1 +,34,counter_var_0 var_1 +
2262,114 95 34 47 113,24,114 24 36 19 113,8,24,16,19,11,13,27,var_0 counter_var_1 +,40,counter_var_0 var_1 +
2263,114 45 11 6 113,22,114 54 102 45 113,16,25,6,14,11,10,30,var_0 counter_var_1 +,31,counter_var_0 var_1 +
2264,114 104 19 15 113,32,114 4 84 44 113,17,4,15,13,19,15,30,var_0 counter_var_1 +,19,counter_var_0 var_1 +
2265,114 65 12 83 113,28,114 95 17 112 113,7,8,21,19,12,17,26,var_0 counter_var_1 +,29,counter_var_0 var_1 +
2266,114 74 26 25 113,41,114 27 27 101 113,16,27,25,8,3,4,24,var_0 counter_var_1 +,52,counter_var_0 var_1 +
2267,114 13 35 37 113,19,114 96 6 64 113,13,9,6,2,12,6,15,var_0 counter_var_1 +,15,counter_var_0 var_1 +
2268,114 68 61 89 113,37,114 27 59 30 113,10,27,27,30,15,13,40,var_0 counter_var_1 +,54,counter_var_0 var_1 +
2269,114 11 64 66 113,15,114 16 2 84 113,11,16,4,22,18,2,33,var_0 counter_var_1 +,20,counter_var_0 var_1 +
2270,114 68 101 39 113,18,114 20 50 27 113,10,20,8,27,9,4,37,var_0 counter_var_1 +,28,counter_var_0 var_1 +
2271,114 47 52 9 113,27,114 100 14 33 113,18,13,9,2,6,14,20,var_0 counter_var_1 +,22,counter_var_0 var_1 +
2272,114 8 26 25 113,33,114 64 23 98 113,8,6,25,5,3,0,13,var_0 counter_var_1 +,31,counter_var_0 var_1 +
2273,114 6 43 40 113,15,114 22 59 30 113,6,22,9,30,20,13,36,var_0 counter_var_1 +,31,counter_var_0 var_1 +
2274,114 1 109 65 113,4,114 35 49 32 113,1,6,3,1,17,3,2,var_0 counter_var_1 +,9,counter_var_0 var_1 +
2275,114 57 61 89 113,55,114 65 82 90 113,28,7,27,28,15,13,56,var_0 counter_var_1 +,34,counter_var_0 var_1 +
2276,114 37 67 80 113,26,114 76 102 45 113,8,18,18,14,21,10,22,var_0 counter_var_1 +,36,counter_var_0 var_1 +
2277,114 18 2 84 113,40,114 102 101 39 113,18,15,22,8,2,9,26,var_0 counter_var_1 +,37,counter_var_0 var_1 +
2278,114 9 66 88 113,35,114 24 83 3 113,9,24,26,3,20,14,12,var_0 counter_var_1 +,50,counter_var_0 var_1 +
2279,114 1 87 60 113,30,114 47 89 29 113,1,18,29,29,18,20,30,var_0 counter_var_1 +,47,counter_var_0 var_1 +
2280,114 96 78 107 113,23,114 91 111 79 113,9,4,14,17,9,19,26,var_0 counter_var_1 +,18,counter_var_0 var_1 +
2281,114 110 55 10 113,33,114 79 78 107 113,23,21,10,14,9,9,37,var_0 counter_var_1 +,31,counter_var_0 var_1 +
2282,114 91 86 94 113,5,114 92 37 110 113,4,5,1,17,17,14,21,var_0 counter_var_1 +,6,counter_var_0 var_1 +
2283,114 59 103 61 113,31,114 36 44 41 113,1,7,30,10,11,21,11,var_0 counter_var_1 +,37,counter_var_0 var_1 +
2284,114 67 5 24 113,33,114 9 22 12 113,9,9,24,12,5,22,21,var_0 counter_var_1 +,33,counter_var_0 var_1 +
2285,114 34 1 0 113,5,114 48 58 2 113,5,19,0,2,1,12,7,var_0 counter_var_1 +,19,counter_var_0 var_1 +
2286,114 78 29 17 113,37,114 59 56 5 113,20,1,17,5,6,10,25,var_0 counter_var_1 +,18,counter_var_0 var_1 +
2287,114 98 52 9 113,20,114 98 65 67 113,11,11,9,5,6,19,16,var_0 counter_var_1 +,20,counter_var_0 var_1 +
2288,114 11 20 50 113,30,114 27 25 20 113,11,27,19,20,20,2,31,var_0 counter_var_1 +,46,counter_var_0 var_1 +
2289,114 46 98 74 113,29,114 34 41 34 113,17,5,12,3,6,18,20,var_0 counter_var_1 +,17,counter_var_0 var_1 +
2290,114 22 94 96 113,25,114 68 106 56 113,22,10,3,25,2,14,47,var_0 counter_var_1 +,13,counter_var_0 var_1 +
2291,114 17 42 46 113,32,114 14 29 17 113,17,14,15,17,19,6,34,var_0 counter_var_1 +,29,counter_var_0 var_1 +
2292,114 71 2 84 113,35,114 90 31 82 113,13,3,22,20,2,8,33,var_0 counter_var_1 +,25,counter_var_0 var_1 +
2293,114 75 56 5 113,22,114 47 60 63 113,17,18,5,1,10,14,18,var_0 counter_var_1 +,23,counter_var_0 var_1 +
2294,114 65 57 97 113,11,114 36 27 101 113,7,7,4,8,11,4,15,var_0 counter_var_1 +,11,counter_var_0 var_1 +
2295,114 15 44 41 113,25,114 43 47 93 113,15,14,10,0,21,1,15,var_0 counter_var_1 +,24,counter_var_0 var_1 +
2296,114 67 54 53 113,31,114 84 73 73 113,9,26,22,11,8,4,20,var_0 counter_var_1 +,48,counter_var_0 var_1 +
2297,114 67 96 7 113,16,114 69 85 31 113,9,11,7,0,4,16,9,var_0 counter_var_1 +,18,counter_var_0 var_1 +
2298,114 89 63 26 113,28,114 71 36 19 113,2,13,26,19,17,13,21,var_0 counter_var_1 +,39,counter_var_0 var_1 +
2299,114 41 25 20 113,32,114 20 44 41 113,12,20,20,10,2,21,22,var_0 counter_var_1 +,40,counter_var_0 var_1 +
2300,114 70 62 43 113,24,114 67 7 22 113,12,9,12,22,16,7,34,var_0 counter_var_1 +,21,counter_var_0 var_1 +
2301,114 19 31 82 113,39,114 47 8 57 113,19,18,20,26,8,8,45,var_0 counter_var_1 +,38,counter_var_0 var_1 +
2302,114 86 34 47 113,44,114 24 95 109 113,28,24,16,16,11,3,44,var_0 counter_var_1 +,40,counter_var_0 var_1 +
2303,114 27 7 22 113,49,114 49 38 59 113,27,20,22,28,7,15,55,var_0 counter_var_1 +,42,counter_var_0 var_1 +
2304,114 13 88 16 113,29,114 75 28 55 113,13,17,16,24,19,5,37,var_0 counter_var_1 +,33,counter_var_0 var_1 +
2305,114 34 62 43 113,17,114 54 110 108 113,5,25,12,15,16,18,20,var_0 counter_var_1 +,37,counter_var_0 var_1 +
2306,114 45 4 78 113,32,114 35 43 40 113,16,6,16,9,4,20,25,var_0 counter_var_1 +,22,counter_var_0 var_1 +
2307,114 33 84 44 113,17,114 81 101 39 113,4,23,13,8,15,9,12,var_0 counter_var_1 +,36,counter_var_0 var_1 +
2308,114 48 46 87 113,44,114 58 100 75 113,19,0,25,13,0,8,32,var_0 counter_var_1 +,25,counter_var_0 var_1 +
2309,114 36 93 105 113,19,114 103 60 63 113,7,16,12,1,1,14,8,var_0 counter_var_1 +,28,counter_var_0 var_1 +
2310,114 75 61 89 113,44,114 14 98 74 113,17,14,27,12,15,6,29,var_0 counter_var_1 +,41,counter_var_0 var_1 +
2311,114 94 97 23 113,30,114 60 48 95 113,7,2,23,2,5,2,9,var_0 counter_var_1 +,25,counter_var_0 var_1 +
2312,114 10 29 17 113,27,114 62 86 94 113,10,4,17,1,6,17,11,var_0 counter_var_1 +,21,counter_var_0 var_1 +
2313,114 17 106 56 113,42,114 69 58 2 113,17,11,25,2,14,12,19,var_0 counter_var_1 +,36,counter_var_0 var_1 +
2314,114 55 58 2 113,28,114 65 56 5 113,26,7,2,5,12,10,31,var_0 counter_var_1 +,9,counter_var_0 var_1 +
2315,114 109 0 38 113,29,114 37 37 110 113,22,8,7,17,0,14,39,var_0 counter_var_1 +,15,counter_var_0 var_1 +
2316,114 35 11 6 113,12,114 44 106 56 113,6,15,6,25,11,14,31,var_0 counter_var_1 +,21,counter_var_0 var_1 +
2317,114 83 70 77 113,40,114 6 43 40 113,25,6,15,9,1,20,34,var_0 counter_var_1 +,21,counter_var_0 var_1 +
2318,114 3 81 52 113,24,114 79 75 8 113,3,21,21,8,12,6,11,var_0 counter_var_1 +,42,counter_var_0 var_1 +
2319,114 112 56 5 113,30,114 83 62 43 113,25,25,5,12,10,16,37,var_0 counter_var_1 +,30,counter_var_0 var_1 +
2320,114 4 79 58 113,31,114 12 70 77 113,4,12,27,15,10,1,19,var_0 counter_var_1 +,39,counter_var_0 var_1 +
2321,114 90 19 15 113,18,114 34 43 40 113,3,5,15,9,19,20,12,var_0 counter_var_1 +,20,counter_var_0 var_1 +
2322,114 17 14 33 113,19,114 16 88 16 113,17,16,2,16,14,19,33,var_0 counter_var_1 +,18,counter_var_0 var_1 +
2323,114 17 80 48 113,34,114 99 95 109 113,17,12,17,16,11,3,33,var_0 counter_var_1 +,29,counter_var_0 var_1 +
2324,114 38 20 50 113,28,114 8 0 38 113,9,8,19,7,20,0,16,var_0 counter_var_1 +,27,counter_var_0 var_1 +
2325,114 51 30 99 113,28,114 1 14 33 113,22,1,6,2,7,14,24,var_0 counter_var_1 +,7,counter_var_0 var_1 +
2326,114 101 0 38 113,21,114 35 40 76 113,14,6,7,14,0,17,28,var_0 counter_var_1 +,13,counter_var_0 var_1 +
2327,114 99 84 44 113,25,114 64 105 111 113,12,6,13,18,15,13,30,var_0 counter_var_1 +,19,counter_var_0 var_1 +
2328,114 24 19 15 113,39,114 8 3 86 113,24,8,15,24,19,3,48,var_0 counter_var_1 +,23,counter_var_0 var_1 +
2329,114 76 73 73 113,29,114 55 15 62 113,18,26,11,0,4,15,18,var_0 counter_var_1 +,37,counter_var_0 var_1 +
2330,114 14 97 23 113,37,114 97 5 24 113,14,10,23,24,5,5,38,var_0 counter_var_1 +,33,counter_var_0 var_1 +
2331,114 65 16 21 113,28,114 59 66 88 113,7,1,21,26,16,20,33,var_0 counter_var_1 +,22,counter_var_0 var_1 +
2332,114 57 91 106 113,41,114 103 100 75 113,28,16,13,13,22,8,41,var_0 counter_var_1 +,29,counter_var_0 var_1 +
2333,114 9 74 91 113,38,114 105 109 65 113,9,18,29,3,5,17,12,var_0 counter_var_1 +,47,counter_var_0 var_1 +
2334,114 45 33 14 113,30,114 86 66 88 113,16,28,14,26,10,20,42,var_0 counter_var_1 +,42,counter_var_0 var_1 +
2335,114 53 111 79 113,41,114 112 108 85 113,24,25,17,23,19,16,47,var_0 counter_var_1 +,42,counter_var_0 var_1 +
2336,114 36 107 28 113,35,114 107 80 48 113,7,20,28,17,15,11,24,var_0 counter_var_1 +,48,counter_var_0 var_1 +
2337,114 73 52 9 113,24,114 10 50 27 113,15,10,9,27,6,4,42,var_0 counter_var_1 +,19,counter_var_0 var_1 +
2338,114 13 49 32 113,14,114 73 65 67 113,13,15,1,5,3,19,18,var_0 counter_var_1 +,16,counter_var_0 var_1 +
2339,114 80 86 94 113,23,114 28 87 60 113,22,28,1,29,17,18,51,var_0 counter_var_1 +,29,counter_var_0 var_1 +
2340,114 95 64 66 113,12,114 91 74 91 113,8,4,4,29,18,5,37,var_0 counter_var_1 +,8,counter_var_0 var_1 +
2341,114 57 2 84 113,50,114 60 104 4 113,28,2,22,4,2,12,32,var_0 counter_var_1 +,24,counter_var_0 var_1 +
2342,114 22 5 24 113,46,114 89 64 66 113,22,2,24,4,5,18,26,var_0 counter_var_1 +,26,counter_var_0 var_1 +
2343,114 6 109 65 113,9,114 86 47 93 113,6,28,3,0,17,1,6,var_0 counter_var_1 +,31,counter_var_0 var_1 +
2344,114 84 66 88 113,52,114 81 68 71 113,26,23,26,9,20,22,35,var_0 counter_var_1 +,49,counter_var_0 var_1 +
2345,114 78 41 34 113,23,114 33 76 54 113,20,4,3,23,18,7,43,var_0 counter_var_1 +,7,counter_var_0 var_1 +
2346,114 51 106 56 113,47,114 27 2 84 113,22,27,25,22,14,2,44,var_0 counter_var_1 +,52,counter_var_0 var_1 +
2347,114 108 29 17 113,38,114 30 97 23 113,21,1,17,23,6,5,44,var_0 counter_var_1 +,18,counter_var_0 var_1 +
2348,114 89 73 73 113,13,114 40 56 5 113,2,11,11,5,4,10,7,var_0 counter_var_1 +,22,counter_var_0 var_1 +
2349,114 78 42 46 113,35,114 48 46 87 113,20,19,15,25,19,0,45,var_0 counter_var_1 +,34,counter_var_0 var_1 +
2350,114 107 18 72 113,30,114 25 54 53 113,20,25,10,22,18,8,42,var_0 counter_var_1 +,35,counter_var_0 var_1 +
2351,114 105 25 20 113,38,114 72 95 109 113,18,14,20,16,2,3,34,var_0 counter_var_1 +,34,counter_var_0 var_1 +
2352,114 86 56 5 113,33,114 20 66 88 113,28,20,5,26,10,20,54,var_0 counter_var_1 +,25,counter_var_0 var_1 +
2353,114 100 21 49 113,31,114 38 93 105 113,13,9,18,12,21,1,25,var_0 counter_var_1 +,27,counter_var_0 var_1 +
2354,114 76 17 112 113,37,114 24 87 60 113,18,24,19,29,17,18,47,var_0 counter_var_1 +,43,counter_var_0 var_1 +
2355,114 25 51 42 113,36,114 80 47 93 113,25,22,11,0,5,1,25,var_0 counter_var_1 +,33,counter_var_0 var_1 +
2356,114 89 87 60 113,31,114 72 17 112 113,2,14,29,19,18,17,21,var_0 counter_var_1 +,43,counter_var_0 var_1 +
2357,114 6 30 99 113,12,114 54 50 27 113,6,25,6,27,7,4,33,var_0 counter_var_1 +,31,counter_var_0 var_1 +
2358,114 26 10 11 113,37,114 78 18 72 113,26,20,11,10,10,18,36,var_0 counter_var_1 +,31,counter_var_0 var_1 +
2359,114 88 99 92 113,31,114 17 37 110 113,1,17,30,17,7,14,18,var_0 counter_var_1 +,47,counter_var_0 var_1 +
2360,114 28 104 4 113,32,114 109 30 99 113,28,22,4,6,12,7,34,var_0 counter_var_1 +,26,counter_var_0 var_1 +
2361,114 41 5 24 113,36,114 99 73 73 113,12,12,24,11,5,4,23,var_0 counter_var_1 +,36,counter_var_0 var_1 +
2362,114 38 71 100 113,16,114 59 38 59 113,9,1,7,28,2,15,37,var_0 counter_var_1 +,8,counter_var_0 var_1 +
2363,114 90 23 98 113,8,114 95 42 46 113,3,8,5,15,0,19,18,var_0 counter_var_1 +,13,counter_var_0 var_1 +
2364,114 4 62 43 113,16,114 98 57 97 113,4,11,12,4,16,11,8,var_0 counter_var_1 +,23,counter_var_0 var_1 +
2365,114 6 21 49 113,24,114 85 3 86 113,6,27,18,24,21,3,30,var_0 counter_var_1 +,45,counter_var_0 var_1 +
2366,114 68 92 51 113,30,114 109 73 73 113,10,22,20,11,0,4,21,var_0 counter_var_1 +,42,counter_var_0 var_1 +
2367,114 35 22 12 113,18,114 7 57 97 113,6,7,12,4,22,11,10,var_0 counter_var_1 +,19,counter_var_0 var_1 +
2368,114 56 94 96 113,30,114 79 94 96 113,27,21,3,3,2,2,30,var_0 counter_var_1 +,24,counter_var_0 var_1 +
2369,114 57 30 99 113,34,114 49 13 18 113,28,20,6,18,7,13,46,var_0 counter_var_1 +,26,counter_var_0 var_1 +
2370,114 9 43 40 113,18,114 35 71 100 113,9,6,9,7,20,2,16,var_0 counter_var_1 +,15,counter_var_0 var_1 +
2371,114 63 106 56 113,30,114 15 67 80 113,5,15,25,18,14,21,23,var_0 counter_var_1 +,40,counter_var_0 var_1 +
2372,114 105 0 38 113,25,114 48 51 42 113,18,19,7,11,0,5,29,var_0 counter_var_1 +,26,counter_var_0 var_1 +
2373,114 98 22 12 113,23,114 87 88 16 113,11,0,12,16,22,19,27,var_0 counter_var_1 +,12,counter_var_0 var_1 +
2374,114 40 57 97 113,15,114 43 24 35 113,11,14,4,4,11,1,15,var_0 counter_var_1 +,18,counter_var_0 var_1 +
2375,114 100 96 7 113,20,114 25 103 61 113,13,25,7,30,4,11,43,var_0 counter_var_1 +,32,counter_var_0 var_1 +
2376,114 90 62 43 113,15,114 107 108 85 113,3,20,12,23,16,16,26,var_0 counter_var_1 +,32,counter_var_0 var_1 +
2377,114 88 19 15 113,16,114 37 68 71 113,1,8,15,9,19,22,10,var_0 counter_var_1 +,23,counter_var_0 var_1 +
2378,114 8 112 13 113,21,114 34 75 8 113,8,5,13,8,20,6,16,var_0 counter_var_1 +,18,counter_var_0 var_1 +
2379,114 46 59 30 113,47,114 3 1 0 113,17,3,30,0,13,1,17,var_0 counter_var_1 +,33,counter_var_0 var_1 +
2380,114 109 92 51 113,42,114 68 66 88 113,22,10,20,26,0,20,48,var_0 counter_var_1 +,30,counter_var_0 var_1 +
2381,114 20 102 45 113,34,114 90 61 89 113,20,3,14,27,10,15,47,var_0 counter_var_1 +,17,counter_var_0 var_1 +
2382,114 41 91 106 113,25,114 58 102 45 113,12,0,13,14,22,10,26,var_0 counter_var_1 +,13,counter_var_0 var_1 +
2383,114 85 83 3 113,30,114 31 108 85 113,27,2,3,23,14,16,50,var_0 counter_var_1 +,5,counter_var_0 var_1 +
2384,114 56 91 106 113,40,114 52 10 11 113,27,23,13,11,22,10,38,var_0 counter_var_1 +,36,counter_var_0 var_1 +
2385,114 4 64 66 113,8,114 12 102 45 113,4,12,4,14,18,10,18,var_0 counter_var_1 +,16,counter_var_0 var_1 +
2386,114 63 4 78 113,21,114 112 96 7 113,5,25,16,7,4,4,12,var_0 counter_var_1 +,41,counter_var_0 var_1 +
2387,114 11 52 9 113,20,114 31 50 27 113,11,2,9,27,6,4,38,var_0 counter_var_1 +,11,counter_var_0 var_1 +
2388,114 73 32 1 113,16,114 76 62 43 113,15,18,1,12,9,16,27,var_0 counter_var_1 +,19,counter_var_0 var_1 +
2389,114 50 59 30 113,51,114 0 66 88 113,21,0,30,26,13,20,47,var_0 counter_var_1 +,30,counter_var_0 var_1 +
2390,114 77 4 78 113,35,114 32 90 102 113,19,3,16,9,4,21,28,var_0 counter_var_1 +,19,counter_var_0 var_1 +
2391,114 91 83 3 113,7,114 19 56 5 113,4,19,3,5,14,10,9,var_0 counter_var_1 +,22,counter_var_0 var_1 +
2392,114 67 2 84 113,31,114 13 92 51 113,9,13,22,20,2,0,29,var_0 counter_var_1 +,35,counter_var_0 var_1 +
2393,114 10 72 81 113,29,114 27 112 13 113,10,27,19,13,3,20,23,var_0 counter_var_1 +,46,counter_var_0 var_1 +
2394,114 17 6 64 113,19,114 112 15 62 113,17,25,2,0,6,15,17,var_0 counter_var_1 +,27,counter_var_0 var_1 +
2395,114 96 105 111 113,27,114 22 78 107 113,9,22,18,14,13,9,23,var_0 counter_var_1 +,40,counter_var_0 var_1 +
2396,114 7 7 22 113,29,114 41 41 34 113,7,12,22,3,7,18,10,var_0 counter_var_1 +,34,counter_var_0 var_1 +
2397,114 60 81 52 113,23,114 12 72 81 113,2,12,21,19,12,3,21,var_0 counter_var_1 +,33,counter_var_0 var_1 +
2398,114 95 40 76 113,22,114 44 1 0 113,8,15,14,0,17,1,8,var_0 counter_var_1 +,29,counter_var_0 var_1 +
2399,114 68 94 96 113,13,114 56 103 61 113,10,27,3,30,2,11,40,var_0 counter_var_1 +,30,counter_var_0 var_1 +
2400,114 9 98 74 113,21,114 8 66 88 113,9,8,12,26,6,20,35,var_0 counter_var_1 +,20,counter_var_0 var_1 +
2401,114 25 100 75 113,38,114 12 96 7 113,25,12,13,7,8,4,32,var_0 counter_var_1 +,25,counter_var_0 var_1 +
2402,114 4 40 76 113,18,114 30 41 34 113,4,1,14,3,17,18,7,var_0 counter_var_1 +,15,counter_var_0 var_1 +
2403,114 75 94 96 113,20,114 26 9 70 113,17,26,3,8,2,9,25,var_0 counter_var_1 +,29,counter_var_0 var_1 +
2404,114 39 59 30 113,40,114 87 33 14 113,10,0,30,14,13,10,24,var_0 counter_var_1 +,30,counter_var_0 var_1 +
2405,114 16 96 7 113,23,114 15 87 60 113,16,15,7,29,4,18,45,var_0 counter_var_1 +,22,counter_var_0 var_1 +
2406,114 18 62 43 113,30,114 46 69 104 113,18,17,12,11,16,0,29,var_0 counter_var_1 +,29,counter_var_0 var_1 +
2407,114 91 95 109 113,20,114 40 35 37 113,4,11,16,6,3,12,10,var_0 counter_var_1 +,27,counter_var_0 var_1 +
2408,114 38 105 111 113,27,114 15 111 79 113,9,15,18,17,13,19,26,var_0 counter_var_1 +,33,counter_var_0 var_1 +
2409,114 23 101 39 113,31,114 89 1 0 113,23,2,8,0,9,1,23,var_0 counter_var_1 +,10,counter_var_0 var_1 +
2410,114 6 40 76 113,20,114 84 92 51 113,6,26,14,20,17,0,26,var_0 counter_var_1 +,40,counter_var_0 var_1 +
2411,114 6 100 75 113,19,114 70 17 112 113,6,12,13,19,8,17,25,var_0 counter_var_1 +,25,counter_var_0 var_1 +
2412,114 108 32 1 113,22,114 34 44 41 113,21,5,1,10,9,21,31,var_0 counter_var_1 +,6,counter_var_0 var_1 +
2413,114 49 86 94 113,21,114 49 39 36 113,20,20,1,5,17,16,25,var_0 counter_var_1 +,21,counter_var_0 var_1 +
2414,114 46 11 6 113,23,114 62 21 49 113,17,4,6,18,11,21,35,var_0 counter_var_1 +,10,counter_var_0 var_1 +
2415,114 29 53 68 113,6,114 16 92 51 113,0,16,6,20,7,0,20,var_0 counter_var_1 +,22,counter_var_0 var_1 +
2416,114 33 95 109 113,20,114 47 36 19 113,4,18,16,19,3,13,23,var_0 counter_var_1 +,34,counter_var_0 var_1 +
2417,114 29 75 8 113,8,114 25 106 56 113,0,25,8,25,6,14,25,var_0 counter_var_1 +,33,counter_var_0 var_1 +
2418,114 88 51 42 113,12,114 55 42 46 113,1,26,11,15,5,19,16,var_0 counter_var_1 +,37,counter_var_0 var_1 +
2419,114 86 4 78 113,44,114 106 92 51 113,28,19,16,20,4,0,48,var_0 counter_var_1 +,35,counter_var_0 var_1 +
2420,114 86 62 43 113,40,114 12 92 51 113,28,12,12,20,16,0,48,var_0 counter_var_1 +,24,counter_var_0 var_1 +
2421,114 28 16 21 113,49,114 108 27 101 113,28,21,21,8,16,4,36,var_0 counter_var_1 +,42,counter_var_0 var_1 +
2422,114 27 3 86 113,51,114 73 42 46 113,27,15,24,15,3,19,42,var_0 counter_var_1 +,39,counter_var_0 var_1 +
2423,114 105 103 61 113,48,114 45 96 7 113,18,16,30,7,11,4,25,var_0 counter_var_1 +,46,counter_var_0 var_1 +
2424,114 56 111 79 113,44,114 104 89 29 113,27,17,17,29,19,20,56,var_0 counter_var_1 +,34,counter_var_0 var_1 +
2425,114 97 26 25 113,35,114 96 32 1 113,10,9,25,1,3,9,11,var_0 counter_var_1 +,34,counter_var_0 var_1 +
2426,114 12 35 37 113,18,114 50 27 101 113,12,21,6,8,12,4,20,var_0 counter_var_1 +,27,counter_var_0 var_1 +
2427,114 7 92 51 113,27,114 2 13 18 113,7,2,20,18,0,13,25,var_0 counter_var_1 +,22,counter_var_0 var_1 +
2428,114 35 49 32 113,7,114 15 50 27 113,6,15,1,27,3,4,33,var_0 counter_var_1 +,16,counter_var_0 var_1 +
2429,114 15 42 46 113,30,114 105 53 68 113,15,18,15,6,19,7,21,var_0 counter_var_1 +,33,counter_var_0 var_1 +
2430,114 54 21 49 113,43,114 74 46 87 113,25,16,18,25,21,0,50,var_0 counter_var_1 +,34,counter_var_0 var_1 +
2431,114 36 85 31 113,7,114 18 5 24 113,7,18,0,24,16,5,31,var_0 counter_var_1 +,18,counter_var_0 var_1 +
2432,114 95 75 8 113,16,114 33 3 86 113,8,4,8,24,6,3,32,var_0 counter_var_1 +,12,counter_var_0 var_1 +
2433,114 51 57 97 113,26,114 49 58 2 113,22,20,4,2,11,12,24,var_0 counter_var_1 +,24,counter_var_0 var_1 +
2434,114 71 67 80 113,31,114 9 52 9 113,13,9,18,9,21,6,22,var_0 counter_var_1 +,27,counter_var_0 var_1 +
2435,114 28 70 77 113,43,114 83 3 86 113,28,25,15,24,1,3,52,var_0 counter_var_1 +,40,counter_var_0 var_1 +
2436,114 3 89 29 113,32,114 13 65 67 113,3,13,29,5,20,19,8,var_0 counter_var_1 +,42,counter_var_0 var_1 +
2437,114 39 2 84 113,32,114 19 43 40 113,10,19,22,9,2,20,19,var_0 counter_var_1 +,41,counter_var_0 var_1 +
2438,114 103 59 30 113,46,114 10 8 57 113,16,10,30,26,13,8,42,var_0 counter_var_1 +,40,counter_var_0 var_1 +
2439,114 45 24 35 113,20,114 44 37 110 113,16,15,4,17,1,14,33,var_0 counter_var_1 +,19,counter_var_0 var_1 +
2440,114 85 24 35 113,31,114 29 74 91 113,27,0,4,29,1,5,56,var_0 counter_var_1 +,4,counter_var_0 var_1 +
2441,114 83 54 53 113,47,114 33 8 57 113,25,4,22,26,8,8,51,var_0 counter_var_1 +,26,counter_var_0 var_1 +
2442,114 107 64 66 113,24,114 80 11 6 113,20,22,4,6,18,11,26,var_0 counter_var_1 +,26,counter_var_0 var_1 +
2443,114 89 88 16 113,18,114 4 88 16 113,2,4,16,16,19,19,18,var_0 counter_var_1 +,20,counter_var_0 var_1 +
2444,114 11 66 88 113,37,114 0 18 72 113,11,0,26,10,20,18,21,var_0 counter_var_1 +,26,counter_var_0 var_1 +
2445,114 49 58 2 113,22,114 83 16 21 113,20,25,2,21,12,16,41,var_0 counter_var_1 +,27,counter_var_0 var_1 +
2446,114 10 105 111 113,28,114 106 15 62 113,10,19,18,0,13,15,10,var_0 counter_var_1 +,37,counter_var_0 var_1 +
2447,114 74 52 9 113,25,114 14 18 72 113,16,14,9,10,6,18,26,var_0 counter_var_1 +,23,counter_var_0 var_1 +
2448,114 109 10 11 113,33,114 14 65 67 113,22,14,11,5,10,19,27,var_0 counter_var_1 +,25,counter_var_0 var_1 +
2449,114 79 40 76 113,35,114 102 57 97 113,21,15,14,4,17,11,25,var_0 counter_var_1 +,29,counter_var_0 var_1 +
2450,114 63 2 84 113,27,114 69 104 4 113,5,11,22,4,2,12,9,var_0 counter_var_1 +,33,counter_var_0 var_1 +
2451,114 49 8 57 113,46,114 44 77 69 113,20,15,26,7,8,8,27,var_0 counter_var_1 +,41,counter_var_0 var_1 +
2452,114 54 41 34 113,28,114 86 42 46 113,25,28,3,15,18,19,40,var_0 counter_var_1 +,31,counter_var_0 var_1 +
2453,114 76 45 103 113,28,114 14 37 110 113,18,14,10,17,22,14,35,var_0 counter_var_1 +,24,counter_var_0 var_1 +
2454,114 67 80 48 113,26,114 59 13 18 113,9,1,17,18,11,13,27,var_0 counter_var_1 +,18,counter_var_0 var_1 +
2455,114 1 74 91 113,30,114 42 55 10 113,1,13,29,10,5,9,11,var_0 counter_var_1 +,42,counter_var_0 var_1 +
2456,114 28 44 41 113,38,114 15 15 62 113,28,15,10,0,21,15,28,var_0 counter_var_1 +,25,counter_var_0 var_1 +
2457,114 76 12 83 113,39,114 68 65 67 113,18,10,21,5,12,19,23,var_0 counter_var_1 +,31,counter_var_0 var_1 +
2458,114 102 8 57 113,41,114 4 46 87 113,15,4,26,25,8,0,40,var_0 counter_var_1 +,30,counter_var_0 var_1 +
2459,114 0 79 58 113,27,114 50 82 90 113,0,21,27,28,10,13,28,var_0 counter_var_1 +,48,counter_var_0 var_1 +
2460,114 108 49 32 113,22,114 2 48 95 113,21,2,1,2,3,2,23,var_0 counter_var_1 +,3,counter_var_0 var_1 +
2461,114 36 32 1 113,8,114 51 31 82 113,7,22,1,20,9,8,27,var_0 counter_var_1 +,23,counter_var_0 var_1 +
2462,114 15 64 66 113,19,114 76 84 44 113,15,18,4,13,18,15,28,var_0 counter_var_1 +,22,counter_var_0 var_1 +
2463,114 29 104 4 113,4,114 31 92 51 113,0,2,4,20,12,0,20,var_0 counter_var_1 +,6,counter_var_0 var_1 +
2464,114 48 53 68 113,25,114 18 51 42 113,19,18,6,11,7,5,30,var_0 counter_var_1 +,24,counter_var_0 var_1 +
2465,114 74 54 53 113,38,114 107 30 99 113,16,20,22,6,8,7,22,var_0 counter_var_1 +,42,counter_var_0 var_1 +
2466,114 48 49 32 113,20,114 9 38 59 113,19,9,1,28,3,15,47,var_0 counter_var_1 +,10,counter_var_0 var_1 +
2467,114 25 74 91 113,54,114 39 12 83 113,25,10,29,21,5,12,46,var_0 counter_var_1 +,39,counter_var_0 var_1 +
2468,114 22 83 3 113,25,114 85 25 20 113,22,27,3,20,14,2,42,var_0 counter_var_1 +,30,counter_var_0 var_1 +
2469,114 46 19 15 113,32,114 6 78 107 113,17,6,15,14,19,9,31,var_0 counter_var_1 +,21,counter_var_0 var_1 +
2470,114 2 31 82 113,22,114 97 9 70 113,2,10,20,8,8,9,10,var_0 counter_var_1 +,30,counter_var_0 var_1 +
2471,114 42 17 112 113,32,114 57 95 109 113,13,28,19,16,17,3,29,var_0 counter_var_1 +,47,counter_var_0 var_1 +
2472,114 109 111 79 113,39,114 94 57 97 113,22,7,17,4,19,11,26,var_0 counter_var_1 +,24,counter_var_0 var_1 +
2473,114 16 91 106 113,29,114 78 41 34 113,16,20,13,3,22,18,19,var_0 counter_var_1 +,33,counter_var_0 var_1 +
2474,114 3 24 35 113,7,114 76 75 8 113,3,18,4,8,1,6,11,var_0 counter_var_1 +,22,counter_var_0 var_1 +
2475,114 76 67 80 113,36,114 88 82 90 113,18,1,18,28,21,13,46,var_0 counter_var_1 +,19,counter_var_0 var_1 +
2476,114 23 51 42 113,34,114 53 69 104 113,23,24,11,11,5,0,34,var_0 counter_var_1 +,35,counter_var_0 var_1 +
2477,114 10 93 105 113,22,114 55 54 53 113,10,26,12,22,1,8,32,var_0 counter_var_1 +,38,counter_var_0 var_1 +
2478,114 100 87 60 113,42,114 12 62 43 113,13,12,29,12,18,16,25,var_0 counter_var_1 +,41,counter_var_0 var_1 +
2479,114 38 15 62 113,9,114 35 93 105 113,9,6,0,12,15,1,21,var_0 counter_var_1 +,6,counter_var_0 var_1 +
2480,114 100 40 76 113,27,114 83 99 92 113,13,25,14,30,17,7,43,var_0 counter_var_1 +,39,counter_var_0 var_1 +
2481,114 51 63 26 113,48,114 7 71 100 113,22,7,26,7,17,2,29,var_0 counter_var_1 +,33,counter_var_0 var_1 +
2482,114 65 8 57 113,33,114 98 68 71 113,7,11,26,9,8,22,16,var_0 counter_var_1 +,37,counter_var_0 var_1 +
2483,114 101 91 106 113,27,114 74 45 103 113,14,16,13,10,22,22,24,var_0 counter_var_1 +,29,counter_var_0 var_1 +
2484,114 2 23 98 113,7,114 67 65 67 113,2,9,5,5,0,19,7,var_0 counter_var_1 +,14,counter_var_0 var_1 +
2485,114 20 0 38 113,27,114 11 107 28 113,20,11,7,28,0,15,48,var_0 counter_var_1 +,18,counter_var_0 var_1 +
2486,114 10 28 55 113,34,114 53 103 61 113,10,24,24,30,5,11,40,var_0 counter_var_1 +,48,counter_var_0 var_1 +
2487,114 39 57 97 113,14,114 111 90 102 113,10,24,4,9,11,21,19,var_0 counter_var_1 +,28,counter_var_0 var_1 +
2488,114 92 37 110 113,22,114 84 111 79 113,5,26,17,17,14,19,22,var_0 counter_var_1 +,43,counter_var_0 var_1 +
2489,114 55 46 87 113,51,114 96 72 81 113,26,9,25,19,0,3,45,var_0 counter_var_1 +,34,counter_var_0 var_1 +
2490,114 111 78 107 113,38,114 14 104 4 113,24,14,14,4,9,12,28,var_0 counter_var_1 +,28,counter_var_0 var_1 +
2491,114 39 64 66 113,14,114 85 74 91 113,10,27,4,29,18,5,39,var_0 counter_var_1 +,31,counter_var_0 var_1 +
2492,114 4 94 96 113,7,114 110 106 56 113,4,23,3,25,2,14,29,var_0 counter_var_1 +,26,counter_var_0 var_1 +
2493,114 6 104 4 113,10,114 51 75 8 113,6,22,4,8,12,6,14,var_0 counter_var_1 +,26,counter_var_0 var_1 +
2494,114 85 29 17 113,44,114 107 38 59 113,27,20,17,28,6,15,55,var_0 counter_var_1 +,37,counter_var_0 var_1 +
2495,114 56 61 89 113,54,114 55 27 101 113,27,26,27,8,15,4,35,var_0 counter_var_1 +,53,counter_var_0 var_1 +
2496,114 106 87 60 113,48,114 27 83 3 113,19,27,29,3,18,14,22,var_0 counter_var_1 +,56,counter_var_0 var_1 +
2497,114 88 33 14 113,15,114 23 27 101 113,1,23,14,8,10,4,9,var_0 counter_var_1 +,37,counter_var_0 var_1 +
2498,114 59 46 87 113,26,114 69 31 82 113,1,11,25,20,0,8,21,var_0 counter_var_1 +,36,counter_var_0 var_1 +
2499,114 22 27 101 113,30,114 14 3 86 113,22,14,8,24,4,3,46,var_0 counter_var_1 +,22,counter_var_0 var_1 +
2500,114 13 107 28 113,41,114 62 107 28 113,13,4,28,28,15,15,41,var_0 counter_var_1 +,32,counter_var_0 var_1 +
2501,114 0 24 35 113,4,114 60 22 12 113,0,2,4,12,1,22,12,var_0 counter_var_1 +,6,counter_var_0 var_1 +
2502,114 12 23 98 113,17,114 62 74 91 113,12,4,5,29,0,5,41,var_0 counter_var_1 +,9,counter_var_0 var_1 +
2503,114 47 93 105 113,30,114 56 94 96 113,18,27,12,3,1,2,21,var_0 counter_var_1 +,39,counter_var_0 var_1 +
2504,114 44 44 41 113,25,114 83 108 85 113,15,25,10,23,21,16,38,var_0 counter_var_1 +,35,counter_var_0 var_1 +
2505,114 62 106 56 113,29,114 102 59 30 113,4,15,25,30,14,13,34,var_0 counter_var_1 +,40,counter_var_0 var_1 +
2506,114 3 1 0 113,3,114 68 71 100 113,3,10,0,7,1,2,10,var_0 counter_var_1 +,10,counter_var_0 var_1 +
2507,114 6 66 88 113,32,114 107 59 30 113,6,20,26,30,20,13,36,var_0 counter_var_1 +,46,counter_var_0 var_1 +
2508,114 15 109 65 113,18,114 68 49 32 113,15,10,3,1,17,3,16,var_0 counter_var_1 +,13,counter_var_0 var_1 +
2509,114 52 99 92 113,53,114 36 47 93 113,23,7,30,0,7,1,23,var_0 counter_var_1 +,37,counter_var_0 var_1 +
2510,114 19 44 41 113,29,114 32 24 35 113,19,3,10,4,21,1,23,var_0 counter_var_1 +,13,counter_var_0 var_1 +
2511,114 100 106 56 113,38,114 76 67 80 113,13,18,25,18,14,21,31,var_0 counter_var_1 +,43,counter_var_0 var_1 +
2512,114 44 50 27 113,42,114 14 6 64 113,15,14,27,2,4,6,17,var_0 counter_var_1 +,41,counter_var_0 var_1 +
2513,114 12 98 74 113,24,114 95 0 38 113,12,8,12,7,6,0,19,var_0 counter_var_1 +,20,counter_var_0 var_1 +
2514,114 18 76 54 113,41,114 40 39 36 113,18,11,23,5,7,16,23,var_0 counter_var_1 +,34,counter_var_0 var_1 +
2515,114 4 3 86 113,28,114 78 69 104 113,4,20,24,11,3,0,15,var_0 counter_var_1 +,44,counter_var_0 var_1 +
2516,114 45 105 111 113,34,114 111 27 101 113,16,24,18,8,13,4,24,var_0 counter_var_1 +,42,counter_var_0 var_1 +
2517,114 67 55 10 113,19,114 94 104 4 113,9,7,10,4,9,12,13,var_0 counter_var_1 +,17,counter_var_0 var_1 +
2518,114 33 49 32 113,5,114 46 24 35 113,4,17,1,4,3,1,8,var_0 counter_var_1 +,18,counter_var_0 var_1 +
2519,114 11 23 98 113,16,114 102 13 18 113,11,15,5,18,0,13,29,var_0 counter_var_1 +,20,counter_var_0 var_1 +
2520,114 106 10 11 113,30,114 89 43 40 113,19,2,11,9,10,20,28,var_0 counter_var_1 +,13,counter_var_0 var_1 +
2521,114 75 8 57 113,43,114 84 108 85 113,17,26,26,23,8,16,40,var_0 counter_var_1 +,52,counter_var_0 var_1 +
2522,114 52 27 101 113,31,114 88 49 32 113,23,1,8,1,4,3,24,var_0 counter_var_1 +,9,counter_var_0 var_1 +
2523,114 79 33 14 113,35,114 88 43 40 113,21,1,14,9,10,20,30,var_0 counter_var_1 +,15,counter_var_0 var_1 +
2524,114 45 98 74 113,28,114 5 54 53 113,16,5,12,22,6,8,38,var_0 counter_var_1 +,17,counter_var_0 var_1 +
2525,114 26 1 0 113,26,114 74 29 17 113,26,16,0,17,1,6,43,var_0 counter_var_1 +,16,counter_var_0 var_1 +
2526,114 20 34 47 113,36,114 71 14 33 113,20,13,16,2,11,14,22,var_0 counter_var_1 +,29,counter_var_0 var_1 +
2527,114 29 38 59 113,28,114 48 48 95 113,0,19,28,2,15,2,2,var_0 counter_var_1 +,47,counter_var_0 var_1 +
2528,114 16 76 54 113,39,114 109 105 111 113,16,22,23,18,7,13,34,var_0 counter_var_1 +,45,counter_var_0 var_1 +
2529,114 91 96 7 113,11,114 75 16 21 113,4,17,7,21,4,16,25,var_0 counter_var_1 +,24,counter_var_0 var_1 +
2530,114 60 14 33 113,4,114 34 13 18 113,2,5,2,18,14,13,20,var_0 counter_var_1 +,7,counter_var_0 var_1 +
2531,114 23 32 1 113,24,114 2 98 74 113,23,2,1,12,9,6,35,var_0 counter_var_1 +,3,counter_var_0 var_1 +
2532,114 71 88 16 113,29,114 30 32 1 113,13,1,16,1,19,9,14,var_0 counter_var_1 +,17,counter_var_0 var_1 +
2533,114 111 41 34 113,27,114 50 47 93 113,24,21,3,0,18,1,24,var_0 counter_var_1 +,24,counter_var_0 var_1 +
2534,114 15 18 72 113,25,114 43 54 53 113,15,14,10,22,18,8,37,var_0 counter_var_1 +,24,counter_var_0 var_1 +
2535,114 41 89 29 113,41,114 106 65 67 113,12,19,29,5,20,19,17,var_0 counter_var_1 +,48,counter_var_0 var_1 +
2536,114 38 48 95 113,11,114 47 73 73 113,9,18,2,11,2,4,20,var_0 counter_var_1 +,20,counter_var_0 var_1 +
2537,114 17 89 29 113,46,114 99 7 22 113,17,12,29,22,20,7,39,var_0 counter_var_1 +,41,counter_var_0 var_1 +
2538,114 54 5 24 113,49,114 18 89 29 113,25,18,24,29,5,20,54,var_0 counter_var_1 +,42,counter_var_0 var_1 +
2539,114 101 36 19 113,33,114 90 70 77 113,14,3,19,15,13,1,29,var_0 counter_var_1 +,22,counter_var_0 var_1 +
2540,114 108 60 63 113,22,114 37 67 80 113,21,8,1,18,14,21,39,var_0 counter_var_1 +,9,counter_var_0 var_1 +
2541,114 101 20 50 113,33,114 51 96 7 113,14,22,19,7,20,4,21,var_0 counter_var_1 +,41,counter_var_0 var_1 +
2542,114 96 100 75 113,22,114 88 60 63 113,9,1,13,1,8,14,10,var_0 counter_var_1 +,14,counter_var_0 var_1 +
2543,114 20 61 89 113,47,114 22 8 57 113,20,22,27,26,15,8,46,var_0 counter_var_1 +,49,counter_var_0 var_1 +
2544,114 59 6 64 113,3,114 72 64 66 113,1,14,2,4,6,18,5,var_0 counter_var_1 +,16,counter_var_0 var_1 +
2545,114 108 36 19 113,40,114 89 88 16 113,21,2,19,16,13,19,37,var_0 counter_var_1 +,21,counter_var_0 var_1 +
2546,114 81 82 90 113,51,114 19 98 74 113,23,19,28,12,13,6,35,var_0 counter_var_1 +,47,counter_var_0 var_1 +
2547,114 78 60 63 113,21,114 30 85 31 113,20,1,1,0,14,16,20,var_0 counter_var_1 +,2,counter_var_0 var_1 +
2548,114 62 67 80 113,22,114 70 31 82 113,4,12,18,20,21,8,24,var_0 counter_var_1 +,30,counter_var_0 var_1 +
2549,114 5 10 11 113,16,114 0 37 110 113,5,0,11,17,10,14,22,var_0 counter_var_1 +,11,counter_var_0 var_1 +
2550,114 58 39 36 113,5,114 75 91 106 113,0,17,5,13,16,22,13,var_0 counter_var_1 +,22,counter_var_0 var_1 +
2551,114 110 72 81 113,42,114 90 96 7 113,23,3,19,7,3,4,30,var_0 counter_var_1 +,22,counter_var_0 var_1 +
2552,114 4 29 17 113,21,114 50 51 42 113,4,21,17,11,6,5,15,var_0 counter_var_1 +,38,counter_var_0 var_1 +
2553,114 83 104 4 113,29,114 53 1 0 113,25,24,4,0,12,1,25,var_0 counter_var_1 +,28,counter_var_0 var_1 +
2554,114 74 109 65 113,19,114 100 38 59 113,16,13,3,28,17,15,44,var_0 counter_var_1 +,16,counter_var_0 var_1 +
2555,114 80 24 35 113,26,114 39 105 111 113,22,10,4,18,1,13,40,var_0 counter_var_1 +,14,counter_var_0 var_1 +
2556,114 105 97 23 113,41,114 37 102 45 113,18,8,23,14,5,10,32,var_0 counter_var_1 +,31,counter_var_0 var_1 +
2557,114 80 110 108 113,37,114 11 97 23 113,22,11,15,23,18,5,45,var_0 counter_var_1 +,26,counter_var_0 var_1 +
2558,114 49 27 101 113,28,114 42 72 81 113,20,13,8,19,4,3,39,var_0 counter_var_1 +,21,counter_var_0 var_1 +
2559,114 85 65 67 113,32,114 40 89 29 113,27,11,5,29,19,20,56,var_0 counter_var_1 +,16,counter_var_0 var_1 +
2560,114 98 76 54 113,34,114 94 9 70 113,11,7,23,8,7,9,19,var_0 counter_var_1 +,30,counter_var_0 var_1 +
2561,114 37 74 91 113,37,114 90 10 11 113,8,3,29,11,5,10,19,var_0 counter_var_1 +,32,counter_var_0 var_1 +
2562,114 24 105 111 113,42,114 36 3 86 113,24,7,18,24,13,3,48,var_0 counter_var_1 +,25,counter_var_0 var_1 +
2563,114 65 40 76 113,21,114 111 69 104 113,7,24,14,11,17,0,18,var_0 counter_var_1 +,38,counter_var_0 var_1 +
2564,114 97 67 80 113,28,114 84 80 48 113,10,26,18,17,21,11,27,var_0 counter_var_1 +,44,counter_var_0 var_1 +
2565,114 88 106 56 113,26,114 17 23 98 113,1,17,25,5,14,0,6,var_0 counter_var_1 +,42,counter_var_0 var_1 +
2566,114 33 63 26 113,30,114 68 60 63 113,4,10,26,1,17,14,5,var_0 counter_var_1 +,36,counter_var_0 var_1 +
2567,114 73 81 52 113,36,114 3 14 33 113,15,3,21,2,12,14,17,var_0 counter_var_1 +,24,counter_var_0 var_1 +
2568,114 9 42 46 113,24,114 57 48 95 113,9,28,15,2,19,2,11,var_0 counter_var_1 +,43,counter_var_0 var_1 +
2569,114 102 100 75 113,28,114 31 29 17 113,15,2,13,17,8,6,32,var_0 counter_var_1 +,15,counter_var_0 var_1 +
2570,114 4 43 40 113,13,114 4 18 72 113,4,4,9,10,20,18,14,var_0 counter_var_1 +,13,counter_var_0 var_1 +
2571,114 39 8 57 113,36,114 78 43 40 113,10,20,26,9,8,20,19,var_0 counter_var_1 +,46,counter_var_0 var_1 +
2572,114 89 100 75 113,15,114 17 33 14 113,2,17,13,14,8,10,16,var_0 counter_var_1 +,30,counter_var_0 var_1 +
2573,114 64 47 93 113,6,114 48 64 66 113,6,19,0,4,1,18,10,var_0 counter_var_1 +,19,counter_var_0 var_1 +
2574,114 30 67 80 113,19,114 18 42 46 113,1,18,18,15,21,19,16,var_0 counter_var_1 +,36,counter_var_0 var_1 +
2575,114 1 12 83 113,22,114 24 4 78 113,1,24,21,16,12,4,17,var_0 counter_var_1 +,45,counter_var_0 var_1 +
2576,114 70 99 92 113,42,114 52 69 104 113,12,23,30,11,7,0,23,var_0 counter_var_1 +,53,counter_var_0 var_1 +
2577,114 35 29 17 113,23,114 40 105 111 113,6,11,17,18,6,13,24,var_0 counter_var_1 +,28,counter_var_0 var_1 +
2578,114 66 21 49 113,26,114 89 26 25 113,8,2,18,25,21,3,33,var_0 counter_var_1 +,20,counter_var_0 var_1 +
2579,114 60 8 57 113,28,114 91 47 93 113,2,4,26,0,8,1,2,var_0 counter_var_1 +,30,counter_var_0 var_1 +
2580,114 13 50 27 113,40,114 90 41 34 113,13,3,27,3,4,18,16,var_0 counter_var_1 +,30,counter_var_0 var_1 +
2581,114 106 66 88 113,45,114 81 64 66 113,19,23,26,4,20,18,23,var_0 counter_var_1 +,49,counter_var_0 var_1 +
2582,114 109 67 80 113,40,114 46 100 75 113,22,17,18,13,21,8,35,var_0 counter_var_1 +,35,counter_var_0 var_1 +
2583,114 52 29 17 113,40,114 89 112 13 113,23,2,17,13,6,20,36,var_0 counter_var_1 +,19,counter_var_0 var_1 +
2584,114 33 43 40 113,13,114 54 92 51 113,4,25,9,20,20,0,24,var_0 counter_var_1 +,34,counter_var_0 var_1 +
2585,114 6 82 90 113,34,114 63 58 2 113,6,5,28,2,13,12,8,var_0 counter_var_1 +,33,counter_var_0 var_1 +
2586,114 63 21 49 113,23,114 33 90 102 113,5,4,18,9,21,21,14,var_0 counter_var_1 +,22,counter_var_0 var_1 +
2587,114 96 57 97 113,13,114 34 66 88 113,9,5,4,26,11,20,35,var_0 counter_var_1 +,9,counter_var_0 var_1 +
2588,114 24 23 98 113,29,114 5 17 112 113,24,5,5,19,0,17,43,var_0 counter_var_1 +,10,counter_var_0 var_1 +
2589,114 90 71 100 113,10,114 13 8 57 113,3,13,7,26,2,8,29,var_0 counter_var_1 +,20,counter_var_0 var_1 +
2590,114 50 25 20 113,41,114 24 78 107 113,21,24,20,14,2,9,35,var_0 counter_var_1 +,44,counter_var_0 var_1 +
2591,114 58 106 56 113,25,114 99 39 36 113,0,12,25,5,14,16,5,var_0 counter_var_1 +,37,counter_var_0 var_1 +
2592,114 52 15 62 113,23,114 66 3 86 113,23,8,0,24,15,3,47,var_0 counter_var_1 +,8,counter_var_0 var_1 +
2593,114 69 93 105 113,23,114 87 35 37 113,11,0,12,6,1,12,17,var_0 counter_var_1 +,12,counter_var_0 var_1 +
2594,114 100 81 52 113,34,114 109 47 93 113,13,22,21,0,12,1,13,var_0 counter_var_1 +,43,counter_var_0 var_1 +
2595,114 81 69 104 113,34,114 70 79 58 113,23,12,11,27,0,10,50,var_0 counter_var_1 +,23,counter_var_0 var_1 +
2596,114 59 26 25 113,26,114 38 54 53 113,1,9,25,22,3,8,23,var_0 counter_var_1 +,34,counter_var_0 var_1 +
2597,114 7 108 85 113,30,114 35 76 54 113,7,6,23,23,16,7,30,var_0 counter_var_1 +,29,counter_var_0 var_1 +
2598,114 48 104 4 113,23,114 74 36 19 113,19,16,4,19,12,13,38,var_0 counter_var_1 +,20,counter_var_0 var_1 +
2599,114 55 16 21 113,47,114 40 112 13 113,26,11,21,13,16,20,39,var_0 counter_var_1 +,32,counter_var_0 var_1 +
2600,114 62 84 44 113,17,114 92 111 79 113,4,5,13,17,15,19,21,var_0 counter_var_1 +,18,counter_var_0 var_1 +
2601,114 50 92 51 113,41,114 81 83 3 113,21,23,20,3,0,14,24,var_0 counter_var_1 +,43,counter_var_0 var_1 +
2602,114 99 72 81 113,31,114 111 17 112 113,12,24,19,19,3,17,31,var_0 counter_var_1 +,43,counter_var_0 var_1 +
2603,114 111 2 84 113,46,114 5 60 63 113,24,5,22,1,2,14,25,var_0 counter_var_1 +,27,counter_var_0 var_1 +
2604,114 10 51 42 113,21,114 57 82 90 113,10,28,11,28,5,13,38,var_0 counter_var_1 +,39,counter_var_0 var_1 +
2605,114 83 42 46 113,40,114 96 49 32 113,25,9,15,1,19,3,26,var_0 counter_var_1 +,24,counter_var_0 var_1 +
2606,114 3 80 48 113,20,114 11 40 76 113,3,11,17,14,11,17,17,var_0 counter_var_1 +,28,counter_var_0 var_1 +
2607,114 29 25 20 113,20,114 15 65 67 113,0,15,20,5,2,19,5,var_0 counter_var_1 +,35,counter_var_0 var_1 +
2608,114 48 70 77 113,34,114 17 108 85 113,19,17,15,23,1,16,42,var_0 counter_var_1 +,32,counter_var_0 var_1 +
2609,114 103 75 8 113,24,114 94 24 35 113,16,7,8,4,6,1,20,var_0 counter_var_1 +,15,counter_var_0 var_1 +
2610,114 111 105 111 113,42,114 77 65 67 113,24,19,18,5,13,19,29,var_0 counter_var_1 +,37,counter_var_0 var_1 +
2611,114 27 96 7 113,34,114 64 106 56 113,27,6,7,25,4,14,52,var_0 counter_var_1 +,13,counter_var_0 var_1 +
2612,114 104 91 106 113,30,114 82 103 61 113,17,24,13,30,22,11,47,var_0 counter_var_1 +,37,counter_var_0 var_1 +
2613,114 39 29 17 113,27,114 83 66 88 113,10,25,17,26,6,20,36,var_0 counter_var_1 +,42,counter_var_0 var_1 +
2614,114 31 83 3 113,5,114 108 100 75 113,2,21,3,13,14,8,15,var_0 counter_var_1 +,24,counter_var_0 var_1 +
2615,114 61 66 88 113,29,114 102 51 42 113,3,15,26,11,20,5,14,var_0 counter_var_1 +,41,counter_var_0 var_1 +
2616,114 95 39 36 113,13,114 86 87 60 113,8,28,5,29,16,18,37,var_0 counter_var_1 +,33,counter_var_0 var_1 +
2617,114 18 18 72 113,28,114 97 85 31 113,18,10,10,0,18,16,18,var_0 counter_var_1 +,20,counter_var_0 var_1 +
2618,114 55 7 22 113,48,114 29 39 36 113,26,0,22,5,7,16,31,var_0 counter_var_1 +,22,counter_var_0 var_1 +
2619,114 52 37 110 113,40,114 104 45 103 113,23,17,17,10,14,22,33,var_0 counter_var_1 +,34,counter_var_0 var_1 +
2620,114 64 30 99 113,12,114 54 109 65 113,6,25,6,3,7,17,9,var_0 counter_var_1 +,31,counter_var_0 var_1 +
2621,114 103 108 85 113,39,114 102 60 63 113,16,15,23,1,16,14,17,var_0 counter_var_1 +,38,counter_var_0 var_1 +
2622,114 85 96 7 113,34,114 95 50 27 113,27,8,7,27,4,4,54,var_0 counter_var_1 +,15,counter_var_0 var_1 +
2623,114 41 93 105 113,24,114 93 99 92 113,12,6,12,30,1,7,42,var_0 counter_var_1 +,18,counter_var_0 var_1 +
2624,114 9 53 68 113,15,114 79 13 18 113,9,21,6,18,7,13,27,var_0 counter_var_1 +,27,counter_var_0 var_1 +
2625,114 88 37 110 113,18,114 75 52 9 113,1,17,17,9,14,6,10,var_0 counter_var_1 +,34,counter_var_0 var_1 +
2626,114 86 26 25 113,53,114 10 108 85 113,28,10,25,23,3,16,51,var_0 counter_var_1 +,35,counter_var_0 var_1 +
2627,114 90 78 107 113,17,114 15 70 77 113,3,15,14,15,9,1,18,var_0 counter_var_1 +,29,counter_var_0 var_1 +
2628,114 62 64 66 113,8,114 17 4 78 113,4,17,4,16,18,4,20,var_0 counter_var_1 +,21,counter_var_0 var_1 +
2629,114 110 1 0 113,23,114 46 105 111 113,23,17,0,18,1,13,41,var_0 counter_var_1 +,17,counter_var_0 var_1 +
2630,114 86 31 82 113,48,114 2 4 78 113,28,2,20,16,8,4,44,var_0 counter_var_1 +,22,counter_var_0 var_1 +
2631,114 27 40 76 113,41,114 51 45 103 113,27,22,14,10,17,22,37,var_0 counter_var_1 +,36,counter_var_0 var_1 +
2632,114 108 44 41 113,31,114 20 77 69 113,21,20,10,7,21,8,28,var_0 counter_var_1 +,30,counter_var_0 var_1 +
2633,114 50 49 32 113,22,114 6 59 30 113,21,6,1,30,3,13,51,var_0 counter_var_1 +,7,counter_var_0 var_1 +
2634,114 39 28 55 113,34,114 35 103 61 113,10,6,24,30,5,11,40,var_0 counter_var_1 +,30,counter_var_0 var_1 +
2635,114 49 73 73 113,31,114 79 83 3 113,20,21,11,3,4,14,23,var_0 counter_var_1 +,32,counter_var_0 var_1 +
2636,114 41 65 67 113,17,114 11 108 85 113,12,11,5,23,19,16,35,var_0 counter_var_1 +,16,counter_var_0 var_1 +
2637,114 74 89 29 113,45,114 14 23 98 113,16,14,29,5,20,0,21,var_0 counter_var_1 +,43,counter_var_0 var_1 +
2638,114 63 90 102 113,14,114 84 68 71 113,5,26,9,9,21,22,14,var_0 counter_var_1 +,35,counter_var_0 var_1 +
2639,114 47 106 56 113,43,114 26 52 9 113,18,26,25,9,14,6,27,var_0 counter_var_1 +,51,counter_var_0 var_1 +
2640,114 66 12 83 113,29,114 91 18 72 113,8,4,21,10,12,18,18,var_0 counter_var_1 +,25,counter_var_0 var_1 +
2641,114 17 15 62 113,17,114 45 75 8 113,17,16,0,8,15,6,25,var_0 counter_var_1 +,16,counter_var_0 var_1 +
2642,114 42 14 33 113,15,114 112 98 74 113,13,25,2,12,14,6,25,var_0 counter_var_1 +,27,counter_var_0 var_1 +
2643,114 5 45 103 113,15,114 59 52 9 113,5,1,10,9,22,6,14,var_0 counter_var_1 +,11,counter_var_0 var_1 +
2644,114 42 10 11 113,24,114 99 25 20 113,13,12,11,20,10,2,33,var_0 counter_var_1 +,23,counter_var_0 var_1 +
2645,114 77 82 90 113,47,114 37 38 59 113,19,8,28,28,13,15,47,var_0 counter_var_1 +,36,counter_var_0 var_1 +
2646,114 53 46 87 113,49,114 23 96 7 113,24,23,25,7,0,4,31,var_0 counter_var_1 +,48,counter_var_0 var_1 +
2647,114 68 30 99 113,16,114 55 96 7 113,10,26,6,7,7,4,17,var_0 counter_var_1 +,32,counter_var_0 var_1 +
2648,114 87 105 111 113,18,114 79 16 21 113,0,21,18,21,13,16,21,var_0 counter_var_1 +,39,counter_var_0 var_1 +
2649,114 85 19 15 113,42,114 31 81 52 113,27,2,15,21,19,12,48,var_0 counter_var_1 +,17,counter_var_0 var_1 +
2650,114 23 1 0 113,23,114 73 20 50 113,23,15,0,19,1,20,42,var_0 counter_var_1 +,15,counter_var_0 var_1 +
2651,114 80 61 89 113,49,114 78 87 60 113,22,20,27,29,15,18,51,var_0 counter_var_1 +,47,counter_var_0 var_1 +
2652,114 100 83 3 113,16,114 72 65 67 113,13,14,3,5,14,19,18,var_0 counter_var_1 +,17,counter_var_0 var_1 +
2653,114 56 97 23 113,50,114 98 33 14 113,27,11,23,14,5,10,41,var_0 counter_var_1 +,34,counter_var_0 var_1 +
2654,114 2 17 112 113,21,114 98 47 93 113,2,11,19,0,17,1,2,var_0 counter_var_1 +,30,counter_var_0 var_1 +
2655,114 37 34 47 113,24,114 12 10 11 113,8,12,16,11,11,10,19,var_0 counter_var_1 +,28,counter_var_0 var_1 +
2656,114 61 58 2 113,5,114 65 67 80 113,3,7,2,18,12,21,21,var_0 counter_var_1 +,9,counter_var_0 var_1 +
2657,114 109 62 43 113,34,114 97 105 111 113,22,10,12,18,16,13,40,var_0 counter_var_1 +,22,counter_var_0 var_1 +
2658,114 44 85 31 113,15,114 78 5 24 113,15,20,0,24,16,5,39,var_0 counter_var_1 +,20,counter_var_0 var_1 +
2659,114 108 1 0 113,21,114 1 2 84 113,21,1,0,22,1,2,43,var_0 counter_var_1 +,1,counter_var_0 var_1 +
2660,114 85 55 10 113,37,114 15 47 93 113,27,15,10,0,9,1,27,var_0 counter_var_1 +,25,counter_var_0 var_1 +
2661,114 14 37 110 113,31,114 106 6 64 113,14,19,17,2,14,6,16,var_0 counter_var_1 +,36,counter_var_0 var_1 +
2662,114 75 19 15 113,32,114 8 22 12 113,17,8,15,12,19,22,29,var_0 counter_var_1 +,23,counter_var_0 var_1 +
2663,114 82 66 88 113,50,114 101 31 82 113,24,14,26,20,20,8,44,var_0 counter_var_1 +,40,counter_var_0 var_1 +
2664,114 85 95 109 113,43,114 111 74 91 113,27,24,16,29,3,5,56,var_0 counter_var_1 +,40,counter_var_0 var_1 +
2665,114 59 88 16 113,17,114 77 110 108 113,1,19,16,15,19,18,16,var_0 counter_var_1 +,35,counter_var_0 var_1 +
2666,114 106 51 42 113,30,114 13 44 41 113,19,13,11,10,5,21,29,var_0 counter_var_1 +,24,counter_var_0 var_1 +
2667,114 29 95 109 113,16,114 37 99 92 113,0,8,16,30,3,7,30,var_0 counter_var_1 +,24,counter_var_0 var_1 +
2668,114 92 77 69 113,12,114 43 43 40 113,5,14,7,9,8,20,14,var_0 counter_var_1 +,21,counter_var_0 var_1 +
2669,114 94 34 47 113,23,114 27 73 73 113,7,27,16,11,11,4,18,var_0 counter_var_1 +,43,counter_var_0 var_1 +
2670,114 89 81 52 113,23,114 47 52 9 113,2,18,21,9,12,6,11,var_0 counter_var_1 +,39,counter_var_0 var_1 +
2671,114 53 108 85 113,47,114 51 89 29 113,24,22,23,29,16,20,53,var_0 counter_var_1 +,45,counter_var_0 var_1 +
2672,114 79 74 91 113,50,114 94 12 83 113,21,7,29,21,5,12,42,var_0 counter_var_1 +,36,counter_var_0 var_1 +
2673,114 93 32 1 113,7,114 21 21 49 113,6,21,1,18,9,21,24,var_0 counter_var_1 +,22,counter_var_0 var_1 +
2674,114 84 111 79 113,43,114 99 11 6 113,26,12,17,6,19,11,32,var_0 counter_var_1 +,29,counter_var_0 var_1 +
2675,114 43 98 74 113,26,114 64 41 34 113,14,6,12,3,6,18,17,var_0 counter_var_1 +,18,counter_var_0 var_1 +
2676,114 26 38 59 113,54,114 28 76 54 113,26,28,28,23,15,7,49,var_0 counter_var_1 +,56,counter_var_0 var_1 +
2677,114 20 36 19 113,39,114 112 2 84 113,20,25,19,22,13,2,42,var_0 counter_var_1 +,44,counter_var_0 var_1 +
2678,114 23 2 84 113,45,114 12 89 29 113,23,12,22,29,2,20,52,var_0 counter_var_1 +,34,counter_var_0 var_1 +
2679,114 64 45 103 113,16,114 66 92 51 113,6,8,10,20,22,0,26,var_0 counter_var_1 +,18,counter_var_0 var_1 +
2680,114 18 82 90 113,46,114 82 26 25 113,18,24,28,25,13,3,43,var_0 counter_var_1 +,52,counter_var_0 var_1 +
2681,114 43 110 108 113,29,114 98 74 91 113,14,11,15,29,18,5,43,var_0 counter_var_1 +,26,counter_var_0 var_1 +
2682,114 44 95 109 113,31,114 15 97 23 113,15,15,16,23,3,5,38,var_0 counter_var_1 +,31,counter_var_0 var_1 +
2683,114 102 59 30 113,45,114 93 43 40 113,15,6,30,9,13,20,24,var_0 counter_var_1 +,36,counter_var_0 var_1 +
2684,114 18 72 81 113,37,114 31 94 96 113,18,2,19,3,3,2,21,var_0 counter_var_1 +,21,counter_var_0 var_1 +
2685,114 15 41 34 113,18,114 96 75 8 113,15,9,3,8,18,6,23,var_0 counter_var_1 +,12,counter_var_0 var_1 +
2686,114 54 83 3 113,28,114 42 14 33 113,25,13,3,2,14,14,27,var_0 counter_var_1 +,16,counter_var_0 var_1 +
2687,114 40 82 90 113,39,114 89 3 86 113,11,2,28,24,13,3,35,var_0 counter_var_1 +,30,counter_var_0 var_1 +
2688,114 88 89 29 113,30,114 17 36 19 113,1,17,29,19,20,13,20,var_0 counter_var_1 +,46,counter_var_0 var_1 +
2689,114 83 65 67 113,30,114 90 0 38 113,25,3,5,7,19,0,32,var_0 counter_var_1 +,8,counter_var_0 var_1 +
2690,114 110 110 108 113,38,114 82 11 6 113,23,24,15,6,18,11,29,var_0 counter_var_1 +,39,counter_var_0 var_1 +
2691,114 54 22 12 113,37,114 35 70 77 113,25,6,12,15,22,1,40,var_0 counter_var_1 +,18,counter_var_0 var_1 +
2692,114 13 2 84 113,35,114 11 12 83 113,13,11,22,21,2,12,34,var_0 counter_var_1 +,33,counter_var_0 var_1 +
2693,114 17 105 111 113,35,114 61 80 48 113,17,3,18,17,13,11,34,var_0 counter_var_1 +,21,counter_var_0 var_1 +
2694,114 37 61 89 113,35,114 65 0 38 113,8,7,27,7,15,0,15,var_0 counter_var_1 +,34,counter_var_0 var_1 +
2695,114 59 92 51 113,21,114 67 61 89 113,1,9,20,27,0,15,28,var_0 counter_var_1 +,29,counter_var_0 var_1 +
2696,114 30 98 74 113,13,114 45 59 30 113,1,16,12,30,6,13,31,var_0 counter_var_1 +,28,counter_var_0 var_1 +
2697,114 73 13 18 113,33,114 49 86 94 113,15,20,18,1,13,17,16,var_0 counter_var_1 +,38,counter_var_0 var_1 +
2698,114 53 105 111 113,42,114 81 1 0 113,24,23,18,0,13,1,24,var_0 counter_var_1 +,41,counter_var_0 var_1 +
2699,114 58 38 59 113,28,114 21 79 58 113,0,21,28,27,15,10,27,var_0 counter_var_1 +,49,counter_var_0 var_1 +
2700,114 64 65 67 113,11,114 87 48 95 113,6,0,5,2,19,2,8,var_0 counter_var_1 +,5,counter_var_0 var_1 +
2701,114 48 43 40 113,28,114 26 7 22 113,19,26,9,22,20,7,41,var_0 counter_var_1 +,35,counter_var_0 var_1 +
2702,114 107 107 28 113,48,114 78 36 19 113,20,20,28,19,15,13,39,var_0 counter_var_1 +,48,counter_var_0 var_1 +
2703,114 76 36 19 113,37,114 60 111 79 113,18,2,19,17,13,19,35,var_0 counter_var_1 +,21,counter_var_0 var_1 +
2704,114 0 87 60 113,29,114 7 98 74 113,0,7,29,12,18,6,12,var_0 counter_var_1 +,36,counter_var_0 var_1 +
2705,114 109 25 20 113,42,114 88 103 61 113,22,1,20,30,2,11,52,var_0 counter_var_1 +,21,counter_var_0 var_1 +
2706,114 4 15 62 113,4,114 98 50 27 113,4,11,0,27,15,4,31,var_0 counter_var_1 +,11,counter_var_0 var_1 +
2707,114 33 76 54 113,27,114 13 98 74 113,4,13,23,12,7,6,16,var_0 counter_var_1 +,36,counter_var_0 var_1 +
2708,114 62 5 24 113,28,114 12 100 75 113,4,12,24,13,5,8,17,var_0 counter_var_1 +,36,counter_var_0 var_1 +
2709,114 17 58 2 113,19,114 90 52 9 113,17,3,2,9,12,6,26,var_0 counter_var_1 +,5,counter_var_0 var_1 +
2710,114 12 91 106 113,25,114 29 54 53 113,12,0,13,22,22,8,34,var_0 counter_var_1 +,13,counter_var_0 var_1 +
2711,114 45 1 0 113,16,114 43 37 110 113,16,14,0,17,1,14,33,var_0 counter_var_1 +,14,counter_var_0 var_1 +
2712,114 15 48 95 113,17,114 47 104 4 113,15,18,2,4,2,12,19,var_0 counter_var_1 +,20,counter_var_0 var_1 +
2713,114 29 90 102 113,9,114 14 73 73 113,0,14,9,11,21,4,11,var_0 counter_var_1 +,23,counter_var_0 var_1 +
2714,114 96 34 47 113,25,114 1 11 6 113,9,1,16,6,11,11,15,var_0 counter_var_1 +,17,counter_var_0 var_1 +
2715,114 17 69 104 113,28,114 101 57 97 113,17,14,11,4,0,11,21,var_0 counter_var_1 +,25,counter_var_0 var_1 +
2716,114 16 46 87 113,41,114 79 31 82 113,16,21,25,20,0,8,36,var_0 counter_var_1 +,46,counter_var_0 var_1 +
2717,114 58 17 112 113,19,114 64 94 96 113,0,6,19,3,17,2,3,var_0 counter_var_1 +,25,counter_var_0 var_1 +
2718,114 35 90 102 113,15,114 56 84 44 113,6,27,9,13,21,15,19,var_0 counter_var_1 +,36,counter_var_0 var_1 +
2719,114 71 93 105 113,25,114 51 6 64 113,13,22,12,2,1,6,15,var_0 counter_var_1 +,34,counter_var_0 var_1 +
2720,114 49 40 76 113,34,114 62 67 80 113,20,4,14,18,17,21,38,var_0 counter_var_1 +,18,counter_var_0 var_1 +
2721,114 34 101 39 113,13,114 86 19 15 113,5,28,8,15,9,19,20,var_0 counter_var_1 +,36,counter_var_0 var_1 +
2722,114 10 74 91 113,39,114 71 34 47 113,10,13,29,16,5,11,26,var_0 counter_var_1 +,42,counter_var_0 var_1 +
2723,114 110 5 24 113,47,114 37 72 81 113,23,8,24,19,5,3,42,var_0 counter_var_1 +,32,counter_var_0 var_1 +
2724,114 2 98 74 113,14,114 106 90 102 113,2,19,12,9,6,21,11,var_0 counter_var_1 +,31,counter_var_0 var_1 +
2725,114 80 108 85 113,45,114 84 101 39 113,22,26,23,8,16,9,30,var_0 counter_var_1 +,49,counter_var_0 var_1 +
2726,114 57 86 94 113,29,114 71 105 111 113,28,13,1,18,17,13,46,var_0 counter_var_1 +,14,counter_var_0 var_1 +
2727,114 42 92 51 113,33,114 111 101 39 113,13,24,20,8,0,9,21,var_0 counter_var_1 +,44,counter_var_0 var_1 +
2728,114 42 98 74 113,25,114 3 59 30 113,13,3,12,30,6,13,43,var_0 counter_var_1 +,15,counter_var_0 var_1 +
2729,114 53 106 56 113,49,114 93 37 110 113,24,6,25,17,14,14,41,var_0 counter_var_1 +,31,counter_var_0 var_1 +
2730,114 33 61 89 113,31,114 98 7 22 113,4,11,27,22,15,7,26,var_0 counter_var_1 +,38,counter_var_0 var_1 +
2731,114 0 78 107 113,14,114 85 57 97 113,0,27,14,4,9,11,4,var_0 counter_var_1 +,41,counter_var_0 var_1 +
2732,114 45 82 90 113,44,114 22 37 110 113,16,22,28,17,13,14,33,var_0 counter_var_1 +,50,counter_var_0 var_1 +
2733,114 48 18 72 113,29,114 106 81 52 113,19,19,10,21,18,12,40,var_0 counter_var_1 +,29,counter_var_0 var_1 +
2734,114 41 79 58 113,39,114 17 12 83 113,12,17,27,21,10,12,33,var_0 counter_var_1 +,44,counter_var_0 var_1 +
2735,114 86 11 6 113,34,114 98 89 29 113,28,11,6,29,11,20,57,var_0 counter_var_1 +,17,counter_var_0 var_1 +
2736,114 3 38 59 113,31,114 71 90 102 113,3,13,28,9,15,21,12,var_0 counter_var_1 +,41,counter_var_0 var_1 +
2737,114 88 15 62 113,1,114 36 71 100 113,1,7,0,7,15,2,8,var_0 counter_var_1 +,7,counter_var_0 var_1 +
2738,114 88 10 11 113,12,114 52 96 7 113,1,23,11,7,10,4,8,var_0 counter_var_1 +,34,counter_var_0 var_1 +
2739,114 23 67 80 113,41,114 90 13 18 113,23,3,18,18,21,13,41,var_0 counter_var_1 +,21,counter_var_0 var_1 +
2740,114 23 80 48 113,40,114 6 5 24 113,23,6,17,24,11,5,47,var_0 counter_var_1 +,23,counter_var_0 var_1 +
2741,114 61 5 24 113,27,114 20 65 67 113,3,20,24,5,5,19,8,var_0 counter_var_1 +,44,counter_var_0 var_1 +
2742,114 70 98 74 113,24,114 15 86 94 113,12,15,12,1,6,17,13,var_0 counter_var_1 +,27,counter_var_0 var_1 +
2743,114 11 41 34 113,14,114 10 40 76 113,11,10,3,14,18,17,25,var_0 counter_var_1 +,13,counter_var_0 var_1 +
2744,114 80 16 21 113,43,114 32 19 15 113,22,3,21,15,16,19,37,var_0 counter_var_1 +,24,counter_var_0 var_1 +
2745,114 77 98 74 113,31,114 112 47 93 113,19,25,12,0,6,1,19,var_0 counter_var_1 +,37,counter_var_0 var_1 +
2746,114 98 107 28 113,39,114 13 7 22 113,11,13,28,22,15,7,33,var_0 counter_var_1 +,41,counter_var_0 var_1 +
2747,114 47 104 4 113,22,114 8 27 101 113,18,8,4,8,12,4,26,var_0 counter_var_1 +,12,counter_var_0 var_1 +
2748,114 98 57 97 113,15,114 55 23 98 113,11,26,4,5,11,0,16,var_0 counter_var_1 +,30,counter_var_0 var_1 +
2749,114 60 57 97 113,6,114 4 73 73 113,2,4,4,11,11,4,13,var_0 counter_var_1 +,8,counter_var_0 var_1 +
2750,114 52 47 93 113,23,114 93 107 28 113,23,6,0,28,1,15,51,var_0 counter_var_1 +,6,counter_var_0 var_1 +
2751,114 40 24 35 113,15,114 40 48 95 113,11,11,4,2,1,2,13,var_0 counter_var_1 +,15,counter_var_0 var_1 +
2752,114 9 84 44 113,22,114 92 87 60 113,9,5,13,29,15,18,38,var_0 counter_var_1 +,18,counter_var_0 var_1 +
2753,114 48 72 81 113,38,114 53 55 10 113,19,24,19,10,3,9,29,var_0 counter_var_1 +,43,counter_var_0 var_1 +
2754,114 77 109 65 113,22,114 7 82 90 113,19,7,3,28,17,13,47,var_0 counter_var_1 +,10,counter_var_0 var_1 +
2755,114 7 53 68 113,13,114 0 71 100 113,7,0,6,7,7,2,14,var_0 counter_var_1 +,6,counter_var_0 var_1 +
2756,114 33 36 19 113,23,114 24 62 43 113,4,24,19,12,13,16,16,var_0 counter_var_1 +,43,counter_var_0 var_1 +
2757,114 65 53 68 113,13,114 43 88 16 113,7,14,6,16,7,19,23,var_0 counter_var_1 +,20,counter_var_0 var_1 +
2758,114 23 46 87 113,48,114 37 87 60 113,23,8,25,29,0,18,52,var_0 counter_var_1 +,33,counter_var_0 var_1 +
2759,114 8 30 99 113,14,114 54 69 104 113,8,25,6,11,7,0,19,var_0 counter_var_1 +,31,counter_var_0 var_1 +
2760,114 15 40 76 113,29,114 104 98 74 113,15,17,14,12,17,6,27,var_0 counter_var_1 +,31,counter_var_0 var_1 +
2761,114 56 49 32 113,28,114 59 87 60 113,27,1,1,29,3,18,56,var_0 counter_var_1 +,2,counter_var_0 var_1 +
2762,114 100 59 30 113,43,114 53 67 80 113,13,24,30,18,13,21,31,var_0 counter_var_1 +,54,counter_var_0 var_1 +
2763,114 68 0 38 113,17,114 49 100 75 113,10,20,7,13,0,8,23,var_0 counter_var_1 +,27,counter_var_0 var_1 +
2764,114 24 92 51 113,44,114 71 53 68 113,24,13,20,6,0,7,30,var_0 counter_var_1 +,33,counter_var_0 var_1 +
2765,114 65 18 72 113,17,114 66 89 29 113,7,8,10,29,18,20,36,var_0 counter_var_1 +,18,counter_var_0 var_1 +
2766,114 46 21 49 113,35,114 13 109 65 113,17,13,18,3,21,17,20,var_0 counter_var_1 +,31,counter_var_0 var_1 +
2767,114 62 50 27 113,31,114 27 23 98 113,4,27,27,5,4,0,9,var_0 counter_var_1 +,54,counter_var_0 var_1 +
2768,114 24 32 1 113,25,114 61 111 79 113,24,3,1,17,9,19,41,var_0 counter_var_1 +,4,counter_var_0 var_1 +
2769,114 5 15 62 113,5,114 56 100 75 113,5,27,0,13,15,8,18,var_0 counter_var_1 +,27,counter_var_0 var_1 +
2770,114 49 50 27 113,47,114 33 17 112 113,20,4,27,19,4,17,39,var_0 counter_var_1 +,31,counter_var_0 var_1 +
2771,114 48 87 60 113,48,114 82 21 49 113,19,24,29,18,18,21,37,var_0 counter_var_1 +,53,counter_var_0 var_1 +
2772,114 56 40 76 113,41,114 100 85 31 113,27,13,14,0,17,16,27,var_0 counter_var_1 +,27,counter_var_0 var_1 +
2773,114 104 41 34 113,20,114 15 88 16 113,17,15,3,16,18,19,33,var_0 counter_var_1 +,18,counter_var_0 var_1 +
2774,114 10 49 32 113,11,114 11 89 29 113,10,11,1,29,3,20,39,var_0 counter_var_1 +,12,counter_var_0 var_1 +
2775,114 112 86 94 113,26,114 88 69 104 113,25,1,1,11,17,0,36,var_0 counter_var_1 +,2,counter_var_0 var_1 +
2776,114 13 63 26 113,39,114 65 21 49 113,13,7,26,18,17,21,31,var_0 counter_var_1 +,33,counter_var_0 var_1 +
2777,114 25 101 39 113,33,114 106 109 65 113,25,19,8,3,9,17,28,var_0 counter_var_1 +,27,counter_var_0 var_1 +
2778,114 29 110 108 113,15,114 27 48 95 113,0,27,15,2,18,2,2,var_0 counter_var_1 +,42,counter_var_0 var_1 +
2779,114 20 47 93 113,20,114 82 86 94 113,20,24,0,1,1,17,21,var_0 counter_var_1 +,24,counter_var_0 var_1 +
2780,114 11 80 48 113,28,114 57 45 103 113,11,28,17,10,11,22,21,var_0 counter_var_1 +,45,counter_var_0 var_1 +
2781,114 74 50 27 113,43,114 111 34 47 113,16,24,27,16,4,11,32,var_0 counter_var_1 +,51,counter_var_0 var_1 +
2782,114 86 81 52 113,49,114 55 91 106 113,28,26,21,13,12,22,41,var_0 counter_var_1 +,47,counter_var_0 var_1 +
2783,114 48 39 36 113,24,114 104 34 47 113,19,17,5,16,16,11,35,var_0 counter_var_1 +,22,counter_var_0 var_1 +
2784,114 101 111 79 113,31,114 58 11 6 113,14,0,17,6,19,11,20,var_0 counter_var_1 +,17,counter_var_0 var_1 +
2785,114 29 102 45 113,14,114 112 90 102 113,0,25,14,9,10,21,9,var_0 counter_var_1 +,39,counter_var_0 var_1 +
2786,114 104 83 3 113,20,114 89 89 29 113,17,2,3,29,14,20,46,var_0 counter_var_1 +,5,counter_var_0 var_1 +
2787,114 32 64 66 113,7,114 3 83 3 113,3,3,4,3,18,14,6,var_0 counter_var_1 +,7,counter_var_0 var_1 +
2788,114 52 111 79 113,40,114 10 25 20 113,23,10,17,20,19,2,43,var_0 counter_var_1 +,27,counter_var_0 var_1 +
2789,114 28 90 102 113,37,114 62 32 1 113,28,4,9,1,21,9,29,var_0 counter_var_1 +,13,counter_var_0 var_1 +
2790,114 55 38 59 113,54,114 60 13 18 113,26,2,28,18,15,13,44,var_0 counter_var_1 +,30,counter_var_0 var_1 +
2791,114 59 86 94 113,2,114 40 25 20 113,1,11,1,20,17,2,21,var_0 counter_var_1 +,12,counter_var_0 var_1 +
2792,114 38 21 49 113,27,114 47 13 18 113,9,18,18,18,21,13,27,var_0 counter_var_1 +,36,counter_var_0 var_1 +
2793,114 57 19 15 113,43,114 59 110 108 113,28,1,15,15,19,18,43,var_0 counter_var_1 +,16,counter_var_0 var_1 +
2794,114 84 84 44 113,39,114 104 32 1 113,26,17,13,1,15,9,27,var_0 counter_var_1 +,30,counter_var_0 var_1 +
2795,114 73 27 101 113,23,114 106 57 97 113,15,19,8,4,4,11,19,var_0 counter_var_1 +,27,counter_var_0 var_1 +
2796,114 34 106 56 113,30,114 100 74 91 113,5,13,25,29,14,5,34,var_0 counter_var_1 +,38,counter_var_0 var_1 +
2797,114 80 98 74 113,34,114 5 47 93 113,22,5,12,0,6,1,22,var_0 counter_var_1 +,17,counter_var_0 var_1 +
2798,114 64 68 71 113,15,114 0 96 7 113,6,0,9,7,22,4,13,var_0 counter_var_1 +,9,counter_var_0 var_1 +
2799,114 48 17 112 113,38,114 16 111 79 113,19,16,19,17,17,19,36,var_0 counter_var_1 +,35,counter_var_0 var_1 +
2800,114 92 9 70 113,13,114 75 100 75 113,5,17,8,13,9,8,18,var_0 counter_var_1 +,25,counter_var_0 var_1 +
2801,114 21 83 3 113,24,114 21 70 77 113,21,21,3,15,14,1,36,var_0 counter_var_1 +,24,counter_var_0 var_1 +
2802,114 6 23 98 113,11,114 11 112 13 113,6,11,5,13,0,20,19,var_0 counter_var_1 +,16,counter_var_0 var_1 +
2803,114 32 82 90 113,31,114 26 89 29 113,3,26,28,29,13,20,32,var_0 counter_var_1 +,54,counter_var_0 var_1 +
2804,114 77 84 44 113,32,114 66 59 30 113,19,8,13,30,15,13,49,var_0 counter_var_1 +,21,counter_var_0 var_1 +
2805,114 81 49 32 113,24,114 51 66 88 113,23,22,1,26,3,20,49,var_0 counter_var_1 +,23,counter_var_0 var_1 +
2806,114 101 50 27 113,41,114 37 17 112 113,14,8,27,19,4,17,33,var_0 counter_var_1 +,35,counter_var_0 var_1 +
2807,114 57 106 56 113,53,114 10 109 65 113,28,10,25,3,14,17,31,var_0 counter_var_1 +,35,counter_var_0 var_1 +
2808,114 16 59 30 113,46,114 59 64 66 113,16,1,30,4,13,18,20,var_0 counter_var_1 +,31,counter_var_0 var_1 +
2809,114 61 88 16 113,19,114 73 111 79 113,3,15,16,17,19,19,20,var_0 counter_var_1 +,31,counter_var_0 var_1 +
2810,114 17 25 20 113,37,114 87 83 3 113,17,0,20,3,2,14,20,var_0 counter_var_1 +,20,counter_var_0 var_1 +
2811,114 21 78 107 113,35,114 71 63 26 113,21,13,14,26,9,17,47,var_0 counter_var_1 +,27,counter_var_0 var_1 +
2812,114 47 96 7 113,25,114 66 50 27 113,18,8,7,27,4,4,45,var_0 counter_var_1 +,15,counter_var_0 var_1 +
2813,114 9 52 9 113,18,114 99 90 102 113,9,12,9,9,6,21,18,var_0 counter_var_1 +,21,counter_var_0 var_1 +
2814,114 36 64 66 113,11,114 83 14 33 113,7,25,4,2,18,14,9,var_0 counter_var_1 +,29,counter_var_0 var_1 +
2815,114 38 46 87 113,34,114 2 8 57 113,9,2,25,26,0,8,35,var_0 counter_var_1 +,27,counter_var_0 var_1 +
2816,114 28 48 95 113,30,114 102 1 0 113,28,15,2,0,2,1,28,var_0 counter_var_1 +,17,counter_var_0 var_1 +
2817,114 50 12 83 113,42,114 47 38 59 113,21,18,21,28,12,15,49,var_0 counter_var_1 +,39,counter_var_0 var_1 +
2818,114 3 9 70 113,11,114 83 97 23 113,3,25,8,23,9,5,26,var_0 counter_var_1 +,33,counter_var_0 var_1 +
2819,114 41 109 65 113,15,114 69 11 6 113,12,11,3,6,17,11,18,var_0 counter_var_1 +,14,counter_var_0 var_1 +
2820,114 41 52 9 113,21,114 88 68 71 113,12,1,9,9,6,22,21,var_0 counter_var_1 +,10,counter_var_0 var_1 +
2821,114 69 52 9 113,20,114 2 97 23 113,11,2,9,23,6,5,34,var_0 counter_var_1 +,11,counter_var_0 var_1 +
2822,114 10 88 16 113,26,114 34 54 53 113,10,5,16,22,19,8,32,var_0 counter_var_1 +,21,counter_var_0 var_1 +
2823,114 21 61 89 113,48,114 92 62 43 113,21,5,27,12,15,16,33,var_0 counter_var_1 +,32,counter_var_0 var_1 +
2824,114 44 27 101 113,23,114 104 17 112 113,15,17,8,19,4,17,34,var_0 counter_var_1 +,25,counter_var_0 var_1 +
2825,114 21 99 92 113,51,114 35 90 102 113,21,6,30,9,7,21,30,var_0 counter_var_1 +,36,counter_var_0 var_1 +
2826,114 112 75 8 113,33,114 24 5 24 113,25,24,8,24,6,5,49,var_0 counter_var_1 +,32,counter_var_0 var_1 +
2827,114 105 10 11 113,29,114 72 23 98 113,18,14,11,5,10,0,23,var_0 counter_var_1 +,25,counter_var_0 var_1 +
2828,114 80 109 65 113,25,114 65 93 105 113,22,7,3,12,17,1,34,var_0 counter_var_1 +,10,counter_var_0 var_1 +
2829,114 1 75 8 113,9,114 3 33 14 113,1,3,8,14,6,10,15,var_0 counter_var_1 +,11,counter_var_0 var_1 +
2830,114 44 108 85 113,38,114 58 66 88 113,15,0,23,26,16,20,41,var_0 counter_var_1 +,23,counter_var_0 var_1 +
2831,114 43 52 9 113,23,114 46 17 112 113,14,17,9,19,6,17,33,var_0 counter_var_1 +,26,counter_var_0 var_1 +
2832,114 90 106 56 113,28,114 6 60 63 113,3,6,25,1,14,14,4,var_0 counter_var_1 +,31,counter_var_0 var_1 +
2833,114 102 77 69 113,22,114 29 40 76 113,15,0,7,14,8,17,29,var_0 counter_var_1 +,7,counter_var_0 var_1 +
2834,114 71 94 96 113,16,114 73 25 20 113,13,15,3,20,2,2,33,var_0 counter_var_1 +,18,counter_var_0 var_1 +
2835,114 49 91 106 113,33,114 8 31 82 113,20,8,13,20,22,8,40,var_0 counter_var_1 +,21,counter_var_0 var_1 +
2836,114 75 20 50 113,36,114 98 16 21 113,17,11,19,21,20,16,38,var_0 counter_var_1 +,30,counter_var_0 var_1 +
2837,114 28 72 81 113,47,114 13 42 46 113,28,13,19,15,3,19,43,var_0 counter_var_1 +,32,counter_var_0 var_1 +
2838,114 61 27 101 113,11,114 69 18 72 113,3,11,8,10,4,18,13,var_0 counter_var_1 +,19,counter_var_0 var_1 +
2839,114 2 8 57 113,28,114 24 58 2 113,2,24,26,2,8,12,4,var_0 counter_var_1 +,50,counter_var_0 var_1 +
2840,114 53 17 112 113,43,114 110 14 33 113,24,23,19,2,17,14,26,var_0 counter_var_1 +,42,counter_var_0 var_1 +
2841,114 67 48 95 113,11,114 96 40 76 113,9,9,2,14,2,17,23,var_0 counter_var_1 +,11,counter_var_0 var_1 +
2842,114 15 38 59 113,43,114 99 83 3 113,15,12,28,3,15,14,18,var_0 counter_var_1 +,40,counter_var_0 var_1 +
2843,114 40 87 60 113,40,114 46 75 8 113,11,17,29,8,18,6,19,var_0 counter_var_1 +,46,counter_var_0 var_1 +
2844,114 89 6 64 113,4,114 98 112 13 113,2,11,2,13,6,20,15,var_0 counter_var_1 +,13,counter_var_0 var_1 +
2845,114 59 53 68 113,7,114 19 101 39 113,1,19,6,8,7,9,9,var_0 counter_var_1 +,25,counter_var_0 var_1 +
2846,114 107 46 87 113,45,114 62 101 39 113,20,4,25,8,0,9,28,var_0 counter_var_1 +,29,counter_var_0 var_1 +
2847,114 16 57 97 113,20,114 45 20 50 113,16,16,4,19,11,20,35,var_0 counter_var_1 +,20,counter_var_0 var_1 +
2848,114 7 80 48 113,24,114 63 0 38 113,7,5,17,7,11,0,14,var_0 counter_var_1 +,22,counter_var_0 var_1 +
2849,114 38 112 13 113,22,114 2 85 31 113,9,2,13,0,20,16,9,var_0 counter_var_1 +,15,counter_var_0 var_1 +
2850,114 21 24 35 113,25,114 45 83 3 113,21,16,4,3,1,14,24,var_0 counter_var_1 +,20,counter_var_0 var_1 +
2851,114 87 89 29 113,29,114 75 64 66 113,0,17,29,4,20,18,4,var_0 counter_var_1 +,46,counter_var_0 var_1 +
2852,114 75 66 88 113,43,114 46 39 36 113,17,17,26,5,20,16,22,var_0 counter_var_1 +,43,counter_var_0 var_1 +
2853,114 20 1 0 113,20,114 57 67 80 113,20,28,0,18,1,21,38,var_0 counter_var_1 +,28,counter_var_0 var_1 +
2854,114 81 60 63 113,24,114 50 54 53 113,23,21,1,22,14,8,45,var_0 counter_var_1 +,22,counter_var_0 var_1 +
2855,114 80 76 54 113,45,114 54 106 56 113,22,25,23,25,7,14,47,var_0 counter_var_1 +,48,counter_var_0 var_1 +
2856,114 74 53 68 113,22,114 4 103 61 113,16,4,6,30,7,11,46,var_0 counter_var_1 +,10,counter_var_0 var_1 +
2857,114 28 11 6 113,34,114 48 111 79 113,28,19,6,17,11,19,45,var_0 counter_var_1 +,25,counter_var_0 var_1 +
2858,114 39 54 53 113,32,114 27 109 65 113,10,27,22,3,8,17,13,var_0 counter_var_1 +,49,counter_var_0 var_1 +
2859,114 80 19 15 113,37,114 67 8 57 113,22,9,15,26,19,8,48,var_0 counter_var_1 +,24,counter_var_0 var_1 +
2860,114 31 104 4 113,6,114 25 12 83 113,2,25,4,21,12,12,23,var_0 counter_var_1 +,29,counter_var_0 var_1 +
2861,114 40 88 16 113,27,114 25 74 91 113,11,25,16,29,19,5,40,var_0 counter_var_1 +,41,counter_var_0 var_1 +
2862,114 79 15 62 113,21,114 40 110 108 113,21,11,0,15,15,18,36,var_0 counter_var_1 +,11,counter_var_0 var_1 +
2863,114 77 87 60 113,48,114 107 57 97 113,19,20,29,4,18,11,23,var_0 counter_var_1 +,49,counter_var_0 var_1 +
2864,114 33 40 76 113,18,114 16 54 53 113,4,16,14,22,17,8,26,var_0 counter_var_1 +,30,counter_var_0 var_1 +
2865,114 37 73 73 113,19,114 84 110 108 113,8,26,11,15,4,18,23,var_0 counter_var_1 +,37,counter_var_0 var_1 +
2866,114 15 47 93 113,15,114 98 63 26 113,15,11,0,26,1,17,41,var_0 counter_var_1 +,11,counter_var_0 var_1 +
2867,114 33 79 58 113,31,114 44 79 58 113,4,15,27,27,10,10,31,var_0 counter_var_1 +,42,counter_var_0 var_1 +
2868,114 51 76 54 113,45,114 51 100 75 113,22,22,23,13,7,8,35,var_0 counter_var_1 +,45,counter_var_0 var_1 +
2869,114 6 11 6 113,12,114 16 19 15 113,6,16,6,15,11,19,21,var_0 counter_var_1 +,22,counter_var_0 var_1 +
2870,114 22 26 25 113,47,114 88 30 99 113,22,1,25,6,3,7,28,var_0 counter_var_1 +,26,counter_var_0 var_1 +
2871,114 108 111 79 113,38,114 22 31 82 113,21,22,17,20,19,8,41,var_0 counter_var_1 +,39,counter_var_0 var_1 +
2872,114 72 93 105 113,26,114 106 77 69 113,14,19,12,7,1,8,21,var_0 counter_var_1 +,31,counter_var_0 var_1 +
2873,114 37 84 44 113,21,114 86 5 24 113,8,28,13,24,15,5,32,var_0 counter_var_1 +,41,counter_var_0 var_1 +
2874,114 37 79 58 113,35,114 64 109 65 113,8,6,27,3,10,17,11,var_0 counter_var_1 +,33,counter_var_0 var_1 +
2875,114 44 58 2 113,17,114 41 100 75 113,15,12,2,13,12,8,28,var_0 counter_var_1 +,14,counter_var_0 var_1 +
2876,114 110 106 56 113,48,114 45 94 96 113,23,16,25,3,14,2,26,var_0 counter_var_1 +,41,counter_var_0 var_1 +
2877,114 23 87 60 113,52,114 2 91 106 113,23,2,29,13,18,22,36,var_0 counter_var_1 +,31,counter_var_0 var_1 +
2878,114 99 2 84 113,34,114 75 90 102 113,12,17,22,9,2,21,21,var_0 counter_var_1 +,39,counter_var_0 var_1 +
2879,114 47 7 22 113,40,114 86 18 72 113,18,28,22,10,7,18,28,var_0 counter_var_1 +,50,counter_var_0 var_1 +
2880,114 56 8 57 113,53,114 35 58 2 113,27,6,26,2,8,12,29,var_0 counter_var_1 +,32,counter_var_0 var_1 +
2881,114 72 99 92 113,44,114 18 57 97 113,14,18,30,4,7,11,18,var_0 counter_var_1 +,48,counter_var_0 var_1 +
2882,114 95 95 109 113,24,114 56 38 59 113,8,27,16,28,3,15,36,var_0 counter_var_1 +,43,counter_var_0 var_1 +
2883,114 65 93 105 113,19,114 9 8 57 113,7,9,12,26,1,8,33,var_0 counter_var_1 +,21,counter_var_0 var_1 +
2884,114 13 109 65 113,16,114 76 50 27 113,13,18,3,27,17,4,40,var_0 counter_var_1 +,21,counter_var_0 var_1 +
2885,114 18 19 15 113,33,114 92 80 48 113,18,5,15,17,19,11,35,var_0 counter_var_1 +,20,counter_var_0 var_1 +
2886,114 41 46 87 113,37,114 29 32 1 113,12,0,25,1,0,9,13,var_0 counter_var_1 +,25,counter_var_0 var_1 +
2887,114 37 18 72 113,18,114 43 89 29 113,8,14,10,29,18,20,37,var_0 counter_var_1 +,24,counter_var_0 var_1 +
2888,114 53 12 83 113,45,114 24 16 21 113,24,24,21,21,12,16,45,var_0 counter_var_1 +,45,counter_var_0 var_1 +
2889,114 13 101 39 113,21,114 58 2 84 113,13,0,8,22,9,2,35,var_0 counter_var_1 +,8,counter_var_0 var_1 +
2890,114 78 16 21 113,41,114 33 55 10 113,20,4,21,10,16,9,30,var_0 counter_var_1 +,25,counter_var_0 var_1 +
2891,114 9 69 104 113,20,114 41 0 38 113,9,12,11,7,0,0,16,var_0 counter_var_1 +,23,counter_var_0 var_1 +
2892,114 62 37 110 113,21,114 50 71 100 113,4,21,17,7,14,2,11,var_0 counter_var_1 +,38,counter_var_0 var_1 +
2893,114 15 49 32 113,16,114 65 22 12 113,15,7,1,12,3,22,27,var_0 counter_var_1 +,8,counter_var_0 var_1 +
2894,114 90 10 11 113,14,114 28 69 104 113,3,28,11,11,10,0,14,var_0 counter_var_1 +,39,counter_var_0 var_1 +
2895,114 96 20 50 113,28,114 85 41 34 113,9,27,19,3,20,18,12,var_0 counter_var_1 +,46,counter_var_0 var_1 +
2896,114 85 100 75 113,40,114 49 17 112 113,27,20,13,19,8,17,46,var_0 counter_var_1 +,33,counter_var_0 var_1 +
2897,114 45 37 110 113,33,114 60 72 81 113,16,2,17,19,14,3,35,var_0 counter_var_1 +,19,counter_var_0 var_1 +
2898,114 60 49 32 113,3,114 23 46 87 113,2,23,1,25,3,0,27,var_0 counter_var_1 +,24,counter_var_0 var_1 +
2899,114 33 64 66 113,8,114 53 96 7 113,4,24,4,7,18,4,11,var_0 counter_var_1 +,28,counter_var_0 var_1 +
2900,114 57 13 18 113,46,114 85 71 100 113,28,27,18,7,13,2,35,var_0 counter_var_1 +,45,counter_var_0 var_1 +
2901,114 109 109 65 113,25,114 83 44 41 113,22,25,3,10,17,21,32,var_0 counter_var_1 +,28,counter_var_0 var_1 +
2902,114 25 30 99 113,31,114 72 63 26 113,25,14,6,26,7,17,51,var_0 counter_var_1 +,20,counter_var_0 var_1 +
2903,114 95 88 16 113,24,114 62 80 48 113,8,4,16,17,19,11,25,var_0 counter_var_1 +,20,counter_var_0 var_1 +
2904,114 23 95 109 113,39,114 23 39 36 113,23,23,16,5,3,16,28,var_0 counter_var_1 +,39,counter_var_0 var_1 +
2905,114 42 40 76 113,27,114 23 24 35 113,13,23,14,4,17,1,17,var_0 counter_var_1 +,37,counter_var_0 var_1 +
2906,114 27 78 107 113,41,114 54 78 107 113,27,25,14,14,9,9,41,var_0 counter_var_1 +,39,counter_var_0 var_1 +
2907,114 84 88 16 113,42,114 20 22 12 113,26,20,16,12,19,22,38,var_0 counter_var_1 +,36,counter_var_0 var_1 +
2908,114 94 5 24 113,31,114 1 83 3 113,7,1,24,3,5,14,10,var_0 counter_var_1 +,25,counter_var_0 var_1 +
2909,114 104 47 93 113,17,114 102 75 8 113,17,15,0,8,1,6,25,var_0 counter_var_1 +,15,counter_var_0 var_1 +
2910,114 112 88 16 113,41,114 67 55 10 113,25,9,16,10,19,9,35,var_0 counter_var_1 +,25,counter_var_0 var_1 +
2911,114 28 42 46 113,43,114 109 1 0 113,28,22,15,0,19,1,28,var_0 counter_var_1 +,37,counter_var_0 var_1 +
2912,114 5 77 69 113,12,114 4 80 48 113,5,4,7,17,8,11,22,var_0 counter_var_1 +,11,counter_var_0 var_1 +
2913,114 9 109 65 113,12,114 38 20 50 113,9,9,3,19,17,20,28,var_0 counter_var_1 +,12,counter_var_0 var_1 +
2914,114 94 63 26 113,33,114 20 10 11 113,7,20,26,11,17,10,18,var_0 counter_var_1 +,46,counter_var_0 var_1 +
2915,114 93 17 112 113,25,114 58 106 56 113,6,0,19,25,17,14,31,var_0 counter_var_1 +,19,counter_var_0 var_1 +
2916,114 97 24 35 113,14,114 99 21 49 113,10,12,4,18,1,21,28,var_0 counter_var_1 +,16,counter_var_0 var_1 +
2917,114 100 98 74 113,25,114 10 83 3 113,13,10,12,3,6,14,16,var_0 counter_var_1 +,22,counter_var_0 var_1 +
2918,114 108 4 78 113,37,114 3 102 45 113,21,3,16,14,4,10,35,var_0 counter_var_1 +,19,counter_var_0 var_1 +
2919,114 8 90 102 113,17,114 81 3 86 113,8,23,9,24,21,3,32,var_0 counter_var_1 +,32,counter_var_0 var_1 +
2920,114 7 65 67 113,12,114 93 38 59 113,7,6,5,28,19,15,35,var_0 counter_var_1 +,11,counter_var_0 var_1 +
2921,114 35 45 103 113,16,114 7 78 107 113,6,7,10,14,22,9,20,var_0 counter_var_1 +,17,counter_var_0 var_1 +
2922,114 97 4 78 113,26,114 31 67 80 113,10,2,16,18,4,21,28,var_0 counter_var_1 +,18,counter_var_0 var_1 +
2923,114 26 14 33 113,28,114 22 65 67 113,26,22,2,5,14,19,31,var_0 counter_var_1 +,24,counter_var_0 var_1 +
2924,114 10 54 53 113,32,114 16 10 11 113,10,16,22,11,8,10,21,var_0 counter_var_1 +,38,counter_var_0 var_1 +
2925,114 18 27 101 113,26,114 83 47 93 113,18,25,8,0,4,1,18,var_0 counter_var_1 +,33,counter_var_0 var_1 +
2926,114 75 38 59 113,45,114 33 106 56 113,17,4,28,25,15,14,42,var_0 counter_var_1 +,32,counter_var_0 var_1 +
2927,114 77 57 97 113,23,114 8 76 54 113,19,8,4,23,11,7,42,var_0 counter_var_1 +,12,counter_var_0 var_1 +
2928,114 91 57 97 113,8,114 6 19 15 113,4,6,4,15,11,19,19,var_0 counter_var_1 +,10,counter_var_0 var_1 +
2929,114 79 99 92 113,51,114 18 58 2 113,21,18,30,2,7,12,23,var_0 counter_var_1 +,48,counter_var_0 var_1 +
2930,114 3 105 111 113,21,114 67 87 60 113,3,9,18,29,13,18,32,var_0 counter_var_1 +,27,counter_var_0 var_1 +
2931,114 63 69 104 113,16,114 62 38 59 113,5,4,11,28,0,15,33,var_0 counter_var_1 +,15,counter_var_0 var_1 +
2932,114 80 2 84 113,44,114 78 86 94 113,22,20,22,1,2,17,23,var_0 counter_var_1 +,42,counter_var_0 var_1 +
2933,114 38 4 78 113,25,114 80 12 83 113,9,22,16,21,4,12,30,var_0 counter_var_1 +,38,counter_var_0 var_1 +
2934,114 96 83 3 113,12,114 73 2 84 113,9,15,3,22,14,2,31,var_0 counter_var_1 +,18,counter_var_0 var_1 +
2935,114 7 6 64 113,9,114 16 102 45 113,7,16,2,14,6,10,21,var_0 counter_var_1 +,18,counter_var_0 var_1 +
2936,114 29 66 88 113,26,114 38 31 82 113,0,9,26,20,20,8,20,var_0 counter_var_1 +,35,counter_var_0 var_1 +
2937,114 83 39 36 113,30,114 67 37 110 113,25,9,5,17,16,14,42,var_0 counter_var_1 +,14,counter_var_0 var_1 +
2938,114 40 73 73 113,22,114 22 90 102 113,11,22,11,9,4,21,20,var_0 counter_var_1 +,33,counter_var_0 var_1 +
2939,114 99 38 59 113,40,114 87 49 32 113,12,0,28,1,15,3,13,var_0 counter_var_1 +,28,counter_var_0 var_1 +
2940,114 51 8 57 113,48,114 48 14 33 113,22,19,26,2,8,14,24,var_0 counter_var_1 +,45,counter_var_0 var_1 +
2941,114 11 90 102 113,20,114 96 23 98 113,11,9,9,5,21,0,16,var_0 counter_var_1 +,18,counter_var_0 var_1 +
2942,114 85 39 36 113,32,114 60 10 11 113,27,2,5,11,16,10,38,var_0 counter_var_1 +,7,counter_var_0 var_1 +
2943,114 105 5 24 113,42,114 1 99 92 113,18,1,24,30,5,7,48,var_0 counter_var_1 +,25,counter_var_0 var_1 +
2944,114 56 18 72 113,37,114 75 84 44 113,27,17,10,13,18,15,40,var_0 counter_var_1 +,27,counter_var_0 var_1 +
2945,114 10 40 76 113,24,114 88 64 66 113,10,1,14,4,17,18,14,var_0 counter_var_1 +,15,counter_var_0 var_1 +
2946,114 41 50 27 113,39,114 2 21 49 113,12,2,27,18,4,21,30,var_0 counter_var_1 +,29,counter_var_0 var_1 +
2947,114 3 77 69 113,10,114 74 55 10 113,3,16,7,10,8,9,13,var_0 counter_var_1 +,23,counter_var_0 var_1 +
2948,114 91 0 38 113,11,114 44 57 97 113,4,15,7,4,0,11,8,var_0 counter_var_1 +,22,counter_var_0 var_1 +
2949,114 94 91 106 113,20,114 103 29 17 113,7,16,13,17,22,6,24,var_0 counter_var_1 +,29,counter_var_0 var_1 +
2950,114 57 85 31 113,28,114 33 12 83 113,28,4,0,21,16,12,49,var_0 counter_var_1 +,4,counter_var_0 var_1 +
2951,114 24 3 86 113,48,114 83 2 84 113,24,25,24,22,3,2,46,var_0 counter_var_1 +,49,counter_var_0 var_1 +
2952,114 31 26 25 113,27,114 54 52 9 113,2,25,25,9,3,6,11,var_0 counter_var_1 +,50,counter_var_0 var_1 +
2953,114 48 95 109 113,35,114 90 66 88 113,19,3,16,26,3,20,45,var_0 counter_var_1 +,19,counter_var_0 var_1 +
2954,114 5 106 56 113,30,114 78 76 54 113,5,20,25,23,14,7,28,var_0 counter_var_1 +,45,counter_var_0 var_1 +
2955,114 68 18 72 113,20,114 63 61 89 113,10,5,10,27,18,15,37,var_0 counter_var_1 +,15,counter_var_0 var_1 +
2956,114 50 74 91 113,50,114 48 107 28 113,21,19,29,28,5,15,49,var_0 counter_var_1 +,48,counter_var_0 var_1 +
2957,114 18 86 94 113,19,114 48 104 4 113,18,19,1,4,17,12,22,var_0 counter_var_1 +,20,counter_var_0 var_1 +
2958,114 55 90 102 113,35,114 61 14 33 113,26,3,9,2,21,14,28,var_0 counter_var_1 +,12,counter_var_0 var_1 +
2959,114 93 50 27 113,33,114 98 80 48 113,6,11,27,17,4,11,23,var_0 counter_var_1 +,38,counter_var_0 var_1 +
2960,114 9 97 23 113,32,114 6 29 17 113,9,6,23,17,5,6,26,var_0 counter_var_1 +,29,counter_var_0 var_1 +
2961,114 25 14 33 113,27,114 86 82 90 113,25,28,2,28,14,13,53,var_0 counter_var_1 +,30,counter_var_0 var_1 +
2962,114 104 86 94 113,18,114 97 96 7 113,17,10,1,7,17,4,24,var_0 counter_var_1 +,11,counter_var_0 var_1 +
2963,114 66 100 75 113,21,114 60 16 21 113,8,2,13,21,8,16,29,var_0 counter_var_1 +,15,counter_var_0 var_1 +
2964,114 19 112 13 113,32,114 110 67 80 113,19,23,13,18,20,21,37,var_0 counter_var_1 +,36,counter_var_0 var_1 +
2965,114 29 106 56 113,25,114 98 87 60 113,0,11,25,29,14,18,29,var_0 counter_var_1 +,36,counter_var_0 var_1 +
2966,114 108 108 85 113,44,114 74 43 40 113,21,16,23,9,16,20,30,var_0 counter_var_1 +,39,counter_var_0 var_1 +
2967,114 4 82 90 113,32,114 83 107 28 113,4,25,28,28,13,15,32,var_0 counter_var_1 +,53,counter_var_0 var_1 +
2968,114 34 57 97 113,9,114 28 21 49 113,5,28,4,18,11,21,23,var_0 counter_var_1 +,32,counter_var_0 var_1 +
2969,114 22 75 8 113,30,114 37 29 17 113,22,8,8,17,6,6,39,var_0 counter_var_1 +,16,counter_var_0 var_1 +
2970,114 78 74 91 113,49,114 43 69 104 113,20,14,29,11,5,0,31,var_0 counter_var_1 +,43,counter_var_0 var_1 +
2971,114 79 55 10 113,31,114 70 54 53 113,21,12,10,22,9,8,43,var_0 counter_var_1 +,22,counter_var_0 var_1 +
2972,114 16 19 15 113,31,114 81 47 93 113,16,23,15,0,19,1,16,var_0 counter_var_1 +,38,counter_var_0 var_1 +
2973,114 107 23 98 113,25,114 9 26 25 113,20,9,5,25,0,3,45,var_0 counter_var_1 +,14,counter_var_0 var_1 +
2974,114 7 61 89 113,34,114 84 62 43 113,7,26,27,12,15,16,19,var_0 counter_var_1 +,53,counter_var_0 var_1 +
2975,114 101 57 97 113,18,114 78 75 8 113,14,20,4,8,11,6,22,var_0 counter_var_1 +,24,counter_var_0 var_1 +
2976,114 89 60 63 113,3,114 7 104 4 113,2,7,1,4,14,12,6,var_0 counter_var_1 +,8,counter_var_0 var_1 +
2977,114 33 22 12 113,16,114 49 81 52 113,4,20,12,21,22,12,25,var_0 counter_var_1 +,32,counter_var_0 var_1 +
2978,114 79 89 29 113,50,114 87 8 57 113,21,0,29,26,20,8,47,var_0 counter_var_1 +,29,counter_var_0 var_1 +
2979,114 92 66 88 113,31,114 12 28 55 113,5,12,26,24,20,5,29,var_0 counter_var_1 +,38,counter_var_0 var_1 +
2980,114 101 81 52 113,35,114 112 21 49 113,14,25,21,18,12,21,32,var_0 counter_var_1 +,46,counter_var_0 var_1 +
2981,114 43 94 96 113,17,114 77 108 85 113,14,19,3,23,2,16,37,var_0 counter_var_1 +,22,counter_var_0 var_1 +
2982,114 27 83 3 113,30,114 51 22 12 113,27,22,3,12,14,22,39,var_0 counter_var_1 +,25,counter_var_0 var_1 +
2983,114 22 107 28 113,50,114 108 54 53 113,22,21,28,22,15,8,44,var_0 counter_var_1 +,49,counter_var_0 var_1 +
2984,114 28 71 100 113,35,114 41 15 62 113,28,12,7,0,2,15,28,var_0 counter_var_1 +,19,counter_var_0 var_1 +
2985,114 105 71 100 113,25,114 84 78 107 113,18,26,7,14,2,9,32,var_0 counter_var_1 +,33,counter_var_0 var_1 +
2986,114 109 42 46 113,37,114 103 98 74 113,22,16,15,12,19,6,34,var_0 counter_var_1 +,31,counter_var_0 var_1 +
2987,114 111 4 78 113,40,114 72 20 50 113,24,14,16,19,4,20,43,var_0 counter_var_1 +,30,counter_var_0 var_1 +
2988,114 7 25 20 113,27,114 93 87 60 113,7,6,20,29,2,18,36,var_0 counter_var_1 +,26,counter_var_0 var_1 +
2989,114 56 74 91 113,56,114 4 87 60 113,27,4,29,29,5,18,56,var_0 counter_var_1 +,33,counter_var_0 var_1 +
2990,114 29 44 41 113,10,114 71 37 110 113,0,13,10,17,21,14,17,var_0 counter_var_1 +,23,counter_var_0 var_1 +
2991,114 24 4 78 113,40,114 9 40 76 113,24,9,16,14,4,17,38,var_0 counter_var_1 +,25,counter_var_0 var_1 +
2992,114 21 55 10 113,31,114 9 63 26 113,21,9,10,26,9,17,47,var_0 counter_var_1 +,19,counter_var_0 var_1 +
2993,114 21 42 46 113,36,114 54 48 95 113,21,25,15,2,19,2,23,var_0 counter_var_1 +,40,counter_var_0 var_1 +
2994,114 9 1 0 113,9,114 19 16 21 113,9,19,0,21,1,16,30,var_0 counter_var_1 +,19,counter_var_0 var_1 +
2995,114 85 51 42 113,38,114 89 10 11 113,27,2,11,11,5,10,38,var_0 counter_var_1 +,13,counter_var_0 var_1 +
2996,114 111 50 27 113,51,114 91 91 106 113,24,4,27,13,4,22,37,var_0 counter_var_1 +,31,counter_var_0 var_1 +
2997,114 86 66 88 113,54,114 106 91 106 113,28,19,26,13,20,22,41,var_0 counter_var_1 +,45,counter_var_0 var_1 +
2998,114 27 89 29 113,56,114 73 7 22 113,27,15,29,22,20,7,49,var_0 counter_var_1 +,44,counter_var_0 var_1 +
2999,114 43 15 62 113,14,114 11 41 34 113,14,11,0,3,15,18,17,var_0 counter_var_1 +,11,counter_var_0 var_1 +
3000,114 68 21 49 113,28,114 31 77 69 113,10,2,18,7,21,8,17,var_0 counter_var_1 +,20,counter_var_0 var_1 +
3001,114 104 0 38 113,24,114 98 100 75 113,17,11,7,13,0,8,30,var_0 counter_var_1 +,18,counter_var_0 var_1 +
3002,114 18 24 35 113,22,114 83 1 0 113,18,25,4,0,1,1,18,var_0 counter_var_1 +,29,counter_var_0 var_1 +
3003,114 38 24 35 113,13,114 10 20 50 113,9,10,4,19,1,20,28,var_0 counter_var_1 +,14,counter_var_0 var_1 +
3004,114 10 25 20 113,30,114 15 96 7 113,10,15,20,7,2,4,17,var_0 counter_var_1 +,35,counter_var_0 var_1 +
3005,114 32 5 24 113,27,114 73 49 32 113,3,15,24,1,5,3,4,var_0 counter_var_1 +,39,counter_var_0 var_1 +
3006,114 96 108 85 113,32,114 83 91 106 113,9,25,23,13,16,22,22,var_0 counter_var_1 +,48,counter_var_0 var_1 +
3007,114 110 84 44 113,36,114 110 75 8 113,23,23,13,8,15,6,31,var_0 counter_var_1 +,36,counter_var_0 var_1 +
3008,114 12 50 27 113,39,114 50 21 49 113,12,21,27,18,4,21,30,var_0 counter_var_1 +,48,counter_var_0 var_1 +
3009,114 82 64 66 113,28,114 96 12 83 113,24,9,4,21,18,12,45,var_0 counter_var_1 +,13,counter_var_0 var_1 +
3010,114 110 38 59 113,51,114 29 106 56 113,23,0,28,25,15,14,48,var_0 counter_var_1 +,28,counter_var_0 var_1 +
3011,114 89 38 59 113,30,114 23 1 0 113,2,23,28,0,15,1,2,var_0 counter_var_1 +,51,counter_var_0 var_1 +
3012,114 42 87 60 113,42,114 45 47 93 113,13,16,29,0,18,1,13,var_0 counter_var_1 +,45,counter_var_0 var_1 +
3013,114 10 68 71 113,19,114 11 45 103 113,10,11,9,10,22,22,20,var_0 counter_var_1 +,20,counter_var_0 var_1 +
3014,114 91 101 39 113,12,114 27 85 31 113,4,27,8,0,9,16,4,var_0 counter_var_1 +,35,counter_var_0 var_1 +
3015,114 46 26 25 113,42,114 93 108 85 113,17,6,25,23,3,16,40,var_0 counter_var_1 +,31,counter_var_0 var_1 +
3016,114 74 87 60 113,45,114 6 54 53 113,16,6,29,22,18,8,38,var_0 counter_var_1 +,35,counter_var_0 var_1 +
3017,114 53 29 17 113,41,114 65 79 58 113,24,7,17,27,6,10,51,var_0 counter_var_1 +,24,counter_var_0 var_1 +
3018,114 0 47 93 113,0,114 59 32 1 113,0,1,0,1,1,9,1,var_0 counter_var_1 +,1,counter_var_0 var_1 +
3019,114 63 6 64 113,7,114 72 57 97 113,5,14,2,4,6,11,9,var_0 counter_var_1 +,16,counter_var_0 var_1 +
3020,114 109 101 39 113,30,114 86 74 91 113,22,28,8,29,9,5,51,var_0 counter_var_1 +,36,counter_var_0 var_1 +
3021,114 66 19 15 113,23,114 77 47 93 113,8,19,15,0,19,1,8,var_0 counter_var_1 +,34,counter_var_0 var_1 +
3022,114 54 101 39 113,33,114 68 35 37 113,25,10,8,6,9,12,31,var_0 counter_var_1 +,18,counter_var_0 var_1 +
3023,114 75 74 91 113,46,114 29 38 59 113,17,0,29,28,5,15,45,var_0 counter_var_1 +,29,counter_var_0 var_1 +
3024,114 37 52 9 113,17,114 100 66 88 113,8,13,9,26,6,20,34,var_0 counter_var_1 +,22,counter_var_0 var_1 +
3025,114 61 106 56 113,28,114 52 32 1 113,3,23,25,1,14,9,4,var_0 counter_var_1 +,48,counter_var_0 var_1 +
3026,114 59 106 56 113,26,114 96 54 53 113,1,9,25,22,14,8,23,var_0 counter_var_1 +,34,counter_var_0 var_1 +
3027,114 29 0 38 113,7,114 107 34 47 113,0,20,7,16,0,11,16,var_0 counter_var_1 +,27,counter_var_0 var_1 +
3028,114 2 10 11 113,13,114 105 58 2 113,2,18,11,2,10,12,4,var_0 counter_var_1 +,29,counter_var_0 var_1 +
3029,114 95 45 103 113,18,114 9 33 14 113,8,9,10,14,22,10,22,var_0 counter_var_1 +,19,counter_var_0 var_1 +
3030,114 25 97 23 113,48,114 104 11 6 113,25,17,23,6,5,11,31,var_0 counter_var_1 +,40,counter_var_0 var_1 +
3031,114 9 87 60 113,38,114 33 70 77 113,9,4,29,15,18,1,24,var_0 counter_var_1 +,33,counter_var_0 var_1 +
3032,114 11 30 99 113,17,114 32 31 82 113,11,3,6,20,7,8,31,var_0 counter_var_1 +,9,counter_var_0 var_1 +
3033,114 70 21 49 113,30,114 40 74 91 113,12,11,18,29,21,5,41,var_0 counter_var_1 +,29,counter_var_0 var_1 +
3034,114 41 36 19 113,31,114 81 34 47 113,12,23,19,16,13,11,28,var_0 counter_var_1 +,42,counter_var_0 var_1 +
3035,114 19 76 54 113,42,114 52 3 86 113,19,23,23,24,7,3,43,var_0 counter_var_1 +,46,counter_var_0 var_1 +
3036,114 19 52 9 113,28,114 78 0 38 113,19,20,9,7,6,0,26,var_0 counter_var_1 +,29,counter_var_0 var_1 +
3037,114 93 51 42 113,17,114 80 44 41 113,6,22,11,10,5,21,16,var_0 counter_var_1 +,33,counter_var_0 var_1 +
3038,114 54 106 56 113,50,114 93 18 72 113,25,6,25,10,14,18,35,var_0 counter_var_1 +,31,counter_var_0 var_1 +
3039,114 11 7 22 113,33,114 58 37 110 113,11,0,22,17,7,14,28,var_0 counter_var_1 +,22,counter_var_0 var_1 +
3040,114 112 109 65 113,28,114 28 27 101 113,25,28,3,8,17,4,33,var_0 counter_var_1 +,31,counter_var_0 var_1 +
3041,114 58 47 93 113,0,114 110 7 22 113,0,23,0,22,1,7,22,var_0 counter_var_1 +,23,counter_var_0 var_1 +
3042,114 17 43 40 113,26,114 69 7 22 113,17,11,9,22,20,7,39,var_0 counter_var_1 +,20,counter_var_0 var_1 +
3043,114 16 15 62 113,16,114 53 45 103 113,16,24,0,10,15,22,26,var_0 counter_var_1 +,24,counter_var_0 var_1 +
3044,114 85 46 87 113,52,114 88 50 27 113,27,1,25,27,0,4,54,var_0 counter_var_1 +,26,counter_var_0 var_1 +
3045,114 77 102 45 113,33,114 4 43 40 113,19,4,14,9,10,20,28,var_0 counter_var_1 +,18,counter_var_0 var_1 +
3046,114 20 83 3 113,23,114 64 75 8 113,20,6,3,8,14,6,28,var_0 counter_var_1 +,9,counter_var_0 var_1 +
3047,114 110 50 27 113,50,114 104 90 102 113,23,17,27,9,4,21,32,var_0 counter_var_1 +,44,counter_var_0 var_1 +
3048,114 5 37 110 113,22,114 60 46 87 113,5,2,17,25,14,0,30,var_0 counter_var_1 +,19,counter_var_0 var_1 +
3049,114 59 74 91 113,30,114 58 92 51 113,1,0,29,20,5,0,21,var_0 counter_var_1 +,29,counter_var_0 var_1 +
3050,114 26 24 35 113,30,114 83 19 15 113,26,25,4,15,1,19,41,var_0 counter_var_1 +,29,counter_var_0 var_1 +
3051,114 95 57 97 113,12,114 67 26 25 113,8,9,4,25,11,3,33,var_0 counter_var_1 +,13,counter_var_0 var_1 +
3052,114 82 60 63 113,25,114 0 92 51 113,24,0,1,20,14,0,44,var_0 counter_var_1 +,1,counter_var_0 var_1 +
3053,114 49 52 9 113,29,114 18 63 26 113,20,18,9,26,6,17,46,var_0 counter_var_1 +,27,counter_var_0 var_1 +
3054,114 48 67 80 113,37,114 26 60 63 113,19,26,18,1,21,14,20,var_0 counter_var_1 +,44,counter_var_0 var_1 +
3055,114 101 69 104 113,25,114 75 88 16 113,14,17,11,16,0,19,30,var_0 counter_var_1 +,28,counter_var_0 var_1 +
3056,114 51 81 52 113,43,114 97 72 81 113,22,10,21,19,12,3,41,var_0 counter_var_1 +,31,counter_var_0 var_1 +
3057,114 41 14 33 113,14,114 5 74 91 113,12,5,2,29,14,5,41,var_0 counter_var_1 +,7,counter_var_0 var_1 +
3058,114 60 52 9 113,11,114 28 112 13 113,2,28,9,13,6,20,15,var_0 counter_var_1 +,37,counter_var_0 var_1 +
3059,114 49 94 96 113,23,114 27 81 52 113,20,27,3,21,2,12,41,var_0 counter_var_1 +,30,counter_var_0 var_1 +
3060,114 42 85 31 113,13,114 81 112 13 113,13,23,0,13,16,20,26,var_0 counter_var_1 +,23,counter_var_0 var_1 +
3061,114 59 59 30 113,31,114 27 86 94 113,1,27,30,1,13,17,2,var_0 counter_var_1 +,57,counter_var_0 var_1 +
3062,114 19 69 104 113,30,114 42 4 78 113,19,13,11,16,0,4,35,var_0 counter_var_1 +,24,counter_var_0 var_1 +
3063,114 98 12 83 113,32,114 59 7 22 113,11,1,21,22,12,7,33,var_0 counter_var_1 +,22,counter_var_0 var_1 +
3064,114 112 64 66 113,29,114 16 56 5 113,25,16,4,5,18,10,30,var_0 counter_var_1 +,20,counter_var_0 var_1 +
3065,114 5 109 65 113,8,114 68 75 8 113,5,10,3,8,17,6,13,var_0 counter_var_1 +,13,counter_var_0 var_1 +
3066,114 99 40 76 113,26,114 17 43 40 113,12,17,14,9,17,20,21,var_0 counter_var_1 +,31,counter_var_0 var_1 +
3067,114 84 75 8 113,34,114 51 112 13 113,26,22,8,13,6,20,39,var_0 counter_var_1 +,30,counter_var_0 var_1 +
3068,114 34 86 94 113,6,114 61 1 0 113,5,3,1,0,17,1,5,var_0 counter_var_1 +,4,counter_var_0 var_1 +
3069,114 48 45 103 113,29,114 109 72 81 113,19,22,10,19,22,3,38,var_0 counter_var_1 +,32,counter_var_0 var_1 +
3070,114 41 88 16 113,28,114 28 95 109 113,12,28,16,16,19,3,28,var_0 counter_var_1 +,44,counter_var_0 var_1 +
3071,114 5 60 63 113,6,114 49 56 5 113,5,20,1,5,14,10,10,var_0 counter_var_1 +,21,counter_var_0 var_1 +
3072,114 32 27 101 113,11,114 106 23 98 113,3,19,8,5,4,0,8,var_0 counter_var_1 +,27,counter_var_0 var_1 +
3073,114 90 1 0 113,3,114 98 0 38 113,3,11,0,7,1,0,10,var_0 counter_var_1 +,11,counter_var_0 var_1 +
3074,114 101 71 100 113,21,114 18 86 94 113,14,18,7,1,2,17,15,var_0 counter_var_1 +,25,counter_var_0 var_1 +
3075,114 70 18 72 113,22,114 53 38 59 113,12,24,10,28,18,15,40,var_0 counter_var_1 +,34,counter_var_0 var_1 +
3076,114 103 21 49 113,34,114 70 85 31 113,16,12,18,0,21,16,16,var_0 counter_var_1 +,30,counter_var_0 var_1 +
3077,114 75 88 16 113,33,114 51 94 96 113,17,22,16,3,19,2,20,var_0 counter_var_1 +,38,counter_var_0 var_1 +
3078,114 85 54 53 113,49,114 82 13 18 113,27,24,22,18,8,13,45,var_0 counter_var_1 +,46,counter_var_0 var_1 +
3079,114 28 97 23 113,51,114 27 106 56 113,28,27,23,25,5,14,53,var_0 counter_var_1 +,50,counter_var_0 var_1 +
3080,114 41 32 1 113,13,114 9 65 67 113,12,9,1,5,9,19,17,var_0 counter_var_1 +,10,counter_var_0 var_1 +
3081,114 19 19 15 113,34,114 83 100 75 113,19,25,15,13,19,8,32,var_0 counter_var_1 +,40,counter_var_0 var_1 +
3082,114 71 80 48 113,30,114 78 85 31 113,13,20,17,0,11,16,13,var_0 counter_var_1 +,37,counter_var_0 var_1 +
3083,114 12 13 18 113,30,114 92 43 40 113,12,5,18,9,13,20,21,var_0 counter_var_1 +,23,counter_var_0 var_1 +
3084,114 83 9 70 113,33,114 49 30 99 113,25,20,8,6,9,7,31,var_0 counter_var_1 +,28,counter_var_0 var_1 +
3085,114 86 43 40 113,37,114 38 41 34 113,28,9,9,3,20,18,31,var_0 counter_var_1 +,18,counter_var_0 var_1 +
3086,114 31 105 111 113,20,114 98 12 83 113,2,11,18,21,13,12,23,var_0 counter_var_1 +,29,counter_var_0 var_1 +
3087,114 14 53 68 113,20,114 81 15 62 113,14,23,6,0,7,15,14,var_0 counter_var_1 +,29,counter_var_0 var_1 +
3088,114 55 22 12 113,38,114 44 83 3 113,26,15,12,3,22,14,29,var_0 counter_var_1 +,27,counter_var_0 var_1 +
3089,114 98 35 37 113,17,114 55 29 17 113,11,26,6,17,12,6,28,var_0 counter_var_1 +,32,counter_var_0 var_1 +
3090,114 36 46 87 113,32,114 104 60 63 113,7,17,25,1,0,14,8,var_0 counter_var_1 +,42,counter_var_0 var_1 +
3091,114 97 94 96 113,13,114 110 8 57 113,10,23,3,26,2,8,36,var_0 counter_var_1 +,26,counter_var_0 var_1 +
3092,114 97 46 87 113,35,114 18 60 63 113,10,18,25,1,0,14,11,var_0 counter_var_1 +,43,counter_var_0 var_1 +
3093,114 87 108 85 113,23,114 60 12 83 113,0,2,23,21,16,12,21,var_0 counter_var_1 +,25,counter_var_0 var_1 +
3094,114 28 68 71 113,37,114 101 12 83 113,28,14,9,21,22,12,49,var_0 counter_var_1 +,23,counter_var_0 var_1 +
3095,114 20 78 107 113,34,114 63 11 6 113,20,5,14,6,9,11,26,var_0 counter_var_1 +,19,counter_var_0 var_1 +
3096,114 8 24 35 113,12,114 97 43 40 113,8,10,4,9,1,20,17,var_0 counter_var_1 +,14,counter_var_0 var_1 +
3097,114 56 60 63 113,28,114 64 98 74 113,27,6,1,12,14,6,39,var_0 counter_var_1 +,7,counter_var_0 var_1 +
3098,114 92 112 13 113,18,114 70 63 26 113,5,12,13,26,20,17,31,var_0 counter_var_1 +,25,counter_var_0 var_1 +
3099,114 106 75 8 113,27,114 7 48 95 113,19,7,8,2,6,2,21,var_0 counter_var_1 +,15,counter_var_0 var_1 +
3100,114 63 77 69 113,12,114 108 39 36 113,5,21,7,5,8,16,10,var_0 counter_var_1 +,28,counter_var_0 var_1 +
3101,114 83 35 37 113,31,114 49 68 71 113,25,20,6,9,12,22,34,var_0 counter_var_1 +,26,counter_var_0 var_1 +
3102,114 15 28 55 113,39,114 105 7 22 113,15,18,24,22,5,7,37,var_0 counter_var_1 +,42,counter_var_0 var_1 +
3103,114 30 103 61 113,31,114 28 98 74 113,1,28,30,12,11,6,13,var_0 counter_var_1 +,58,counter_var_0 var_1 +
3104,114 0 74 91 113,29,114 42 56 5 113,0,13,29,5,5,10,5,var_0 counter_var_1 +,42,counter_var_0 var_1 +
3105,114 69 20 50 113,30,114 20 63 26 113,11,20,19,26,20,17,37,var_0 counter_var_1 +,39,counter_var_0 var_1 +
3106,114 53 64 66 113,28,114 44 15 62 113,24,15,4,0,18,15,24,var_0 counter_var_1 +,19,counter_var_0 var_1 +
3107,114 65 47 93 113,7,114 19 104 4 113,7,19,0,4,1,12,11,var_0 counter_var_1 +,19,counter_var_0 var_1 +
3108,114 111 89 29 113,53,114 92 19 15 113,24,5,29,15,20,19,39,var_0 counter_var_1 +,34,counter_var_0 var_1 +
3109,114 52 72 81 113,42,114 112 29 17 113,23,25,19,17,3,6,40,var_0 counter_var_1 +,44,counter_var_0 var_1 +
3110,114 73 35 37 113,21,114 52 16 21 113,15,23,6,21,12,16,36,var_0 counter_var_1 +,29,counter_var_0 var_1 +
3111,114 10 37 110 113,27,114 82 62 43 113,10,24,17,12,14,16,22,var_0 counter_var_1 +,41,counter_var_0 var_1 +
3112,114 55 25 20 113,46,114 7 70 77 113,26,7,20,15,2,1,41,var_0 counter_var_1 +,27,counter_var_0 var_1 +
3113,114 30 55 10 113,11,114 94 13 18 113,1,7,10,18,9,13,19,var_0 counter_var_1 +,17,counter_var_0 var_1 +
3114,114 47 95 109 113,34,114 96 107 28 113,18,9,16,28,3,15,46,var_0 counter_var_1 +,25,counter_var_0 var_1 +
3115,114 22 109 65 113,25,114 65 3 86 113,22,7,3,24,17,3,46,var_0 counter_var_1 +,10,counter_var_0 var_1 +
3116,114 8 55 10 113,18,114 81 46 87 113,8,23,10,25,9,0,33,var_0 counter_var_1 +,33,counter_var_0 var_1 +
3117,114 13 66 88 113,39,114 62 37 110 113,13,4,26,17,20,14,30,var_0 counter_var_1 +,30,counter_var_0 var_1 +
3118,114 89 17 112 113,21,114 59 68 71 113,2,1,19,9,17,22,11,var_0 counter_var_1 +,20,counter_var_0 var_1 +
3119,114 5 68 71 113,14,114 103 10 11 113,5,16,9,11,22,10,16,var_0 counter_var_1 +,25,counter_var_0 var_1 +
3120,114 61 18 72 113,13,114 12 29 17 113,3,12,10,17,18,6,20,var_0 counter_var_1 +,22,counter_var_0 var_1 +
3121,114 97 111 79 113,27,114 0 45 103 113,10,0,17,10,19,22,20,var_0 counter_var_1 +,17,counter_var_0 var_1 +
3122,114 85 104 4 113,31,114 67 91 106 113,27,9,4,13,12,22,40,var_0 counter_var_1 +,13,counter_var_0 var_1 +
3123,114 77 29 17 113,36,114 30 13 18 113,19,1,17,18,6,13,37,var_0 counter_var_1 +,18,counter_var_0 var_1 +
3124,114 42 21 49 113,31,114 28 68 71 113,13,28,18,9,21,22,22,var_0 counter_var_1 +,46,counter_var_0 var_1 +
3125,114 109 18 72 113,32,114 32 56 5 113,22,3,10,5,18,10,27,var_0 counter_var_1 +,13,counter_var_0 var_1 +
3126,114 0 66 88 113,26,114 89 21 49 113,0,2,26,18,20,21,18,var_0 counter_var_1 +,28,counter_var_0 var_1 +
3127,114 49 25 20 113,40,114 20 101 39 113,20,20,20,8,2,9,28,var_0 counter_var_1 +,40,counter_var_0 var_1 +
3128,114 56 9 70 113,35,114 30 71 100 113,27,1,8,7,9,2,34,var_0 counter_var_1 +,9,counter_var_0 var_1 +
3129,114 87 47 93 113,0,114 59 29 17 113,0,1,0,17,1,6,17,var_0 counter_var_1 +,1,counter_var_0 var_1 +
3130,114 95 85 31 113,8,114 85 65 67 113,8,27,0,5,16,19,13,var_0 counter_var_1 +,27,counter_var_0 var_1 +
3131,114 62 99 92 113,34,114 80 49 32 113,4,22,30,1,7,3,5,var_0 counter_var_1 +,52,counter_var_0 var_1 +
3132,114 70 3 86 113,36,114 64 60 63 113,12,6,24,1,3,14,13,var_0 counter_var_1 +,30,counter_var_0 var_1 +
3133,114 99 54 53 113,34,114 11 71 100 113,12,11,22,7,8,2,19,var_0 counter_var_1 +,33,counter_var_0 var_1 +
3134,114 98 88 16 113,27,114 7 43 40 113,11,7,16,9,19,20,20,var_0 counter_var_1 +,23,counter_var_0 var_1 +
3135,114 24 34 47 113,40,114 41 16 21 113,24,12,16,21,11,16,45,var_0 counter_var_1 +,28,counter_var_0 var_1 +
3136,114 77 31 82 113,39,114 60 17 112 113,19,2,20,19,8,17,38,var_0 counter_var_1 +,22,counter_var_0 var_1 +
3137,114 55 59 30 113,56,114 66 9 70 113,26,8,30,8,13,9,34,var_0 counter_var_1 +,38,counter_var_0 var_1 +
3138,114 54 108 85 113,48,114 50 95 109 113,25,21,23,16,16,3,41,var_0 counter_var_1 +,44,counter_var_0 var_1 +
3139,114 18 61 89 113,45,114 42 109 65 113,18,13,27,3,15,17,21,var_0 counter_var_1 +,40,counter_var_0 var_1 +
3140,114 34 95 109 113,21,114 60 88 16 113,5,2,16,16,3,19,21,var_0 counter_var_1 +,18,counter_var_0 var_1 +
3141,114 53 19 15 113,39,114 11 42 46 113,24,11,15,15,19,19,39,var_0 counter_var_1 +,26,counter_var_0 var_1 +
3142,114 112 53 68 113,31,114 85 64 66 113,25,27,6,4,7,18,29,var_0 counter_var_1 +,33,counter_var_0 var_1 +
3143,114 93 23 98 113,11,114 56 7 22 113,6,27,5,22,0,7,28,var_0 counter_var_1 +,32,counter_var_0 var_1 +
3144,114 27 26 25 113,52,114 69 66 88 113,27,11,25,26,3,20,53,var_0 counter_var_1 +,36,counter_var_0 var_1 +
3145,114 62 51 42 113,15,114 76 21 49 113,4,18,11,18,5,21,22,var_0 counter_var_1 +,29,counter_var_0 var_1 +
3146,114 51 75 8 113,30,114 73 68 71 113,22,15,8,9,6,22,31,var_0 counter_var_1 +,23,counter_var_0 var_1 +
3147,114 20 106 56 113,45,114 30 86 94 113,20,1,25,1,14,17,21,var_0 counter_var_1 +,26,counter_var_0 var_1 +
3148,114 59 83 3 113,4,114 3 97 23 113,1,3,3,23,14,5,24,var_0 counter_var_1 +,6,counter_var_0 var_1 +
3149,114 16 37 110 113,33,114 92 74 91 113,16,5,17,29,14,5,45,var_0 counter_var_1 +,22,counter_var_0 var_1 +
3150,114 75 46 87 113,42,114 69 98 74 113,17,11,25,12,0,6,29,var_0 counter_var_1 +,36,counter_var_0 var_1 +
3151,114 83 11 6 113,31,114 51 46 87 113,25,22,6,25,11,0,50,var_0 counter_var_1 +,28,counter_var_0 var_1 +
3152,114 99 52 9 113,21,114 32 22 12 113,12,3,9,12,6,22,24,var_0 counter_var_1 +,12,counter_var_0 var_1 +
3153,114 97 91 106 113,23,114 66 110 108 113,10,8,13,15,22,18,25,var_0 counter_var_1 +,21,counter_var_0 var_1 +
3154,114 13 59 30 113,43,114 22 39 36 113,13,22,30,5,13,16,18,var_0 counter_var_1 +,52,counter_var_0 var_1 +
3155,114 105 110 108 113,33,114 79 101 39 113,18,21,15,8,18,9,26,var_0 counter_var_1 +,36,counter_var_0 var_1 +
3156,114 60 28 55 113,26,114 82 14 33 113,2,24,24,2,5,14,4,var_0 counter_var_1 +,48,counter_var_0 var_1 +
3157,114 31 101 39 113,10,114 99 4 78 113,2,12,8,16,9,4,18,var_0 counter_var_1 +,20,counter_var_0 var_1 +
3158,114 99 85 31 113,12,114 18 68 71 113,12,18,0,9,16,22,21,var_0 counter_var_1 +,18,counter_var_0 var_1 +
3159,114 57 31 82 113,48,114 100 44 41 113,28,13,20,10,8,21,38,var_0 counter_var_1 +,33,counter_var_0 var_1 +
3160,114 47 19 15 113,33,114 34 12 83 113,18,5,15,21,19,12,39,var_0 counter_var_1 +,20,counter_var_0 var_1 +
3161,114 67 31 82 113,29,114 88 24 35 113,9,1,20,4,8,1,13,var_0 counter_var_1 +,21,counter_var_0 var_1 +
3162,114 28 85 31 113,28,114 4 47 93 113,28,4,0,0,16,1,28,var_0 counter_var_1 +,4,counter_var_0 var_1 +
3163,114 101 84 44 113,27,114 18 39 36 113,14,18,13,5,15,16,19,var_0 counter_var_1 +,31,counter_var_0 var_1 +
3164,114 38 100 75 113,22,114 99 78 107 113,9,12,13,14,8,9,23,var_0 counter_var_1 +,25,counter_var_0 var_1 +
3165,114 62 109 65 113,7,114 77 11 6 113,4,19,3,6,17,11,10,var_0 counter_var_1 +,22,counter_var_0 var_1 +
3166,114 43 75 8 113,22,114 22 4 78 113,14,22,8,16,6,4,30,var_0 counter_var_1 +,30,counter_var_0 var_1 +
3167,114 84 4 78 113,42,114 31 32 1 113,26,2,16,1,4,9,27,var_0 counter_var_1 +,18,counter_var_0 var_1 +
3168,114 88 13 18 113,19,114 10 46 87 113,1,10,18,25,13,0,26,var_0 counter_var_1 +,28,counter_var_0 var_1 +
3169,114 7 78 107 113,21,114 83 88 16 113,7,25,14,16,9,19,23,var_0 counter_var_1 +,39,counter_var_0 var_1 +
3170,114 72 48 95 113,16,114 103 59 30 113,14,16,2,30,2,13,44,var_0 counter_var_1 +,18,counter_var_0 var_1 +
3171,114 91 70 77 113,19,114 112 22 12 113,4,25,15,12,1,22,16,var_0 counter_var_1 +,40,counter_var_0 var_1 +
3172,114 18 90 102 113,27,114 83 7 22 113,18,25,9,22,21,7,40,var_0 counter_var_1 +,34,counter_var_0 var_1 +
3173,114 82 91 106 113,37,114 30 36 19 113,24,1,13,19,22,13,43,var_0 counter_var_1 +,14,counter_var_0 var_1 +
3174,114 8 48 95 113,10,114 17 67 80 113,8,17,2,18,2,21,26,var_0 counter_var_1 +,19,counter_var_0 var_1 +
3175,114 17 62 43 113,29,114 14 105 111 113,17,14,12,18,16,13,35,var_0 counter_var_1 +,26,counter_var_0 var_1 +
3176,114 22 36 19 113,41,114 68 52 9 113,22,10,19,9,13,6,31,var_0 counter_var_1 +,29,counter_var_0 var_1 +
3177,114 68 82 90 113,38,114 92 93 105 113,10,5,28,12,13,1,22,var_0 counter_var_1 +,33,counter_var_0 var_1 +
3178,114 24 97 23 113,47,114 85 82 90 113,24,27,23,28,5,13,52,var_0 counter_var_1 +,50,counter_var_0 var_1 +
3179,114 112 63 26 113,51,114 31 107 28 113,25,2,26,28,17,15,53,var_0 counter_var_1 +,28,counter_var_0 var_1 +
3180,114 93 73 73 113,17,114 68 24 35 113,6,10,11,4,4,1,10,var_0 counter_var_1 +,21,counter_var_0 var_1 +
3181,114 80 57 97 113,26,114 70 105 111 113,22,12,4,18,11,13,40,var_0 counter_var_1 +,16,counter_var_0 var_1 +
3182,114 22 106 56 113,47,114 80 111 79 113,22,22,25,17,14,19,39,var_0 counter_var_1 +,47,counter_var_0 var_1 +
3183,114 37 59 30 113,38,114 23 91 106 113,8,23,30,13,13,22,21,var_0 counter_var_1 +,53,counter_var_0 var_1 +
3184,114 41 78 107 113,26,114 89 91 106 113,12,2,14,13,9,22,25,var_0 counter_var_1 +,16,counter_var_0 var_1 +
3185,114 22 37 110 113,39,114 56 111 79 113,22,27,17,17,14,19,39,var_0 counter_var_1 +,44,counter_var_0 var_1 +
3186,114 107 45 103 113,30,114 39 18 72 113,20,10,10,10,22,18,30,var_0 counter_var_1 +,20,counter_var_0 var_1 +
3187,114 43 83 3 113,17,114 83 35 37 113,14,25,3,6,14,12,20,var_0 counter_var_1 +,28,counter_var_0 var_1 +
3188,114 9 59 30 113,39,114 51 48 95 113,9,22,30,2,13,2,11,var_0 counter_var_1 +,52,counter_var_0 var_1 +
3189,114 111 88 16 113,40,114 110 86 94 113,24,23,16,1,19,17,25,var_0 counter_var_1 +,39,counter_var_0 var_1 +
3190,114 13 43 40 113,22,114 50 80 48 113,13,21,9,17,20,11,30,var_0 counter_var_1 +,30,counter_var_0 var_1 +
3191,114 78 59 30 113,50,114 62 71 100 113,20,4,30,7,13,2,27,var_0 counter_var_1 +,34,counter_var_0 var_1 +
3192,114 47 97 23 113,41,114 70 15 62 113,18,12,23,0,5,15,18,var_0 counter_var_1 +,35,counter_var_0 var_1 +
3193,114 87 100 75 113,13,114 52 82 90 113,0,23,13,28,8,13,28,var_0 counter_var_1 +,36,counter_var_0 var_1 +
3194,114 80 32 1 113,23,114 36 101 39 113,22,7,1,8,9,9,30,var_0 counter_var_1 +,8,counter_var_0 var_1 +
3195,114 110 28 55 113,47,114 2 68 71 113,23,2,24,9,5,22,32,var_0 counter_var_1 +,26,counter_var_0 var_1 +
3196,114 7 2 84 113,29,114 61 5 24 113,7,3,22,24,2,5,31,var_0 counter_var_1 +,25,counter_var_0 var_1 +
3197,114 34 19 15 113,20,114 80 91 106 113,5,22,15,13,19,22,18,var_0 counter_var_1 +,37,counter_var_0 var_1 +
3198,114 44 5 24 113,39,114 79 47 93 113,15,21,24,0,5,1,15,var_0 counter_var_1 +,45,counter_var_0 var_1 +
3199,114 35 7 22 113,28,114 109 33 14 113,6,22,22,14,7,10,20,var_0 counter_var_1 +,44,counter_var_0 var_1 +
3200,114 23 61 89 113,50,114 108 60 63 113,23,21,27,1,15,14,24,var_0 counter_var_1 +,48,counter_var_0 var_1 +
3201,114 98 3 86 113,35,114 75 39 36 113,11,17,24,5,3,16,16,var_0 counter_var_1 +,41,counter_var_0 var_1 +
3202,114 68 13 18 113,28,114 51 79 58 113,10,22,18,27,13,10,37,var_0 counter_var_1 +,40,counter_var_0 var_1 +
3203,114 47 94 96 113,21,114 89 111 79 113,18,2,3,17,2,19,35,var_0 counter_var_1 +,5,counter_var_0 var_1 +
3204,114 102 93 105 113,27,114 102 45 103 113,15,15,12,10,1,22,25,var_0 counter_var_1 +,27,counter_var_0 var_1 +
3205,114 25 86 94 113,26,114 7 10 11 113,25,7,1,11,17,10,36,var_0 counter_var_1 +,8,counter_var_0 var_1 +
3206,114 15 69 104 113,26,114 53 81 52 113,15,24,11,21,0,12,36,var_0 counter_var_1 +,35,counter_var_0 var_1 +
3207,114 43 44 41 113,24,114 8 52 9 113,14,8,10,9,21,6,23,var_0 counter_var_1 +,18,counter_var_0 var_1 +
3208,114 67 83 3 113,12,114 67 0 38 113,9,9,3,7,14,0,16,var_0 counter_var_1 +,12,counter_var_0 var_1 +
3209,114 92 75 8 113,13,114 15 17 112 113,5,15,8,19,6,17,24,var_0 counter_var_1 +,23,counter_var_0 var_1 +
3210,114 94 78 107 113,21,114 1 6 64 113,7,1,14,2,9,6,9,var_0 counter_var_1 +,15,counter_var_0 var_1 +
3211,114 64 57 97 113,10,114 64 55 10 113,6,6,4,10,11,9,16,var_0 counter_var_1 +,10,counter_var_0 var_1 +
3212,114 0 75 8 113,8,114 41 11 6 113,0,12,8,6,6,11,6,var_0 counter_var_1 +,20,counter_var_0 var_1 +
3213,114 16 103 61 113,46,114 112 38 59 113,16,25,30,28,11,15,44,var_0 counter_var_1 +,55,counter_var_0 var_1 +
3214,114 22 95 109 113,38,114 65 77 69 113,22,7,16,7,3,8,29,var_0 counter_var_1 +,23,counter_var_0 var_1 +
3215,114 13 65 67 113,18,114 8 82 90 113,13,8,5,28,19,13,41,var_0 counter_var_1 +,13,counter_var_0 var_1 +
3216,114 47 21 49 113,36,114 59 45 103 113,18,1,18,10,21,22,28,var_0 counter_var_1 +,19,counter_var_0 var_1 +
3217,114 7 19 15 113,22,114 7 68 71 113,7,7,15,9,19,22,16,var_0 counter_var_1 +,22,counter_var_0 var_1 +
3218,114 31 63 26 113,28,114 72 78 107 113,2,14,26,14,17,9,16,var_0 counter_var_1 +,40,counter_var_0 var_1 +
3219,114 106 65 67 113,24,114 57 36 19 113,19,28,5,19,19,13,38,var_0 counter_var_1 +,33,counter_var_0 var_1 +
3220,114 86 6 64 113,30,114 13 26 25 113,28,13,2,25,6,3,53,var_0 counter_var_1 +,15,counter_var_0 var_1 +
3221,114 77 20 50 113,38,114 27 46 87 113,19,27,19,25,20,0,44,var_0 counter_var_1 +,46,counter_var_0 var_1 +
3222,114 97 16 21 113,31,114 92 57 97 113,10,5,21,4,16,11,14,var_0 counter_var_1 +,26,counter_var_0 var_1 +
3223,114 40 47 93 113,11,114 31 90 102 113,11,2,0,9,1,21,20,var_0 counter_var_1 +,2,counter_var_0 var_1 +
3224,114 55 31 82 113,46,114 65 9 70 113,26,7,20,8,8,9,34,var_0 counter_var_1 +,27,counter_var_0 var_1 +
3225,114 84 96 7 113,33,114 105 24 35 113,26,18,7,4,4,1,30,var_0 counter_var_1 +,25,counter_var_0 var_1 +
3226,114 72 101 39 113,22,114 111 20 50 113,14,24,8,19,9,20,33,var_0 counter_var_1 +,32,counter_var_0 var_1 +
3227,114 94 60 63 113,8,114 88 19 15 113,7,1,1,15,14,19,22,var_0 counter_var_1 +,2,counter_var_0 var_1 +
3228,114 84 59 30 113,56,114 33 80 48 113,26,4,30,17,13,11,43,var_0 counter_var_1 +,34,counter_var_0 var_1 +
3229,114 40 84 44 113,24,114 106 76 54 113,11,19,13,23,15,7,34,var_0 counter_var_1 +,32,counter_var_0 var_1 +
3230,114 81 32 1 113,24,114 59 69 104 113,23,1,1,11,9,0,34,var_0 counter_var_1 +,2,counter_var_0 var_1 +
3231,114 39 15 62 113,10,114 108 50 27 113,10,21,0,27,15,4,37,var_0 counter_var_1 +,21,counter_var_0 var_1 +
3232,114 72 46 87 113,39,114 68 72 81 113,14,10,25,19,0,3,33,var_0 counter_var_1 +,35,counter_var_0 var_1 +
3233,114 101 62 43 113,26,114 106 16 21 113,14,19,12,21,16,16,35,var_0 counter_var_1 +,31,counter_var_0 var_1 +
3234,114 8 5 24 113,32,114 101 48 95 113,8,14,24,2,5,2,10,var_0 counter_var_1 +,38,counter_var_0 var_1 +
3235,114 13 61 89 113,40,114 3 47 93 113,13,3,27,0,15,1,13,var_0 counter_var_1 +,30,counter_var_0 var_1 +
3236,114 11 97 23 113,34,114 37 40 76 113,11,8,23,14,5,17,25,var_0 counter_var_1 +,31,counter_var_0 var_1 +
3237,114 50 99 92 113,51,114 53 70 77 113,21,24,30,15,7,1,36,var_0 counter_var_1 +,54,counter_var_0 var_1 +
3238,114 41 41 34 113,15,114 90 5 24 113,12,3,3,24,18,5,36,var_0 counter_var_1 +,6,counter_var_0 var_1 +
3239,114 51 12 83 113,43,114 109 64 66 113,22,22,21,4,12,18,26,var_0 counter_var_1 +,43,counter_var_0 var_1 +
3240,114 87 6 64 113,2,114 107 55 10 113,0,20,2,10,6,9,10,var_0 counter_var_1 +,22,counter_var_0 var_1 +
3241,114 43 65 67 113,19,114 82 88 16 113,14,24,5,16,19,19,30,var_0 counter_var_1 +,29,counter_var_0 var_1 +
3242,114 81 91 106 113,36,114 49 55 10 113,23,20,13,10,22,9,33,var_0 counter_var_1 +,33,counter_var_0 var_1 +
3243,114 57 25 20 113,48,114 105 88 16 113,28,18,20,16,2,19,44,var_0 counter_var_1 +,38,counter_var_0 var_1 +
3244,114 97 22 12 113,22,114 94 106 56 113,10,7,12,25,22,14,35,var_0 counter_var_1 +,19,counter_var_0 var_1 +
3245,114 54 80 48 113,42,114 5 81 52 113,25,5,17,21,11,12,46,var_0 counter_var_1 +,22,counter_var_0 var_1 +
3246,114 95 5 24 113,32,114 45 50 27 113,8,16,24,27,5,4,35,var_0 counter_var_1 +,40,counter_var_0 var_1 +
3247,114 87 74 91 113,29,114 48 42 46 113,0,19,29,15,5,19,15,var_0 counter_var_1 +,48,counter_var_0 var_1 +
3248,114 98 50 27 113,38,114 48 18 72 113,11,19,27,10,4,18,21,var_0 counter_var_1 +,46,counter_var_0 var_1 +
3249,114 66 95 109 113,24,114 99 61 89 113,8,12,16,27,3,15,35,var_0 counter_var_1 +,28,counter_var_0 var_1 +
3250,114 1 18 72 113,11,114 61 41 34 113,1,3,10,3,18,18,4,var_0 counter_var_1 +,13,counter_var_0 var_1 +
3251,114 38 27 101 113,17,114 29 45 103 113,9,0,8,10,4,22,19,var_0 counter_var_1 +,8,counter_var_0 var_1 +
3252,114 54 11 6 113,31,114 24 2 84 113,25,24,6,22,11,2,47,var_0 counter_var_1 +,30,counter_var_0 var_1 +
3253,114 74 85 31 113,16,114 98 60 63 113,16,11,0,1,16,14,17,var_0 counter_var_1 +,11,counter_var_0 var_1 +
3254,114 99 48 95 113,14,114 61 30 99 113,12,3,2,6,2,7,18,var_0 counter_var_1 +,5,counter_var_0 var_1 +
3255,114 53 49 32 113,25,114 63 60 63 113,24,5,1,1,3,14,25,var_0 counter_var_1 +,6,counter_var_0 var_1 +
3256,114 14 40 76 113,28,114 70 87 60 113,14,12,14,29,17,18,43,var_0 counter_var_1 +,26,counter_var_0 var_1 +
3257,114 65 5 24 113,31,114 89 8 57 113,7,2,24,26,5,8,33,var_0 counter_var_1 +,26,counter_var_0 var_1 +
3258,114 75 63 26 113,43,114 30 23 98 113,17,1,26,5,17,0,22,var_0 counter_var_1 +,27,counter_var_0 var_1 +
3259,114 50 111 79 113,38,114 104 100 75 113,21,17,17,13,19,8,34,var_0 counter_var_1 +,34,counter_var_0 var_1 +
3260,114 16 90 102 113,25,114 84 109 65 113,16,26,9,3,21,17,19,var_0 counter_var_1 +,35,counter_var_0 var_1 +
3261,114 63 42 46 113,20,114 100 40 76 113,5,13,15,14,19,17,19,var_0 counter_var_1 +,28,counter_var_0 var_1 +
3262,114 64 103 61 113,36,114 22 72 81 113,6,22,30,19,11,3,25,var_0 counter_var_1 +,52,counter_var_0 var_1 +
3263,114 40 60 63 113,12,114 83 4 78 113,11,25,1,16,14,4,27,var_0 counter_var_1 +,26,counter_var_0 var_1 +
3264,114 32 112 13 113,16,114 46 110 108 113,3,17,13,15,20,18,18,var_0 counter_var_1 +,30,counter_var_0 var_1 +
3265,114 42 37 110 113,30,114 31 31 82 113,13,2,17,20,14,8,33,var_0 counter_var_1 +,19,counter_var_0 var_1 +
3266,114 48 29 17 113,36,114 109 102 45 113,19,22,17,14,6,10,33,var_0 counter_var_1 +,39,counter_var_0 var_1 +
3267,114 76 49 32 113,19,114 111 54 53 113,18,24,1,22,3,8,40,var_0 counter_var_1 +,25,counter_var_0 var_1 +
3268,114 105 83 3 113,21,114 14 106 56 113,18,14,3,25,14,14,43,var_0 counter_var_1 +,17,counter_var_0 var_1 +
3269,114 78 57 97 113,24,114 79 25 20 113,20,21,4,20,11,2,40,var_0 counter_var_1 +,25,counter_var_0 var_1 +
3270,114 105 72 81 113,37,114 85 0 38 113,18,27,19,7,3,0,25,var_0 counter_var_1 +,46,counter_var_0 var_1 +
3271,114 0 95 109 113,16,114 61 6 64 113,0,3,16,2,3,6,2,var_0 counter_var_1 +,19,counter_var_0 var_1 +
3272,114 93 7 22 113,28,114 10 10 11 113,6,10,22,11,7,10,17,var_0 counter_var_1 +,32,counter_var_0 var_1 +
3273,114 28 3 86 113,52,114 106 41 34 113,28,19,24,3,3,18,31,var_0 counter_var_1 +,43,counter_var_0 var_1 +
3274,114 99 14 33 113,14,114 82 112 13 113,12,24,2,13,14,20,25,var_0 counter_var_1 +,26,counter_var_0 var_1 +
3275,114 31 65 67 113,7,114 64 4 78 113,2,6,5,16,19,4,18,var_0 counter_var_1 +,11,counter_var_0 var_1 +
3276,114 5 89 29 113,34,114 41 88 16 113,5,12,29,16,20,19,21,var_0 counter_var_1 +,41,counter_var_0 var_1 +
3277,114 51 65 67 113,27,114 27 55 10 113,22,27,5,10,19,9,32,var_0 counter_var_1 +,32,counter_var_0 var_1 +
3278,114 58 99 92 113,30,114 81 50 27 113,0,23,30,27,7,4,27,var_0 counter_var_1 +,53,counter_var_0 var_1 +
3279,114 16 39 36 113,21,114 51 87 60 113,16,22,5,29,16,18,45,var_0 counter_var_1 +,27,counter_var_0 var_1 +
3280,114 58 43 40 113,9,114 81 35 37 113,0,23,9,6,20,12,6,var_0 counter_var_1 +,32,counter_var_0 var_1 +
3281,114 43 8 57 113,40,114 89 48 95 113,14,2,26,2,8,2,16,var_0 counter_var_1 +,28,counter_var_0 var_1 +
3282,114 78 10 11 113,31,114 111 75 8 113,20,24,11,8,10,6,28,var_0 counter_var_1 +,35,counter_var_0 var_1 +
3283,114 17 48 95 113,19,114 55 46 87 113,17,26,2,25,2,0,42,var_0 counter_var_1 +,28,counter_var_0 var_1 +
3284,114 4 5 24 113,28,114 4 11 6 113,4,4,24,6,5,11,10,var_0 counter_var_1 +,28,counter_var_0 var_1 +
3285,114 62 6 64 113,6,114 80 58 2 113,4,22,2,2,6,12,6,var_0 counter_var_1 +,24,counter_var_0 var_1 +
3286,114 79 88 16 113,37,114 95 79 58 113,21,8,16,27,19,10,48,var_0 counter_var_1 +,24,counter_var_0 var_1 +
3287,114 45 94 96 113,19,114 110 9 70 113,16,23,3,8,2,9,24,var_0 counter_var_1 +,26,counter_var_0 var_1 +
3288,114 32 69 104 113,14,114 7 83 3 113,3,7,11,3,0,14,6,var_0 counter_var_1 +,18,counter_var_0 var_1 +
3289,114 44 103 61 113,45,114 85 48 95 113,15,27,30,2,11,2,17,var_0 counter_var_1 +,57,counter_var_0 var_1 +
3290,114 35 19 15 113,21,114 87 64 66 113,6,0,15,4,19,18,10,var_0 counter_var_1 +,15,counter_var_0 var_1 +
3291,114 104 64 66 113,21,114 25 2 84 113,17,25,4,22,18,2,39,var_0 counter_var_1 +,29,counter_var_0 var_1 +
3292,114 81 55 10 113,33,114 46 47 93 113,23,17,10,0,9,1,23,var_0 counter_var_1 +,27,counter_var_0 var_1 +
3293,114 71 17 112 113,32,114 22 81 52 113,13,22,19,21,17,12,34,var_0 counter_var_1 +,41,counter_var_0 var_1 +
3294,114 70 71 100 113,19,114 50 36 19 113,12,21,7,19,2,13,31,var_0 counter_var_1 +,28,counter_var_0 var_1 +
3295,114 73 4 78 113,31,114 3 106 56 113,15,3,16,25,4,14,40,var_0 counter_var_1 +,19,counter_var_0 var_1 +
3296,114 23 41 34 113,26,114 7 26 25 113,23,7,3,25,18,3,48,var_0 counter_var_1 +,10,counter_var_0 var_1 +
3297,114 40 90 102 113,20,114 39 93 105 113,11,10,9,12,21,1,23,var_0 counter_var_1 +,19,counter_var_0 var_1 +
3298,114 61 94 96 113,6,114 101 6 64 113,3,14,3,2,2,6,5,var_0 counter_var_1 +,17,counter_var_0 var_1 +
3299,114 54 93 105 113,37,114 110 0 38 113,25,23,12,7,1,0,32,var_0 counter_var_1 +,35,counter_var_0 var_1 +
3300,114 54 39 36 113,30,114 91 54 53 113,25,4,5,22,16,8,47,var_0 counter_var_1 +,9,counter_var_0 var_1 +
3301,114 22 0 38 113,29,114 17 74 91 113,22,17,7,29,0,5,51,var_0 counter_var_1 +,24,counter_var_0 var_1 +
3302,114 61 86 94 113,4,114 30 1 0 113,3,1,1,0,17,1,3,var_0 counter_var_1 +,2,counter_var_0 var_1 +
3303,114 59 95 109 113,17,114 70 6 64 113,1,12,16,2,3,6,3,var_0 counter_var_1 +,28,counter_var_0 var_1 +
3304,114 1 35 37 113,7,114 57 27 101 113,1,28,6,8,12,4,9,var_0 counter_var_1 +,34,counter_var_0 var_1 +
3305,114 13 25 20 113,33,114 76 0 38 113,13,18,20,7,2,0,20,var_0 counter_var_1 +,38,counter_var_0 var_1 +
3306,114 40 37 110 113,28,114 95 102 45 113,11,8,17,14,14,10,25,var_0 counter_var_1 +,25,counter_var_0 var_1 +
3307,114 105 34 47 113,34,114 53 72 81 113,18,24,16,19,11,3,37,var_0 counter_var_1 +,40,counter_var_0 var_1 +
3308,114 110 14 33 113,25,114 93 102 45 113,23,6,2,14,14,10,37,var_0 counter_var_1 +,8,counter_var_0 var_1 +
3309,114 90 9 70 113,11,114 64 25 20 113,3,6,8,20,9,2,23,var_0 counter_var_1 +,14,counter_var_0 var_1 +
3310,114 35 60 63 113,7,114 11 111 79 113,6,11,1,17,14,19,23,var_0 counter_var_1 +,12,counter_var_0 var_1 +
3311,114 26 60 63 113,27,114 38 78 107 113,26,9,1,14,14,9,40,var_0 counter_var_1 +,10,counter_var_0 var_1 +
3312,114 21 69 104 113,32,114 99 13 18 113,21,12,11,18,0,13,39,var_0 counter_var_1 +,23,counter_var_0 var_1 +
3313,114 42 50 27 113,40,114 89 96 7 113,13,2,27,7,4,4,20,var_0 counter_var_1 +,29,counter_var_0 var_1 +
3314,114 0 102 45 113,14,114 101 65 67 113,0,14,14,5,10,19,5,var_0 counter_var_1 +,28,counter_var_0 var_1 +
3315,114 12 34 47 113,28,114 83 25 20 113,12,25,16,20,11,2,32,var_0 counter_var_1 +,41,counter_var_0 var_1 +
3316,114 44 11 6 113,21,114 30 64 66 113,15,1,6,4,11,18,19,var_0 counter_var_1 +,7,counter_var_0 var_1 +
3317,114 68 86 94 113,11,114 48 54 53 113,10,19,1,22,17,8,32,var_0 counter_var_1 +,20,counter_var_0 var_1 +
3318,114 45 38 59 113,44,114 62 34 47 113,16,4,28,16,15,11,32,var_0 counter_var_1 +,32,counter_var_0 var_1 +
3319,114 103 89 29 113,45,114 29 20 50 113,16,0,29,19,20,20,35,var_0 counter_var_1 +,29,counter_var_0 var_1 +
3320,114 9 34 47 113,25,114 94 33 14 113,9,7,16,14,11,10,23,var_0 counter_var_1 +,23,counter_var_0 var_1 +
3321,114 40 13 18 113,29,114 29 62 43 113,11,0,18,12,13,16,23,var_0 counter_var_1 +,18,counter_var_0 var_1 +
3322,114 104 78 107 113,31,114 87 90 102 113,17,0,14,9,9,21,26,var_0 counter_var_1 +,14,counter_var_0 var_1 +
3323,114 106 30 99 113,25,114 99 110 108 113,19,12,6,15,7,18,34,var_0 counter_var_1 +,18,counter_var_0 var_1 +
3324,114 112 101 39 113,33,114 50 23 98 113,25,21,8,5,9,0,30,var_0 counter_var_1 +,29,counter_var_0 var_1 +
3325,114 27 17 112 113,46,114 70 25 20 113,27,12,19,20,17,2,47,var_0 counter_var_1 +,31,counter_var_0 var_1 +
3326,114 112 48 95 113,27,114 57 26 25 113,25,28,2,25,2,3,50,var_0 counter_var_1 +,30,counter_var_0 var_1 +
3327,114 9 5 24 113,33,114 86 29 17 113,9,28,24,17,5,6,26,var_0 counter_var_1 +,52,counter_var_0 var_1 +
3328,114 77 19 15 113,34,114 76 55 10 113,19,18,15,10,19,9,29,var_0 counter_var_1 +,33,counter_var_0 var_1 +
3329,114 40 14 33 113,13,114 47 51 42 113,11,18,2,11,14,5,22,var_0 counter_var_1 +,20,counter_var_0 var_1 +
3330,114 66 43 40 113,17,114 77 112 13 113,8,19,9,13,20,20,21,var_0 counter_var_1 +,28,counter_var_0 var_1 +
3331,114 81 83 3 113,26,114 65 66 88 113,23,7,3,26,14,20,49,var_0 counter_var_1 +,10,counter_var_0 var_1 +
3332,114 9 107 28 113,37,114 92 61 89 113,9,5,28,27,15,15,36,var_0 counter_var_1 +,33,counter_var_0 var_1 +
3333,114 75 26 25 113,42,114 32 50 27 113,17,3,25,27,3,4,44,var_0 counter_var_1 +,28,counter_var_0 var_1 +
3334,114 104 1 0 113,17,114 32 66 88 113,17,3,0,26,1,20,43,var_0 counter_var_1 +,3,counter_var_0 var_1 +
3335,114 39 69 104 113,21,114 103 102 45 113,10,16,11,14,0,10,24,var_0 counter_var_1 +,27,counter_var_0 var_1 +
3336,114 104 66 88 113,43,114 109 16 21 113,17,22,26,21,20,16,38,var_0 counter_var_1 +,48,counter_var_0 var_1 +
3337,114 53 59 30 113,54,114 93 94 96 113,24,6,30,3,13,2,27,var_0 counter_var_1 +,36,counter_var_0 var_1 +
3338,114 48 96 7 113,26,114 87 16 21 113,19,0,7,21,4,16,40,var_0 counter_var_1 +,7,counter_var_0 var_1 +
3339,114 60 94 96 113,5,114 50 39 36 113,2,21,3,5,2,16,7,var_0 counter_var_1 +,24,counter_var_0 var_1 +
3340,114 10 44 41 113,20,114 81 80 48 113,10,23,10,17,21,11,27,var_0 counter_var_1 +,33,counter_var_0 var_1 +
3341,114 46 7 22 113,39,114 67 14 33 113,17,9,22,2,7,14,19,var_0 counter_var_1 +,31,counter_var_0 var_1 +
3342,114 1 43 40 113,10,114 69 24 35 113,1,11,9,4,20,1,5,var_0 counter_var_1 +,20,counter_var_0 var_1 +
3343,114 42 47 93 113,13,114 8 45 103 113,13,8,0,10,1,22,23,var_0 counter_var_1 +,8,counter_var_0 var_1 +
3344,114 23 53 68 113,29,114 62 60 63 113,23,4,6,1,7,14,24,var_0 counter_var_1 +,10,counter_var_0 var_1 +
3345,114 71 25 20 113,33,114 52 81 52 113,13,23,20,21,2,12,34,var_0 counter_var_1 +,43,counter_var_0 var_1 +
3346,114 56 81 52 113,48,114 43 20 50 113,27,14,21,19,12,20,46,var_0 counter_var_1 +,35,counter_var_0 var_1 +
3347,114 2 20 50 113,21,114 13 51 42 113,2,13,19,11,20,5,13,var_0 counter_var_1 +,32,counter_var_0 var_1 +
3348,114 93 92 51 113,26,114 103 19 15 113,6,16,20,15,0,19,21,var_0 counter_var_1 +,36,counter_var_0 var_1 +
3349,114 0 22 12 113,12,114 111 77 69 113,0,24,12,7,22,8,7,var_0 counter_var_1 +,36,counter_var_0 var_1 +
3350,114 68 40 76 113,24,114 13 56 5 113,10,13,14,5,17,10,15,var_0 counter_var_1 +,27,counter_var_0 var_1 +
3351,114 109 52 9 113,31,114 5 112 13 113,22,5,9,13,6,20,35,var_0 counter_var_1 +,14,counter_var_0 var_1 +
3352,114 28 92 51 113,48,114 10 29 17 113,28,10,20,17,0,6,45,var_0 counter_var_1 +,30,counter_var_0 var_1 +
3353,114 49 74 91 113,49,114 72 93 105 113,20,14,29,12,5,1,32,var_0 counter_var_1 +,43,counter_var_0 var_1 +
3354,114 56 56 5 113,32,114 1 90 102 113,27,1,5,9,10,21,36,var_0 counter_var_1 +,6,counter_var_0 var_1 +
3355,114 79 0 38 113,28,114 6 111 79 113,21,6,7,17,0,19,38,var_0 counter_var_1 +,13,counter_var_0 var_1 +
3356,114 4 97 23 113,27,114 3 99 92 113,4,3,23,30,5,7,34,var_0 counter_var_1 +,26,counter_var_0 var_1 +
3357,114 68 68 71 113,19,114 16 72 81 113,10,16,9,19,22,3,29,var_0 counter_var_1 +,25,counter_var_0 var_1 +
3358,114 26 12 83 113,47,114 76 15 62 113,26,18,21,0,12,15,26,var_0 counter_var_1 +,39,counter_var_0 var_1 +
3359,114 45 43 40 113,25,114 89 51 42 113,16,2,9,11,20,5,27,var_0 counter_var_1 +,11,counter_var_0 var_1 +
3360,114 96 75 8 113,17,114 34 111 79 113,9,5,8,17,6,19,26,var_0 counter_var_1 +,13,counter_var_0 var_1 +
3361,114 76 61 89 113,45,114 9 30 99 113,18,9,27,6,15,7,24,var_0 counter_var_1 +,36,counter_var_0 var_1 +
3362,114 73 46 87 113,40,114 42 11 6 113,15,13,25,6,0,11,21,var_0 counter_var_1 +,38,counter_var_0 var_1 +
3363,114 63 26 25 113,30,114 36 105 111 113,5,7,25,18,3,13,23,var_0 counter_var_1 +,32,counter_var_0 var_1 +
3364,114 17 108 85 113,40,114 107 14 33 113,17,20,23,2,16,14,19,var_0 counter_var_1 +,43,counter_var_0 var_1 +
3365,114 77 38 59 113,47,114 84 105 111 113,19,26,28,18,15,13,37,var_0 counter_var_1 +,54,counter_var_0 var_1 +
3366,114 81 17 112 113,42,114 41 64 66 113,23,12,19,4,17,18,27,var_0 counter_var_1 +,31,counter_var_0 var_1 +
3367,114 27 72 81 113,46,114 59 96 7 113,27,1,19,7,3,4,34,var_0 counter_var_1 +,20,counter_var_0 var_1 +
3368,114 11 106 56 113,36,114 73 34 47 113,11,15,25,16,14,11,27,var_0 counter_var_1 +,40,counter_var_0 var_1 +
3369,114 17 107 28 113,45,114 65 75 8 113,17,7,28,8,15,6,25,var_0 counter_var_1 +,35,counter_var_0 var_1 +
3370,114 69 87 60 113,40,114 35 88 16 113,11,6,29,16,18,19,27,var_0 counter_var_1 +,35,counter_var_0 var_1 +
3371,114 41 10 11 113,23,114 109 111 79 113,12,22,11,17,10,19,29,var_0 counter_var_1 +,33,counter_var_0 var_1 +
3372,114 60 13 18 113,20,114 105 49 32 113,2,18,18,1,13,3,3,var_0 counter_var_1 +,36,counter_var_0 var_1 +
3373,114 31 7 22 113,24,114 6 76 54 113,2,6,22,23,7,7,25,var_0 counter_var_1 +,28,counter_var_0 var_1 +
3374,114 77 5 24 113,43,114 10 111 79 113,19,10,24,17,5,19,36,var_0 counter_var_1 +,34,counter_var_0 var_1 +
3375,114 0 92 51 113,20,114 28 83 3 113,0,28,20,3,0,14,3,var_0 counter_var_1 +,48,counter_var_0 var_1 +
3376,114 66 71 100 113,15,114 57 68 71 113,8,28,7,9,2,22,17,var_0 counter_var_1 +,35,counter_var_0 var_1 +
3377,114 108 67 80 113,39,114 15 40 76 113,21,15,18,14,21,17,35,var_0 counter_var_1 +,33,counter_var_0 var_1 +
3378,114 2 85 31 113,2,114 72 87 60 113,2,14,0,29,16,18,31,var_0 counter_var_1 +,14,counter_var_0 var_1 +
3379,114 94 14 33 113,9,114 44 10 11 113,7,15,2,11,14,10,18,var_0 counter_var_1 +,17,counter_var_0 var_1 +
3380,114 65 71 100 113,14,114 108 17 112 113,7,21,7,19,2,17,26,var_0 counter_var_1 +,28,counter_var_0 var_1 +
3381,114 90 77 69 113,10,114 65 73 73 113,3,7,7,11,8,4,14,var_0 counter_var_1 +,14,counter_var_0 var_1 +
3382,114 67 10 11 113,20,114 8 107 28 113,9,8,11,28,10,15,37,var_0 counter_var_1 +,19,counter_var_0 var_1 +
3383,114 50 68 71 113,30,114 84 107 28 113,21,26,9,28,22,15,49,var_0 counter_var_1 +,35,counter_var_0 var_1 +
3384,114 14 99 92 113,44,114 106 30 99 113,14,19,30,6,7,7,20,var_0 counter_var_1 +,49,counter_var_0 var_1 +
3385,114 105 3 86 113,42,114 84 72 81 113,18,26,24,19,3,3,37,var_0 counter_var_1 +,50,counter_var_0 var_1 +
3386,114 94 79 58 113,34,114 73 95 109 113,7,15,27,16,10,3,23,var_0 counter_var_1 +,42,counter_var_0 var_1 +
3387,114 77 100 75 113,32,114 87 17 112 113,19,0,13,19,8,17,38,var_0 counter_var_1 +,13,counter_var_0 var_1 +
3388,114 30 91 106 113,14,114 69 88 16 113,1,11,13,16,22,19,17,var_0 counter_var_1 +,24,counter_var_0 var_1 +
3389,114 100 75 8 113,21,114 36 95 109 113,13,7,8,16,6,3,29,var_0 counter_var_1 +,15,counter_var_0 var_1 +
3390,114 6 35 37 113,12,114 83 45 103 113,6,25,6,10,12,22,16,var_0 counter_var_1 +,31,counter_var_0 var_1 +
3391,114 67 71 100 113,16,114 83 75 8 113,9,25,7,8,2,6,17,var_0 counter_var_1 +,32,counter_var_0 var_1 +
3392,114 83 52 9 113,34,114 33 87 60 113,25,4,9,29,6,18,54,var_0 counter_var_1 +,13,counter_var_0 var_1 +
3393,114 65 72 81 113,26,114 30 107 28 113,7,1,19,28,3,15,35,var_0 counter_var_1 +,20,counter_var_0 var_1 +
3394,114 89 3 86 113,26,114 87 1 0 113,2,0,24,0,3,1,2,var_0 counter_var_1 +,24,counter_var_0 var_1 +
3395,114 61 95 109 113,19,114 110 23 98 113,3,23,16,5,3,0,8,var_0 counter_var_1 +,39,counter_var_0 var_1 +
3396,114 14 43 40 113,23,114 76 95 109 113,14,18,9,16,20,3,30,var_0 counter_var_1 +,27,counter_var_0 var_1 +
3397,114 8 71 100 113,15,114 100 100 75 113,8,13,7,13,2,8,21,var_0 counter_var_1 +,20,counter_var_0 var_1 +
3398,114 68 80 48 113,27,114 97 41 34 113,10,10,17,3,11,18,13,var_0 counter_var_1 +,27,counter_var_0 var_1 +
3399,114 37 104 4 113,12,114 41 103 61 113,8,12,4,30,12,11,38,var_0 counter_var_1 +,16,counter_var_0 var_1 +
3400,114 79 51 42 113,32,114 54 82 90 113,21,25,11,28,5,13,49,var_0 counter_var_1 +,36,counter_var_0 var_1 +
3401,114 14 66 88 113,40,114 82 37 110 113,14,24,26,17,20,14,31,var_0 counter_var_1 +,50,counter_var_0 var_1 +
3402,114 46 70 77 113,32,114 66 24 35 113,17,8,15,4,1,1,21,var_0 counter_var_1 +,23,counter_var_0 var_1 +
3403,114 90 67 80 113,21,114 97 46 87 113,3,10,18,25,21,0,28,var_0 counter_var_1 +,28,counter_var_0 var_1 +
3404,114 105 98 74 113,30,114 4 76 54 113,18,4,12,23,6,7,41,var_0 counter_var_1 +,16,counter_var_0 var_1 +
3405,114 0 40 76 113,14,114 20 27 101 113,0,20,14,8,17,4,8,var_0 counter_var_1 +,34,counter_var_0 var_1 +
3406,114 87 3 86 113,24,114 48 98 74 113,0,19,24,12,3,6,12,var_0 counter_var_1 +,43,counter_var_0 var_1 +
3407,114 55 86 94 113,27,114 14 9 70 113,26,14,1,8,17,9,34,var_0 counter_var_1 +,15,counter_var_0 var_1 +
3408,114 56 41 34 113,30,114 53 53 68 113,27,24,3,6,18,7,33,var_0 counter_var_1 +,27,counter_var_0 var_1 +
3409,114 27 82 90 113,55,114 32 0 38 113,27,3,28,7,13,0,34,var_0 counter_var_1 +,31,counter_var_0 var_1 +
3410,114 20 42 46 113,35,114 22 111 79 113,20,22,15,17,19,19,37,var_0 counter_var_1 +,37,counter_var_0 var_1 +
3411,114 22 40 76 113,36,114 19 55 10 113,22,19,14,10,17,9,32,var_0 counter_var_1 +,33,counter_var_0 var_1 +
3412,114 3 32 1 113,4,114 64 2 84 113,3,6,1,22,9,2,25,var_0 counter_var_1 +,7,counter_var_0 var_1 +
3413,114 81 14 33 113,25,114 9 89 29 113,23,9,2,29,14,20,52,var_0 counter_var_1 +,11,counter_var_0 var_1 +
3414,114 69 84 44 113,24,114 26 55 10 113,11,26,13,10,15,9,21,var_0 counter_var_1 +,39,counter_var_0 var_1 +
3415,114 59 61 89 113,28,114 89 31 82 113,1,2,27,20,15,8,21,var_0 counter_var_1 +,29,counter_var_0 var_1 +
3416,114 98 0 38 113,18,114 107 68 71 113,11,20,7,9,0,22,20,var_0 counter_var_1 +,27,counter_var_0 var_1 +
3417,114 76 101 39 113,26,114 100 13 18 113,18,13,8,18,9,13,36,var_0 counter_var_1 +,21,counter_var_0 var_1 +
3418,114 13 104 4 113,17,114 79 8 57 113,13,21,4,26,12,8,39,var_0 counter_var_1 +,25,counter_var_0 var_1 +
3419,114 42 23 98 113,18,114 36 107 28 113,13,7,5,28,0,15,41,var_0 counter_var_1 +,12,counter_var_0 var_1 +
3420,114 15 92 51 113,35,114 78 111 79 113,15,20,20,17,0,19,32,var_0 counter_var_1 +,40,counter_var_0 var_1 +
3421,114 2 112 13 113,15,114 0 42 46 113,2,0,13,15,20,19,17,var_0 counter_var_1 +,13,counter_var_0 var_1 +
3422,114 34 98 74 113,17,114 37 107 28 113,5,8,12,28,6,15,33,var_0 counter_var_1 +,20,counter_var_0 var_1 +
3423,114 49 24 35 113,24,114 51 65 67 113,20,22,4,5,1,19,25,var_0 counter_var_1 +,26,counter_var_0 var_1 +
3424,114 82 25 20 113,44,114 13 48 95 113,24,13,20,2,2,2,26,var_0 counter_var_1 +,33,counter_var_0 var_1 +
3425,114 67 35 37 113,15,114 54 76 54 113,9,25,6,23,12,7,32,var_0 counter_var_1 +,31,counter_var_0 var_1 +
3426,114 35 20 50 113,25,114 35 68 71 113,6,6,19,9,20,22,15,var_0 counter_var_1 +,25,counter_var_0 var_1 +
3427,114 10 81 52 113,31,114 87 96 7 113,10,0,21,7,12,4,17,var_0 counter_var_1 +,21,counter_var_0 var_1 +
3428,114 35 99 92 113,36,114 72 9 70 113,6,14,30,8,7,9,14,var_0 counter_var_1 +,44,counter_var_0 var_1 +
3429,114 82 34 47 113,40,114 17 49 32 113,24,17,16,1,11,3,25,var_0 counter_var_1 +,33,counter_var_0 var_1 +
3430,114 89 35 37 113,8,114 1 22 12 113,2,1,6,12,12,22,14,var_0 counter_var_1 +,7,counter_var_0 var_1 +
3431,114 5 73 73 113,16,114 69 28 55 113,5,11,11,24,4,5,29,var_0 counter_var_1 +,22,counter_var_0 var_1 +
3432,114 86 64 66 113,32,114 39 8 57 113,28,10,4,26,18,8,54,var_0 counter_var_1 +,14,counter_var_0 var_1 +
3433,114 81 40 76 113,37,114 65 90 102 113,23,7,14,9,17,21,32,var_0 counter_var_1 +,21,counter_var_0 var_1 +
3434,114 49 13 18 113,38,114 1 46 87 113,20,1,18,25,13,0,45,var_0 counter_var_1 +,19,counter_var_0 var_1 +
3435,114 55 21 49 113,44,114 98 101 39 113,26,11,18,8,21,9,34,var_0 counter_var_1 +,29,counter_var_0 var_1 +
3436,114 40 112 13 113,24,114 40 92 51 113,11,11,13,20,20,0,31,var_0 counter_var_1 +,24,counter_var_0 var_1 +
3437,114 1 23 98 113,6,114 20 8 57 113,1,20,5,26,0,8,27,var_0 counter_var_1 +,25,counter_var_0 var_1 +
3438,114 80 84 44 113,35,114 15 110 108 113,22,15,13,15,15,18,37,var_0 counter_var_1 +,28,counter_var_0 var_1 +
3439,114 79 39 36 113,26,114 40 104 4 113,21,11,5,4,16,12,25,var_0 counter_var_1 +,16,counter_var_0 var_1 +
3440,114 27 109 65 113,30,114 12 91 106 113,27,12,3,13,17,22,40,var_0 counter_var_1 +,15,counter_var_0 var_1 +
3441,114 25 108 85 113,48,114 20 46 87 113,25,20,23,25,16,0,50,var_0 counter_var_1 +,43,counter_var_0 var_1 +
3442,114 89 42 46 113,17,114 50 5 24 113,2,21,15,24,19,5,26,var_0 counter_var_1 +,36,counter_var_0 var_1 +
3443,114 45 35 37 113,22,114 37 101 39 113,16,8,6,8,12,9,24,var_0 counter_var_1 +,14,counter_var_0 var_1 +
3444,114 10 84 44 113,23,114 85 19 15 113,10,27,13,15,15,19,25,var_0 counter_var_1 +,40,counter_var_0 var_1 +
3445,114 57 45 103 113,38,114 28 17 112 113,28,28,10,19,22,17,47,var_0 counter_var_1 +,38,counter_var_0 var_1 +
3446,114 111 42 46 113,39,114 64 39 36 113,24,6,15,5,19,16,29,var_0 counter_var_1 +,21,counter_var_0 var_1 +
3447,114 11 1 0 113,11,114 111 84 44 113,11,24,0,13,1,15,24,var_0 counter_var_1 +,24,counter_var_0 var_1 +
3448,114 18 28 55 113,42,114 40 94 96 113,18,11,24,3,5,2,21,var_0 counter_var_1 +,35,counter_var_0 var_1 +
3449,114 55 6 64 113,28,114 5 100 75 113,26,5,2,13,6,8,39,var_0 counter_var_1 +,7,counter_var_0 var_1 +
3450,114 89 24 35 113,6,114 37 22 12 113,2,8,4,12,1,22,14,var_0 counter_var_1 +,12,counter_var_0 var_1 +
3451,114 79 67 80 113,39,114 111 89 29 113,21,24,18,29,21,20,50,var_0 counter_var_1 +,42,counter_var_0 var_1 +
3452,114 82 3 86 113,48,114 55 10 11 113,24,26,24,11,3,10,35,var_0 counter_var_1 +,50,counter_var_0 var_1 +
3453,114 61 8 57 113,29,114 42 87 60 113,3,13,26,29,8,18,32,var_0 counter_var_1 +,39,counter_var_0 var_1 +
3454,114 84 68 71 113,35,114 81 73 73 113,26,23,9,11,22,4,37,var_0 counter_var_1 +,32,counter_var_0 var_1 +
3455,114 26 22 12 113,38,114 11 75 8 113,26,11,12,8,22,6,34,var_0 counter_var_1 +,23,counter_var_0 var_1 +
3456,114 37 102 45 113,22,114 85 103 61 113,8,27,14,30,10,11,38,var_0 counter_var_1 +,41,counter_var_0 var_1 +
3457,114 93 103 61 113,36,114 89 63 26 113,6,2,30,26,11,17,32,var_0 counter_var_1 +,32,counter_var_0 var_1 +
3458,114 73 26 25 113,40,114 42 54 53 113,15,13,25,22,3,8,37,var_0 counter_var_1 +,38,counter_var_0 var_1 +
3459,114 54 81 52 113,46,114 37 70 77 113,25,8,21,15,12,1,40,var_0 counter_var_1 +,29,counter_var_0 var_1 +
3460,114 44 91 106 113,28,114 90 1 0 113,15,3,13,0,22,1,15,var_0 counter_var_1 +,16,counter_var_0 var_1 +
3461,114 7 15 62 113,7,114 36 74 91 113,7,7,0,29,15,5,36,var_0 counter_var_1 +,7,counter_var_0 var_1 +
3462,114 70 97 23 113,35,114 96 68 71 113,12,9,23,9,5,22,21,var_0 counter_var_1 +,32,counter_var_0 var_1 +
3463,114 61 61 89 113,30,114 80 50 27 113,3,22,27,27,15,4,30,var_0 counter_var_1 +,49,counter_var_0 var_1 +
3464,114 27 41 34 113,30,114 89 95 109 113,27,2,3,16,18,3,43,var_0 counter_var_1 +,5,counter_var_0 var_1 +
3465,114 51 68 71 113,31,114 77 72 81 113,22,19,9,19,22,3,41,var_0 counter_var_1 +,28,counter_var_0 var_1 +
3466,114 50 94 96 113,24,114 49 0 38 113,21,20,3,7,2,0,28,var_0 counter_var_1 +,23,counter_var_0 var_1 +
3467,114 57 8 57 113,54,114 41 19 15 113,28,12,26,15,8,19,43,var_0 counter_var_1 +,38,counter_var_0 var_1 +
3468,114 92 103 61 113,35,114 101 80 48 113,5,14,30,17,11,11,22,var_0 counter_var_1 +,44,counter_var_0 var_1 +
3469,114 75 14 33 113,19,114 39 35 37 113,17,10,2,6,14,12,23,var_0 counter_var_1 +,12,counter_var_0 var_1 +
3470,114 71 56 5 113,18,114 101 42 46 113,13,14,5,15,10,19,28,var_0 counter_var_1 +,19,counter_var_0 var_1 +
3471,114 41 26 25 113,37,114 6 71 100 113,12,6,25,7,3,2,19,var_0 counter_var_1 +,31,counter_var_0 var_1 +
3472,114 95 92 51 113,28,114 46 90 102 113,8,17,20,9,0,21,17,var_0 counter_var_1 +,37,counter_var_0 var_1 +
3473,114 92 49 32 113,6,114 24 41 34 113,5,24,1,3,3,18,8,var_0 counter_var_1 +,25,counter_var_0 var_1 +
3474,114 59 2 84 113,23,114 79 108 85 113,1,21,22,23,2,16,24,var_0 counter_var_1 +,43,counter_var_0 var_1 +
3475,114 9 93 105 113,21,114 12 79 58 113,9,12,12,27,1,10,36,var_0 counter_var_1 +,24,counter_var_0 var_1 +
3476,114 17 17 112 113,36,114 111 94 96 113,17,24,19,3,17,2,20,var_0 counter_var_1 +,43,counter_var_0 var_1 +
3477,114 69 33 14 113,25,114 37 2 84 113,11,8,14,22,10,2,33,var_0 counter_var_1 +,22,counter_var_0 var_1 +
3478,114 15 10 11 113,26,114 9 1 0 113,15,9,11,0,10,1,15,var_0 counter_var_1 +,20,counter_var_0 var_1 +
3479,114 53 43 40 113,33,114 20 72 81 113,24,20,9,19,20,3,43,var_0 counter_var_1 +,29,counter_var_0 var_1 +
3480,114 27 43 40 113,36,114 2 30 99 113,27,2,9,6,20,7,33,var_0 counter_var_1 +,11,counter_var_0 var_1 +
3481,114 4 39 36 113,9,114 82 98 74 113,4,24,5,12,16,6,16,var_0 counter_var_1 +,29,counter_var_0 var_1 +
3482,114 94 83 3 113,10,114 39 87 60 113,7,10,3,29,14,18,36,var_0 counter_var_1 +,13,counter_var_0 var_1 +
3483,114 38 2 84 113,31,114 35 110 108 113,9,6,22,15,2,18,24,var_0 counter_var_1 +,28,counter_var_0 var_1 +
3484,114 15 75 8 113,23,114 104 9 70 113,15,17,8,8,6,9,23,var_0 counter_var_1 +,25,counter_var_0 var_1 +
3485,114 97 19 15 113,25,114 102 30 99 113,10,15,15,6,19,7,16,var_0 counter_var_1 +,30,counter_var_0 var_1 +
3486,114 21 15 62 113,21,114 75 2 84 113,21,17,0,22,15,2,43,var_0 counter_var_1 +,17,counter_var_0 var_1 +
3487,114 102 78 107 113,29,114 69 90 102 113,15,11,14,9,9,21,24,var_0 counter_var_1 +,25,counter_var_0 var_1 +
3488,114 56 21 49 113,45,114 26 63 26 113,27,26,18,26,21,17,53,var_0 counter_var_1 +,44,counter_var_0 var_1 +
3489,114 84 107 28 113,54,114 26 1 0 113,26,26,28,0,15,1,26,var_0 counter_var_1 +,54,counter_var_0 var_1 +
3490,114 50 80 48 113,38,114 32 44 41 113,21,3,17,10,11,21,31,var_0 counter_var_1 +,20,counter_var_0 var_1 +
3491,114 16 36 19 113,35,114 3 6 64 113,16,3,19,2,13,6,18,var_0 counter_var_1 +,22,counter_var_0 var_1 +
3492,114 104 36 19 113,36,114 101 0 38 113,17,14,19,7,13,0,24,var_0 counter_var_1 +,33,counter_var_0 var_1 +
3493,114 24 7 22 113,46,114 18 34 47 113,24,18,22,16,7,11,40,var_0 counter_var_1 +,40,counter_var_0 var_1 +
3494,114 61 70 77 113,18,114 91 42 46 113,3,4,15,15,1,19,18,var_0 counter_var_1 +,19,counter_var_0 var_1 +
3495,114 81 89 29 113,52,114 71 35 37 113,23,13,29,6,20,12,29,var_0 counter_var_1 +,42,counter_var_0 var_1 +
3496,114 80 51 42 113,33,114 93 66 88 113,22,6,11,26,5,20,48,var_0 counter_var_1 +,17,counter_var_0 var_1 +
3497,114 79 12 83 113,42,114 106 26 25 113,21,19,21,25,12,3,46,var_0 counter_var_1 +,40,counter_var_0 var_1 +
3498,114 3 61 89 113,30,114 3 3 86 113,3,3,27,24,15,3,27,var_0 counter_var_1 +,30,counter_var_0 var_1 +
3499,114 10 21 49 113,28,114 12 97 23 113,10,12,18,23,21,5,33,var_0 counter_var_1 +,30,counter_var_0 var_1 +
3500,114 63 84 44 113,18,114 13 19 15 113,5,13,13,15,15,19,20,var_0 counter_var_1 +,26,counter_var_0 var_1 +
3501,114 63 76 54 113,28,114 12 45 103 113,5,12,23,10,7,22,15,var_0 counter_var_1 +,35,counter_var_0 var_1 +
3502,114 57 63 26 113,54,114 75 4 78 113,28,17,26,16,17,4,44,var_0 counter_var_1 +,43,counter_var_0 var_1 +
3503,114 61 84 44 113,16,114 70 89 29 113,3,12,13,29,15,20,32,var_0 counter_var_1 +,25,counter_var_0 var_1 +
3504,114 78 79 58 113,47,114 101 7 22 113,20,14,27,22,10,7,42,var_0 counter_var_1 +,41,counter_var_0 var_1 +
3505,114 34 92 51 113,25,114 16 60 63 113,5,16,20,1,0,14,6,var_0 counter_var_1 +,36,counter_var_0 var_1 +
3506,114 59 0 38 113,8,114 32 58 2 113,1,3,7,2,0,12,3,var_0 counter_var_1 +,10,counter_var_0 var_1 +
3507,114 35 71 100 113,13,114 87 53 68 113,6,0,7,6,2,7,12,var_0 counter_var_1 +,7,counter_var_0 var_1 +
3508,114 37 44 41 113,18,114 97 71 100 113,8,10,10,7,21,2,15,var_0 counter_var_1 +,20,counter_var_0 var_1 +
3509,114 110 78 107 113,37,114 60 90 102 113,23,2,14,9,9,21,32,var_0 counter_var_1 +,16,counter_var_0 var_1 +
3510,114 88 44 41 113,11,114 53 60 63 113,1,24,10,1,21,14,2,var_0 counter_var_1 +,34,counter_var_0 var_1 +
3511,114 51 104 4 113,26,114 27 11 6 113,22,27,4,6,12,11,28,var_0 counter_var_1 +,31,counter_var_0 var_1 +
3512,114 52 102 45 113,37,114 98 71 100 113,23,11,14,7,10,2,30,var_0 counter_var_1 +,25,counter_var_0 var_1 +
3513,114 111 21 49 113,42,114 78 79 58 113,24,20,18,27,21,10,51,var_0 counter_var_1 +,38,counter_var_0 var_1 +
3514,114 98 97 23 113,34,114 12 22 12 113,11,12,23,12,5,22,23,var_0 counter_var_1 +,35,counter_var_0 var_1 +
3515,114 87 93 105 113,12,114 91 56 5 113,0,4,12,5,1,10,5,var_0 counter_var_1 +,16,counter_var_0 var_1 +
3516,114 68 10 11 113,21,114 83 106 56 113,10,25,11,25,10,14,35,var_0 counter_var_1 +,36,counter_var_0 var_1 +
3517,114 55 83 3 113,29,114 91 82 90 113,26,4,3,28,14,13,54,var_0 counter_var_1 +,7,counter_var_0 var_1 +
3518,114 55 43 40 113,35,114 29 29 17 113,26,0,9,17,20,6,43,var_0 counter_var_1 +,9,counter_var_0 var_1 +
3519,114 103 68 71 113,25,114 106 1 0 113,16,19,9,0,22,1,16,var_0 counter_var_1 +,28,counter_var_0 var_1 +
3520,114 64 61 89 113,33,114 31 17 112 113,6,2,27,19,15,17,25,var_0 counter_var_1 +,29,counter_var_0 var_1 +
3521,114 23 75 8 113,31,114 8 101 39 113,23,8,8,8,6,9,31,var_0 counter_var_1 +,16,counter_var_0 var_1 +
3522,114 24 53 68 113,30,114 97 18 72 113,24,10,6,10,7,18,34,var_0 counter_var_1 +,16,counter_var_0 var_1 +
3523,114 24 49 32 113,25,114 99 44 41 113,24,12,1,10,3,21,34,var_0 counter_var_1 +,13,counter_var_0 var_1 +
3524,114 45 6 64 113,18,114 59 60 63 113,16,1,2,1,6,14,17,var_0 counter_var_1 +,3,counter_var_0 var_1 +
3525,114 35 44 41 113,16,114 13 47 93 113,6,13,10,0,21,1,6,var_0 counter_var_1 +,23,counter_var_0 var_1 +
3526,114 35 94 96 113,9,114 80 102 45 113,6,22,3,14,2,10,20,var_0 counter_var_1 +,25,counter_var_0 var_1 +
3527,114 45 97 23 113,39,114 21 8 57 113,16,21,23,26,5,8,42,var_0 counter_var_1 +,44,counter_var_0 var_1 +
3528,114 64 76 54 113,29,114 29 63 26 113,6,0,23,26,7,17,32,var_0 counter_var_1 +,23,counter_var_0 var_1 +
3529,114 74 21 49 113,34,114 74 70 77 113,16,16,18,15,21,1,31,var_0 counter_var_1 +,34,counter_var_0 var_1 +
3530,114 112 80 48 113,42,114 63 104 4 113,25,5,17,4,11,12,29,var_0 counter_var_1 +,22,counter_var_0 var_1 +
3531,114 93 90 102 113,15,114 58 54 53 113,6,0,9,22,21,8,28,var_0 counter_var_1 +,9,counter_var_0 var_1 +
3532,114 52 92 51 113,43,114 55 69 104 113,23,26,20,11,0,0,34,var_0 counter_var_1 +,46,counter_var_0 var_1 +
3533,114 79 38 59 113,49,114 76 41 34 113,21,18,28,3,15,18,24,var_0 counter_var_1 +,46,counter_var_0 var_1 +
3534,114 102 17 112 113,34,114 11 19 15 113,15,11,19,15,17,19,30,var_0 counter_var_1 +,30,counter_var_0 var_1 +
3535,114 44 110 108 113,30,114 51 78 107 113,15,22,15,14,18,9,29,var_0 counter_var_1 +,37,counter_var_0 var_1 +
3536,114 39 63 26 113,36,114 13 76 54 113,10,13,26,23,17,7,33,var_0 counter_var_1 +,39,counter_var_0 var_1 +
3537,114 74 100 75 113,29,114 53 83 3 113,16,24,13,3,8,14,19,var_0 counter_var_1 +,37,counter_var_0 var_1 +
3538,114 41 77 69 113,19,114 41 31 82 113,12,12,7,20,8,8,32,var_0 counter_var_1 +,19,counter_var_0 var_1 +
3539,114 93 108 85 113,29,114 61 32 1 113,6,3,23,1,16,9,7,var_0 counter_var_1 +,26,counter_var_0 var_1 +
3540,114 97 74 91 113,39,114 96 0 38 113,10,9,29,7,5,0,17,var_0 counter_var_1 +,38,counter_var_0 var_1 +
3541,114 27 77 69 113,34,114 57 6 64 113,27,28,7,2,8,6,29,var_0 counter_var_1 +,35,counter_var_0 var_1 +
3542,114 36 21 49 113,25,114 67 45 103 113,7,9,18,10,21,22,17,var_0 counter_var_1 +,27,counter_var_0 var_1 +
3543,114 92 59 30 113,35,114 30 76 54 113,5,1,30,23,13,7,28,var_0 counter_var_1 +,31,counter_var_0 var_1 +
3544,114 74 62 43 113,28,114 73 104 4 113,16,15,12,4,16,12,20,var_0 counter_var_1 +,27,counter_var_0 var_1 +
3545,114 66 82 90 113,36,114 47 12 83 113,8,18,28,21,13,12,29,var_0 counter_var_1 +,46,counter_var_0 var_1 +
3546,114 97 105 111 113,28,114 16 90 102 113,10,16,18,9,13,21,19,var_0 counter_var_1 +,34,counter_var_0 var_1 +
3547,114 92 91 106 113,18,114 21 57 97 113,5,21,13,4,22,11,9,var_0 counter_var_1 +,34,counter_var_0 var_1 +
3548,114 35 42 46 113,21,114 80 69 104 113,6,22,15,11,19,0,17,var_0 counter_var_1 +,37,counter_var_0 var_1 +
3549,114 18 3 86 113,42,114 97 112 13 113,18,10,24,13,3,20,31,var_0 counter_var_1 +,34,counter_var_0 var_1 +
3550,114 39 95 109 113,26,114 61 59 30 113,10,3,16,30,3,13,40,var_0 counter_var_1 +,19,counter_var_0 var_1 +
3551,114 21 19 15 113,36,114 32 69 104 113,21,3,15,11,19,0,32,var_0 counter_var_1 +,18,counter_var_0 var_1 +
3552,114 57 28 55 113,52,114 40 78 107 113,28,11,24,14,5,9,42,var_0 counter_var_1 +,35,counter_var_0 var_1 +
3553,114 56 0 38 113,34,114 35 59 30 113,27,6,7,30,0,13,57,var_0 counter_var_1 +,13,counter_var_0 var_1 +
3554,114 63 45 103 113,15,114 81 87 60 113,5,23,10,29,22,18,34,var_0 counter_var_1 +,33,counter_var_0 var_1 +
3555,114 24 84 44 113,37,114 72 34 47 113,24,14,13,16,15,11,40,var_0 counter_var_1 +,27,counter_var_0 var_1 +
3556,114 3 78 107 113,17,114 98 36 19 113,3,11,14,19,9,13,22,var_0 counter_var_1 +,25,counter_var_0 var_1 +
3557,114 38 107 28 113,37,114 8 32 1 113,9,8,28,1,15,9,10,var_0 counter_var_1 +,36,counter_var_0 var_1 +
3558,114 53 73 73 113,35,114 111 81 52 113,24,24,11,21,4,12,45,var_0 counter_var_1 +,35,counter_var_0 var_1 +
3559,114 84 83 3 113,29,114 75 61 89 113,26,17,3,27,14,15,53,var_0 counter_var_1 +,20,counter_var_0 var_1 +
3560,114 91 98 74 113,16,114 93 11 6 113,4,6,12,6,6,11,10,var_0 counter_var_1 +,18,counter_var_0 var_1 +
3561,114 109 12 83 113,43,114 6 31 82 113,22,6,21,20,12,8,42,var_0 counter_var_1 +,27,counter_var_0 var_1 +
3562,114 16 17 112 113,35,114 12 86 94 113,16,12,19,1,17,17,17,var_0 counter_var_1 +,31,counter_var_0 var_1 +
3563,114 63 13 18 113,23,114 35 3 86 113,5,6,18,24,13,3,29,var_0 counter_var_1 +,24,counter_var_0 var_1 +
3564,114 59 75 8 113,9,114 0 77 69 113,1,0,8,7,6,8,8,var_0 counter_var_1 +,8,counter_var_0 var_1 +
3565,114 93 93 105 113,18,114 2 39 36 113,6,2,12,5,1,16,11,var_0 counter_var_1 +,14,counter_var_0 var_1 +
3566,114 111 72 81 113,43,114 44 43 40 113,24,15,19,9,3,20,33,var_0 counter_var_1 +,34,counter_var_0 var_1 +
3567,114 30 92 51 113,21,114 50 91 106 113,1,21,20,13,0,22,14,var_0 counter_var_1 +,41,counter_var_0 var_1 +
3568,114 60 63 26 113,28,114 61 20 50 113,2,3,26,19,17,20,21,var_0 counter_var_1 +,29,counter_var_0 var_1 +
3569,114 82 83 3 113,27,114 98 48 95 113,24,11,3,2,14,2,26,var_0 counter_var_1 +,14,counter_var_0 var_1 +
3570,114 99 99 92 113,42,114 111 14 33 113,12,24,30,2,7,14,14,var_0 counter_var_1 +,54,counter_var_0 var_1 +
3571,114 29 64 66 113,4,114 15 83 3 113,0,15,4,3,18,14,3,var_0 counter_var_1 +,19,counter_var_0 var_1 +
3572,114 106 102 45 113,33,114 19 66 88 113,19,19,14,26,10,20,45,var_0 counter_var_1 +,33,counter_var_0 var_1 +
3573,114 0 48 95 113,2,114 83 22 12 113,0,25,2,12,2,22,12,var_0 counter_var_1 +,27,counter_var_0 var_1 +
3574,114 65 41 34 113,10,114 45 74 91 113,7,16,3,29,18,5,36,var_0 counter_var_1 +,19,counter_var_0 var_1 +
3575,114 85 21 49 113,45,114 46 80 48 113,27,17,18,17,21,11,44,var_0 counter_var_1 +,35,counter_var_0 var_1 +
3576,114 90 11 6 113,9,114 4 82 90 113,3,4,6,28,11,13,31,var_0 counter_var_1 +,10,counter_var_0 var_1 +
3577,114 17 18 72 113,27,114 95 107 28 113,17,8,10,28,18,15,45,var_0 counter_var_1 +,18,counter_var_0 var_1 +
3578,114 92 101 39 113,13,114 63 16 21 113,5,5,8,21,9,16,26,var_0 counter_var_1 +,13,counter_var_0 var_1 +
3579,114 64 87 60 113,35,114 55 66 88 113,6,26,29,26,18,20,32,var_0 counter_var_1 +,55,counter_var_0 var_1 +
3580,114 106 99 92 113,49,114 87 67 80 113,19,0,30,18,7,21,37,var_0 counter_var_1 +,30,counter_var_0 var_1 +
3581,114 92 51 42 113,16,114 30 78 107 113,5,1,11,14,5,9,19,var_0 counter_var_1 +,12,counter_var_0 var_1 +
3582,114 16 83 3 113,19,114 79 4 78 113,16,21,3,16,14,4,32,var_0 counter_var_1 +,24,counter_var_0 var_1 +
3583,114 111 25 20 113,44,114 0 8 57 113,24,0,20,26,2,8,50,var_0 counter_var_1 +,20,counter_var_0 var_1 +
3584,114 71 89 29 113,42,114 103 35 37 113,13,16,29,6,20,12,19,var_0 counter_var_1 +,45,counter_var_0 var_1 +
3585,114 24 21 49 113,42,114 52 19 15 113,24,23,18,15,21,19,39,var_0 counter_var_1 +,41,counter_var_0 var_1 +
3586,114 1 8 57 113,27,114 103 21 49 113,1,16,26,18,8,21,19,var_0 counter_var_1 +,42,counter_var_0 var_1 +
3587,114 20 96 7 113,27,114 83 92 51 113,20,25,7,20,4,0,40,var_0 counter_var_1 +,32,counter_var_0 var_1 +
3588,114 8 21 49 113,26,114 97 57 97 113,8,10,18,4,21,11,12,var_0 counter_var_1 +,28,counter_var_0 var_1 +
3589,114 87 16 21 113,21,114 17 28 55 113,0,17,21,24,16,5,24,var_0 counter_var_1 +,38,counter_var_0 var_1 +
3590,114 70 101 39 113,20,114 81 42 46 113,12,23,8,15,9,19,27,var_0 counter_var_1 +,31,counter_var_0 var_1 +
3591,114 69 76 54 113,34,114 78 23 98 113,11,20,23,5,7,0,16,var_0 counter_var_1 +,43,counter_var_0 var_1 +
3592,114 57 74 91 113,57,114 42 53 68 113,28,13,29,6,5,7,34,var_0 counter_var_1 +,42,counter_var_0 var_1 +
3593,114 0 12 83 113,21,114 20 48 95 113,0,20,21,2,12,2,2,var_0 counter_var_1 +,41,counter_var_0 var_1 +
3594,114 10 3 86 113,34,114 10 73 73 113,10,10,24,11,3,4,21,var_0 counter_var_1 +,34,counter_var_0 var_1 +
3595,114 98 93 105 113,23,114 21 59 30 113,11,21,12,30,1,13,41,var_0 counter_var_1 +,33,counter_var_0 var_1 +
3596,114 1 82 90 113,29,114 69 65 67 113,1,11,28,5,13,19,6,var_0 counter_var_1 +,39,counter_var_0 var_1 +
3597,114 36 19 15 113,22,114 88 62 43 113,7,1,15,12,19,16,19,var_0 counter_var_1 +,16,counter_var_0 var_1 +
3598,114 57 69 104 113,39,114 51 59 30 113,28,22,11,30,0,13,58,var_0 counter_var_1 +,33,counter_var_0 var_1 +
3599,114 1 39 36 113,6,114 15 30 99 113,1,15,5,6,16,7,7,var_0 counter_var_1 +,20,counter_var_0 var_1 +
3600,114 71 69 104 113,24,114 66 82 90 113,13,8,11,28,0,13,41,var_0 counter_var_1 +,19,counter_var_0 var_1 +
3601,114 107 87 60 113,49,114 109 21 49 113,20,22,29,18,18,21,38,var_0 counter_var_1 +,51,counter_var_0 var_1 +
3602,114 18 57 97 113,22,114 33 100 75 113,18,4,4,13,11,8,31,var_0 counter_var_1 +,8,counter_var_0 var_1 +
3603,114 112 50 27 113,52,114 75 70 77 113,25,17,27,15,4,1,40,var_0 counter_var_1 +,44,counter_var_0 var_1 +
3604,114 55 67 80 113,44,114 39 19 15 113,26,10,18,15,21,19,41,var_0 counter_var_1 +,28,counter_var_0 var_1 +
3605,114 22 93 105 113,34,114 19 84 44 113,22,19,12,13,1,15,35,var_0 counter_var_1 +,31,counter_var_0 var_1 +
3606,114 26 68 71 113,35,114 36 24 35 113,26,7,9,4,22,1,30,var_0 counter_var_1 +,16,counter_var_0 var_1 +
3607,114 80 1 0 113,22,114 37 20 50 113,22,8,0,19,1,20,41,var_0 counter_var_1 +,8,counter_var_0 var_1 +
3608,114 50 34 47 113,37,114 50 93 105 113,21,21,16,12,11,1,33,var_0 counter_var_1 +,37,counter_var_0 var_1 +
3609,114 70 50 27 113,39,114 18 12 83 113,12,18,27,21,4,12,33,var_0 counter_var_1 +,45,counter_var_0 var_1 +
3610,114 58 69 104 113,11,114 66 53 68 113,0,8,11,6,0,7,6,var_0 counter_var_1 +,19,counter_var_0 var_1 +
3611,114 25 11 6 113,31,114 61 61 89 113,25,3,6,27,11,15,52,var_0 counter_var_1 +,9,counter_var_0 var_1 +
3612,114 55 92 51 113,46,114 86 12 83 113,26,28,20,21,0,12,47,var_0 counter_var_1 +,48,counter_var_0 var_1 +
3613,114 102 101 39 113,23,114 25 79 58 113,15,25,8,27,9,10,42,var_0 counter_var_1 +,33,counter_var_0 var_1 +
3614,114 60 21 49 113,20,114 5 62 43 113,2,5,18,12,21,16,14,var_0 counter_var_1 +,23,counter_var_0 var_1 +
3615,114 19 14 33 113,21,114 106 8 57 113,19,19,2,26,14,8,45,var_0 counter_var_1 +,21,counter_var_0 var_1 +
3616,114 50 75 8 113,29,114 30 67 80 113,21,1,8,18,6,21,39,var_0 counter_var_1 +,9,counter_var_0 var_1 +
3617,114 86 112 13 113,41,114 92 26 25 113,28,5,13,25,20,3,53,var_0 counter_var_1 +,18,counter_var_0 var_1 +
3618,114 52 18 72 113,33,114 103 5 24 113,23,16,10,24,18,5,47,var_0 counter_var_1 +,26,counter_var_0 var_1 +
3619,114 100 27 101 113,21,114 76 24 35 113,13,18,8,4,4,1,17,var_0 counter_var_1 +,26,counter_var_0 var_1 +
3620,114 72 4 78 113,30,114 36 110 108 113,14,7,16,15,4,18,29,var_0 counter_var_1 +,23,counter_var_0 var_1 +
3621,114 10 96 7 113,17,114 66 48 95 113,10,8,7,2,4,2,12,var_0 counter_var_1 +,15,counter_var_0 var_1 +
3622,114 100 8 57 113,39,114 14 32 1 113,13,14,26,1,8,9,14,var_0 counter_var_1 +,40,counter_var_0 var_1 +
3623,114 40 49 32 113,12,114 29 35 37 113,11,0,1,6,3,12,17,var_0 counter_var_1 +,1,counter_var_0 var_1 +
3624,114 79 66 88 113,47,114 26 40 76 113,21,26,26,14,20,17,35,var_0 counter_var_1 +,52,counter_var_0 var_1 +
3625,114 59 37 110 113,18,114 72 4 78 113,1,14,17,16,14,4,17,var_0 counter_var_1 +,31,counter_var_0 var_1 +
3626,114 94 77 69 113,14,114 107 17 112 113,7,20,7,19,8,17,26,var_0 counter_var_1 +,27,counter_var_0 var_1 +
3627,114 15 19 15 113,30,114 48 29 17 113,15,19,15,17,19,6,32,var_0 counter_var_1 +,34,counter_var_0 var_1 +
3628,114 22 32 1 113,23,114 97 44 41 113,22,10,1,10,9,21,32,var_0 counter_var_1 +,11,counter_var_0 var_1 +
3629,114 14 68 71 113,23,114 69 89 29 113,14,11,9,29,22,20,43,var_0 counter_var_1 +,20,counter_var_0 var_1 +
3630,114 79 77 69 113,28,114 35 97 23 113,21,6,7,23,8,5,44,var_0 counter_var_1 +,13,counter_var_0 var_1 +
3631,114 19 9 70 113,27,114 19 108 85 113,19,19,8,23,9,16,42,var_0 counter_var_1 +,27,counter_var_0 var_1 +
3632,114 76 83 3 113,21,114 107 107 28 113,18,20,3,28,14,15,46,var_0 counter_var_1 +,23,counter_var_0 var_1 +
3633,114 44 99 92 113,45,114 12 58 2 113,15,12,30,2,7,12,17,var_0 counter_var_1 +,42,counter_var_0 var_1 +
3634,114 21 44 41 113,31,114 61 18 72 113,21,3,10,10,21,18,31,var_0 counter_var_1 +,13,counter_var_0 var_1 +
3635,114 16 110 108 113,31,114 91 110 108 113,16,4,15,15,18,18,31,var_0 counter_var_1 +,19,counter_var_0 var_1 +
3636,114 41 11 6 113,18,114 26 35 37 113,12,26,6,6,11,12,18,var_0 counter_var_1 +,32,counter_var_0 var_1 +
3637,114 6 76 54 113,29,114 1 23 98 113,6,1,23,5,7,0,11,var_0 counter_var_1 +,24,counter_var_0 var_1 +
3638,114 51 89 29 113,51,114 59 42 46 113,22,1,29,15,20,19,37,var_0 counter_var_1 +,30,counter_var_0 var_1 +
3639,114 28 91 106 113,41,114 112 1 0 113,28,25,13,0,22,1,28,var_0 counter_var_1 +,38,counter_var_0 var_1 +
3640,114 27 68 71 113,36,114 33 73 73 113,27,4,9,11,22,4,38,var_0 counter_var_1 +,13,counter_var_0 var_1 +
3641,114 79 20 50 113,40,114 48 73 73 113,21,19,19,11,20,4,32,var_0 counter_var_1 +,38,counter_var_0 var_1 +
3642,114 45 58 2 113,18,114 51 97 23 113,16,22,2,23,12,5,39,var_0 counter_var_1 +,24,counter_var_0 var_1 +
3643,114 100 73 73 113,24,114 95 26 25 113,13,8,11,25,4,3,38,var_0 counter_var_1 +,19,counter_var_0 var_1 +
3644,114 7 51 42 113,18,114 39 104 4 113,7,10,11,4,5,12,11,var_0 counter_var_1 +,21,counter_var_0 var_1 +
3645,114 29 86 94 113,1,114 54 1 0 113,0,25,1,0,17,1,0,var_0 counter_var_1 +,26,counter_var_0 var_1 +
3646,114 2 67 80 113,20,114 66 10 11 113,2,8,18,11,21,10,13,var_0 counter_var_1 +,26,counter_var_0 var_1 +
3647,114 105 56 5 113,23,114 102 104 4 113,18,15,5,4,10,12,22,var_0 counter_var_1 +,20,counter_var_0 var_1 +
3648,114 14 22 12 113,26,114 3 24 35 113,14,3,12,4,22,1,18,var_0 counter_var_1 +,15,counter_var_0 var_1 +
3649,114 32 91 106 113,16,114 77 95 109 113,3,19,13,16,22,3,19,var_0 counter_var_1 +,32,counter_var_0 var_1 +
3650,114 12 43 40 113,21,114 77 91 106 113,12,19,9,13,20,22,25,var_0 counter_var_1 +,28,counter_var_0 var_1 +
3651,114 15 85 31 113,15,114 51 20 50 113,15,22,0,19,16,20,34,var_0 counter_var_1 +,22,counter_var_0 var_1 +
3652,114 17 24 35 113,21,114 13 91 106 113,17,13,4,13,1,22,30,var_0 counter_var_1 +,17,counter_var_0 var_1 +
3653,114 20 82 90 113,48,114 93 91 106 113,20,6,28,13,13,22,33,var_0 counter_var_1 +,34,counter_var_0 var_1 +
3654,114 14 111 79 113,31,114 71 99 92 113,14,13,17,30,19,7,44,var_0 counter_var_1 +,30,counter_var_0 var_1 +
3655,114 37 7 22 113,30,114 60 98 74 113,8,2,22,12,7,6,20,var_0 counter_var_1 +,24,counter_var_0 var_1 +
3656,114 79 84 44 113,34,114 107 25 20 113,21,20,13,20,15,2,41,var_0 counter_var_1 +,33,counter_var_0 var_1 +
3657,114 17 71 100 113,24,114 51 55 10 113,17,22,7,10,2,9,27,var_0 counter_var_1 +,29,counter_var_0 var_1 +
3658,114 12 46 87 113,37,114 56 92 51 113,12,27,25,20,0,0,32,var_0 counter_var_1 +,52,counter_var_0 var_1 +
3659,114 83 14 33 113,27,114 55 103 61 113,25,26,2,30,14,11,55,var_0 counter_var_1 +,28,counter_var_0 var_1 +
3660,114 62 82 90 113,32,114 99 30 99 113,4,12,28,6,13,7,10,var_0 counter_var_1 +,40,counter_var_0 var_1 +
3661,114 112 82 90 113,53,114 72 56 5 113,25,14,28,5,13,10,30,var_0 counter_var_1 +,42,counter_var_0 var_1 +
3662,114 104 2 84 113,39,114 47 34 47 113,17,18,22,16,2,11,33,var_0 counter_var_1 +,40,counter_var_0 var_1 +
3663,114 31 54 53 113,24,114 1 79 58 113,2,1,22,27,8,10,29,var_0 counter_var_1 +,23,counter_var_0 var_1 +
3664,114 81 43 40 113,32,114 109 24 35 113,23,22,9,4,20,1,27,var_0 counter_var_1 +,31,counter_var_0 var_1 +
3665,114 110 97 23 113,46,114 75 94 96 113,23,17,23,3,5,2,26,var_0 counter_var_1 +,40,counter_var_0 var_1 +
3666,114 24 35 37 113,30,114 100 23 98 113,24,13,6,5,12,0,29,var_0 counter_var_1 +,19,counter_var_0 var_1 +
3667,114 96 110 108 113,24,114 66 106 56 113,9,8,15,25,18,14,34,var_0 counter_var_1 +,23,counter_var_0 var_1 +
3668,114 94 67 80 113,25,114 68 74 91 113,7,10,18,29,21,5,36,var_0 counter_var_1 +,28,counter_var_0 var_1 +
3669,114 20 109 65 113,23,114 83 68 71 113,20,25,3,9,17,22,29,var_0 counter_var_1 +,28,counter_var_0 var_1 +
3670,114 6 83 3 113,9,114 91 65 67 113,6,4,3,5,14,19,11,var_0 counter_var_1 +,7,counter_var_0 var_1 +
3671,114 86 91 106 113,41,114 9 74 91 113,28,9,13,29,22,5,57,var_0 counter_var_1 +,22,counter_var_0 var_1 +
3672,114 64 92 51 113,26,114 38 44 41 113,6,9,20,10,0,21,16,var_0 counter_var_1 +,29,counter_var_0 var_1 +
3673,114 80 101 39 113,30,114 44 8 57 113,22,15,8,26,9,8,48,var_0 counter_var_1 +,23,counter_var_0 var_1 +
3674,114 72 23 98 113,19,114 30 75 8 113,14,1,5,8,0,6,22,var_0 counter_var_1 +,6,counter_var_0 var_1 +
3675,114 12 64 66 113,16,114 94 16 21 113,12,7,4,21,18,16,33,var_0 counter_var_1 +,11,counter_var_0 var_1 +
3676,114 91 38 59 113,32,114 105 82 90 113,4,18,28,28,15,13,32,var_0 counter_var_1 +,46,counter_var_0 var_1 +
3677,114 24 54 53 113,46,114 17 93 105 113,24,17,22,12,8,1,36,var_0 counter_var_1 +,39,counter_var_0 var_1 +
3678,114 3 91 106 113,16,114 14 7 22 113,3,14,13,22,22,7,25,var_0 counter_var_1 +,27,counter_var_0 var_1 +
3679,114 62 14 33 113,6,114 73 63 26 113,4,15,2,26,14,17,30,var_0 counter_var_1 +,17,counter_var_0 var_1 +
3680,114 92 47 93 113,5,114 27 110 108 113,5,27,0,15,1,18,20,var_0 counter_var_1 +,27,counter_var_0 var_1 +
3681,114 0 8 57 113,26,114 84 29 17 113,0,26,26,17,8,6,17,var_0 counter_var_1 +,52,counter_var_0 var_1 +
3682,114 26 31 82 113,46,114 18 90 102 113,26,18,20,9,8,21,35,var_0 counter_var_1 +,38,counter_var_0 var_1 +
3683,114 71 12 83 113,34,114 20 110 108 113,13,20,21,15,12,18,28,var_0 counter_var_1 +,41,counter_var_0 var_1 +
3684,114 22 35 37 113,28,114 65 8 57 113,22,7,6,26,12,8,48,var_0 counter_var_1 +,13,counter_var_0 var_1 +
3685,114 14 8 57 113,40,114 51 12 83 113,14,22,26,21,8,12,35,var_0 counter_var_1 +,48,counter_var_0 var_1 +
3686,114 39 33 14 113,24,114 51 110 108 113,10,22,14,15,10,18,25,var_0 counter_var_1 +,36,counter_var_0 var_1 +
3687,114 39 34 47 113,26,114 44 53 68 113,10,15,16,6,11,7,16,var_0 counter_var_1 +,31,counter_var_0 var_1 +
3688,114 36 55 10 113,17,114 37 48 95 113,7,8,10,2,9,2,9,var_0 counter_var_1 +,18,counter_var_0 var_1 +
3689,114 96 23 98 113,14,114 47 4 78 113,9,18,5,16,0,4,25,var_0 counter_var_1 +,23,counter_var_0 var_1 +
3690,114 46 0 38 113,24,114 57 72 81 113,17,28,7,19,0,3,36,var_0 counter_var_1 +,35,counter_var_0 var_1 +
3691,114 89 55 10 113,12,114 100 82 90 113,2,13,10,28,9,13,30,var_0 counter_var_1 +,23,counter_var_0 var_1 +
3692,114 93 52 9 113,15,114 60 27 101 113,6,2,9,8,6,4,14,var_0 counter_var_1 +,11,counter_var_0 var_1 +
3693,114 15 111 79 113,32,114 103 89 29 113,15,16,17,29,19,20,44,var_0 counter_var_1 +,33,counter_var_0 var_1 +
3694,114 8 88 16 113,24,114 84 9 70 113,8,26,16,8,19,9,16,var_0 counter_var_1 +,42,counter_var_0 var_1 +
3695,114 70 63 26 113,38,114 25 49 32 113,12,25,26,1,17,3,13,var_0 counter_var_1 +,51,counter_var_0 var_1 +
3696,114 46 64 66 113,21,114 63 31 82 113,17,5,4,20,18,8,37,var_0 counter_var_1 +,9,counter_var_0 var_1 +
3697,114 95 93 105 113,20,114 7 2 84 113,8,7,12,22,1,2,30,var_0 counter_var_1 +,19,counter_var_0 var_1 +
3698,114 97 96 7 113,17,114 63 112 13 113,10,5,7,13,4,20,23,var_0 counter_var_1 +,12,counter_var_0 var_1 +
3699,114 8 31 82 113,28,114 9 16 21 113,8,9,20,21,8,16,29,var_0 counter_var_1 +,29,counter_var_0 var_1 +
3700,114 69 2 84 113,33,114 94 75 8 113,11,7,22,8,2,6,19,var_0 counter_var_1 +,29,counter_var_0 var_1 +
3701,114 61 55 10 113,13,114 9 60 63 113,3,9,10,1,9,14,4,var_0 counter_var_1 +,19,counter_var_0 var_1 +
3702,114 68 28 55 113,34,114 85 93 105 113,10,27,24,12,5,1,22,var_0 counter_var_1 +,51,counter_var_0 var_1 +
3703,114 77 0 38 113,26,114 90 88 16 113,19,3,7,16,0,19,35,var_0 counter_var_1 +,10,counter_var_0 var_1 +
3704,114 8 35 37 113,14,114 96 24 35 113,8,9,6,4,12,1,12,var_0 counter_var_1 +,15,counter_var_0 var_1 +
3705,114 49 9 70 113,28,114 56 97 23 113,20,27,8,23,9,5,43,var_0 counter_var_1 +,35,counter_var_0 var_1 +
3706,114 45 14 33 113,18,114 105 92 51 113,16,18,2,20,14,0,36,var_0 counter_var_1 +,20,counter_var_0 var_1 +
3707,114 111 37 110 113,41,114 82 60 63 113,24,24,17,1,14,14,25,var_0 counter_var_1 +,41,counter_var_0 var_1 +
3708,114 6 55 10 113,16,114 54 37 110 113,6,25,10,17,9,14,23,var_0 counter_var_1 +,35,counter_var_0 var_1 +
3709,114 68 23 98 113,15,114 41 7 22 113,10,12,5,22,0,7,32,var_0 counter_var_1 +,17,counter_var_0 var_1 +
3710,114 11 38 59 113,39,114 41 42 46 113,11,12,28,15,15,19,26,var_0 counter_var_1 +,40,counter_var_0 var_1 +
3711,114 64 13 18 113,24,114 41 111 79 113,6,12,18,17,13,19,23,var_0 counter_var_1 +,30,counter_var_0 var_1 +
3712,114 9 46 87 113,34,114 1 107 28 113,9,1,25,28,0,15,37,var_0 counter_var_1 +,26,counter_var_0 var_1 +
3713,114 58 107 28 113,28,114 105 27 101 113,0,18,28,8,15,4,8,var_0 counter_var_1 +,46,counter_var_0 var_1 +
3714,114 85 80 48 113,44,114 80 98 74 113,27,22,17,12,11,6,39,var_0 counter_var_1 +,39,counter_var_0 var_1 +
3715,114 87 66 88 113,26,114 44 25 20 113,0,15,26,20,20,2,20,var_0 counter_var_1 +,41,counter_var_0 var_1 +
3716,114 63 14 33 113,7,114 45 58 2 113,5,16,2,2,14,12,7,var_0 counter_var_1 +,18,counter_var_0 var_1 +
3717,114 55 49 32 113,27,114 8 14 33 113,26,8,1,2,3,14,28,var_0 counter_var_1 +,9,counter_var_0 var_1 +
3718,114 44 72 81 113,34,114 106 106 56 113,15,19,19,25,3,14,40,var_0 counter_var_1 +,38,counter_var_0 var_1 +
3719,114 43 90 102 113,23,114 101 53 68 113,14,14,9,6,21,7,20,var_0 counter_var_1 +,23,counter_var_0 var_1 +
3720,114 40 110 108 113,26,114 77 10 11 113,11,19,15,11,18,10,22,var_0 counter_var_1 +,34,counter_var_0 var_1 +
3721,114 8 15 62 113,8,114 104 80 48 113,8,17,0,17,15,11,25,var_0 counter_var_1 +,17,counter_var_0 var_1 +
3722,114 49 0 38 113,27,114 75 105 111 113,20,17,7,18,0,13,38,var_0 counter_var_1 +,24,counter_var_0 var_1 +
3723,114 41 98 74 113,24,114 3 79 58 113,12,3,12,27,6,10,39,var_0 counter_var_1 +,15,counter_var_0 var_1 +
3724,114 91 29 17 113,21,114 110 24 35 113,4,23,17,4,6,1,8,var_0 counter_var_1 +,40,counter_var_0 var_1 +
3725,114 83 87 60 113,54,114 37 14 33 113,25,8,29,2,18,14,27,var_0 counter_var_1 +,37,counter_var_0 var_1 +
3726,114 59 91 106 113,14,114 30 82 90 113,1,1,13,28,22,13,29,var_0 counter_var_1 +,14,counter_var_0 var_1 +
3727,114 21 25 20 113,41,114 103 16 21 113,21,16,20,21,2,16,42,var_0 counter_var_1 +,36,counter_var_0 var_1 +
3728,114 107 66 88 113,46,114 71 104 4 113,20,13,26,4,20,12,24,var_0 counter_var_1 +,39,counter_var_0 var_1 +
3729,114 29 15 62 113,0,114 10 61 89 113,0,10,0,27,15,15,27,var_0 counter_var_1 +,10,counter_var_0 var_1 +
3730,114 26 105 111 113,44,114 86 7 22 113,26,28,18,22,13,7,48,var_0 counter_var_1 +,46,counter_var_0 var_1 +
3731,114 34 64 66 113,9,114 63 45 103 113,5,5,4,10,18,22,15,var_0 counter_var_1 +,9,counter_var_0 var_1 +
3732,114 22 66 88 113,48,114 48 60 63 113,22,19,26,1,20,14,23,var_0 counter_var_1 +,45,counter_var_0 var_1 +
3733,114 92 107 28 113,33,114 43 1 0 113,5,14,28,0,15,1,5,var_0 counter_var_1 +,42,counter_var_0 var_1 +
3734,114 18 109 65 113,21,114 38 77 69 113,18,9,3,7,17,8,25,var_0 counter_var_1 +,12,counter_var_0 var_1 +
3735,114 106 81 52 113,40,114 95 7 22 113,19,8,21,22,12,7,41,var_0 counter_var_1 +,29,counter_var_0 var_1 +
3736,114 69 57 97 113,15,114 57 35 37 113,11,28,4,6,11,12,17,var_0 counter_var_1 +,32,counter_var_0 var_1 +
3737,114 28 39 36 113,33,114 26 93 105 113,28,26,5,12,16,1,40,var_0 counter_var_1 +,31,counter_var_0 var_1 +
3738,114 67 58 2 113,11,114 1 31 82 113,9,1,2,20,12,8,29,var_0 counter_var_1 +,3,counter_var_0 var_1 +
3739,114 98 8 57 113,37,114 88 41 34 113,11,1,26,3,8,18,14,var_0 counter_var_1 +,27,counter_var_0 var_1 +
3740,114 5 8 57 113,31,114 47 93 105 113,5,18,26,12,8,1,17,var_0 counter_var_1 +,44,counter_var_0 var_1 +
3741,114 95 14 33 113,10,114 109 48 95 113,8,22,2,2,14,2,10,var_0 counter_var_1 +,24,counter_var_0 var_1 +
3742,114 96 27 101 113,17,114 40 106 56 113,9,11,8,25,4,14,34,var_0 counter_var_1 +,19,counter_var_0 var_1 +
3743,114 82 22 12 113,36,114 103 51 42 113,24,16,12,11,22,5,35,var_0 counter_var_1 +,28,counter_var_0 var_1 +
3744,114 94 19 15 113,22,114 107 56 5 113,7,20,15,5,19,10,12,var_0 counter_var_1 +,35,counter_var_0 var_1 +
3745,114 86 69 104 113,39,114 39 68 71 113,28,10,11,9,0,22,37,var_0 counter_var_1 +,21,counter_var_0 var_1 +
3746,114 55 15 62 113,26,114 81 5 24 113,26,23,0,24,15,5,50,var_0 counter_var_1 +,23,counter_var_0 var_1 +
3747,114 43 77 69 113,21,114 76 63 26 113,14,18,7,26,8,17,40,var_0 counter_var_1 +,25,counter_var_0 var_1 +
3748,114 15 2 84 113,37,114 25 16 21 113,15,25,22,21,2,16,36,var_0 counter_var_1 +,47,counter_var_0 var_1 +
3749,114 45 40 76 113,30,114 8 19 15 113,16,8,14,15,17,19,31,var_0 counter_var_1 +,22,counter_var_0 var_1 +
3750,114 100 38 59 113,41,114 72 103 61 113,13,14,28,30,15,11,43,var_0 counter_var_1 +,42,counter_var_0 var_1 +
3751,114 14 98 74 113,26,114 97 8 57 113,14,10,12,26,6,8,40,var_0 counter_var_1 +,22,counter_var_0 var_1 +
3752,114 79 9 70 113,29,114 99 74 91 113,21,12,8,29,9,5,50,var_0 counter_var_1 +,20,counter_var_0 var_1 +
3753,114 102 99 92 113,45,114 51 50 27 113,15,22,30,27,7,4,42,var_0 counter_var_1 +,52,counter_var_0 var_1 +
3754,114 8 8 57 113,34,114 34 97 23 113,8,5,26,23,8,5,31,var_0 counter_var_1 +,31,counter_var_0 var_1 +
3755,114 70 95 109 113,28,114 109 101 39 113,12,22,16,8,3,9,20,var_0 counter_var_1 +,38,counter_var_0 var_1 +
3756,114 74 84 44 113,29,114 8 17 112 113,16,8,13,19,15,17,35,var_0 counter_var_1 +,21,counter_var_0 var_1 +
3757,114 51 33 14 113,36,114 110 44 41 113,22,23,14,10,10,21,32,var_0 counter_var_1 +,37,counter_var_0 var_1 +
3758,114 47 60 63 113,19,114 18 55 10 113,18,18,1,10,14,9,28,var_0 counter_var_1 +,19,counter_var_0 var_1 +
3759,114 93 81 52 113,27,114 36 9 70 113,6,7,21,8,12,9,14,var_0 counter_var_1 +,28,counter_var_0 var_1 +
3760,114 90 17 112 113,22,114 98 41 34 113,3,11,19,3,17,18,6,var_0 counter_var_1 +,30,counter_var_0 var_1 +
3761,114 68 24 35 113,14,114 30 90 102 113,10,1,4,9,1,21,19,var_0 counter_var_1 +,5,counter_var_0 var_1 +
3762,114 72 30 99 113,20,114 104 42 46 113,14,17,6,15,7,19,29,var_0 counter_var_1 +,23,counter_var_0 var_1 +
3763,114 73 7 22 113,37,114 81 11 6 113,15,23,22,6,7,11,21,var_0 counter_var_1 +,45,counter_var_0 var_1 +
3764,114 35 93 105 113,18,114 67 86 94 113,6,9,12,1,1,17,7,var_0 counter_var_1 +,21,counter_var_0 var_1 +
3765,114 112 7 22 113,47,114 46 109 65 113,25,17,22,3,7,17,28,var_0 counter_var_1 +,39,counter_var_0 var_1 +
3766,114 22 54 53 113,44,114 49 66 88 113,22,20,22,26,8,20,48,var_0 counter_var_1 +,42,counter_var_0 var_1 +
3767,114 70 47 93 113,12,114 54 74 91 113,12,25,0,29,1,5,41,var_0 counter_var_1 +,25,counter_var_0 var_1 +
3768,114 36 86 94 113,8,114 58 16 21 113,7,0,1,21,17,16,28,var_0 counter_var_1 +,1,counter_var_0 var_1 +
3769,114 47 112 13 113,31,114 70 61 89 113,18,12,13,27,20,15,45,var_0 counter_var_1 +,25,counter_var_0 var_1 +
3770,114 95 73 73 113,19,114 16 49 32 113,8,16,11,1,4,3,9,var_0 counter_var_1 +,27,counter_var_0 var_1 +
3771,114 11 84 44 113,24,114 29 7 22 113,11,0,13,22,15,7,33,var_0 counter_var_1 +,13,counter_var_0 var_1 +
3772,114 29 77 69 113,7,114 44 39 36 113,0,15,7,5,8,16,5,var_0 counter_var_1 +,22,counter_var_0 var_1 +
3773,114 95 109 65 113,11,114 88 42 46 113,8,1,3,15,17,19,23,var_0 counter_var_1 +,4,counter_var_0 var_1 +
3774,114 81 67 80 113,41,114 109 71 100 113,23,22,18,7,21,2,30,var_0 counter_var_1 +,40,counter_var_0 var_1 +
3775,114 101 4 78 113,30,114 52 6 64 113,14,23,16,2,4,6,16,var_0 counter_var_1 +,39,counter_var_0 var_1 +
3776,114 62 3 86 113,28,114 66 41 34 113,4,8,24,3,3,18,7,var_0 counter_var_1 +,32,counter_var_0 var_1 +
3777,114 40 58 2 113,13,114 96 109 65 113,11,9,2,3,12,17,14,var_0 counter_var_1 +,11,counter_var_0 var_1 +
3778,114 12 74 91 113,41,114 67 80 48 113,12,9,29,17,5,11,29,var_0 counter_var_1 +,38,counter_var_0 var_1 +
3779,114 27 11 6 113,33,114 8 33 14 113,27,8,6,14,11,10,41,var_0 counter_var_1 +,14,counter_var_0 var_1 +
3780,114 74 59 30 113,46,114 73 82 90 113,16,15,30,28,13,13,44,var_0 counter_var_1 +,45,counter_var_0 var_1 +
3781,114 67 109 65 113,12,114 96 50 27 113,9,9,3,27,17,4,36,var_0 counter_var_1 +,12,counter_var_0 var_1 +
3782,114 0 19 15 113,15,114 41 70 77 113,0,12,15,15,19,1,15,var_0 counter_var_1 +,27,counter_var_0 var_1 +
3783,114 52 31 82 113,43,114 83 103 61 113,23,25,20,30,8,11,53,var_0 counter_var_1 +,45,counter_var_0 var_1 +
3784,114 107 13 18 113,38,114 97 28 55 113,20,10,18,24,13,5,44,var_0 counter_var_1 +,28,counter_var_0 var_1 +
3785,114 99 42 46 113,27,114 40 55 10 113,12,11,15,10,19,9,22,var_0 counter_var_1 +,26,counter_var_0 var_1 +
3786,114 52 103 61 113,53,114 94 107 28 113,23,7,30,28,11,15,51,var_0 counter_var_1 +,37,counter_var_0 var_1 +
3787,114 61 20 50 113,22,114 98 13 18 113,3,11,19,18,20,13,21,var_0 counter_var_1 +,30,counter_var_0 var_1 +
3788,114 50 65 67 113,26,114 7 30 99 113,21,7,5,6,19,7,27,var_0 counter_var_1 +,12,counter_var_0 var_1 +
3789,114 4 1 0 113,4,114 12 42 46 113,4,12,0,15,1,19,19,var_0 counter_var_1 +,12,counter_var_0 var_1 +
3790,114 106 35 37 113,25,114 71 3 86 113,19,13,6,24,12,3,43,var_0 counter_var_1 +,19,counter_var_0 var_1 +
3791,114 0 20 50 113,19,114 93 106 56 113,0,6,19,25,20,14,25,var_0 counter_var_1 +,25,counter_var_0 var_1 +
3792,114 55 75 8 113,34,114 70 73 73 113,26,12,8,11,6,4,37,var_0 counter_var_1 +,20,counter_var_0 var_1 +
3793,114 19 5 24 113,43,114 80 72 81 113,19,22,24,19,5,3,38,var_0 counter_var_1 +,46,counter_var_0 var_1 +
3794,114 11 89 29 113,40,114 54 8 57 113,11,25,29,26,20,8,37,var_0 counter_var_1 +,54,counter_var_0 var_1 +
3795,114 9 51 42 113,20,114 65 36 19 113,9,7,11,19,5,13,28,var_0 counter_var_1 +,18,counter_var_0 var_1 +
3796,114 88 20 50 113,20,114 83 77 69 113,1,25,19,7,20,8,8,var_0 counter_var_1 +,44,counter_var_0 var_1 +
3797,114 65 80 48 113,24,114 48 50 27 113,7,19,17,27,11,4,34,var_0 counter_var_1 +,36,counter_var_0 var_1 +
3798,114 30 17 112 113,20,114 22 33 14 113,1,22,19,14,17,10,15,var_0 counter_var_1 +,41,counter_var_0 var_1 +
3799,114 46 12 83 113,38,114 62 4 78 113,17,4,21,16,12,4,33,var_0 counter_var_1 +,25,counter_var_0 var_1 +
3800,114 10 47 93 113,10,114 32 2 84 113,10,3,0,22,1,2,32,var_0 counter_var_1 +,3,counter_var_0 var_1 +
3801,114 16 69 104 113,27,114 109 70 77 113,16,22,11,15,0,1,31,var_0 counter_var_1 +,33,counter_var_0 var_1 +
3802,114 58 111 79 113,17,114 19 90 102 113,0,19,17,9,19,21,9,var_0 counter_var_1 +,36,counter_var_0 var_1 +
3803,114 89 30 99 113,8,114 73 37 110 113,2,15,6,17,7,14,19,var_0 counter_var_1 +,21,counter_var_0 var_1 +
3804,114 101 101 39 113,22,114 83 98 74 113,14,25,8,12,9,6,26,var_0 counter_var_1 +,33,counter_var_0 var_1 +
3805,114 47 70 77 113,33,114 33 95 109 113,18,4,15,16,1,3,34,var_0 counter_var_1 +,19,counter_var_0 var_1 +
3806,114 3 112 13 113,16,114 66 66 88 113,3,8,13,26,20,20,29,var_0 counter_var_1 +,21,counter_var_0 var_1 +
3807,114 110 81 52 113,44,114 30 27 101 113,23,1,21,8,12,4,31,var_0 counter_var_1 +,22,counter_var_0 var_1 +
3808,114 45 112 13 113,29,114 64 24 35 113,16,6,13,4,20,1,20,var_0 counter_var_1 +,19,counter_var_0 var_1 +
3809,114 68 109 65 113,13,114 11 11 6 113,10,11,3,6,17,11,16,var_0 counter_var_1 +,14,counter_var_0 var_1 +
3810,114 50 50 27 113,48,114 93 103 61 113,21,6,27,30,4,11,51,var_0 counter_var_1 +,33,counter_var_0 var_1 +
3811,114 0 11 6 113,6,114 43 19 15 113,0,14,6,15,11,19,15,var_0 counter_var_1 +,20,counter_var_0 var_1 +
3812,114 20 76 54 113,43,114 26 20 50 113,20,26,23,19,7,20,39,var_0 counter_var_1 +,49,counter_var_0 var_1 +
3813,114 6 62 43 113,18,114 33 48 95 113,6,4,12,2,16,2,8,var_0 counter_var_1 +,16,counter_var_0 var_1 +
3814,114 89 48 95 113,4,114 52 64 66 113,2,23,2,4,2,18,6,var_0 counter_var_1 +,25,counter_var_0 var_1 +
3815,114 83 98 74 113,37,114 99 42 46 113,25,12,12,15,6,19,40,var_0 counter_var_1 +,24,counter_var_0 var_1 +
3816,114 29 31 82 113,20,114 71 85 31 113,0,13,20,0,8,16,0,var_0 counter_var_1 +,33,counter_var_0 var_1 +
3817,114 66 69 104 113,19,114 92 30 99 113,8,5,11,6,0,7,14,var_0 counter_var_1 +,16,counter_var_0 var_1 +
3818,114 58 73 73 113,11,114 31 82 90 113,0,2,11,28,4,13,28,var_0 counter_var_1 +,13,counter_var_0 var_1 +
3819,114 32 22 12 113,15,114 21 41 34 113,3,21,12,3,22,18,6,var_0 counter_var_1 +,33,counter_var_0 var_1 +
3820,114 102 80 48 113,32,114 55 19 15 113,15,26,17,15,11,19,30,var_0 counter_var_1 +,43,counter_var_0 var_1 +
3821,114 19 85 31 113,19,114 17 89 29 113,19,17,0,29,16,20,48,var_0 counter_var_1 +,17,counter_var_0 var_1 +
3822,114 92 102 45 113,19,114 74 91 106 113,5,16,14,13,10,22,18,var_0 counter_var_1 +,30,counter_var_0 var_1 +
3823,114 97 5 24 113,34,114 53 20 50 113,10,24,24,19,5,20,29,var_0 counter_var_1 +,48,counter_var_0 var_1 +
3824,114 41 95 109 113,28,114 22 36 19 113,12,22,16,19,3,13,31,var_0 counter_var_1 +,38,counter_var_0 var_1 +
3825,114 97 47 93 113,10,114 16 38 59 113,10,16,0,28,1,15,38,var_0 counter_var_1 +,16,counter_var_0 var_1 +
3826,114 0 71 100 113,7,114 51 38 59 113,0,22,7,28,2,15,28,var_0 counter_var_1 +,29,counter_var_0 var_1 +
3827,114 102 22 12 113,27,114 70 75 8 113,15,12,12,8,22,6,23,var_0 counter_var_1 +,24,counter_var_0 var_1 +
3828,114 49 101 39 113,28,114 65 103 61 113,20,7,8,30,9,11,50,var_0 counter_var_1 +,15,counter_var_0 var_1 +
3829,114 20 33 14 113,34,114 20 32 1 113,20,20,14,1,10,9,21,var_0 counter_var_1 +,34,counter_var_0 var_1 +
3830,114 43 108 85 113,37,114 21 106 56 113,14,21,23,25,16,14,39,var_0 counter_var_1 +,44,counter_var_0 var_1 +
3831,114 10 66 88 113,36,114 6 51 42 113,10,6,26,11,20,5,21,var_0 counter_var_1 +,32,counter_var_0 var_1 +
3832,114 37 76 54 113,31,114 77 45 103 113,8,19,23,10,7,22,18,var_0 counter_var_1 +,42,counter_var_0 var_1 +
3833,114 67 3 86 113,33,114 89 19 15 113,9,2,24,15,3,19,24,var_0 counter_var_1 +,26,counter_var_0 var_1 +
3834,114 69 74 91 113,40,114 40 14 33 113,11,11,29,2,5,14,13,var_0 counter_var_1 +,40,counter_var_0 var_1 +
3835,114 27 48 95 113,29,114 89 83 3 113,27,2,2,3,2,14,30,var_0 counter_var_1 +,4,counter_var_0 var_1 +
3836,114 4 68 71 113,13,114 58 15 62 113,4,0,9,0,22,15,4,var_0 counter_var_1 +,9,counter_var_0 var_1 +
3837,114 53 27 101 113,32,114 27 100 75 113,24,27,8,13,4,8,37,var_0 counter_var_1 +,35,counter_var_0 var_1 +
3838,114 8 13 18 113,26,114 109 52 9 113,8,22,18,9,13,6,17,var_0 counter_var_1 +,40,counter_var_0 var_1 +
3839,114 21 0 38 113,28,114 79 14 33 113,21,21,7,2,0,14,23,var_0 counter_var_1 +,28,counter_var_0 var_1 +
3840,114 87 71 100 113,7,114 50 72 81 113,0,21,7,19,2,3,19,var_0 counter_var_1 +,28,counter_var_0 var_1 +
3841,114 50 19 15 113,36,114 88 52 9 113,21,1,15,9,19,6,30,var_0 counter_var_1 +,16,counter_var_0 var_1 +
3842,114 84 72 81 113,45,114 33 108 85 113,26,4,19,23,3,16,49,var_0 counter_var_1 +,23,counter_var_0 var_1 +
3843,114 51 107 28 113,50,114 55 63 26 113,22,26,28,26,15,17,48,var_0 counter_var_1 +,54,counter_var_0 var_1 +
3844,114 70 103 61 113,42,114 33 64 66 113,12,4,30,4,11,18,16,var_0 counter_var_1 +,34,counter_var_0 var_1 +
3845,114 90 50 27 113,30,114 24 40 76 113,3,24,27,14,4,17,17,var_0 counter_var_1 +,51,counter_var_0 var_1 +
3846,114 3 64 66 113,7,114 37 24 35 113,3,8,4,4,18,1,7,var_0 counter_var_1 +,12,counter_var_0 var_1 +
3847,114 77 51 42 113,30,114 10 16 21 113,19,10,11,21,5,16,40,var_0 counter_var_1 +,21,counter_var_0 var_1 +
3848,114 56 73 73 113,38,114 108 57 97 113,27,21,11,4,4,11,31,var_0 counter_var_1 +,32,counter_var_0 var_1 +
3849,114 11 71 100 113,18,114 9 98 74 113,11,9,7,12,2,6,23,var_0 counter_var_1 +,16,counter_var_0 var_1 +
3850,114 31 99 92 113,32,114 33 33 14 113,2,4,30,14,7,10,16,var_0 counter_var_1 +,34,counter_var_0 var_1 +
3851,114 47 89 29 113,47,114 54 77 69 113,18,25,29,7,20,8,25,var_0 counter_var_1 +,54,counter_var_0 var_1 +
3852,114 45 42 46 113,31,114 55 9 70 113,16,26,15,8,19,9,24,var_0 counter_var_1 +,41,counter_var_0 var_1 +
3853,114 26 79 58 113,53,114 51 42 46 113,26,22,27,15,10,19,41,var_0 counter_var_1 +,49,counter_var_0 var_1 +
3854,114 99 8 57 113,38,114 22 41 34 113,12,22,26,3,8,18,15,var_0 counter_var_1 +,48,counter_var_0 var_1 +
3855,114 74 32 1 113,17,114 37 36 19 113,16,8,1,19,9,13,35,var_0 counter_var_1 +,9,counter_var_0 var_1 +
3856,114 77 49 32 113,20,114 51 82 90 113,19,22,1,28,3,13,47,var_0 counter_var_1 +,23,counter_var_0 var_1 +
3857,114 112 33 14 113,39,114 39 49 32 113,25,10,14,1,10,3,26,var_0 counter_var_1 +,24,counter_var_0 var_1 +
3858,114 8 11 6 113,14,114 44 45 103 113,8,15,6,10,11,22,18,var_0 counter_var_1 +,21,counter_var_0 var_1 +
3859,114 76 107 28 113,46,114 11 67 80 113,18,11,28,18,15,21,36,var_0 counter_var_1 +,39,counter_var_0 var_1 +
3860,114 21 58 2 113,23,114 111 78 107 113,21,24,2,14,12,9,35,var_0 counter_var_1 +,26,counter_var_0 var_1 +
3861,114 97 63 26 113,36,114 94 34 47 113,10,7,26,16,17,11,26,var_0 counter_var_1 +,33,counter_var_0 var_1 +
3862,114 26 2 84 113,48,114 26 3 86 113,26,26,22,24,2,3,50,var_0 counter_var_1 +,48,counter_var_0 var_1 +
3863,114 10 92 51 113,30,114 14 22 12 113,10,14,20,12,0,22,22,var_0 counter_var_1 +,34,counter_var_0 var_1 +
3864,114 112 71 100 113,32,114 5 85 31 113,25,5,7,0,2,16,25,var_0 counter_var_1 +,12,counter_var_0 var_1 +
3865,114 88 109 65 113,4,114 59 98 74 113,1,1,3,12,17,6,13,var_0 counter_var_1 +,4,counter_var_0 var_1 +
3866,114 96 111 79 113,26,114 88 77 69 113,9,1,17,7,19,8,16,var_0 counter_var_1 +,18,counter_var_0 var_1 +
3867,114 32 52 9 113,12,114 98 66 88 113,3,11,9,26,6,20,29,var_0 counter_var_1 +,20,counter_var_0 var_1 +
3868,114 19 70 77 113,34,114 46 83 3 113,19,17,15,3,1,14,22,var_0 counter_var_1 +,32,counter_var_0 var_1 +
3869,114 22 99 92 113,52,114 63 80 48 113,22,5,30,17,7,11,39,var_0 counter_var_1 +,35,counter_var_0 var_1 +
3870,114 10 85 31 113,10,114 95 111 79 113,10,8,0,17,16,19,27,var_0 counter_var_1 +,8,counter_var_0 var_1 +
3871,114 84 19 15 113,41,114 98 91 106 113,26,11,15,13,19,22,39,var_0 counter_var_1 +,26,counter_var_0 var_1 +
3872,114 92 3 86 113,29,114 62 97 23 113,5,4,24,23,3,5,28,var_0 counter_var_1 +,28,counter_var_0 var_1 +
3873,114 44 80 48 113,32,114 66 56 5 113,15,8,17,5,11,10,20,var_0 counter_var_1 +,25,counter_var_0 var_1 +
3874,114 81 24 35 113,27,114 9 49 32 113,23,9,4,1,1,3,24,var_0 counter_var_1 +,13,counter_var_0 var_1 +
3875,114 41 111 79 113,29,114 89 6 64 113,12,2,17,2,19,6,14,var_0 counter_var_1 +,19,counter_var_0 var_1 +
3876,114 44 14 33 113,17,114 100 92 51 113,15,13,2,20,14,0,35,var_0 counter_var_1 +,15,counter_var_0 var_1 +
3877,114 52 54 53 113,45,114 108 20 50 113,23,21,22,19,8,20,42,var_0 counter_var_1 +,43,counter_var_0 var_1 +
3878,114 43 11 6 113,20,114 56 27 101 113,14,27,6,8,11,4,22,var_0 counter_var_1 +,33,counter_var_0 var_1 +
3879,114 27 30 99 113,33,114 47 63 26 113,27,18,6,26,7,17,53,var_0 counter_var_1 +,24,counter_var_0 var_1 +
3880,114 62 72 81 113,23,114 75 3 86 113,4,17,19,24,3,3,28,var_0 counter_var_1 +,36,counter_var_0 var_1 +
3881,114 71 52 9 113,22,114 58 72 81 113,13,0,9,19,6,3,32,var_0 counter_var_1 +,9,counter_var_0 var_1 +
3882,114 28 46 87 113,53,114 99 12 83 113,28,12,25,21,0,12,49,var_0 counter_var_1 +,37,counter_var_0 var_1 +
3883,114 72 34 47 113,30,114 26 76 54 113,14,26,16,23,11,7,37,var_0 counter_var_1 +,42,counter_var_0 var_1 +
3884,114 28 78 107 113,42,114 60 47 93 113,28,2,14,0,9,1,28,var_0 counter_var_1 +,16,counter_var_0 var_1 +
3885,114 74 108 85 113,39,114 59 12 83 113,16,1,23,21,16,12,37,var_0 counter_var_1 +,24,counter_var_0 var_1 +
3886,114 41 7 22 113,34,114 77 21 49 113,12,19,22,18,7,21,30,var_0 counter_var_1 +,41,counter_var_0 var_1 +
3887,114 88 66 88 113,27,114 46 36 19 113,1,17,26,19,20,13,20,var_0 counter_var_1 +,43,counter_var_0 var_1 +
3888,114 47 38 59 113,46,114 13 84 44 113,18,13,28,13,15,15,31,var_0 counter_var_1 +,41,counter_var_0 var_1 +
3889,114 21 7 22 113,43,114 102 9 70 113,21,15,22,8,7,9,29,var_0 counter_var_1 +,37,counter_var_0 var_1 +
3890,114 53 33 14 113,38,114 15 43 40 113,24,15,14,9,10,20,33,var_0 counter_var_1 +,29,counter_var_0 var_1 +
3891,114 74 56 5 113,21,114 108 85 31 113,16,21,5,0,10,16,16,var_0 counter_var_1 +,26,counter_var_0 var_1 +
3892,114 59 89 29 113,30,114 38 34 47 113,1,9,29,16,20,11,17,var_0 counter_var_1 +,38,counter_var_0 var_1 +
3893,114 63 82 90 113,33,114 44 12 83 113,5,15,28,21,13,12,26,var_0 counter_var_1 +,43,counter_var_0 var_1 +
3894,114 55 18 72 113,36,114 111 103 61 113,26,24,10,30,18,11,56,var_0 counter_var_1 +,34,counter_var_0 var_1 +
3895,114 57 3 86 113,52,114 45 31 82 113,28,16,24,20,3,8,48,var_0 counter_var_1 +,40,counter_var_0 var_1 +
3896,114 8 42 46 113,23,114 26 36 19 113,8,26,15,19,19,13,27,var_0 counter_var_1 +,41,counter_var_0 var_1 +
3897,114 17 35 37 113,23,114 45 26 25 113,17,16,6,25,12,3,42,var_0 counter_var_1 +,22,counter_var_0 var_1 +
3898,114 72 1 0 113,14,114 62 33 14 113,14,4,0,14,1,10,28,var_0 counter_var_1 +,4,counter_var_0 var_1 +
3899,114 84 76 54 113,49,114 50 66 88 113,26,21,23,26,7,20,52,var_0 counter_var_1 +,44,counter_var_0 var_1 +
3900,114 5 5 24 113,29,114 84 70 77 113,5,26,24,15,5,1,20,var_0 counter_var_1 +,50,counter_var_0 var_1 +
3901,114 26 57 97 113,30,114 106 13 18 113,26,19,4,18,11,13,44,var_0 counter_var_1 +,23,counter_var_0 var_1 +
3902,114 104 16 21 113,38,114 36 76 54 113,17,7,21,23,16,7,40,var_0 counter_var_1 +,28,counter_var_0 var_1 +
3903,114 31 108 85 113,25,114 30 109 65 113,2,1,23,3,16,17,5,var_0 counter_var_1 +,24,counter_var_0 var_1 +
3904,114 111 34 47 113,40,114 81 17 112 113,24,23,16,19,11,17,43,var_0 counter_var_1 +,39,counter_var_0 var_1 +
3905,114 50 87 60 113,50,114 23 32 1 113,21,23,29,1,18,9,22,var_0 counter_var_1 +,52,counter_var_0 var_1 +
3906,114 81 101 39 113,31,114 44 71 100 113,23,15,8,7,9,2,30,var_0 counter_var_1 +,23,counter_var_0 var_1 +
3907,114 42 110 108 113,28,114 85 20 50 113,13,27,15,19,18,20,32,var_0 counter_var_1 +,42,counter_var_0 var_1 +
3908,114 107 70 77 113,35,114 5 52 9 113,20,5,15,9,1,6,29,var_0 counter_var_1 +,20,counter_var_0 var_1 +
3909,114 20 20 50 113,39,114 80 23 98 113,20,22,19,5,20,0,25,var_0 counter_var_1 +,41,counter_var_0 var_1 +
3910,114 9 79 58 113,36,114 67 47 93 113,9,9,27,0,10,1,9,var_0 counter_var_1 +,36,counter_var_0 var_1 +
3911,114 12 103 61 113,42,114 39 28 55 113,12,10,30,24,11,5,36,var_0 counter_var_1 +,40,counter_var_0 var_1 +
3912,114 37 0 38 113,15,114 78 13 18 113,8,20,7,18,0,13,26,var_0 counter_var_1 +,27,counter_var_0 var_1 +
3913,114 50 21 49 113,39,114 71 96 7 113,21,13,18,7,21,4,28,var_0 counter_var_1 +,31,counter_var_0 var_1 +
3914,114 20 95 109 113,36,114 12 50 27 113,20,12,16,27,3,4,47,var_0 counter_var_1 +,28,counter_var_0 var_1 +
3915,114 60 15 62 113,2,114 51 93 105 113,2,22,0,12,15,1,14,var_0 counter_var_1 +,22,counter_var_0 var_1 +
3916,114 92 41 34 113,8,114 65 11 6 113,5,7,3,6,18,11,11,var_0 counter_var_1 +,10,counter_var_0 var_1 +
3917,114 69 80 48 113,28,114 103 6 64 113,11,16,17,2,11,6,13,var_0 counter_var_1 +,33,counter_var_0 var_1 +
3918,114 59 80 48 113,18,114 39 107 28 113,1,10,17,28,11,15,29,var_0 counter_var_1 +,27,counter_var_0 var_1 +
3919,114 74 27 101 113,24,114 32 53 68 113,16,3,8,6,4,7,22,var_0 counter_var_1 +,11,counter_var_0 var_1 +
3920,114 109 17 112 113,41,114 79 61 89 113,22,21,19,27,17,15,49,var_0 counter_var_1 +,40,counter_var_0 var_1 +
3921,114 100 0 38 113,20,114 87 22 12 113,13,0,7,12,0,22,25,var_0 counter_var_1 +,7,counter_var_0 var_1 +
3922,114 110 12 83 113,44,114 10 72 81 113,23,10,21,19,12,3,42,var_0 counter_var_1 +,31,counter_var_0 var_1 +
3923,114 91 7 22 113,26,114 41 39 36 113,4,12,22,5,7,16,9,var_0 counter_var_1 +,34,counter_var_0 var_1 +
3924,114 26 32 1 113,27,114 90 108 85 113,26,3,1,23,9,16,49,var_0 counter_var_1 +,4,counter_var_0 var_1 +
3925,114 55 99 92 113,56,114 46 94 96 113,26,17,30,3,7,2,29,var_0 counter_var_1 +,47,counter_var_0 var_1 +
3926,114 62 9 70 113,12,114 29 30 99 113,4,0,8,6,9,7,10,var_0 counter_var_1 +,8,counter_var_0 var_1 +
3927,114 82 71 100 113,31,114 25 42 46 113,24,25,7,15,2,19,39,var_0 counter_var_1 +,32,counter_var_0 var_1 +
3928,114 25 90 102 113,34,114 5 106 56 113,25,5,9,25,21,14,50,var_0 counter_var_1 +,14,counter_var_0 var_1 +
3929,114 68 99 92 113,40,114 80 4 78 113,10,22,30,16,7,4,26,var_0 counter_var_1 +,52,counter_var_0 var_1 +
3930,114 50 35 37 113,27,114 64 95 109 113,21,6,6,16,12,3,37,var_0 counter_var_1 +,12,counter_var_0 var_1 +
3931,114 8 18 72 113,18,114 51 108 85 113,8,22,10,23,18,16,31,var_0 counter_var_1 +,32,counter_var_0 var_1 +
3932,114 93 71 100 113,13,114 82 22 12 113,6,24,7,12,2,22,18,var_0 counter_var_1 +,31,counter_var_0 var_1 +
3933,114 109 104 4 113,26,114 111 39 36 113,22,24,4,5,12,16,27,var_0 counter_var_1 +,28,counter_var_0 var_1 +
3934,114 3 31 82 113,23,114 53 88 16 113,3,24,20,16,8,19,19,var_0 counter_var_1 +,44,counter_var_0 var_1 +
3935,114 67 89 29 113,38,114 76 8 57 113,9,18,29,26,20,8,35,var_0 counter_var_1 +,47,counter_var_0 var_1 +
3936,114 38 93 105 113,21,114 31 23 98 113,9,2,12,5,1,0,14,var_0 counter_var_1 +,14,counter_var_0 var_1 +
3937,114 9 27 101 113,17,114 34 7 22 113,9,5,8,22,4,7,31,var_0 counter_var_1 +,13,counter_var_0 var_1 +
3938,114 68 100 75 113,23,114 31 4 78 113,10,2,13,16,8,4,26,var_0 counter_var_1 +,15,counter_var_0 var_1 +
3939,114 112 112 13 113,38,114 36 8 57 113,25,7,13,26,20,8,51,var_0 counter_var_1 +,20,counter_var_0 var_1 +
3940,114 72 47 93 113,14,114 38 60 63 113,14,9,0,1,1,14,15,var_0 counter_var_1 +,9,counter_var_0 var_1 +
3941,114 83 111 79 113,42,114 46 62 43 113,25,17,17,12,19,16,37,var_0 counter_var_1 +,34,counter_var_0 var_1 +
3942,114 92 78 107 113,19,114 85 33 14 113,5,27,14,14,9,10,19,var_0 counter_var_1 +,41,counter_var_0 var_1 +
3943,114 70 82 90 113,40,114 86 84 44 113,12,28,28,13,13,15,25,var_0 counter_var_1 +,56,counter_var_0 var_1 +
3944,114 86 88 16 113,44,114 16 18 72 113,28,16,16,10,19,18,38,var_0 counter_var_1 +,32,counter_var_0 var_1 +
3945,114 60 80 48 113,19,114 32 88 16 113,2,3,17,16,11,19,18,var_0 counter_var_1 +,20,counter_var_0 var_1 +
3946,114 9 86 94 113,10,114 61 11 6 113,9,3,1,6,17,11,15,var_0 counter_var_1 +,4,counter_var_0 var_1 +
3947,114 56 107 28 113,55,114 83 90 102 113,27,25,28,9,15,21,36,var_0 counter_var_1 +,53,counter_var_0 var_1 +
3948,114 100 65 67 113,18,114 17 95 109 113,13,17,5,16,19,3,29,var_0 counter_var_1 +,22,counter_var_0 var_1 +
3949,114 39 10 11 113,21,114 52 73 73 113,10,23,11,11,10,4,21,var_0 counter_var_1 +,34,counter_var_0 var_1 +
3950,114 112 1 0 113,25,114 50 25 20 113,25,21,0,20,1,2,45,var_0 counter_var_1 +,21,counter_var_0 var_1 +
3951,114 38 80 48 113,26,114 63 98 74 113,9,5,17,12,11,6,21,var_0 counter_var_1 +,22,counter_var_0 var_1 +
3952,114 50 106 56 113,46,114 13 1 0 113,21,13,25,0,14,1,21,var_0 counter_var_1 +,38,counter_var_0 var_1 +
3953,114 17 82 90 113,45,114 60 66 88 113,17,2,28,26,13,20,43,var_0 counter_var_1 +,30,counter_var_0 var_1 +
3954,114 30 64 66 113,5,114 61 3 86 113,1,3,4,24,18,3,25,var_0 counter_var_1 +,7,counter_var_0 var_1 +
3955,114 100 97 23 113,36,114 37 79 58 113,13,8,23,27,5,10,40,var_0 counter_var_1 +,31,counter_var_0 var_1 +
3956,114 6 52 9 113,15,114 91 37 110 113,6,4,9,17,6,14,23,var_0 counter_var_1 +,13,counter_var_0 var_1 +
3957,114 104 57 97 113,21,114 13 88 16 113,17,13,4,16,11,19,33,var_0 counter_var_1 +,17,counter_var_0 var_1 +
3958,114 51 16 21 113,43,114 68 34 47 113,22,10,21,16,16,11,38,var_0 counter_var_1 +,31,counter_var_0 var_1 +
3959,114 39 19 15 113,25,114 45 77 69 113,10,16,15,7,19,8,17,var_0 counter_var_1 +,31,counter_var_0 var_1 +
3960,114 30 66 88 113,27,114 96 93 105 113,1,9,26,12,20,1,13,var_0 counter_var_1 +,35,counter_var_0 var_1 +
3961,114 107 2 84 113,42,114 60 26 25 113,20,2,22,25,2,3,45,var_0 counter_var_1 +,24,counter_var_0 var_1 +
3962,114 16 84 44 113,29,114 26 29 17 113,16,26,13,17,15,6,33,var_0 counter_var_1 +,39,counter_var_0 var_1 +
3963,114 77 43 40 113,28,114 2 2 84 113,19,2,9,22,20,2,41,var_0 counter_var_1 +,11,counter_var_0 var_1 +
3964,114 44 61 89 113,42,114 97 13 18 113,15,10,27,18,15,13,33,var_0 counter_var_1 +,37,counter_var_0 var_1 +
3965,114 1 34 47 113,17,114 85 40 76 113,1,27,16,14,11,17,15,var_0 counter_var_1 +,43,counter_var_0 var_1 +
3966,114 79 93 105 113,33,114 48 31 82 113,21,19,12,20,1,8,41,var_0 counter_var_1 +,31,counter_var_0 var_1 +
3967,114 2 27 101 113,10,114 95 43 40 113,2,8,8,9,4,20,11,var_0 counter_var_1 +,16,counter_var_0 var_1 +
3968,114 43 9 70 113,22,114 40 15 62 113,14,11,8,0,9,15,14,var_0 counter_var_1 +,19,counter_var_0 var_1 +
3969,114 20 72 81 113,39,114 80 19 15 113,20,22,19,15,3,19,35,var_0 counter_var_1 +,41,counter_var_0 var_1 +
3970,114 86 10 11 113,39,114 44 109 65 113,28,15,11,3,10,17,31,var_0 counter_var_1 +,26,counter_var_0 var_1 +
3971,114 110 34 47 113,39,114 29 36 19 113,23,0,16,19,11,13,42,var_0 counter_var_1 +,16,counter_var_0 var_1 +
3972,114 10 82 90 113,38,114 48 49 32 113,10,19,28,1,13,3,11,var_0 counter_var_1 +,47,counter_var_0 var_1 +
3973,114 51 24 35 113,26,114 106 88 16 113,22,19,4,16,1,19,38,var_0 counter_var_1 +,23,counter_var_0 var_1 +
3974,114 88 104 4 113,5,114 16 69 104 113,1,16,4,11,12,0,12,var_0 counter_var_1 +,20,counter_var_0 var_1 +
3975,114 58 36 19 113,19,114 61 67 80 113,0,3,19,18,13,21,18,var_0 counter_var_1 +,22,counter_var_0 var_1 +
3976,114 62 79 58 113,31,114 9 91 106 113,4,9,27,13,10,22,17,var_0 counter_var_1 +,36,counter_var_0 var_1 +
3977,114 66 103 61 113,38,114 88 58 2 113,8,1,30,2,11,12,10,var_0 counter_var_1 +,31,counter_var_0 var_1 +
3978,114 80 36 19 113,41,114 91 78 107 113,22,4,19,14,13,9,36,var_0 counter_var_1 +,23,counter_var_0 var_1 +
3979,114 23 72 81 113,42,114 66 74 91 113,23,8,19,29,3,5,52,var_0 counter_var_1 +,27,counter_var_0 var_1 +
3980,114 39 30 99 113,16,114 38 98 74 113,10,9,6,12,7,6,22,var_0 counter_var_1 +,15,counter_var_0 var_1 +
3981,114 20 48 95 113,22,114 104 79 58 113,20,17,2,27,2,10,47,var_0 counter_var_1 +,19,counter_var_0 var_1 +
3982,114 27 110 108 113,42,114 67 57 97 113,27,9,15,4,18,11,31,var_0 counter_var_1 +,24,counter_var_0 var_1 +
3983,114 43 13 18 113,32,114 2 81 52 113,14,2,18,21,13,12,35,var_0 counter_var_1 +,20,counter_var_0 var_1 +
3984,114 2 63 26 113,28,114 97 30 99 113,2,10,26,6,17,7,8,var_0 counter_var_1 +,36,counter_var_0 var_1 +
3985,114 5 91 106 113,18,114 97 26 25 113,5,10,13,25,22,3,30,var_0 counter_var_1 +,23,counter_var_0 var_1 +
3986,114 111 24 35 113,28,114 34 45 103 113,24,5,4,10,1,22,34,var_0 counter_var_1 +,9,counter_var_0 var_1 +
3987,114 85 40 76 113,41,114 94 6 64 113,27,7,14,2,17,6,29,var_0 counter_var_1 +,21,counter_var_0 var_1 +
3988,114 34 49 32 113,6,114 91 10 11 113,5,4,1,11,3,10,16,var_0 counter_var_1 +,5,counter_var_0 var_1 +
3989,114 46 45 103 113,27,114 34 61 89 113,17,5,10,27,22,15,44,var_0 counter_var_1 +,15,counter_var_0 var_1 +
3990,114 87 80 48 113,17,114 19 24 35 113,0,19,17,4,11,1,4,var_0 counter_var_1 +,36,counter_var_0 var_1 +
3991,114 103 88 16 113,32,114 21 4 78 113,16,21,16,16,19,4,32,var_0 counter_var_1 +,37,counter_var_0 var_1 +
3992,114 14 91 106 113,27,114 110 6 64 113,14,23,13,2,22,6,16,var_0 counter_var_1 +,36,counter_var_0 var_1 +
3993,114 112 77 69 113,32,114 20 95 109 113,25,20,7,16,8,3,41,var_0 counter_var_1 +,27,counter_var_0 var_1 +
3994,114 14 89 29 113,43,114 71 47 93 113,14,13,29,0,20,1,14,var_0 counter_var_1 +,42,counter_var_0 var_1 +
3995,114 81 21 49 113,41,114 32 72 81 113,23,3,18,19,21,3,42,var_0 counter_var_1 +,21,counter_var_0 var_1 +
3996,114 94 3 86 113,31,114 28 54 53 113,7,28,24,22,3,8,29,var_0 counter_var_1 +,52,counter_var_0 var_1 +
3997,114 82 53 68 113,30,114 35 108 85 113,24,6,6,23,7,16,47,var_0 counter_var_1 +,12,counter_var_0 var_1 +
3998,114 16 51 42 113,27,114 109 84 44 113,16,22,11,13,5,15,29,var_0 counter_var_1 +,33,counter_var_0 var_1 +
3999,114 6 85 31 113,6,114 9 2 84 113,6,9,0,22,16,2,28,var_0 counter_var_1 +,9,counter_var_0 var_1 +
4000,114 76 31 82 113,38,114 102 65 67 113,18,15,20,5,8,19,23,var_0 counter_var_1 +,35,counter_var_0 var_1 +
4001,114 79 70 77 113,36,114 109 36 19 113,21,22,15,19,1,13,40,var_0 counter_var_1 +,37,counter_var_0 var_1 +
4002,114 43 104 4 113,18,114 7 52 9 113,14,7,4,9,12,6,23,var_0 counter_var_1 +,11,counter_var_0 var_1 +
4003,114 51 61 89 113,49,114 9 81 52 113,22,9,27,21,15,12,43,var_0 counter_var_1 +,36,counter_var_0 var_1 +
4004,114 85 44 41 113,37,114 56 108 85 113,27,27,10,23,21,16,50,var_0 counter_var_1 +,37,counter_var_0 var_1 +
4005,114 79 54 53 113,43,114 69 8 57 113,21,11,22,26,8,8,47,var_0 counter_var_1 +,33,counter_var_0 var_1 +
4006,114 95 50 27 113,35,114 52 43 40 113,8,23,27,9,4,20,17,var_0 counter_var_1 +,50,counter_var_0 var_1 +
4007,114 85 15 62 113,27,114 13 64 66 113,27,13,0,4,15,18,31,var_0 counter_var_1 +,13,counter_var_0 var_1 +
4008,114 107 73 73 113,31,114 108 89 29 113,20,21,11,29,4,20,49,var_0 counter_var_1 +,32,counter_var_0 var_1 +
4009,114 0 65 67 113,5,114 96 38 59 113,0,9,5,28,19,15,28,var_0 counter_var_1 +,14,counter_var_0 var_1 +
4010,114 82 37 110 113,41,114 102 87 60 113,24,15,17,29,14,18,53,var_0 counter_var_1 +,32,counter_var_0 var_1 +
4011,114 97 44 41 113,20,114 49 91 106 113,10,20,10,13,21,22,23,var_0 counter_var_1 +,30,counter_var_0 var_1 +
4012,114 4 81 52 113,25,114 26 15 62 113,4,26,21,0,12,15,4,var_0 counter_var_1 +,47,counter_var_0 var_1 +
4013,114 23 38 59 113,51,114 65 19 15 113,23,7,28,15,15,19,38,var_0 counter_var_1 +,35,counter_var_0 var_1 +
4014,114 31 40 76 113,16,114 72 66 88 113,2,14,14,26,17,20,28,var_0 counter_var_1 +,28,counter_var_0 var_1 +
4015,114 83 2 84 113,47,114 74 18 72 113,25,16,22,10,2,18,35,var_0 counter_var_1 +,38,counter_var_0 var_1 +
4016,114 49 97 23 113,43,114 55 17 112 113,20,26,23,19,5,17,39,var_0 counter_var_1 +,49,counter_var_0 var_1 +
4017,114 55 40 76 113,40,114 49 108 85 113,26,20,14,23,17,16,49,var_0 counter_var_1 +,34,counter_var_0 var_1 +
4018,114 54 3 86 113,49,114 10 82 90 113,25,10,24,28,3,13,53,var_0 counter_var_1 +,34,counter_var_0 var_1 +
4019,114 98 60 63 113,12,114 8 71 100 113,11,8,1,7,14,2,18,var_0 counter_var_1 +,9,counter_var_0 var_1 +
4020,114 49 4 78 113,36,114 20 9 70 113,20,20,16,8,4,9,28,var_0 counter_var_1 +,36,counter_var_0 var_1 +
4021,114 34 12 83 113,26,114 82 75 8 113,5,24,21,8,12,6,13,var_0 counter_var_1 +,45,counter_var_0 var_1 +
4022,114 4 70 77 113,19,114 43 31 82 113,4,14,15,20,1,8,24,var_0 counter_var_1 +,29,counter_var_0 var_1 +
4023,114 98 90 102 113,20,114 61 71 100 113,11,3,9,7,21,2,18,var_0 counter_var_1 +,12,counter_var_0 var_1 +
4024,114 19 98 74 113,31,114 23 34 47 113,19,23,12,16,6,11,35,var_0 counter_var_1 +,35,counter_var_0 var_1 +
4025,114 23 57 97 113,27,114 60 82 90 113,23,2,4,28,11,13,51,var_0 counter_var_1 +,6,counter_var_0 var_1 +
4026,114 2 103 61 113,32,114 55 60 63 113,2,26,30,1,11,14,3,var_0 counter_var_1 +,56,counter_var_0 var_1 +
4027,114 38 102 45 113,23,114 53 16 21 113,9,24,14,21,10,16,30,var_0 counter_var_1 +,38,counter_var_0 var_1 +
4028,114 44 77 69 113,22,114 49 82 90 113,15,20,7,28,8,13,43,var_0 counter_var_1 +,27,counter_var_0 var_1 +
4029,114 94 68 71 113,16,114 84 47 93 113,7,26,9,0,22,1,7,var_0 counter_var_1 +,35,counter_var_0 var_1 +
4030,114 9 106 56 113,34,114 41 85 31 113,9,12,25,0,14,16,9,var_0 counter_var_1 +,37,counter_var_0 var_1 +
4031,114 3 73 73 113,14,114 59 104 4 113,3,1,11,4,4,12,7,var_0 counter_var_1 +,12,counter_var_0 var_1 +
4032,114 108 39 36 113,26,114 104 69 104 113,21,17,5,11,16,0,32,var_0 counter_var_1 +,22,counter_var_0 var_1 +
4033,114 101 90 102 113,23,114 87 23 98 113,14,0,9,5,21,0,19,var_0 counter_var_1 +,9,counter_var_0 var_1 +
4034,114 103 51 42 113,27,114 96 61 89 113,16,9,11,27,5,15,43,var_0 counter_var_1 +,20,counter_var_0 var_1 +
4035,114 11 102 45 113,25,114 78 63 26 113,11,20,14,26,10,17,37,var_0 counter_var_1 +,34,counter_var_0 var_1 +
4036,114 70 0 38 113,19,114 15 27 101 113,12,15,7,8,0,4,20,var_0 counter_var_1 +,22,counter_var_0 var_1 +
4037,114 74 9 70 113,24,114 41 37 110 113,16,12,8,17,9,14,33,var_0 counter_var_1 +,20,counter_var_0 var_1 +
4038,114 68 5 24 113,34,114 4 9 70 113,10,4,24,8,5,9,18,var_0 counter_var_1 +,28,counter_var_0 var_1 +
4039,114 34 82 90 113,33,114 45 93 105 113,5,16,28,12,13,1,17,var_0 counter_var_1 +,44,counter_var_0 var_1 +
4040,114 42 80 48 113,30,114 23 45 103 113,13,23,17,10,11,22,23,var_0 counter_var_1 +,40,counter_var_0 var_1 +
4041,114 18 10 11 113,29,114 96 55 10 113,18,9,11,10,10,9,28,var_0 counter_var_1 +,20,counter_var_0 var_1 +
4042,114 111 107 28 113,52,114 45 8 57 113,24,16,28,26,15,8,50,var_0 counter_var_1 +,44,counter_var_0 var_1 +
4043,114 46 82 90 113,45,114 95 77 69 113,17,8,28,7,13,8,24,var_0 counter_var_1 +,36,counter_var_0 var_1 +
4044,114 25 47 93 113,25,114 84 24 35 113,25,26,0,4,1,1,29,var_0 counter_var_1 +,26,counter_var_0 var_1 +
4045,114 22 64 66 113,26,114 101 72 81 113,22,14,4,19,18,3,41,var_0 counter_var_1 +,18,counter_var_0 var_1 +
4046,114 101 61 89 113,41,114 47 19 15 113,14,18,27,15,15,19,29,var_0 counter_var_1 +,45,counter_var_0 var_1 +
4047,114 16 104 4 113,20,114 79 72 81 113,16,21,4,19,12,3,35,var_0 counter_var_1 +,25,counter_var_0 var_1 +
4048,114 6 32 1 113,7,114 83 104 4 113,6,25,1,4,9,12,10,var_0 counter_var_1 +,26,counter_var_0 var_1 +
4049,114 96 51 42 113,20,114 51 5 24 113,9,22,11,24,5,5,33,var_0 counter_var_1 +,33,counter_var_0 var_1 +
4050,114 68 65 67 113,15,114 73 8 57 113,10,15,5,26,19,8,36,var_0 counter_var_1 +,20,counter_var_0 var_1 +
4051,114 34 6 64 113,7,114 82 70 77 113,5,24,2,15,6,1,20,var_0 counter_var_1 +,26,counter_var_0 var_1 +
4052,114 32 28 55 113,27,114 29 28 55 113,3,0,24,24,5,5,27,var_0 counter_var_1 +,24,counter_var_0 var_1 +
4053,114 63 32 1 113,6,114 105 8 57 113,5,18,1,26,9,8,31,var_0 counter_var_1 +,19,counter_var_0 var_1 +
4054,114 9 62 43 113,21,114 43 57 97 113,9,14,12,4,16,11,13,var_0 counter_var_1 +,26,counter_var_0 var_1 +
4055,114 18 71 100 113,25,114 81 51 42 113,18,23,7,11,2,5,29,var_0 counter_var_1 +,30,counter_var_0 var_1 +
4056,114 111 57 97 113,28,114 0 12 83 113,24,0,4,21,11,12,45,var_0 counter_var_1 +,4,counter_var_0 var_1 +
4057,114 108 107 28 113,49,114 91 53 68 113,21,4,28,6,15,7,27,var_0 counter_var_1 +,32,counter_var_0 var_1 +
4058,114 4 28 55 113,28,114 18 94 96 113,4,18,24,3,5,2,7,var_0 counter_var_1 +,42,counter_var_0 var_1 +
4059,114 79 111 79 113,38,114 50 108 85 113,21,21,17,23,19,16,44,var_0 counter_var_1 +,38,counter_var_0 var_1 +
4060,114 60 74 91 113,31,114 9 77 69 113,2,9,29,7,5,8,9,var_0 counter_var_1 +,38,counter_var_0 var_1 +
4061,114 103 22 12 113,28,114 33 11 6 113,16,4,12,6,22,11,22,var_0 counter_var_1 +,16,counter_var_0 var_1 +
4062,114 37 60 63 113,9,114 101 23 98 113,8,14,1,5,14,0,13,var_0 counter_var_1 +,15,counter_var_0 var_1 +
4063,114 48 58 2 113,21,114 51 85 31 113,19,22,2,0,12,16,19,var_0 counter_var_1 +,24,counter_var_0 var_1 +
4064,114 63 73 73 113,16,114 21 98 74 113,5,21,11,12,4,6,17,var_0 counter_var_1 +,32,counter_var_0 var_1 +
4065,114 91 81 52 113,25,114 76 39 36 113,4,18,21,5,12,16,9,var_0 counter_var_1 +,39,counter_var_0 var_1 +
4066,114 61 93 105 113,15,114 45 56 5 113,3,16,12,5,1,10,8,var_0 counter_var_1 +,28,counter_var_0 var_1 +
4067,114 2 45 103 113,12,114 15 58 2 113,2,15,10,2,22,12,4,var_0 counter_var_1 +,25,counter_var_0 var_1 +
4068,114 5 88 16 113,21,114 78 96 7 113,5,20,16,7,19,4,12,var_0 counter_var_1 +,36,counter_var_0 var_1 +
4069,114 74 75 8 113,24,114 20 28 55 113,16,20,8,24,6,5,40,var_0 counter_var_1 +,28,counter_var_0 var_1 +
4070,114 87 92 51 113,20,114 45 36 19 113,0,16,20,19,0,13,19,var_0 counter_var_1 +,36,counter_var_0 var_1 +
4071,114 83 6 64 113,27,114 66 51 42 113,25,8,2,11,6,5,36,var_0 counter_var_1 +,10,counter_var_0 var_1 +
4072,114 87 91 106 113,13,114 12 56 5 113,0,12,13,5,22,10,5,var_0 counter_var_1 +,25,counter_var_0 var_1 +
4073,114 37 90 102 113,17,114 30 72 81 113,8,1,9,19,21,3,27,var_0 counter_var_1 +,10,counter_var_0 var_1 +
4074,114 59 73 73 113,12,114 110 16 21 113,1,23,11,21,4,16,22,var_0 counter_var_1 +,34,counter_var_0 var_1 +
4075,114 91 106 56 113,29,114 42 85 31 113,4,13,25,0,14,16,4,var_0 counter_var_1 +,38,counter_var_0 var_1 +
4076,114 56 65 67 113,32,114 87 14 33 113,27,0,5,2,19,14,29,var_0 counter_var_1 +,5,counter_var_0 var_1 +
4077,114 29 81 52 113,21,114 88 40 76 113,0,1,21,14,12,17,14,var_0 counter_var_1 +,22,counter_var_0 var_1 +
4078,114 79 65 67 113,26,114 98 88 16 113,21,11,5,16,19,19,37,var_0 counter_var_1 +,16,counter_var_0 var_1 +
4079,114 59 87 60 113,30,114 112 57 97 113,1,25,29,4,18,11,5,var_0 counter_var_1 +,54,counter_var_0 var_1 +
4080,114 18 110 108 113,33,114 84 22 12 113,18,26,15,12,18,22,30,var_0 counter_var_1 +,41,counter_var_0 var_1 +
4081,114 86 7 22 113,50,114 112 112 13 113,28,25,22,13,7,20,41,var_0 counter_var_1 +,47,counter_var_0 var_1 +
4082,114 100 12 83 113,34,114 95 5 24 113,13,8,21,24,12,5,37,var_0 counter_var_1 +,29,counter_var_0 var_1 +
4083,114 24 24 35 113,28,114 84 2 84 113,24,26,4,22,1,2,46,var_0 counter_var_1 +,30,counter_var_0 var_1 +
4084,114 8 40 76 113,22,114 51 49 32 113,8,22,14,1,17,3,9,var_0 counter_var_1 +,36,counter_var_0 var_1 +
4085,114 23 4 78 113,39,114 86 98 74 113,23,28,16,12,4,6,35,var_0 counter_var_1 +,44,counter_var_0 var_1 +
4086,114 89 39 36 113,7,114 40 52 9 113,2,11,5,9,16,6,11,var_0 counter_var_1 +,16,counter_var_0 var_1 +
4087,114 8 60 63 113,9,114 18 52 9 113,8,18,1,9,14,6,17,var_0 counter_var_1 +,19,counter_var_0 var_1 +
4088,114 55 44 41 113,36,114 24 10 11 113,26,24,10,11,21,10,37,var_0 counter_var_1 +,34,counter_var_0 var_1 +
4089,114 35 25 20 113,26,114 70 56 5 113,6,12,20,5,2,10,11,var_0 counter_var_1 +,32,counter_var_0 var_1 +
4090,114 44 28 55 113,39,114 91 94 96 113,15,4,24,3,5,2,18,var_0 counter_var_1 +,28,counter_var_0 var_1 +
4091,114 20 37 110 113,37,114 27 69 104 113,20,27,17,11,14,0,31,var_0 counter_var_1 +,44,counter_var_0 var_1 +
4092,114 2 64 66 113,6,114 91 28 55 113,2,4,4,24,18,5,26,var_0 counter_var_1 +,8,counter_var_0 var_1 +
4093,114 34 100 75 113,18,114 85 58 2 113,5,27,13,2,8,12,7,var_0 counter_var_1 +,40,counter_var_0 var_1 +
4094,114 39 62 43 113,22,114 97 40 76 113,10,10,12,14,16,17,24,var_0 counter_var_1 +,22,counter_var_0 var_1 +
4095,114 12 42 46 113,27,114 82 63 26 113,12,24,15,26,19,17,38,var_0 counter_var_1 +,39,counter_var_0 var_1 +
4096,114 51 67 80 113,40,114 63 42 46 113,22,5,18,15,21,19,37,var_0 counter_var_1 +,23,counter_var_0 var_1 +
4097,114 50 82 90 113,49,114 47 20 50 113,21,18,28,19,13,20,40,var_0 counter_var_1 +,46,counter_var_0 var_1 +
4098,114 90 74 91 113,32,114 48 43 40 113,3,19,29,9,5,20,12,var_0 counter_var_1 +,48,counter_var_0 var_1 +
4099,114 43 70 77 113,29,114 93 71 100 113,14,6,15,7,1,2,21,var_0 counter_var_1 +,21,counter_var_0 var_1 +
4100,114 1 98 74 113,13,114 110 107 28 113,1,23,12,28,6,15,29,var_0 counter_var_1 +,35,counter_var_0 var_1 +
4101,114 69 78 107 113,25,114 64 30 99 113,11,6,14,6,9,7,17,var_0 counter_var_1 +,20,counter_var_0 var_1 +
4102,114 111 75 8 113,32,114 101 24 35 113,24,14,8,4,6,1,28,var_0 counter_var_1 +,22,counter_var_0 var_1 +
4103,114 66 14 33 113,10,114 52 51 42 113,8,23,2,11,14,5,19,var_0 counter_var_1 +,25,counter_var_0 var_1 +
4104,114 76 15 62 113,18,114 37 9 70 113,18,8,0,8,15,9,26,var_0 counter_var_1 +,8,counter_var_0 var_1 +
4105,114 27 31 82 113,47,114 42 65 67 113,27,13,20,5,8,19,32,var_0 counter_var_1 +,33,counter_var_0 var_1 +
4106,114 69 56 5 113,16,114 55 44 41 113,11,26,5,10,10,21,21,var_0 counter_var_1 +,31,counter_var_0 var_1 +
4107,114 91 33 14 113,18,114 34 85 31 113,4,5,14,0,10,16,4,var_0 counter_var_1 +,19,counter_var_0 var_1 +
4108,114 13 103 61 113,43,114 77 84 44 113,13,19,30,13,11,15,26,var_0 counter_var_1 +,49,counter_var_0 var_1 +
4109,114 62 23 98 113,9,114 38 38 59 113,4,9,5,28,0,15,32,var_0 counter_var_1 +,14,counter_var_0 var_1 +
4110,114 53 23 98 113,29,114 53 9 70 113,24,24,5,8,0,9,32,var_0 counter_var_1 +,29,counter_var_0 var_1 +
4111,114 49 78 107 113,34,114 112 4 78 113,20,25,14,16,9,4,36,var_0 counter_var_1 +,39,counter_var_0 var_1 +
4112,114 73 10 11 113,26,114 0 15 62 113,15,0,11,0,10,15,15,var_0 counter_var_1 +,11,counter_var_0 var_1 +
4113,114 80 55 10 113,32,114 89 66 88 113,22,2,10,26,9,20,48,var_0 counter_var_1 +,12,counter_var_0 var_1 +
4114,114 35 110 108 113,21,114 101 81 52 113,6,14,15,21,18,12,27,var_0 counter_var_1 +,29,counter_var_0 var_1 +
4115,114 68 54 53 113,32,114 26 54 53 113,10,26,22,22,8,8,32,var_0 counter_var_1 +,48,counter_var_0 var_1 +
4116,114 7 58 2 113,9,114 55 7 22 113,7,26,2,22,12,7,29,var_0 counter_var_1 +,28,counter_var_0 var_1 +
4117,114 112 104 4 113,29,114 50 84 44 113,25,21,4,13,12,15,38,var_0 counter_var_1 +,25,counter_var_0 var_1 +
4118,114 87 0 38 113,7,114 28 39 36 113,0,28,7,5,0,16,5,var_0 counter_var_1 +,35,counter_var_0 var_1 +
4119,114 57 51 42 113,39,114 92 36 19 113,28,5,11,19,5,13,47,var_0 counter_var_1 +,16,counter_var_0 var_1 +
4120,114 87 55 10 113,10,114 36 0 38 113,0,7,10,7,9,0,7,var_0 counter_var_1 +,17,counter_var_0 var_1 +
4121,114 33 17 112 113,23,114 25 108 85 113,4,25,19,23,17,16,27,var_0 counter_var_1 +,44,counter_var_0 var_1 +
4122,114 61 57 97 113,7,114 59 58 2 113,3,1,4,2,11,12,5,var_0 counter_var_1 +,5,counter_var_0 var_1 +
4123,114 49 35 37 113,26,114 34 35 37 113,20,5,6,6,12,12,26,var_0 counter_var_1 +,11,counter_var_0 var_1 +
4124,114 111 108 85 113,47,114 13 103 61 113,24,13,23,30,16,11,54,var_0 counter_var_1 +,36,counter_var_0 var_1 +
4125,114 31 27 101 113,10,114 55 12 83 113,2,26,8,21,4,12,23,var_0 counter_var_1 +,34,counter_var_0 var_1 +
4126,114 97 76 54 113,33,114 40 69 104 113,10,11,23,11,7,0,21,var_0 counter_var_1 +,34,counter_var_0 var_1 +
4127,114 34 8 57 113,31,114 16 37 110 113,5,16,26,17,8,14,22,var_0 counter_var_1 +,42,counter_var_0 var_1 +
4128,114 76 25 20 113,38,114 53 111 79 113,18,24,20,17,2,19,35,var_0 counter_var_1 +,44,counter_var_0 var_1 +
4129,114 24 75 8 113,32,114 102 34 47 113,24,15,8,16,6,11,40,var_0 counter_var_1 +,23,counter_var_0 var_1 +
4130,114 39 101 39 113,18,114 70 65 67 113,10,12,8,5,9,19,15,var_0 counter_var_1 +,20,counter_var_0 var_1 +
4131,114 51 39 36 113,27,114 56 3 86 113,22,27,5,24,16,3,46,var_0 counter_var_1 +,32,counter_var_0 var_1 +
4132,114 81 94 96 113,26,114 30 19 15 113,23,1,3,15,2,19,38,var_0 counter_var_1 +,4,counter_var_0 var_1 +
4133,114 0 111 79 113,17,114 66 77 69 113,0,8,17,7,19,8,7,var_0 counter_var_1 +,25,counter_var_0 var_1 +
4134,114 107 94 96 113,23,114 30 49 32 113,20,1,3,1,2,3,21,var_0 counter_var_1 +,4,counter_var_0 var_1 +
4135,114 29 23 98 113,5,114 111 10 11 113,0,24,5,11,0,10,11,var_0 counter_var_1 +,29,counter_var_0 var_1 +
4136,114 29 1 0 113,0,114 89 59 30 113,0,2,0,30,1,13,30,var_0 counter_var_1 +,2,counter_var_0 var_1 +
4137,114 90 56 5 113,8,114 112 25 20 113,3,25,5,20,10,2,23,var_0 counter_var_1 +,30,counter_var_0 var_1 +
4138,114 80 8 57 113,48,114 107 4 78 113,22,20,26,16,8,4,38,var_0 counter_var_1 +,46,counter_var_0 var_1 +
4139,114 4 31 82 113,24,114 5 12 83 113,4,5,20,21,8,12,25,var_0 counter_var_1 +,25,counter_var_0 var_1 +
4140,114 91 65 67 113,9,114 54 75 8 113,4,25,5,8,19,6,12,var_0 counter_var_1 +,30,counter_var_0 var_1 +
4141,114 70 41 34 113,15,114 20 52 9 113,12,20,3,9,18,6,21,var_0 counter_var_1 +,23,counter_var_0 var_1 +
4142,114 66 106 56 113,33,114 28 2 84 113,8,28,25,22,14,2,30,var_0 counter_var_1 +,53,counter_var_0 var_1 +
4143,114 73 63 26 113,41,114 104 5 24 113,15,17,26,24,17,5,39,var_0 counter_var_1 +,43,counter_var_0 var_1 +
4144,114 28 96 7 113,35,114 103 20 50 113,28,16,7,19,4,20,47,var_0 counter_var_1 +,23,counter_var_0 var_1 +
4145,114 54 61 89 113,52,114 76 46 87 113,25,18,27,25,15,0,50,var_0 counter_var_1 +,45,counter_var_0 var_1 +
4146,114 36 97 23 113,30,114 94 78 107 113,7,7,23,14,5,9,21,var_0 counter_var_1 +,30,counter_var_0 var_1 +
4147,114 2 33 14 113,16,114 32 64 66 113,2,3,14,4,10,18,6,var_0 counter_var_1 +,17,counter_var_0 var_1 +
4148,114 56 22 12 113,39,114 83 8 57 113,27,25,12,26,22,8,53,var_0 counter_var_1 +,37,counter_var_0 var_1 +
4149,114 106 79 58 113,46,114 92 77 69 113,19,5,27,7,10,8,26,var_0 counter_var_1 +,32,counter_var_0 var_1 +
4150,114 40 70 77 113,26,114 8 38 59 113,11,8,15,28,1,15,39,var_0 counter_var_1 +,23,counter_var_0 var_1 +
4151,114 46 23 98 113,22,114 105 62 43 113,17,18,5,12,0,16,29,var_0 counter_var_1 +,23,counter_var_0 var_1 +
4152,114 56 95 109 113,43,114 55 106 56 113,27,26,16,25,3,14,52,var_0 counter_var_1 +,42,counter_var_0 var_1 +
4153,114 35 14 33 113,8,114 1 105 111 113,6,1,2,18,14,13,24,var_0 counter_var_1 +,3,counter_var_0 var_1 +
4154,114 38 5 24 113,33,114 26 64 66 113,9,26,24,4,5,18,13,var_0 counter_var_1 +,50,counter_var_0 var_1 +
4155,114 83 82 90 113,53,114 84 91 106 113,25,26,28,13,13,22,38,var_0 counter_var_1 +,54,counter_var_0 var_1 +
4156,114 110 43 40 113,32,114 25 80 48 113,23,25,9,17,20,11,40,var_0 counter_var_1 +,34,counter_var_0 var_1 +
4157,114 21 10 11 113,32,114 27 104 4 113,21,27,11,4,10,12,25,var_0 counter_var_1 +,38,counter_var_0 var_1 +
4158,114 52 12 83 113,44,114 33 107 28 113,23,4,21,28,12,15,51,var_0 counter_var_1 +,25,counter_var_0 var_1 +
4159,114 90 37 110 113,20,114 79 39 36 113,3,21,17,5,14,16,8,var_0 counter_var_1 +,38,counter_var_0 var_1 +
4160,114 101 76 54 113,37,114 10 6 64 113,14,10,23,2,7,6,16,var_0 counter_var_1 +,33,counter_var_0 var_1 +
4161,114 19 79 58 113,46,114 105 97 23 113,19,18,27,23,10,5,42,var_0 counter_var_1 +,45,counter_var_0 var_1 +
4162,114 54 90 102 113,34,114 38 28 55 113,25,9,9,24,21,5,49,var_0 counter_var_1 +,18,counter_var_0 var_1 +
4163,114 39 83 3 113,13,114 32 42 46 113,10,3,3,15,14,19,25,var_0 counter_var_1 +,6,counter_var_0 var_1 +
4164,114 51 71 100 113,29,114 69 53 68 113,22,11,7,6,2,7,28,var_0 counter_var_1 +,18,counter_var_0 var_1 +
4165,114 32 4 78 113,19,114 89 7 22 113,3,2,16,22,4,7,25,var_0 counter_var_1 +,18,counter_var_0 var_1 +
4166,114 60 0 38 113,9,114 89 82 90 113,2,2,7,28,0,13,30,var_0 counter_var_1 +,9,counter_var_0 var_1 +
4167,114 24 6 64 113,26,114 34 84 44 113,24,5,2,13,6,15,37,var_0 counter_var_1 +,7,counter_var_0 var_1 +
4168,114 82 85 31 113,24,114 95 83 3 113,24,8,0,3,16,14,27,var_0 counter_var_1 +,8,counter_var_0 var_1 +
4169,114 112 98 74 113,37,114 72 33 14 113,25,14,12,14,6,10,39,var_0 counter_var_1 +,26,counter_var_0 var_1 +
4170,114 81 26 25 113,48,114 65 105 111 113,23,7,25,18,3,13,41,var_0 counter_var_1 +,32,counter_var_0 var_1 +
4171,114 60 6 64 113,4,114 61 91 106 113,2,3,2,13,6,22,15,var_0 counter_var_1 +,5,counter_var_0 var_1 +
4172,114 9 57 97 113,13,114 68 78 107 113,9,10,4,14,11,9,23,var_0 counter_var_1 +,14,counter_var_0 var_1 +
4173,114 32 3 86 113,27,114 95 13 18 113,3,8,24,18,3,13,21,var_0 counter_var_1 +,32,counter_var_0 var_1 +
4174,114 98 59 30 113,41,114 103 52 9 113,11,16,30,9,13,6,20,var_0 counter_var_1 +,46,counter_var_0 var_1 +
4175,114 78 78 107 113,34,114 84 85 31 113,20,26,14,0,9,16,20,var_0 counter_var_1 +,40,counter_var_0 var_1 +
4176,114 90 58 2 113,5,114 8 84 44 113,3,8,2,13,12,15,16,var_0 counter_var_1 +,10,counter_var_0 var_1 +
4177,114 112 22 12 113,37,114 83 110 108 113,25,25,12,15,22,18,40,var_0 counter_var_1 +,37,counter_var_0 var_1 +
4178,114 93 15 62 113,6,114 33 13 18 113,6,4,0,18,15,13,24,var_0 counter_var_1 +,4,counter_var_0 var_1 +
4179,114 63 100 75 113,18,114 75 0 38 113,5,17,13,7,8,0,12,var_0 counter_var_1 +,30,counter_var_0 var_1 +
4180,114 100 76 54 113,36,114 82 107 28 113,13,24,23,28,7,15,41,var_0 counter_var_1 +,47,counter_var_0 var_1 +
4181,114 111 61 89 113,51,114 31 86 94 113,24,2,27,1,15,17,25,var_0 counter_var_1 +,29,counter_var_0 var_1 +
4182,114 96 77 69 113,16,114 72 67 80 113,9,14,7,18,8,21,27,var_0 counter_var_1 +,21,counter_var_0 var_1 +
4183,114 83 102 45 113,39,114 88 67 80 113,25,1,14,18,10,21,43,var_0 counter_var_1 +,15,counter_var_0 var_1 +
4184,114 79 98 74 113,33,114 79 3 86 113,21,21,12,24,6,3,45,var_0 counter_var_1 +,33,counter_var_0 var_1 +
4185,114 67 72 81 113,28,114 27 34 47 113,9,27,19,16,3,11,25,var_0 counter_var_1 +,46,counter_var_0 var_1 +
4186,114 2 68 71 113,11,114 27 99 92 113,2,27,9,30,22,7,32,var_0 counter_var_1 +,36,counter_var_0 var_1 +
4187,114 55 94 96 113,29,114 37 60 63 113,26,8,3,1,2,14,27,var_0 counter_var_1 +,11,counter_var_0 var_1 +
4188,114 112 45 103 113,35,114 12 73 73 113,25,12,10,11,22,4,36,var_0 counter_var_1 +,22,counter_var_0 var_1 +
4189,114 96 16 21 113,30,114 3 110 108 113,9,3,21,15,16,18,24,var_0 counter_var_1 +,24,counter_var_0 var_1 +
4190,114 68 98 74 113,22,114 29 84 44 113,10,0,12,13,6,15,23,var_0 counter_var_1 +,12,counter_var_0 var_1 +
4191,114 75 0 38 113,24,114 42 61 89 113,17,13,7,27,0,15,44,var_0 counter_var_1 +,20,counter_var_0 var_1 +
4192,114 31 33 14 113,16,114 91 107 28 113,2,4,14,28,10,15,30,var_0 counter_var_1 +,18,counter_var_0 var_1 +
4193,114 105 52 9 113,27,114 96 51 42 113,18,9,9,11,6,5,29,var_0 counter_var_1 +,18,counter_var_0 var_1 +
4194,114 68 56 5 113,15,114 18 30 99 113,10,18,5,6,10,7,16,var_0 counter_var_1 +,23,counter_var_0 var_1 +
4195,114 22 41 34 113,25,114 52 91 106 113,22,23,3,13,18,22,35,var_0 counter_var_1 +,26,counter_var_0 var_1 +
4196,114 14 106 56 113,39,114 5 40 76 113,14,5,25,14,14,17,28,var_0 counter_var_1 +,30,counter_var_0 var_1 +
4197,114 106 26 25 113,44,114 30 12 83 113,19,1,25,21,3,12,40,var_0 counter_var_1 +,26,counter_var_0 var_1 +
4198,114 16 89 29 113,45,114 10 102 45 113,16,10,29,14,20,10,30,var_0 counter_var_1 +,39,counter_var_0 var_1 +
4199,114 96 17 112 113,28,114 64 52 9 113,9,6,19,9,17,6,18,var_0 counter_var_1 +,25,counter_var_0 var_1 +
4200,114 20 110 108 113,35,114 99 40 76 113,20,12,15,14,18,17,34,var_0 counter_var_1 +,27,counter_var_0 var_1 +
4201,114 20 60 63 113,21,114 61 33 14 113,20,3,1,14,14,10,34,var_0 counter_var_1 +,4,counter_var_0 var_1 +
4202,114 78 82 90 113,48,114 70 84 44 113,20,12,28,13,13,15,33,var_0 counter_var_1 +,40,counter_var_0 var_1 +
4203,114 6 102 45 113,20,114 58 33 14 113,6,0,14,14,10,10,20,var_0 counter_var_1 +,14,counter_var_0 var_1 +
4204,114 105 13 18 113,36,114 3 57 97 113,18,3,18,4,13,11,22,var_0 counter_var_1 +,21,counter_var_0 var_1 +
4205,114 87 32 1 113,1,114 70 41 34 113,0,12,1,3,9,18,3,var_0 counter_var_1 +,13,counter_var_0 var_1 +
4206,114 97 65 67 113,15,114 2 31 82 113,10,2,5,20,19,8,30,var_0 counter_var_1 +,7,counter_var_0 var_1 +
4207,114 77 91 106 113,32,114 36 48 95 113,19,7,13,2,22,2,21,var_0 counter_var_1 +,20,counter_var_0 var_1 +
4208,114 84 2 84 113,48,114 75 97 23 113,26,17,22,23,2,5,49,var_0 counter_var_1 +,39,counter_var_0 var_1 +
4209,114 69 70 77 113,26,114 7 4 78 113,11,7,15,16,1,4,27,var_0 counter_var_1 +,22,counter_var_0 var_1 +
4210,114 47 37 110 113,35,114 41 23 98 113,18,12,17,5,14,0,23,var_0 counter_var_1 +,29,counter_var_0 var_1 +
4211,114 97 89 29 113,39,114 7 44 41 113,10,7,29,10,20,21,20,var_0 counter_var_1 +,36,counter_var_0 var_1 +
4212,114 65 3 86 113,31,114 51 107 28 113,7,22,24,28,3,15,35,var_0 counter_var_1 +,46,counter_var_0 var_1 +
4213,114 63 47 93 113,5,114 47 85 31 113,5,18,0,0,1,16,5,var_0 counter_var_1 +,18,counter_var_0 var_1 +
4214,114 45 28 55 113,40,114 76 56 5 113,16,18,24,5,5,10,21,var_0 counter_var_1 +,42,counter_var_0 var_1 +
4215,114 102 106 56 113,40,114 31 6 64 113,15,2,25,2,14,6,17,var_0 counter_var_1 +,27,counter_var_0 var_1 +
4216,114 8 45 103 113,18,114 59 16 21 113,8,1,10,21,22,16,29,var_0 counter_var_1 +,11,counter_var_0 var_1 +
4217,114 0 34 47 113,16,114 12 13 18 113,0,12,16,18,11,13,18,var_0 counter_var_1 +,28,counter_var_0 var_1 +
4218,114 47 83 3 113,21,114 70 77 69 113,18,12,3,7,14,8,25,var_0 counter_var_1 +,15,counter_var_0 var_1 +
4219,114 105 57 97 113,22,114 90 80 48 113,18,3,4,17,11,11,35,var_0 counter_var_1 +,7,counter_var_0 var_1 +
4220,114 96 1 0 113,9,114 26 103 61 113,9,26,0,30,1,11,39,var_0 counter_var_1 +,26,counter_var_0 var_1 +
4221,114 68 41 34 113,13,114 52 26 25 113,10,23,3,25,18,3,35,var_0 counter_var_1 +,26,counter_var_0 var_1 +
4222,114 91 51 42 113,15,114 8 13 18 113,4,8,11,18,5,13,22,var_0 counter_var_1 +,19,counter_var_0 var_1 +
4223,114 11 81 52 113,32,114 52 14 33 113,11,23,21,2,12,14,13,var_0 counter_var_1 +,44,counter_var_0 var_1 +
4224,114 61 91 106 113,16,114 57 93 105 113,3,28,13,12,22,1,15,var_0 counter_var_1 +,41,counter_var_0 var_1 +
4225,114 90 46 87 113,28,114 40 36 19 113,3,11,25,19,0,13,22,var_0 counter_var_1 +,36,counter_var_0 var_1 +
4226,114 87 20 50 113,19,114 48 90 102 113,0,19,19,9,20,21,9,var_0 counter_var_1 +,38,counter_var_0 var_1 +
4227,114 54 24 35 113,29,114 71 67 80 113,25,13,4,18,1,21,43,var_0 counter_var_1 +,17,counter_var_0 var_1 +
4228,114 58 29 17 113,17,114 57 87 60 113,0,28,17,29,6,18,29,var_0 counter_var_1 +,45,counter_var_0 var_1 +
4229,114 33 96 7 113,11,114 78 83 3 113,4,20,7,3,4,14,7,var_0 counter_var_1 +,27,counter_var_0 var_1 +
4230,114 43 89 29 113,43,114 5 57 97 113,14,5,29,4,20,11,18,var_0 counter_var_1 +,34,counter_var_0 var_1 +
4231,114 41 104 4 113,16,114 68 12 83 113,12,10,4,21,12,12,33,var_0 counter_var_1 +,14,counter_var_0 var_1 +
4232,114 37 22 12 113,20,114 60 28 55 113,8,2,12,24,22,5,32,var_0 counter_var_1 +,14,counter_var_0 var_1 +
4233,114 108 100 75 113,34,114 26 87 60 113,21,26,13,29,8,18,50,var_0 counter_var_1 +,39,counter_var_0 var_1 +
4234,114 48 20 50 113,38,114 89 2 84 113,19,2,19,22,20,2,41,var_0 counter_var_1 +,21,counter_var_0 var_1 +
4235,114 100 92 51 113,33,114 107 9 70 113,13,20,20,8,0,9,21,var_0 counter_var_1 +,40,counter_var_0 var_1 +
4236,114 55 50 27 113,53,114 89 108 85 113,26,2,27,23,4,16,49,var_0 counter_var_1 +,29,counter_var_0 var_1 +
4237,114 17 55 10 113,27,114 25 111 79 113,17,25,10,17,9,19,34,var_0 counter_var_1 +,35,counter_var_0 var_1 +
4238,114 36 90 102 113,16,114 105 31 82 113,7,18,9,20,21,8,27,var_0 counter_var_1 +,27,counter_var_0 var_1 +
4239,114 82 96 7 113,31,114 35 26 25 113,24,6,7,25,4,3,49,var_0 counter_var_1 +,13,counter_var_0 var_1 +
4240,114 60 27 101 113,10,114 61 97 23 113,2,3,8,23,4,5,25,var_0 counter_var_1 +,11,counter_var_0 var_1 +
4241,114 49 75 8 113,28,114 6 93 105 113,20,6,8,12,6,1,32,var_0 counter_var_1 +,14,counter_var_0 var_1 +
4242,114 62 69 104 113,15,114 69 78 107 113,4,11,11,14,0,9,18,var_0 counter_var_1 +,22,counter_var_0 var_1 +
4243,114 89 16 21 113,23,114 85 87 60 113,2,27,21,29,16,18,31,var_0 counter_var_1 +,48,counter_var_0 var_1 +
4244,114 105 43 40 113,27,114 54 95 109 113,18,25,9,16,20,3,34,var_0 counter_var_1 +,34,counter_var_0 var_1 +
4245,114 58 108 85 113,23,114 71 39 36 113,0,13,23,5,16,16,5,var_0 counter_var_1 +,36,counter_var_0 var_1 +
4246,114 109 76 54 113,45,114 77 41 34 113,22,19,23,3,7,18,25,var_0 counter_var_1 +,42,counter_var_0 var_1 +
4247,114 47 111 79 113,35,114 29 44 41 113,18,0,17,10,19,21,28,var_0 counter_var_1 +,17,counter_var_0 var_1 +
4248,114 70 93 105 113,24,114 77 96 7 113,12,19,12,7,1,4,19,var_0 counter_var_1 +,31,counter_var_0 var_1 +
4249,114 80 3 86 113,46,114 2 43 40 113,22,2,24,9,3,20,31,var_0 counter_var_1 +,26,counter_var_0 var_1 +
4250,114 91 82 90 113,32,114 95 85 31 113,4,8,28,0,13,16,4,var_0 counter_var_1 +,36,counter_var_0 var_1 +
4251,114 18 112 13 113,31,114 14 94 96 113,18,14,13,3,20,2,21,var_0 counter_var_1 +,27,counter_var_0 var_1 +
4252,114 83 59 30 113,55,114 28 109 65 113,25,28,30,3,13,17,28,var_0 counter_var_1 +,58,counter_var_0 var_1 +
4253,114 95 20 50 113,27,114 80 67 80 113,8,22,19,18,20,21,26,var_0 counter_var_1 +,41,counter_var_0 var_1 +
4254,114 57 24 35 113,32,114 6 1 0 113,28,6,4,0,1,1,28,var_0 counter_var_1 +,10,counter_var_0 var_1 +
4255,114 1 7 22 113,23,114 5 75 8 113,1,5,22,8,7,6,9,var_0 counter_var_1 +,27,counter_var_0 var_1 +
4256,114 25 67 80 113,43,114 28 45 103 113,25,28,18,10,21,22,35,var_0 counter_var_1 +,46,counter_var_0 var_1 +
4257,114 91 31 82 113,24,114 45 4 78 113,4,16,20,16,8,4,20,var_0 counter_var_1 +,36,counter_var_0 var_1 +
4258,114 79 107 28 113,49,114 40 73 73 113,21,11,28,11,15,4,32,var_0 counter_var_1 +,39,counter_var_0 var_1 +
4259,114 20 71 100 113,27,114 55 102 45 113,20,26,7,14,2,10,34,var_0 counter_var_1 +,33,counter_var_0 var_1 +
4260,114 86 16 21 113,49,114 23 22 12 113,28,23,21,12,16,22,40,var_0 counter_var_1 +,44,counter_var_0 var_1 +
4261,114 110 51 42 113,34,114 16 71 100 113,23,16,11,7,5,2,30,var_0 counter_var_1 +,27,counter_var_0 var_1 +
4262,114 23 68 71 113,32,114 101 61 89 113,23,14,9,27,22,15,50,var_0 counter_var_1 +,23,counter_var_0 var_1 +
4263,114 58 53 68 113,6,114 111 56 5 113,0,24,6,5,7,10,5,var_0 counter_var_1 +,30,counter_var_0 var_1 +
4264,114 53 14 33 113,26,114 103 28 55 113,24,16,2,24,14,5,48,var_0 counter_var_1 +,18,counter_var_0 var_1 +
4265,114 7 18 72 113,17,114 111 5 24 113,7,24,10,24,18,5,31,var_0 counter_var_1 +,34,counter_var_0 var_1 +
4266,114 98 26 25 113,36,114 46 95 109 113,11,17,25,16,3,3,27,var_0 counter_var_1 +,42,counter_var_0 var_1 +
4267,114 47 64 66 113,22,114 112 82 90 113,18,25,4,28,18,13,46,var_0 counter_var_1 +,29,counter_var_0 var_1 +
4268,114 61 71 100 113,10,114 77 75 8 113,3,19,7,8,2,6,11,var_0 counter_var_1 +,26,counter_var_0 var_1 +
4269,114 98 61 89 113,38,114 60 57 97 113,11,2,27,4,15,11,15,var_0 counter_var_1 +,29,counter_var_0 var_1 +
4270,114 60 30 99 113,8,114 16 95 109 113,2,16,6,16,7,3,18,var_0 counter_var_1 +,22,counter_var_0 var_1 +
4271,114 88 102 45 113,15,114 75 104 4 113,1,17,14,4,10,12,5,var_0 counter_var_1 +,31,counter_var_0 var_1 +
4272,114 90 25 20 113,23,114 106 97 23 113,3,19,20,23,2,5,26,var_0 counter_var_1 +,39,counter_var_0 var_1 +
4273,114 38 32 1 113,10,114 56 43 40 113,9,27,1,9,9,20,18,var_0 counter_var_1 +,28,counter_var_0 var_1 +
4274,114 86 53 68 113,34,114 38 33 14 113,28,9,6,14,7,10,42,var_0 counter_var_1 +,15,counter_var_0 var_1 +
4275,114 66 40 76 113,22,114 4 112 13 113,8,4,14,13,17,20,21,var_0 counter_var_1 +,18,counter_var_0 var_1 +
4276,114 9 15 62 113,9,114 91 112 13 113,9,4,0,13,15,20,22,var_0 counter_var_1 +,4,counter_var_0 var_1 +
4277,114 63 19 15 113,20,114 17 75 8 113,5,17,15,8,19,6,13,var_0 counter_var_1 +,32,counter_var_0 var_1 +
4278,114 42 28 55 113,37,114 60 68 71 113,13,2,24,9,5,22,22,var_0 counter_var_1 +,26,counter_var_0 var_1 +
4279,114 64 52 9 113,15,114 13 101 39 113,6,13,9,8,6,9,14,var_0 counter_var_1 +,22,counter_var_0 var_1 +
4280,114 69 41 34 113,14,114 41 46 87 113,11,12,3,25,18,0,36,var_0 counter_var_1 +,15,counter_var_0 var_1 +
4281,114 51 100 75 113,35,114 103 67 80 113,22,16,13,18,8,21,40,var_0 counter_var_1 +,29,counter_var_0 var_1 +
4282,114 46 80 48 113,34,114 80 63 26 113,17,22,17,26,11,17,43,var_0 counter_var_1 +,39,counter_var_0 var_1 +
4283,114 13 14 33 113,15,114 81 60 63 113,13,23,2,1,14,14,14,var_0 counter_var_1 +,25,counter_var_0 var_1 +
4284,114 72 104 4 113,18,114 59 81 52 113,14,1,4,21,12,12,35,var_0 counter_var_1 +,5,counter_var_0 var_1 +
4285,114 91 75 8 113,12,114 79 80 48 113,4,21,8,17,6,11,21,var_0 counter_var_1 +,29,counter_var_0 var_1 +
4286,114 65 39 36 113,12,114 108 26 25 113,7,21,5,25,16,3,32,var_0 counter_var_1 +,26,counter_var_0 var_1 +
4287,114 87 44 41 113,10,114 49 64 66 113,0,20,10,4,21,18,4,var_0 counter_var_1 +,30,counter_var_0 var_1 +
4288,114 72 2 84 113,36,114 80 99 92 113,14,22,22,30,2,7,44,var_0 counter_var_1 +,44,counter_var_0 var_1 +
4289,114 50 27 101 113,29,114 12 84 44 113,21,12,8,13,4,15,34,var_0 counter_var_1 +,20,counter_var_0 var_1 +
4290,114 0 91 106 113,13,114 24 91 106 113,0,24,13,13,22,22,13,var_0 counter_var_1 +,37,counter_var_0 var_1 +
4291,114 0 90 102 113,9,114 111 2 84 113,0,24,9,22,21,2,22,var_0 counter_var_1 +,33,counter_var_0 var_1 +
4292,114 37 41 34 113,11,114 66 22 12 113,8,8,3,12,18,22,20,var_0 counter_var_1 +,11,counter_var_0 var_1 +
4293,114 63 15 62 113,5,114 56 42 46 113,5,27,0,15,15,19,20,var_0 counter_var_1 +,27,counter_var_0 var_1 +
4294,114 65 91 106 113,20,114 99 19 15 113,7,12,13,15,22,19,22,var_0 counter_var_1 +,25,counter_var_0 var_1 +
4295,114 4 27 101 113,12,114 46 19 15 113,4,17,8,15,4,19,19,var_0 counter_var_1 +,25,counter_var_0 var_1 +
4296,114 31 12 83 113,23,114 74 90 102 113,2,16,21,9,12,21,11,var_0 counter_var_1 +,37,counter_var_0 var_1 +
4297,114 89 5 24 113,26,114 62 92 51 113,2,4,24,20,5,0,22,var_0 counter_var_1 +,28,counter_var_0 var_1 +
4298,114 89 20 50 113,21,114 79 27 101 113,2,21,19,8,20,4,10,var_0 counter_var_1 +,40,counter_var_0 var_1 +
4299,114 73 82 90 113,43,114 43 56 5 113,15,14,28,5,13,10,20,var_0 counter_var_1 +,42,counter_var_0 var_1 +
4300,114 31 51 42 113,13,114 9 56 5 113,2,9,11,5,5,10,7,var_0 counter_var_1 +,20,counter_var_0 var_1 +
4301,114 10 78 107 113,24,114 14 51 42 113,10,14,14,11,9,5,21,var_0 counter_var_1 +,28,counter_var_0 var_1 +
4302,114 73 54 53 113,37,114 39 72 81 113,15,10,22,19,8,3,34,var_0 counter_var_1 +,32,counter_var_0 var_1 +
4303,114 20 19 15 113,35,114 0 20 50 113,20,0,15,19,19,20,39,var_0 counter_var_1 +,15,counter_var_0 var_1 +
4304,114 0 33 14 113,14,114 9 94 96 113,0,9,14,3,10,2,3,var_0 counter_var_1 +,23,counter_var_0 var_1 +
4305,114 5 70 77 113,20,114 102 63 26 113,5,15,15,26,1,17,31,var_0 counter_var_1 +,30,counter_var_0 var_1 +
4306,114 78 58 2 113,22,114 2 72 81 113,20,2,2,19,12,3,39,var_0 counter_var_1 +,4,counter_var_0 var_1 +
4307,114 25 93 105 113,37,114 68 56 5 113,25,10,12,5,1,10,30,var_0 counter_var_1 +,22,counter_var_0 var_1 +
4308,114 71 81 52 113,34,114 85 15 62 113,13,27,21,0,12,15,13,var_0 counter_var_1 +,48,counter_var_0 var_1 +
4309,114 36 105 111 113,25,114 46 7 22 113,7,17,18,22,13,7,29,var_0 counter_var_1 +,35,counter_var_0 var_1 +
4310,114 74 49 32 113,17,114 41 53 68 113,16,12,1,6,3,7,22,var_0 counter_var_1 +,13,counter_var_0 var_1 +
4311,114 66 83 3 113,11,114 76 78 107 113,8,18,3,14,14,9,22,var_0 counter_var_1 +,21,counter_var_0 var_1 +
4312,114 50 70 77 113,36,114 76 81 52 113,21,18,15,21,1,12,42,var_0 counter_var_1 +,33,counter_var_0 var_1 +
4313,114 89 54 53 113,24,114 31 13 18 113,2,2,22,18,8,13,20,var_0 counter_var_1 +,24,counter_var_0 var_1 +
4314,114 34 17 112 113,24,114 54 89 29 113,5,25,19,29,17,20,34,var_0 counter_var_1 +,44,counter_var_0 var_1 +
4315,114 52 4 78 113,39,114 39 100 75 113,23,10,16,13,4,8,36,var_0 counter_var_1 +,26,counter_var_0 var_1 +
4316,114 70 32 1 113,13,114 25 95 109 113,12,25,1,16,9,3,28,var_0 counter_var_1 +,26,counter_var_0 var_1 +
4317,114 14 81 52 113,35,114 112 7 22 113,14,25,21,22,12,7,36,var_0 counter_var_1 +,46,counter_var_0 var_1 +
4318,114 8 79 58 113,35,114 64 9 70 113,8,6,27,8,10,9,16,var_0 counter_var_1 +,33,counter_var_0 var_1 +
4319,114 36 56 5 113,12,114 84 27 101 113,7,26,5,8,10,4,15,var_0 counter_var_1 +,31,counter_var_0 var_1 +
4320,114 44 101 39 113,23,114 52 7 22 113,15,23,8,22,9,7,37,var_0 counter_var_1 +,31,counter_var_0 var_1 +
4321,114 3 82 90 113,31,114 110 99 92 113,3,23,28,30,13,7,33,var_0 counter_var_1 +,51,counter_var_0 var_1 +
4322,114 25 38 59 113,53,114 104 16 21 113,25,17,28,21,15,16,46,var_0 counter_var_1 +,45,counter_var_0 var_1 +
4323,114 112 41 34 113,28,114 91 100 75 113,25,4,3,13,18,8,38,var_0 counter_var_1 +,7,counter_var_0 var_1 +
4324,114 59 107 28 113,29,114 19 64 66 113,1,19,28,4,15,18,5,var_0 counter_var_1 +,47,counter_var_0 var_1 +
4325,114 17 53 68 113,23,114 28 84 44 113,17,28,6,13,7,15,30,var_0 counter_var_1 +,34,counter_var_0 var_1 +
4326,114 50 109 65 113,24,114 17 102 45 113,21,17,3,14,17,10,35,var_0 counter_var_1 +,20,counter_var_0 var_1 +
4327,114 62 25 20 113,24,114 64 110 108 113,4,6,20,15,2,18,19,var_0 counter_var_1 +,26,counter_var_0 var_1 +
4328,114 85 41 34 113,30,114 22 54 53 113,27,22,3,22,18,8,49,var_0 counter_var_1 +,25,counter_var_0 var_1 +
4329,114 6 94 96 113,9,114 62 89 29 113,6,4,3,29,2,20,35,var_0 counter_var_1 +,7,counter_var_0 var_1 +
4330,114 80 87 60 113,51,114 79 44 41 113,22,21,29,10,18,21,32,var_0 counter_var_1 +,50,counter_var_0 var_1 +
4331,114 50 7 22 113,43,114 58 36 19 113,21,0,22,19,7,13,40,var_0 counter_var_1 +,22,counter_var_0 var_1 +
4332,114 100 90 102 113,22,114 75 112 13 113,13,17,9,13,21,20,26,var_0 counter_var_1 +,26,counter_var_0 var_1 +
4333,114 7 77 69 113,14,114 38 50 27 113,7,9,7,27,8,4,34,var_0 counter_var_1 +,16,counter_var_0 var_1 +
4334,114 67 67 80 113,27,114 5 21 49 113,9,5,18,18,21,21,27,var_0 counter_var_1 +,23,counter_var_0 var_1 +
4335,114 34 103 61 113,35,114 62 88 16 113,5,4,30,16,11,19,21,var_0 counter_var_1 +,34,counter_var_0 var_1 +
4336,114 104 54 53 113,39,114 23 31 82 113,17,23,22,20,8,8,37,var_0 counter_var_1 +,45,counter_var_0 var_1 +
4337,114 54 45 103 113,35,114 8 23 98 113,25,8,10,5,22,0,30,var_0 counter_var_1 +,18,counter_var_0 var_1 +
4338,114 68 60 63 113,11,114 53 98 74 113,10,24,1,12,14,6,22,var_0 counter_var_1 +,25,counter_var_0 var_1 +
4339,114 105 63 26 113,44,114 67 79 58 113,18,9,26,27,17,10,45,var_0 counter_var_1 +,35,counter_var_0 var_1 +
4340,114 70 4 78 113,28,114 42 38 59 113,12,13,16,28,4,15,40,var_0 counter_var_1 +,29,counter_var_0 var_1 +
4341,114 79 45 103 113,31,114 73 93 105 113,21,15,10,12,22,1,33,var_0 counter_var_1 +,25,counter_var_0 var_1 +
4342,114 82 80 48 113,41,114 105 72 81 113,24,18,17,19,11,3,43,var_0 counter_var_1 +,35,counter_var_0 var_1 +
4343,114 110 2 84 113,45,114 92 13 18 113,23,5,22,18,2,13,41,var_0 counter_var_1 +,27,counter_var_0 var_1 +
4344,114 55 87 60 113,55,114 96 42 46 113,26,9,29,15,18,19,41,var_0 counter_var_1 +,38,counter_var_0 var_1 +
4345,114 99 11 6 113,18,114 106 22 12 113,12,19,6,12,11,22,24,var_0 counter_var_1 +,25,counter_var_0 var_1 +
4346,114 73 53 68 113,21,114 17 99 92 113,15,17,6,30,7,7,45,var_0 counter_var_1 +,23,counter_var_0 var_1 +
4347,114 112 70 77 113,40,114 80 94 96 113,25,22,15,3,1,2,28,var_0 counter_var_1 +,37,counter_var_0 var_1 +
4348,114 42 109 65 113,16,114 50 3 86 113,13,21,3,24,17,3,37,var_0 counter_var_1 +,24,counter_var_0 var_1 +
4349,114 84 1 0 113,26,114 86 72 81 113,26,28,0,19,1,3,45,var_0 counter_var_1 +,28,counter_var_0 var_1 +
4350,114 27 9 70 113,35,114 49 18 72 113,27,20,8,10,9,18,37,var_0 counter_var_1 +,28,counter_var_0 var_1 +
4351,114 111 32 1 113,25,114 66 94 96 113,24,8,1,3,9,2,27,var_0 counter_var_1 +,9,counter_var_0 var_1 +
4352,114 102 41 34 113,18,114 104 19 15 113,15,17,3,15,18,19,30,var_0 counter_var_1 +,20,counter_var_0 var_1 +
4353,114 67 107 28 113,37,114 48 72 81 113,9,19,28,19,15,3,28,var_0 counter_var_1 +,47,counter_var_0 var_1 +
4354,114 75 97 23 113,40,114 21 24 35 113,17,21,23,4,5,1,21,var_0 counter_var_1 +,44,counter_var_0 var_1 +
4355,114 49 84 44 113,33,114 23 56 5 113,20,23,13,5,15,10,25,var_0 counter_var_1 +,36,counter_var_0 var_1 +
4356,114 76 81 52 113,39,114 82 97 23 113,18,24,21,23,12,5,41,var_0 counter_var_1 +,45,counter_var_0 var_1 +
4357,114 4 6 64 113,6,114 80 78 107 113,4,22,2,14,6,9,18,var_0 counter_var_1 +,24,counter_var_0 var_1 +
4358,114 53 2 84 113,46,114 65 7 22 113,24,7,22,22,2,7,46,var_0 counter_var_1 +,29,counter_var_0 var_1 +
4359,114 96 82 90 113,37,114 32 8 57 113,9,3,28,26,13,8,35,var_0 counter_var_1 +,31,counter_var_0 var_1 +
4360,114 7 23 98 113,12,114 39 2 84 113,7,10,5,22,0,2,29,var_0 counter_var_1 +,15,counter_var_0 var_1 +
4361,114 6 89 29 113,35,114 79 55 10 113,6,21,29,10,20,9,16,var_0 counter_var_1 +,50,counter_var_0 var_1 +
4362,114 63 86 94 113,6,114 9 57 97 113,5,9,1,4,17,11,9,var_0 counter_var_1 +,10,counter_var_0 var_1 +
4363,114 9 18 72 113,19,114 81 71 100 113,9,23,10,7,18,2,16,var_0 counter_var_1 +,33,counter_var_0 var_1 +
4364,114 34 41 34 113,8,114 21 104 4 113,5,21,3,4,18,12,9,var_0 counter_var_1 +,24,counter_var_0 var_1 +
4365,114 39 17 112 113,29,114 58 55 10 113,10,0,19,10,17,9,20,var_0 counter_var_1 +,19,counter_var_0 var_1 +
4366,114 48 68 71 113,28,114 60 95 109 113,19,2,9,16,22,3,35,var_0 counter_var_1 +,11,counter_var_0 var_1 +
4367,114 34 25 20 113,25,114 84 76 54 113,5,26,20,23,2,7,28,var_0 counter_var_1 +,46,counter_var_0 var_1 +
4368,114 33 94 96 113,7,114 86 8 57 113,4,28,3,26,2,8,30,var_0 counter_var_1 +,31,counter_var_0 var_1 +
4369,114 90 55 10 113,13,114 28 100 75 113,3,28,10,13,9,8,16,var_0 counter_var_1 +,38,counter_var_0 var_1 +
4370,114 50 100 75 113,34,114 107 70 77 113,21,20,13,15,8,1,36,var_0 counter_var_1 +,33,counter_var_0 var_1 +
4371,114 12 72 81 113,31,114 100 30 99 113,12,13,19,6,3,7,18,var_0 counter_var_1 +,32,counter_var_0 var_1 +
4372,114 9 104 4 113,13,114 16 4 78 113,9,16,4,16,12,4,25,var_0 counter_var_1 +,20,counter_var_0 var_1 +
4373,114 75 5 24 113,41,114 28 74 91 113,17,28,24,29,5,5,46,var_0 counter_var_1 +,52,counter_var_0 var_1 +
4374,114 9 108 85 113,32,114 109 12 83 113,9,22,23,21,16,12,30,var_0 counter_var_1 +,45,counter_var_0 var_1 +
4375,114 102 107 28 113,43,114 92 35 37 113,15,5,28,6,15,12,21,var_0 counter_var_1 +,33,counter_var_0 var_1 +
4376,114 94 70 77 113,22,114 14 53 68 113,7,14,15,6,1,7,13,var_0 counter_var_1 +,29,counter_var_0 var_1 +
4377,114 106 108 85 113,42,114 4 44 41 113,19,4,23,10,16,21,29,var_0 counter_var_1 +,27,counter_var_0 var_1 +
4378,114 33 11 6 113,10,114 50 44 41 113,4,21,6,10,11,21,14,var_0 counter_var_1 +,27,counter_var_0 var_1 +
4379,114 9 67 80 113,27,114 88 72 81 113,9,1,18,19,21,3,28,var_0 counter_var_1 +,19,counter_var_0 var_1 +
4380,114 50 54 53 113,43,114 107 75 8 113,21,20,22,8,8,6,29,var_0 counter_var_1 +,42,counter_var_0 var_1 +
4381,114 34 83 3 113,8,114 4 25 20 113,5,4,3,20,14,2,25,var_0 counter_var_1 +,7,counter_var_0 var_1 +
4382,114 1 42 46 113,16,114 76 87 60 113,1,18,15,29,19,18,30,var_0 counter_var_1 +,33,counter_var_0 var_1 +
4383,114 9 36 19 113,28,114 26 85 31 113,9,26,19,0,13,16,9,var_0 counter_var_1 +,45,counter_var_0 var_1 +
4384,114 44 64 66 113,19,114 107 13 18 113,15,20,4,18,18,13,33,var_0 counter_var_1 +,24,counter_var_0 var_1 +
4385,114 70 9 70 113,20,114 23 10 11 113,12,23,8,11,9,10,23,var_0 counter_var_1 +,31,counter_var_0 var_1 +
4386,114 7 72 81 113,26,114 18 69 104 113,7,18,19,11,3,0,18,var_0 counter_var_1 +,37,counter_var_0 var_1 +
4387,114 34 21 49 113,23,114 25 32 1 113,5,25,18,1,21,9,6,var_0 counter_var_1 +,43,counter_var_0 var_1 +
4388,114 104 21 49 113,35,114 44 87 60 113,17,15,18,29,21,18,46,var_0 counter_var_1 +,33,counter_var_0 var_1 +
4389,114 45 7 22 113,38,114 91 0 38 113,16,4,22,7,7,0,23,var_0 counter_var_1 +,26,counter_var_0 var_1 +
4390,114 62 71 100 113,11,114 15 76 54 113,4,15,7,23,2,7,27,var_0 counter_var_1 +,22,counter_var_0 var_1 +
4391,114 18 12 83 113,39,114 94 14 33 113,18,7,21,2,12,14,20,var_0 counter_var_1 +,28,counter_var_0 var_1 +
4392,114 51 26 25 113,47,114 40 10 11 113,22,11,25,11,3,10,33,var_0 counter_var_1 +,36,counter_var_0 var_1 +
4393,114 107 30 99 113,26,114 3 9 70 113,20,3,6,8,7,9,28,var_0 counter_var_1 +,9,counter_var_0 var_1 +
4394,114 102 95 109 113,31,114 11 62 43 113,15,11,16,12,3,16,27,var_0 counter_var_1 +,27,counter_var_0 var_1 +
4395,114 46 53 68 113,23,114 99 77 69 113,17,12,6,7,7,8,24,var_0 counter_var_1 +,18,counter_var_0 var_1 +
4396,114 97 30 99 113,16,114 50 50 27 113,10,21,6,27,7,4,37,var_0 counter_var_1 +,27,counter_var_0 var_1 +
4397,114 24 25 20 113,44,114 86 70 77 113,24,28,20,15,2,1,39,var_0 counter_var_1 +,48,counter_var_0 var_1 +
4398,114 6 99 92 113,36,114 68 92 51 113,6,10,30,20,7,0,26,var_0 counter_var_1 +,40,counter_var_0 var_1 +
4399,114 50 107 28 113,49,114 24 27 101 113,21,24,28,8,15,4,29,var_0 counter_var_1 +,52,counter_var_0 var_1 +
4400,114 47 41 34 113,21,114 33 50 27 113,18,4,3,27,18,4,45,var_0 counter_var_1 +,7,counter_var_0 var_1 +
4401,114 98 86 94 113,12,114 86 91 106 113,11,28,1,13,17,22,24,var_0 counter_var_1 +,29,counter_var_0 var_1 +
4402,114 2 49 32 113,3,114 70 76 54 113,2,12,1,23,3,7,25,var_0 counter_var_1 +,13,counter_var_0 var_1 +
4403,114 90 16 21 113,24,114 23 8 57 113,3,23,21,26,16,8,29,var_0 counter_var_1 +,44,counter_var_0 var_1 +
4404,114 7 52 9 113,16,114 17 80 48 113,7,17,9,17,6,11,24,var_0 counter_var_1 +,26,counter_var_0 var_1 +
4405,114 58 83 3 113,3,114 11 98 74 113,0,11,3,12,14,6,12,var_0 counter_var_1 +,14,counter_var_0 var_1 +
4406,114 54 49 32 113,26,114 31 35 37 113,25,2,1,6,3,12,31,var_0 counter_var_1 +,3,counter_var_0 var_1 +
4407,114 68 76 54 113,33,114 28 28 55 113,10,28,23,24,7,5,34,var_0 counter_var_1 +,51,counter_var_0 var_1 +
4408,114 112 36 19 113,44,114 5 97 23 113,25,5,19,23,13,5,48,var_0 counter_var_1 +,24,counter_var_0 var_1 +
4409,114 74 93 105 113,28,114 18 4 78 113,16,18,12,16,1,4,32,var_0 counter_var_1 +,30,counter_var_0 var_1 +
4410,114 20 56 5 113,25,114 45 39 36 113,20,16,5,5,10,16,25,var_0 counter_var_1 +,21,counter_var_0 var_1 +
4411,114 62 36 19 113,23,114 112 79 58 113,4,25,19,27,13,10,31,var_0 counter_var_1 +,44,counter_var_0 var_1 +
4412,114 14 103 61 113,44,114 107 23 98 113,14,20,30,5,11,0,19,var_0 counter_var_1 +,50,counter_var_0 var_1 +
4413,114 106 104 4 113,23,114 46 53 68 113,19,17,4,6,12,7,25,var_0 counter_var_1 +,21,counter_var_0 var_1 +
4414,114 78 31 82 113,40,114 33 7 22 113,20,4,20,22,8,7,42,var_0 counter_var_1 +,24,counter_var_0 var_1 +
4415,114 102 90 102 113,24,114 106 10 11 113,15,19,9,11,21,10,26,var_0 counter_var_1 +,28,counter_var_0 var_1 +
4416,114 69 58 2 113,13,114 43 10 11 113,11,14,2,11,12,10,22,var_0 counter_var_1 +,16,counter_var_0 var_1 +
4417,114 29 111 79 113,17,114 96 37 110 113,0,9,17,17,19,14,17,var_0 counter_var_1 +,26,counter_var_0 var_1 +
4418,114 20 49 32 113,21,114 72 110 108 113,20,14,1,15,3,18,35,var_0 counter_var_1 +,15,counter_var_0 var_1 +
4419,114 94 94 96 113,10,114 61 50 27 113,7,3,3,27,2,4,34,var_0 counter_var_1 +,6,counter_var_0 var_1 +
4420,114 51 23 98 113,27,114 87 11 6 113,22,0,5,6,0,11,28,var_0 counter_var_1 +,5,counter_var_0 var_1 +
4421,114 12 109 65 113,15,114 21 64 66 113,12,21,3,4,17,18,16,var_0 counter_var_1 +,24,counter_var_0 var_1 +
4422,114 31 69 104 113,13,114 84 33 14 113,2,26,11,14,0,10,16,var_0 counter_var_1 +,37,counter_var_0 var_1 +
4423,114 41 43 40 113,21,114 10 13 18 113,12,10,9,18,20,13,30,var_0 counter_var_1 +,19,counter_var_0 var_1 +
4424,114 23 64 66 113,27,114 21 46 87 113,23,21,4,25,18,0,48,var_0 counter_var_1 +,25,counter_var_0 var_1 +
4425,114 53 30 99 113,30,114 16 100 75 113,24,16,6,13,7,8,37,var_0 counter_var_1 +,22,counter_var_0 var_1 +
4426,114 21 107 28 113,49,114 17 79 58 113,21,17,28,27,15,10,48,var_0 counter_var_1 +,45,counter_var_0 var_1 +
4427,114 80 33 14 113,36,114 0 1 0 113,22,0,14,0,10,1,22,var_0 counter_var_1 +,14,counter_var_0 var_1 +
4428,114 91 110 108 113,19,114 42 75 8 113,4,13,15,8,18,6,12,var_0 counter_var_1 +,28,counter_var_0 var_1 +
4429,114 39 81 52 113,31,114 33 62 43 113,10,4,21,12,12,16,22,var_0 counter_var_1 +,25,counter_var_0 var_1 +
4430,114 69 111 79 113,28,114 58 84 44 113,11,0,17,13,19,15,24,var_0 counter_var_1 +,17,counter_var_0 var_1 +
4431,114 95 31 82 113,28,114 103 34 47 113,8,16,20,16,8,11,24,var_0 counter_var_1 +,36,counter_var_0 var_1 +
4432,114 79 110 108 113,36,114 99 72 81 113,21,12,15,19,18,3,40,var_0 counter_var_1 +,27,counter_var_0 var_1 +
4433,114 1 19 15 113,16,114 102 96 7 113,1,15,15,7,19,4,8,var_0 counter_var_1 +,30,counter_var_0 var_1 +
4434,114 91 41 34 113,7,114 31 56 5 113,4,2,3,5,18,10,9,var_0 counter_var_1 +,5,counter_var_0 var_1 +
4435,114 38 25 20 113,29,114 100 43 40 113,9,13,20,9,2,20,18,var_0 counter_var_1 +,33,counter_var_0 var_1 +
4436,114 32 49 32 113,4,114 21 61 89 113,3,21,1,27,3,15,30,var_0 counter_var_1 +,22,counter_var_0 var_1 +
4437,114 33 33 14 113,18,114 9 64 66 113,4,9,14,4,10,18,8,var_0 counter_var_1 +,23,counter_var_0 var_1 +
4438,114 60 11 6 113,8,114 44 63 26 113,2,15,6,26,11,17,28,var_0 counter_var_1 +,21,counter_var_0 var_1 +
4439,114 3 106 56 113,28,114 87 92 51 113,3,0,25,20,14,0,23,var_0 counter_var_1 +,25,counter_var_0 var_1 +
4440,114 21 21 49 113,39,114 84 8 57 113,21,26,18,26,21,8,47,var_0 counter_var_1 +,44,counter_var_0 var_1 +
4441,114 65 96 7 113,14,114 35 99 92 113,7,6,7,30,4,7,37,var_0 counter_var_1 +,13,counter_var_0 var_1 +
4442,114 40 5 24 113,35,114 50 87 60 113,11,21,24,29,5,18,40,var_0 counter_var_1 +,45,counter_var_0 var_1 +
4443,114 23 19 15 113,38,114 35 18 72 113,23,6,15,10,19,18,33,var_0 counter_var_1 +,21,counter_var_0 var_1 +
4444,114 46 100 75 113,30,114 83 24 35 113,17,25,13,4,8,1,21,var_0 counter_var_1 +,38,counter_var_0 var_1 +
4445,114 24 102 45 113,38,114 26 95 109 113,24,26,14,16,10,3,40,var_0 counter_var_1 +,40,counter_var_0 var_1 +
4446,114 52 61 89 113,50,114 3 82 90 113,23,3,27,28,15,13,51,var_0 counter_var_1 +,30,counter_var_0 var_1 +
4447,114 93 24 35 113,10,114 53 41 34 113,6,24,4,3,1,18,9,var_0 counter_var_1 +,28,counter_var_0 var_1 +
4448,114 77 25 20 113,39,114 38 22 12 113,19,9,20,12,2,22,31,var_0 counter_var_1 +,29,counter_var_0 var_1 +
4449,114 45 19 15 113,31,114 0 5 24 113,16,0,15,24,19,5,40,var_0 counter_var_1 +,15,counter_var_0 var_1 +
4450,114 10 102 45 113,24,114 104 53 68 113,10,17,14,6,10,7,16,var_0 counter_var_1 +,31,counter_var_0 var_1 +
4451,114 82 47 93 113,24,114 60 8 57 113,24,2,0,26,1,8,50,var_0 counter_var_1 +,2,counter_var_0 var_1 +
4452,114 92 29 17 113,22,114 29 8 57 113,5,0,17,26,6,8,31,var_0 counter_var_1 +,17,counter_var_0 var_1 +
4453,114 103 74 91 113,45,114 101 46 87 113,16,14,29,25,5,0,41,var_0 counter_var_1 +,43,counter_var_0 var_1 +
4454,114 10 97 23 113,33,114 46 30 99 113,10,17,23,6,5,7,16,var_0 counter_var_1 +,40,counter_var_0 var_1 +
4455,114 108 62 43 113,33,114 51 15 62 113,21,22,12,0,16,15,21,var_0 counter_var_1 +,34,counter_var_0 var_1 +
4456,114 92 34 47 113,21,114 41 108 85 113,5,12,16,23,11,16,28,var_0 counter_var_1 +,28,counter_var_0 var_1 +
4457,114 84 14 33 113,28,114 13 99 92 113,26,13,2,30,14,7,56,var_0 counter_var_1 +,15,counter_var_0 var_1 +
4458,114 10 6 64 113,12,114 92 71 100 113,10,5,2,7,6,2,17,var_0 counter_var_1 +,7,counter_var_0 var_1 +
4459,114 81 87 60 113,52,114 32 59 30 113,23,3,29,30,18,13,53,var_0 counter_var_1 +,32,counter_var_0 var_1 +
4460,114 88 1 0 113,1,114 93 90 102 113,1,6,0,9,1,21,10,var_0 counter_var_1 +,6,counter_var_0 var_1 +
4461,114 44 46 87 113,40,114 35 2 84 113,15,6,25,22,0,2,37,var_0 counter_var_1 +,31,counter_var_0 var_1 +
4462,114 105 49 32 113,19,114 26 30 99 113,18,26,1,6,3,7,24,var_0 counter_var_1 +,27,counter_var_0 var_1 +
4463,114 62 32 1 113,5,114 92 78 107 113,4,5,1,14,9,9,18,var_0 counter_var_1 +,6,counter_var_0 var_1 +
4464,114 15 79 58 113,42,114 58 31 82 113,15,0,27,20,10,8,35,var_0 counter_var_1 +,27,counter_var_0 var_1 +
4465,114 67 14 33 113,11,114 48 105 111 113,9,19,2,18,14,13,27,var_0 counter_var_1 +,21,counter_var_0 var_1 +
4466,114 24 59 30 113,54,114 50 7 22 113,24,21,30,22,13,7,46,var_0 counter_var_1 +,51,counter_var_0 var_1 +
4467,114 19 96 7 113,26,114 71 68 71 113,19,13,7,9,4,22,28,var_0 counter_var_1 +,20,counter_var_0 var_1 +
4468,114 81 52 9 113,32,114 36 87 60 113,23,7,9,29,6,18,52,var_0 counter_var_1 +,16,counter_var_0 var_1 +
4469,114 76 7 22 113,40,114 47 17 112 113,18,18,22,19,7,17,37,var_0 counter_var_1 +,40,counter_var_0 var_1 +
4470,114 74 80 48 113,33,114 53 19 15 113,16,24,17,15,11,19,31,var_0 counter_var_1 +,41,counter_var_0 var_1 +
4471,114 67 112 13 113,22,114 94 77 69 113,9,7,13,7,20,8,16,var_0 counter_var_1 +,20,counter_var_0 var_1 +
4472,114 28 36 19 113,47,114 2 52 9 113,28,2,19,9,13,6,37,var_0 counter_var_1 +,21,counter_var_0 var_1 +
4473,114 96 5 24 113,33,114 93 109 65 113,9,6,24,3,5,17,12,var_0 counter_var_1 +,30,counter_var_0 var_1 +
4474,114 63 25 20 113,25,114 37 112 13 113,5,8,20,13,2,20,18,var_0 counter_var_1 +,28,counter_var_0 var_1 +
4475,114 71 7 22 113,35,114 2 103 61 113,13,2,22,30,7,11,43,var_0 counter_var_1 +,24,counter_var_0 var_1 +
4476,114 94 92 51 113,27,114 44 42 46 113,7,15,20,15,0,19,22,var_0 counter_var_1 +,35,counter_var_0 var_1 +
4477,114 36 108 85 113,30,114 99 93 105 113,7,12,23,12,16,1,19,var_0 counter_var_1 +,35,counter_var_0 var_1 +
4478,114 8 94 96 113,11,114 43 58 2 113,8,14,3,2,2,12,10,var_0 counter_var_1 +,17,counter_var_0 var_1 +
4479,114 89 107 28 113,30,114 55 49 32 113,2,26,28,1,15,3,3,var_0 counter_var_1 +,54,counter_var_0 var_1 +
4480,114 47 71 100 113,25,114 8 30 99 113,18,8,7,6,2,7,24,var_0 counter_var_1 +,15,counter_var_0 var_1 +
4481,114 101 82 90 113,42,114 22 23 98 113,14,22,28,5,13,0,19,var_0 counter_var_1 +,50,counter_var_0 var_1 +
4482,114 63 38 59 113,33,114 105 71 100 113,5,18,28,7,15,2,12,var_0 counter_var_1 +,46,counter_var_0 var_1 +
4483,114 63 109 65 113,8,114 24 68 71 113,5,24,3,9,17,22,14,var_0 counter_var_1 +,27,counter_var_0 var_1 +
4484,114 92 28 55 113,29,114 112 50 27 113,5,25,24,27,5,4,32,var_0 counter_var_1 +,49,counter_var_0 var_1 +
4485,114 79 64 66 113,25,114 52 45 103 113,21,23,4,10,18,22,31,var_0 counter_var_1 +,27,counter_var_0 var_1 +
4486,114 111 54 53 113,46,114 27 94 96 113,24,27,22,3,8,2,27,var_0 counter_var_1 +,49,counter_var_0 var_1 +
4487,114 96 41 34 113,12,114 8 15 62 113,9,8,3,0,18,15,9,var_0 counter_var_1 +,11,counter_var_0 var_1 +
4488,114 35 33 14 113,20,114 20 57 97 113,6,20,14,4,10,11,10,var_0 counter_var_1 +,34,counter_var_0 var_1 +
4489,114 38 59 30 113,39,114 105 1 0 113,9,18,30,0,13,1,9,var_0 counter_var_1 +,48,counter_var_0 var_1 +
4490,114 22 50 27 113,49,114 83 26 25 113,22,25,27,25,4,3,47,var_0 counter_var_1 +,52,counter_var_0 var_1 +
4491,114 100 107 28 113,41,114 66 93 105 113,13,8,28,12,15,1,25,var_0 counter_var_1 +,36,counter_var_0 var_1 +
4492,114 101 97 23 113,37,114 58 7 22 113,14,0,23,22,5,7,36,var_0 counter_var_1 +,23,counter_var_0 var_1 +
4493,114 17 75 8 113,25,114 97 2 84 113,17,10,8,22,6,2,39,var_0 counter_var_1 +,18,counter_var_0 var_1 +
4494,114 56 24 35 113,31,114 103 24 35 113,27,16,4,4,1,1,31,var_0 counter_var_1 +,20,counter_var_0 var_1 +
4495,114 58 60 63 113,1,114 41 21 49 113,0,12,1,18,14,21,18,var_0 counter_var_1 +,13,counter_var_0 var_1 +
4496,114 38 34 47 113,25,114 82 64 66 113,9,24,16,4,11,18,13,var_0 counter_var_1 +,40,counter_var_0 var_1 +
4497,114 47 62 43 113,30,114 38 82 90 113,18,9,12,28,16,13,46,var_0 counter_var_1 +,21,counter_var_0 var_1 +
4498,114 11 112 13 113,24,114 62 104 4 113,11,4,13,4,20,12,15,var_0 counter_var_1 +,17,counter_var_0 var_1 +
4499,114 53 40 76 113,38,114 58 13 18 113,24,0,14,18,17,13,42,var_0 counter_var_1 +,14,counter_var_0 var_1 +
4500,114 10 63 26 113,36,114 35 80 48 113,10,6,26,17,17,11,27,var_0 counter_var_1 +,32,counter_var_0 var_1 +
4501,114 59 15 62 113,1,114 101 95 109 113,1,14,0,16,15,3,17,var_0 counter_var_1 +,14,counter_var_0 var_1 +
4502,114 29 84 44 113,13,114 38 16 21 113,0,9,13,21,15,16,21,var_0 counter_var_1 +,22,counter_var_0 var_1 +
4503,114 101 98 74 113,26,114 43 61 89 113,14,14,12,27,6,15,41,var_0 counter_var_1 +,26,counter_var_0 var_1 +
4504,114 99 34 47 113,28,114 77 24 35 113,12,19,16,4,11,1,16,var_0 counter_var_1 +,35,counter_var_0 var_1 +
4505,114 72 85 31 113,14,114 6 11 6 113,14,6,0,6,16,11,20,var_0 counter_var_1 +,6,counter_var_0 var_1 +
4506,114 70 110 108 113,27,114 67 53 68 113,12,9,15,6,18,7,18,var_0 counter_var_1 +,24,counter_var_0 var_1 +
4507,114 8 22 12 113,20,114 83 10 11 113,8,25,12,11,22,10,19,var_0 counter_var_1 +,37,counter_var_0 var_1 +
4508,114 88 52 9 113,10,114 104 1 0 113,1,17,9,0,6,1,1,var_0 counter_var_1 +,26,counter_var_0 var_1 +
4509,114 67 77 69 113,16,114 77 40 76 113,9,19,7,14,8,17,23,var_0 counter_var_1 +,26,counter_var_0 var_1 +
4510,114 42 102 45 113,27,114 47 37 110 113,13,18,14,17,10,14,30,var_0 counter_var_1 +,32,counter_var_0 var_1 +
4511,114 13 52 9 113,22,114 75 32 1 113,13,17,9,1,6,9,14,var_0 counter_var_1 +,26,counter_var_0 var_1 +
4512,114 36 104 4 113,11,114 82 50 27 113,7,24,4,27,12,4,34,var_0 counter_var_1 +,28,counter_var_0 var_1 +
4513,114 63 63 26 113,31,114 85 70 77 113,5,27,26,15,17,1,20,var_0 counter_var_1 +,53,counter_var_0 var_1 +
4514,114 5 104 4 113,9,114 108 67 80 113,5,21,4,18,12,21,23,var_0 counter_var_1 +,25,counter_var_0 var_1 +
4515,114 32 10 11 113,14,114 43 82 90 113,3,14,11,28,10,13,31,var_0 counter_var_1 +,25,counter_var_0 var_1 +
4516,114 79 25 20 113,41,114 91 86 94 113,21,4,20,1,2,17,22,var_0 counter_var_1 +,24,counter_var_0 var_1 +
4517,114 12 9 70 113,20,114 15 69 104 113,12,15,8,11,9,0,23,var_0 counter_var_1 +,23,counter_var_0 var_1 +
4518,114 70 36 19 113,31,114 19 79 58 113,12,19,19,27,13,10,39,var_0 counter_var_1 +,38,counter_var_0 var_1 +
4519,114 100 101 39 113,21,114 77 80 48 113,13,19,8,17,9,11,30,var_0 counter_var_1 +,27,counter_var_0 var_1 +
4520,114 1 77 69 113,8,114 16 20 50 113,1,16,7,19,8,20,20,var_0 counter_var_1 +,23,counter_var_0 var_1 +
4521,114 44 48 95 113,17,114 44 65 67 113,15,15,2,5,2,19,20,var_0 counter_var_1 +,17,counter_var_0 var_1 +
4522,114 21 104 4 113,25,114 8 16 21 113,21,8,4,21,12,16,42,var_0 counter_var_1 +,12,counter_var_0 var_1 +
4523,114 33 4 78 113,20,114 112 92 51 113,4,25,16,20,4,0,24,var_0 counter_var_1 +,41,counter_var_0 var_1 +
4524,114 49 46 87 113,45,114 38 4 78 113,20,9,25,16,0,4,36,var_0 counter_var_1 +,34,counter_var_0 var_1 +
4525,114 49 103 61 113,50,114 79 73 73 113,20,21,30,11,11,4,31,var_0 counter_var_1 +,51,counter_var_0 var_1 +
4526,114 47 5 24 113,42,114 102 83 3 113,18,15,24,3,5,14,21,var_0 counter_var_1 +,39,counter_var_0 var_1 +
4527,114 8 104 4 113,12,114 74 42 46 113,8,16,4,15,12,19,23,var_0 counter_var_1 +,20,counter_var_0 var_1 +
4528,114 61 25 20 113,23,114 39 101 39 113,3,10,20,8,2,9,11,var_0 counter_var_1 +,30,counter_var_0 var_1 +
4529,114 19 27 101 113,27,114 87 34 47 113,19,0,8,16,4,11,35,var_0 counter_var_1 +,8,counter_var_0 var_1 +
4530,114 83 64 66 113,29,114 103 106 56 113,25,16,4,25,18,14,50,var_0 counter_var_1 +,20,counter_var_0 var_1 +
4531,114 23 54 53 113,45,114 7 106 56 113,23,7,22,25,8,14,48,var_0 counter_var_1 +,29,counter_var_0 var_1 +
4532,114 32 15 62 113,3,114 46 14 33 113,3,17,0,2,15,14,5,var_0 counter_var_1 +,17,counter_var_0 var_1 +
4533,114 32 59 30 113,33,114 54 10 11 113,3,25,30,11,13,10,14,var_0 counter_var_1 +,55,counter_var_0 var_1 +
4534,114 58 25 20 113,20,114 23 98 74 113,0,23,20,12,2,6,12,var_0 counter_var_1 +,43,counter_var_0 var_1 +
4535,114 30 3 86 113,25,114 56 59 30 113,1,27,24,30,3,13,31,var_0 counter_var_1 +,51,counter_var_0 var_1 +
4536,114 5 32 1 113,6,114 3 87 60 113,5,3,1,29,9,18,34,var_0 counter_var_1 +,4,counter_var_0 var_1 +
4537,114 72 64 66 113,18,114 24 20 50 113,14,24,4,19,18,20,33,var_0 counter_var_1 +,28,counter_var_0 var_1 +
4538,114 58 82 90 113,28,114 0 24 35 113,0,0,28,4,13,1,4,var_0 counter_var_1 +,28,counter_var_0 var_1 +
4539,114 76 37 110 113,35,114 16 27 101 113,18,16,17,8,14,4,26,var_0 counter_var_1 +,33,counter_var_0 var_1 +
4540,114 109 86 94 113,23,114 28 90 102 113,22,28,1,9,17,21,31,var_0 counter_var_1 +,29,counter_var_0 var_1 +
4541,114 54 105 111 113,43,114 43 42 46 113,25,14,18,15,13,19,40,var_0 counter_var_1 +,32,counter_var_0 var_1 +
4542,114 42 31 82 113,33,114 102 4 78 113,13,15,20,16,8,4,29,var_0 counter_var_1 +,35,counter_var_0 var_1 +
4543,114 1 14 33 113,3,114 80 71 100 113,1,22,2,7,14,2,8,var_0 counter_var_1 +,24,counter_var_0 var_1 +
4544,114 109 65 67 113,27,114 80 86 94 113,22,22,5,1,19,17,23,var_0 counter_var_1 +,27,counter_var_0 var_1 +
4545,114 91 94 96 113,7,114 32 68 71 113,4,3,3,9,2,22,13,var_0 counter_var_1 +,6,counter_var_0 var_1 +
4546,114 3 3 86 113,27,114 5 89 29 113,3,5,24,29,3,20,32,var_0 counter_var_1 +,29,counter_var_0 var_1 +
4547,114 103 43 40 113,25,114 42 50 27 113,16,13,9,27,20,4,43,var_0 counter_var_1 +,22,counter_var_0 var_1 +
4548,114 46 27 101 113,25,114 57 2 84 113,17,28,8,22,4,2,39,var_0 counter_var_1 +,36,counter_var_0 var_1 +
4549,114 79 32 1 113,22,114 49 83 3 113,21,20,1,3,9,14,24,var_0 counter_var_1 +,21,counter_var_0 var_1 +
4550,114 103 82 90 113,44,114 103 99 92 113,16,16,28,30,13,7,46,var_0 counter_var_1 +,44,counter_var_0 var_1 +
4551,114 99 79 58 113,39,114 54 58 2 113,12,25,27,2,10,12,14,var_0 counter_var_1 +,52,counter_var_0 var_1 +
4552,114 67 88 16 113,25,114 63 67 80 113,9,5,16,18,19,21,27,var_0 counter_var_1 +,21,counter_var_0 var_1 +
4553,114 28 103 61 113,58,114 31 41 34 113,28,2,30,3,11,18,31,var_0 counter_var_1 +,32,counter_var_0 var_1 +
4554,114 39 75 8 113,18,114 40 81 52 113,10,11,8,21,6,12,31,var_0 counter_var_1 +,19,counter_var_0 var_1 +
4555,114 84 26 25 113,51,114 92 75 8 113,26,5,25,8,3,6,34,var_0 counter_var_1 +,30,counter_var_0 var_1 +
4556,114 34 66 88 113,31,114 14 78 107 113,5,14,26,14,20,9,19,var_0 counter_var_1 +,40,counter_var_0 var_1 +
4557,114 54 71 100 113,32,114 80 79 58 113,25,22,7,27,2,10,52,var_0 counter_var_1 +,29,counter_var_0 var_1 +
4558,114 71 3 86 113,37,114 79 100 75 113,13,21,24,13,3,8,26,var_0 counter_var_1 +,45,counter_var_0 var_1 +
4559,114 76 60 63 113,19,114 16 0 38 113,18,16,1,7,14,0,25,var_0 counter_var_1 +,17,counter_var_0 var_1 +
4560,114 102 23 98 113,20,114 5 71 100 113,15,5,5,7,0,2,22,var_0 counter_var_1 +,10,counter_var_0 var_1 +
4561,114 6 88 16 113,22,114 19 47 93 113,6,19,16,0,19,1,6,var_0 counter_var_1 +,35,counter_var_0 var_1 +
4562,114 60 75 8 113,10,114 44 104 4 113,2,15,8,4,6,12,6,var_0 counter_var_1 +,23,counter_var_0 var_1 +
4563,114 10 5 24 113,34,114 66 73 73 113,10,8,24,11,5,4,21,var_0 counter_var_1 +,32,counter_var_0 var_1 +
4564,114 60 37 110 113,19,114 4 40 76 113,2,4,17,14,14,17,16,var_0 counter_var_1 +,21,counter_var_0 var_1 +
4565,114 109 89 29 113,51,114 102 52 9 113,22,15,29,9,20,6,31,var_0 counter_var_1 +,44,counter_var_0 var_1 +
4566,114 5 19 15 113,20,114 105 69 104 113,5,18,15,11,19,0,16,var_0 counter_var_1 +,33,counter_var_0 var_1 +
4567,114 97 68 71 113,19,114 82 89 29 113,10,24,9,29,22,20,39,var_0 counter_var_1 +,33,counter_var_0 var_1 +
4568,114 108 52 9 113,30,114 77 93 105 113,21,19,9,12,6,1,33,var_0 counter_var_1 +,28,counter_var_0 var_1 +
4569,114 18 99 92 113,48,114 79 58 2 113,18,21,30,2,7,12,20,var_0 counter_var_1 +,51,counter_var_0 var_1 +
4570,114 102 71 100 113,22,114 101 36 19 113,15,14,7,19,2,13,34,var_0 counter_var_1 +,21,counter_var_0 var_1 +
4571,114 61 11 6 113,9,114 55 112 13 113,3,26,6,13,11,20,16,var_0 counter_var_1 +,32,counter_var_0 var_1 +
4572,114 69 25 20 113,31,114 89 71 100 113,11,2,20,7,2,2,18,var_0 counter_var_1 +,22,counter_var_0 var_1 +
4573,114 81 106 56 113,48,114 111 92 51 113,23,24,25,20,14,0,43,var_0 counter_var_1 +,49,counter_var_0 var_1 +
4574,114 98 69 104 113,22,114 62 83 3 113,11,4,11,3,0,14,14,var_0 counter_var_1 +,15,counter_var_0 var_1 +
4575,114 70 109 65 113,15,114 90 86 94 113,12,3,3,1,17,17,13,var_0 counter_var_1 +,6,counter_var_0 var_1 +
4576,114 37 98 74 113,20,114 83 93 105 113,8,25,12,12,6,1,20,var_0 counter_var_1 +,37,counter_var_0 var_1 +
4577,114 3 92 51 113,23,114 50 6 64 113,3,21,20,2,0,6,5,var_0 counter_var_1 +,41,counter_var_0 var_1 +
4578,114 91 28 55 113,28,114 110 92 51 113,4,23,24,20,5,0,24,var_0 counter_var_1 +,47,counter_var_0 var_1 +
4579,114 51 14 33 113,24,114 96 69 104 113,22,9,2,11,14,0,33,var_0 counter_var_1 +,11,counter_var_0 var_1 +
4580,114 28 66 88 113,54,114 82 9 70 113,28,24,26,8,20,9,36,var_0 counter_var_1 +,50,counter_var_0 var_1 +
4581,114 78 90 102 113,29,114 45 15 62 113,20,16,9,0,21,15,20,var_0 counter_var_1 +,25,counter_var_0 var_1 +
4582,114 29 88 16 113,16,114 68 47 93 113,0,10,16,0,19,1,0,var_0 counter_var_1 +,26,counter_var_0 var_1 +
4583,114 20 22 12 113,32,114 66 102 45 113,20,8,12,14,22,10,34,var_0 counter_var_1 +,20,counter_var_0 var_1 +
4584,114 88 81 52 113,22,114 89 24 35 113,1,2,21,4,12,1,5,var_0 counter_var_1 +,23,counter_var_0 var_1 +
4585,114 95 49 32 113,9,114 71 18 72 113,8,13,1,10,3,18,18,var_0 counter_var_1 +,14,counter_var_0 var_1 +
4586,114 64 105 111 113,24,114 75 60 63 113,6,17,18,1,13,14,7,var_0 counter_var_1 +,35,counter_var_0 var_1 +
4587,114 28 19 15 113,43,114 80 68 71 113,28,22,15,9,19,22,37,var_0 counter_var_1 +,37,counter_var_0 var_1 +
4588,114 22 17 112 113,41,114 92 4 78 113,22,5,19,16,17,4,38,var_0 counter_var_1 +,24,counter_var_0 var_1 +
4589,114 13 4 78 113,29,114 54 98 74 113,13,25,16,12,4,6,25,var_0 counter_var_1 +,41,counter_var_0 var_1 +
4590,114 92 13 18 113,23,114 32 74 91 113,5,3,18,29,13,5,34,var_0 counter_var_1 +,21,counter_var_0 var_1 +
4591,114 92 5 24 113,29,114 106 64 66 113,5,19,24,4,5,18,9,var_0 counter_var_1 +,43,counter_var_0 var_1 +
4592,114 25 15 62 113,25,114 26 98 74 113,25,26,0,12,15,6,37,var_0 counter_var_1 +,26,counter_var_0 var_1 +
4593,114 57 7 22 113,50,114 25 7 22 113,28,25,22,22,7,7,50,var_0 counter_var_1 +,47,counter_var_0 var_1 +
4594,114 21 92 51 113,41,114 80 0 38 113,21,22,20,7,0,0,28,var_0 counter_var_1 +,42,counter_var_0 var_1 +
4595,114 7 83 3 113,10,114 52 56 5 113,7,23,3,5,14,10,12,var_0 counter_var_1 +,26,counter_var_0 var_1 +
4596,114 99 63 26 113,38,114 24 59 30 113,12,24,26,30,17,13,42,var_0 counter_var_1 +,50,counter_var_0 var_1 +
4597,114 95 22 12 113,20,114 40 41 34 113,8,11,12,3,22,18,11,var_0 counter_var_1 +,23,counter_var_0 var_1 +
4598,114 76 103 61 113,48,114 58 60 63 113,18,0,30,1,11,14,19,var_0 counter_var_1 +,30,counter_var_0 var_1 +
4599,114 32 95 109 113,19,114 10 101 39 113,3,10,16,8,3,9,11,var_0 counter_var_1 +,26,counter_var_0 var_1 +
4600,114 72 57 97 113,18,114 79 6 64 113,14,21,4,2,11,6,16,var_0 counter_var_1 +,25,counter_var_0 var_1 +
4601,114 60 26 25 113,27,114 45 32 1 113,2,16,25,1,3,9,3,var_0 counter_var_1 +,41,counter_var_0 var_1 +
4602,114 85 69 104 113,38,114 54 21 49 113,27,25,11,18,0,21,45,var_0 counter_var_1 +,36,counter_var_0 var_1 +
4603,114 37 26 25 113,33,114 97 109 65 113,8,10,25,3,3,17,11,var_0 counter_var_1 +,35,counter_var_0 var_1 +
4604,114 31 42 46 113,17,114 17 58 2 113,2,17,15,2,19,12,4,var_0 counter_var_1 +,32,counter_var_0 var_1 +
4605,114 75 95 109 113,33,114 46 34 47 113,17,17,16,16,3,11,33,var_0 counter_var_1 +,33,counter_var_0 var_1 +
4606,114 18 51 42 113,29,114 44 28 55 113,18,15,11,24,5,5,42,var_0 counter_var_1 +,26,counter_var_0 var_1 +
4607,114 106 25 20 113,39,114 81 78 107 113,19,23,20,14,2,9,33,var_0 counter_var_1 +,43,counter_var_0 var_1 +
4608,114 32 13 18 113,21,114 75 85 31 113,3,17,18,0,13,16,3,var_0 counter_var_1 +,35,counter_var_0 var_1 +
4609,114 54 74 91 113,54,114 19 35 37 113,25,19,29,6,5,12,31,var_0 counter_var_1 +,48,counter_var_0 var_1 +
4610,114 11 95 109 113,27,114 50 11 6 113,11,21,16,6,3,11,17,var_0 counter_var_1 +,37,counter_var_0 var_1 +
4611,114 90 102 45 113,17,114 79 96 7 113,3,21,14,7,10,4,10,var_0 counter_var_1 +,35,counter_var_0 var_1 +
4612,114 30 108 85 113,24,114 97 52 9 113,1,10,23,9,16,6,10,var_0 counter_var_1 +,33,counter_var_0 var_1 +
4613,114 57 67 80 113,46,114 85 16 21 113,28,27,18,21,21,16,49,var_0 counter_var_1 +,45,counter_var_0 var_1 +
4614,114 78 14 33 113,22,114 38 75 8 113,20,9,2,8,14,6,28,var_0 counter_var_1 +,11,counter_var_0 var_1 +
4615,114 48 61 89 113,46,114 18 67 80 113,19,18,27,18,15,21,37,var_0 counter_var_1 +,45,counter_var_0 var_1 +
4616,114 74 90 102 113,25,114 103 112 13 113,16,16,9,13,21,20,29,var_0 counter_var_1 +,25,counter_var_0 var_1 +
4617,114 21 23 98 113,26,114 56 50 27 113,21,27,5,27,0,4,48,var_0 counter_var_1 +,32,counter_var_0 var_1 +
4618,114 49 106 56 113,45,114 85 98 74 113,20,27,25,12,14,6,32,var_0 counter_var_1 +,52,counter_var_0 var_1 +
4619,114 18 80 48 113,35,114 101 37 110 113,18,14,17,17,11,14,35,var_0 counter_var_1 +,31,counter_var_0 var_1 +
4620,114 46 85 31 113,17,114 67 44 41 113,17,9,0,10,16,21,27,var_0 counter_var_1 +,9,counter_var_0 var_1 +
4621,114 40 92 51 113,31,114 69 59 30 113,11,11,20,30,0,13,41,var_0 counter_var_1 +,31,counter_var_0 var_1 +
4622,114 112 111 79 113,42,114 5 109 65 113,25,5,17,3,19,17,28,var_0 counter_var_1 +,22,counter_var_0 var_1 +
4623,114 83 10 11 113,36,114 16 89 29 113,25,16,11,29,10,20,54,var_0 counter_var_1 +,27,counter_var_0 var_1 +
4624,114 54 33 14 113,39,114 43 62 43 113,25,14,14,12,10,16,37,var_0 counter_var_1 +,28,counter_var_0 var_1 +
4625,114 38 110 108 113,24,114 91 96 7 113,9,4,15,7,18,4,16,var_0 counter_var_1 +,19,counter_var_0 var_1 +
4626,114 63 58 2 113,7,114 18 101 39 113,5,18,2,8,12,9,13,var_0 counter_var_1 +,20,counter_var_0 var_1 +
4627,114 6 95 109 113,22,114 31 103 61 113,6,2,16,30,3,11,36,var_0 counter_var_1 +,18,counter_var_0 var_1 +
4628,114 78 87 60 113,49,114 56 16 21 113,20,27,29,21,18,16,41,var_0 counter_var_1 +,56,counter_var_0 var_1 +
4629,114 33 5 24 113,28,114 98 52 9 113,4,11,24,9,5,6,13,var_0 counter_var_1 +,35,counter_var_0 var_1 +
4630,114 57 103 61 113,58,114 24 44 41 113,28,24,30,10,11,21,38,var_0 counter_var_1 +,54,counter_var_0 var_1 +
4631,114 68 83 3 113,13,114 54 16 21 113,10,25,3,21,14,16,31,var_0 counter_var_1 +,28,counter_var_0 var_1 +
4632,114 94 105 111 113,25,114 34 34 47 113,7,5,18,16,13,11,23,var_0 counter_var_1 +,23,counter_var_0 var_1 +
4633,114 26 97 23 113,49,114 42 71 100 113,26,13,23,7,5,2,33,var_0 counter_var_1 +,36,counter_var_0 var_1 +
4634,114 18 70 77 113,33,114 50 88 16 113,18,21,15,16,1,19,34,var_0 counter_var_1 +,36,counter_var_0 var_1 +
4635,114 26 80 48 113,43,114 85 8 57 113,26,27,17,26,11,8,52,var_0 counter_var_1 +,44,counter_var_0 var_1 +
4636,114 8 91 106 113,21,114 83 60 63 113,8,25,13,1,22,14,9,var_0 counter_var_1 +,38,counter_var_0 var_1 +
4637,114 65 83 3 113,10,114 34 87 60 113,7,5,3,29,14,18,36,var_0 counter_var_1 +,8,counter_var_0 var_1 +
4638,114 92 46 87 113,30,114 21 49 32 113,5,21,25,1,0,3,6,var_0 counter_var_1 +,46,counter_var_0 var_1 +
4639,114 91 84 44 113,17,114 56 19 15 113,4,27,13,15,15,19,19,var_0 counter_var_1 +,40,counter_var_0 var_1 +
4640,114 94 74 91 113,36,114 3 74 91 113,7,3,29,29,5,5,36,var_0 counter_var_1 +,32,counter_var_0 var_1 +
4641,114 28 109 65 113,31,114 35 98 74 113,28,6,3,12,17,6,40,var_0 counter_var_1 +,9,counter_var_0 var_1 +
4642,114 62 101 39 113,12,114 67 101 39 113,4,9,8,8,9,9,12,var_0 counter_var_1 +,17,counter_var_0 var_1 +
4643,114 50 90 102 113,30,114 99 48 95 113,21,12,9,2,21,2,23,var_0 counter_var_1 +,21,counter_var_0 var_1 +
4644,114 73 73 73 113,26,114 85 105 111 113,15,27,11,18,4,13,33,var_0 counter_var_1 +,38,counter_var_0 var_1 +
4645,114 84 90 102 113,35,114 30 73 73 113,26,1,9,11,21,4,37,var_0 counter_var_1 +,10,counter_var_0 var_1 +
4646,114 9 70 77 113,24,114 76 42 46 113,9,18,15,15,1,19,24,var_0 counter_var_1 +,33,counter_var_0 var_1 +
4647,114 35 96 7 113,13,114 10 41 34 113,6,10,7,3,4,18,9,var_0 counter_var_1 +,17,counter_var_0 var_1 +
4648,114 67 103 61 113,39,114 5 51 42 113,9,5,30,11,11,5,20,var_0 counter_var_1 +,35,counter_var_0 var_1 +
4649,114 110 21 49 113,41,114 51 4 78 113,23,22,18,16,21,4,39,var_0 counter_var_1 +,40,counter_var_0 var_1 +
4650,114 111 65 67 113,29,114 85 104 4 113,24,27,5,4,19,12,28,var_0 counter_var_1 +,32,counter_var_0 var_1 +
4651,114 93 46 87 113,31,114 78 9 70 113,6,20,25,8,0,9,14,var_0 counter_var_1 +,45,counter_var_0 var_1 +
4652,114 81 23 98 113,28,114 12 98 74 113,23,12,5,12,0,6,35,var_0 counter_var_1 +,17,counter_var_0 var_1 +
4653,114 48 2 84 113,41,114 82 51 42 113,19,24,22,11,2,5,30,var_0 counter_var_1 +,46,counter_var_0 var_1 +
4654,114 68 105 111 113,28,114 82 79 58 113,10,24,18,27,13,10,37,var_0 counter_var_1 +,42,counter_var_0 var_1 +
4655,114 53 50 27 113,51,114 102 41 34 113,24,15,27,3,4,18,27,var_0 counter_var_1 +,42,counter_var_0 var_1 +
4656,114 33 37 110 113,21,114 15 35 37 113,4,15,17,6,14,12,10,var_0 counter_var_1 +,32,counter_var_0 var_1 +
4657,114 40 106 56 113,36,114 94 10 11 113,11,7,25,11,14,10,22,var_0 counter_var_1 +,32,counter_var_0 var_1 +
4658,114 10 56 5 113,15,114 59 61 89 113,10,1,5,27,10,15,37,var_0 counter_var_1 +,6,counter_var_0 var_1 +
4659,114 74 91 106 113,29,114 71 4 78 113,16,13,13,16,22,4,32,var_0 counter_var_1 +,26,counter_var_0 var_1 +
4660,114 89 106 56 113,27,114 63 62 43 113,2,5,25,12,14,16,14,var_0 counter_var_1 +,30,counter_var_0 var_1 +
4661,114 83 85 31 113,25,114 52 108 85 113,25,23,0,23,16,16,48,var_0 counter_var_1 +,23,counter_var_0 var_1 +
4662,114 104 99 92 113,47,114 20 19 15 113,17,20,30,15,7,19,32,var_0 counter_var_1 +,50,counter_var_0 var_1 +
4663,114 38 43 40 113,18,114 35 74 91 113,9,6,9,29,20,5,38,var_0 counter_var_1 +,15,counter_var_0 var_1 +
4664,114 8 80 48 113,25,114 10 60 63 113,8,10,17,1,11,14,9,var_0 counter_var_1 +,27,counter_var_0 var_1 +
4665,114 83 112 13 113,38,114 31 111 79 113,25,2,13,17,20,19,42,var_0 counter_var_1 +,15,counter_var_0 var_1 +
4666,114 67 74 91 113,38,114 52 99 92 113,9,23,29,30,5,7,39,var_0 counter_var_1 +,52,counter_var_0 var_1 +
4667,114 77 86 94 113,20,114 35 83 3 113,19,6,1,3,17,14,22,var_0 counter_var_1 +,7,counter_var_0 var_1 +
4668,114 100 54 53 113,35,114 88 83 3 113,13,1,22,3,8,14,16,var_0 counter_var_1 +,23,counter_var_0 var_1 +
4669,114 99 25 20 113,32,114 69 33 14 113,12,11,20,14,2,10,26,var_0 counter_var_1 +,31,counter_var_0 var_1 +
4670,114 96 58 2 113,11,114 91 106 56 113,9,4,2,25,12,14,34,var_0 counter_var_1 +,6,counter_var_0 var_1 +
4671,114 21 13 18 113,39,114 55 38 59 113,21,26,18,28,13,15,49,var_0 counter_var_1 +,44,counter_var_0 var_1 +
4672,114 92 62 43 113,17,114 29 24 35 113,5,0,12,4,16,1,9,var_0 counter_var_1 +,12,counter_var_0 var_1 +
4673,114 92 87 60 113,34,114 27 102 45 113,5,27,29,14,18,10,19,var_0 counter_var_1 +,56,counter_var_0 var_1 +
4674,114 8 38 59 113,36,114 52 18 72 113,8,23,28,10,15,18,18,var_0 counter_var_1 +,51,counter_var_0 var_1 +
4675,114 9 45 103 113,19,114 77 97 23 113,9,19,10,23,22,5,32,var_0 counter_var_1 +,29,counter_var_0 var_1 +
4676,114 107 51 42 113,31,114 58 95 109 113,20,0,11,16,5,3,36,var_0 counter_var_1 +,11,counter_var_0 var_1 +
4677,114 54 40 76 113,39,114 68 59 30 113,25,10,14,30,17,13,55,var_0 counter_var_1 +,24,counter_var_0 var_1 +
4678,114 69 99 92 113,41,114 52 33 14 113,11,23,30,14,7,10,25,var_0 counter_var_1 +,53,counter_var_0 var_1 +
4679,114 94 99 92 113,37,114 88 87 60 113,7,1,30,29,7,18,36,var_0 counter_var_1 +,31,counter_var_0 var_1 +
4680,114 10 33 14 113,24,114 10 4 78 113,10,10,14,16,10,4,26,var_0 counter_var_1 +,24,counter_var_0 var_1 +
4681,114 91 55 10 113,14,114 107 28 55 113,4,20,10,24,9,5,28,var_0 counter_var_1 +,30,counter_var_0 var_1 +
4682,114 16 30 99 113,22,114 40 57 97 113,16,11,6,4,7,11,20,var_0 counter_var_1 +,17,counter_var_0 var_1 +
4683,114 108 88 16 113,37,114 62 47 93 113,21,4,16,0,19,1,21,var_0 counter_var_1 +,20,counter_var_0 var_1 +
4684,114 52 5 24 113,47,114 91 64 66 113,23,4,24,4,5,18,27,var_0 counter_var_1 +,28,counter_var_0 var_1 +
4685,114 3 20 50 113,22,114 3 44 41 113,3,3,19,10,20,21,13,var_0 counter_var_1 +,22,counter_var_0 var_1 +
4686,114 92 23 98 113,10,114 91 72 81 113,5,4,5,19,0,3,24,var_0 counter_var_1 +,9,counter_var_0 var_1 +
4687,114 64 78 107 113,20,114 32 13 18 113,6,3,14,18,9,13,24,var_0 counter_var_1 +,17,counter_var_0 var_1 +
4688,114 81 96 7 113,30,114 49 71 100 113,23,20,7,7,4,2,30,var_0 counter_var_1 +,27,counter_var_0 var_1 +
4689,114 46 55 10 113,27,114 95 104 4 113,17,8,10,4,9,12,21,var_0 counter_var_1 +,18,counter_var_0 var_1 +
4690,114 57 94 96 113,31,114 28 14 33 113,28,28,3,2,2,14,30,var_0 counter_var_1 +,31,counter_var_0 var_1 +
4691,114 13 10 11 113,24,114 60 110 108 113,13,2,11,15,10,18,28,var_0 counter_var_1 +,13,counter_var_0 var_1 +
4692,114 17 56 5 113,22,114 14 52 9 113,17,14,5,9,10,6,26,var_0 counter_var_1 +,19,counter_var_0 var_1 +
4693,114 82 18 72 113,34,114 33 43 40 113,24,4,10,9,18,20,33,var_0 counter_var_1 +,14,counter_var_0 var_1 +
4694,114 0 60 63 113,1,114 98 8 57 113,0,11,1,26,14,8,26,var_0 counter_var_1 +,12,counter_var_0 var_1 +
4695,114 64 59 30 113,36,114 84 10 11 113,6,26,30,11,13,10,17,var_0 counter_var_1 +,56,counter_var_0 var_1 +
4696,114 63 9 70 113,13,114 112 20 50 113,5,25,8,19,9,20,24,var_0 counter_var_1 +,33,counter_var_0 var_1 +
4697,114 109 4 78 113,38,114 9 110 108 113,22,9,16,15,4,18,37,var_0 counter_var_1 +,25,counter_var_0 var_1 +
4698,114 52 8 57 113,49,114 11 57 97 113,23,11,26,4,8,11,27,var_0 counter_var_1 +,37,counter_var_0 var_1 +
4699,114 101 63 26 113,40,114 56 37 110 113,14,27,26,17,17,14,31,var_0 counter_var_1 +,53,counter_var_0 var_1 +
4700,114 80 39 36 113,27,114 39 64 66 113,22,10,5,4,16,18,26,var_0 counter_var_1 +,15,counter_var_0 var_1 +
4701,114 63 92 51 113,25,114 21 11 6 113,5,21,20,6,0,11,11,var_0 counter_var_1 +,41,counter_var_0 var_1 +
4702,114 33 45 103 113,14,114 109 8 57 113,4,22,10,26,22,8,30,var_0 counter_var_1 +,32,counter_var_0 var_1 +
4703,114 68 102 45 113,24,114 77 32 1 113,10,19,14,1,10,9,11,var_0 counter_var_1 +,33,counter_var_0 var_1 +
4704,114 70 100 75 113,25,114 25 25 20 113,12,25,13,20,8,2,32,var_0 counter_var_1 +,38,counter_var_0 var_1 +
4705,114 20 18 72 113,30,114 5 104 4 113,20,5,10,4,18,12,24,var_0 counter_var_1 +,15,counter_var_0 var_1 +
4706,114 6 39 36 113,11,114 90 11 6 113,6,3,5,6,16,11,12,var_0 counter_var_1 +,8,counter_var_0 var_1 +
4707,114 92 68 71 113,14,114 30 30 99 113,5,1,9,6,22,7,11,var_0 counter_var_1 +,10,counter_var_0 var_1 +
4708,114 11 0 38 113,18,114 58 41 34 113,11,0,7,3,0,18,14,var_0 counter_var_1 +,7,counter_var_0 var_1 +
4709,114 58 54 53 113,22,114 63 19 15 113,0,5,22,15,8,19,15,var_0 counter_var_1 +,27,counter_var_0 var_1 +
4710,114 102 4 78 113,31,114 44 94 96 113,15,15,16,3,4,2,18,var_0 counter_var_1 +,31,counter_var_0 var_1 +
4711,114 25 26 25 113,50,114 72 61 89 113,25,14,25,27,3,15,52,var_0 counter_var_1 +,39,counter_var_0 var_1 +
4712,114 109 19 15 113,37,114 11 34 47 113,22,11,15,16,19,11,38,var_0 counter_var_1 +,26,counter_var_0 var_1 +
4713,114 72 91 106 113,27,114 17 16 21 113,14,17,13,21,22,16,35,var_0 counter_var_1 +,30,counter_var_0 var_1 +
4714,114 20 80 48 113,37,114 9 43 40 113,20,9,17,9,11,20,29,var_0 counter_var_1 +,26,counter_var_0 var_1 +
4715,114 27 34 47 113,43,114 78 72 81 113,27,20,16,19,11,3,46,var_0 counter_var_1 +,36,counter_var_0 var_1 +
4716,114 15 36 19 113,34,114 18 19 15 113,15,18,19,15,13,19,30,var_0 counter_var_1 +,37,counter_var_0 var_1 +
4717,114 39 46 87 113,35,114 102 82 90 113,10,15,25,28,0,13,38,var_0 counter_var_1 +,40,counter_var_0 var_1 +
4718,114 18 9 70 113,26,114 79 59 30 113,18,21,8,30,9,13,48,var_0 counter_var_1 +,29,counter_var_0 var_1 +
4719,114 97 28 55 113,34,114 56 68 71 113,10,27,24,9,5,22,19,var_0 counter_var_1 +,51,counter_var_0 var_1 +
4720,114 7 1 0 113,7,114 44 74 91 113,7,15,0,29,1,5,36,var_0 counter_var_1 +,15,counter_var_0 var_1 +
4721,114 108 51 42 113,32,114 38 96 7 113,21,9,11,7,5,4,28,var_0 counter_var_1 +,20,counter_var_0 var_1 +
4722,114 94 2 84 113,29,114 110 2 84 113,7,23,22,22,2,2,29,var_0 counter_var_1 +,45,counter_var_0 var_1 +
4723,114 26 51 42 113,37,114 87 2 84 113,26,0,11,22,5,2,48,var_0 counter_var_1 +,11,counter_var_0 var_1 +
4724,114 76 16 21 113,39,114 85 78 107 113,18,27,21,14,16,9,32,var_0 counter_var_1 +,48,counter_var_0 var_1 +
4725,114 101 79 58 113,41,114 2 17 112 113,14,2,27,19,10,17,33,var_0 counter_var_1 +,29,counter_var_0 var_1 +
4726,114 98 82 90 113,39,114 63 83 3 113,11,5,28,3,13,14,14,var_0 counter_var_1 +,33,counter_var_0 var_1 +
4727,114 33 8 57 113,30,114 27 77 69 113,4,27,26,7,8,8,11,var_0 counter_var_1 +,53,counter_var_0 var_1 +
4728,114 82 94 96 113,27,114 45 85 31 113,24,16,3,0,2,16,24,var_0 counter_var_1 +,19,counter_var_0 var_1 +
4729,114 48 40 76 113,33,114 2 100 75 113,19,2,14,13,17,8,32,var_0 counter_var_1 +,16,counter_var_0 var_1 +
4730,114 23 85 31 113,23,114 87 109 65 113,23,0,0,3,16,17,26,var_0 counter_var_1 +,0,counter_var_0 var_1 +
4731,114 45 31 82 113,36,114 70 97 23 113,16,12,20,23,8,5,39,var_0 counter_var_1 +,32,counter_var_0 var_1 +
4732,114 16 25 20 113,36,114 51 105 111 113,16,22,20,18,2,13,34,var_0 counter_var_1 +,42,counter_var_0 var_1 +
4733,114 77 10 11 113,30,114 88 4 78 113,19,1,11,16,10,4,35,var_0 counter_var_1 +,12,counter_var_0 var_1 +
4734,114 63 61 89 113,32,114 68 29 17 113,5,10,27,17,15,6,22,var_0 counter_var_1 +,37,counter_var_0 var_1 +
4735,114 28 0 38 113,35,114 95 112 13 113,28,8,7,13,0,20,41,var_0 counter_var_1 +,15,counter_var_0 var_1 +
4736,114 99 83 3 113,15,114 1 26 25 113,12,1,3,25,14,3,37,var_0 counter_var_1 +,4,counter_var_0 var_1 +
4737,114 71 0 38 113,20,114 20 29 17 113,13,20,7,17,0,6,30,var_0 counter_var_1 +,27,counter_var_0 var_1 +
4738,114 106 88 16 113,35,114 34 77 69 113,19,5,16,7,19,8,26,var_0 counter_var_1 +,21,counter_var_0 var_1 +
4739,114 1 111 79 113,18,114 37 78 107 113,1,8,17,14,19,9,15,var_0 counter_var_1 +,25,counter_var_0 var_1 +
4740,114 94 56 5 113,12,114 105 19 15 113,7,18,5,15,10,19,22,var_0 counter_var_1 +,23,counter_var_0 var_1 +
4741,114 53 57 97 113,28,114 81 6 64 113,24,23,4,2,11,6,26,var_0 counter_var_1 +,27,counter_var_0 var_1 +
4742,114 72 96 7 113,21,114 42 76 54 113,14,13,7,23,4,7,37,var_0 counter_var_1 +,20,counter_var_0 var_1 +
4743,114 23 71 100 113,30,114 56 36 19 113,23,27,7,19,2,13,42,var_0 counter_var_1 +,34,counter_var_0 var_1 +
4744,114 53 88 16 113,40,114 79 93 105 113,24,21,16,12,19,1,36,var_0 counter_var_1 +,37,counter_var_0 var_1 +
4745,114 50 2 84 113,43,114 22 101 39 113,21,22,22,8,2,9,29,var_0 counter_var_1 +,44,counter_var_0 var_1 +
4746,114 31 57 97 113,6,114 60 56 5 113,2,2,4,5,11,10,7,var_0 counter_var_1 +,6,counter_var_0 var_1 +
4747,114 111 64 66 113,28,114 103 49 32 113,24,16,4,1,18,3,25,var_0 counter_var_1 +,20,counter_var_0 var_1 +
4748,114 63 91 106 113,18,114 21 97 23 113,5,21,13,23,22,5,28,var_0 counter_var_1 +,34,counter_var_0 var_1 +
4749,114 95 91 106 113,21,114 78 107 28 113,8,20,13,28,22,15,36,var_0 counter_var_1 +,33,counter_var_0 var_1 +
4750,114 69 62 43 113,23,114 76 90 102 113,11,18,12,9,16,21,20,var_0 counter_var_1 +,30,counter_var_0 var_1 +
4751,114 87 22 12 113,12,114 40 32 1 113,0,11,12,1,22,9,1,var_0 counter_var_1 +,23,counter_var_0 var_1 +
4752,114 84 105 111 113,44,114 3 53 68 113,26,3,18,6,13,7,32,var_0 counter_var_1 +,21,counter_var_0 var_1 +
4753,114 91 53 68 113,10,114 90 85 31 113,4,3,6,0,7,16,4,var_0 counter_var_1 +,9,counter_var_0 var_1 +
4754,114 85 38 59 113,55,114 23 79 58 113,27,23,28,27,15,10,54,var_0 counter_var_1 +,51,counter_var_0 var_1 +
4755,114 56 10 11 113,38,114 10 95 109 113,27,10,11,16,10,3,43,var_0 counter_var_1 +,21,counter_var_0 var_1 +
4756,114 74 39 36 113,21,114 49 95 109 113,16,20,5,16,16,3,32,var_0 counter_var_1 +,25,counter_var_0 var_1 +
4757,114 76 66 88 113,44,114 14 19 15 113,18,14,26,15,20,19,33,var_0 counter_var_1 +,40,counter_var_0 var_1 +
4758,114 58 5 24 113,24,114 72 18 72 113,0,14,24,10,5,18,10,var_0 counter_var_1 +,38,counter_var_0 var_1 +
4759,114 95 86 94 113,9,114 26 13 18 113,8,26,1,18,17,13,26,var_0 counter_var_1 +,27,counter_var_0 var_1 +
4760,114 50 48 95 113,23,114 61 21 49 113,21,3,2,18,2,21,39,var_0 counter_var_1 +,5,counter_var_0 var_1 +
4761,114 83 71 100 113,32,114 45 13 18 113,25,16,7,18,2,13,43,var_0 counter_var_1 +,23,counter_var_0 var_1 +
4762,114 94 40 76 113,21,114 37 19 15 113,7,8,14,15,17,19,22,var_0 counter_var_1 +,22,counter_var_0 var_1 +
4763,114 72 38 59 113,42,114 52 36 19 113,14,23,28,19,15,13,33,var_0 counter_var_1 +,51,counter_var_0 var_1 +
4764,114 79 10 11 113,32,114 34 64 66 113,21,5,11,4,10,18,25,var_0 counter_var_1 +,16,counter_var_0 var_1 +
4765,114 21 65 67 113,26,114 10 62 43 113,21,10,5,12,19,16,33,var_0 counter_var_1 +,15,counter_var_0 var_1 +
4766,114 93 99 92 113,36,114 11 30 99 113,6,11,30,6,7,7,12,var_0 counter_var_1 +,41,counter_var_0 var_1 +
4767,114 6 29 17 113,23,114 73 59 30 113,6,15,17,30,6,13,36,var_0 counter_var_1 +,32,counter_var_0 var_1 +
4768,114 55 69 104 113,37,114 61 28 55 113,26,3,11,24,0,5,50,var_0 counter_var_1 +,14,counter_var_0 var_1 +
4769,114 75 79 58 113,44,114 98 42 46 113,17,11,27,15,10,19,32,var_0 counter_var_1 +,38,counter_var_0 var_1 +
4770,114 76 87 60 113,47,114 74 9 70 113,18,16,29,8,18,9,26,var_0 counter_var_1 +,45,counter_var_0 var_1 +
4771,114 68 95 109 113,26,114 14 89 29 113,10,14,16,29,3,20,39,var_0 counter_var_1 +,30,counter_var_0 var_1 +
4772,114 17 22 12 113,29,114 29 99 92 113,17,0,12,30,22,7,47,var_0 counter_var_1 +,12,counter_var_0 var_1 +
4773,114 72 27 101 113,22,114 104 37 110 113,14,17,8,17,4,14,31,var_0 counter_var_1 +,25,counter_var_0 var_1 +
4774,114 20 2 84 113,42,114 42 1 0 113,20,13,22,0,2,1,20,var_0 counter_var_1 +,35,counter_var_0 var_1 +
4775,114 76 85 31 113,18,114 25 59 30 113,18,25,0,30,16,13,48,var_0 counter_var_1 +,25,counter_var_0 var_1 +
4776,114 11 107 28 113,39,114 19 52 9 113,11,19,28,9,15,6,20,var_0 counter_var_1 +,47,counter_var_0 var_1 +
4777,114 69 90 102 113,20,114 104 51 42 113,11,17,9,11,21,5,22,var_0 counter_var_1 +,26,counter_var_0 var_1 +
4778,114 24 70 77 113,39,114 0 6 64 113,24,0,15,2,1,6,26,var_0 counter_var_1 +,15,counter_var_0 var_1 +
4779,114 100 47 93 113,13,114 95 39 36 113,13,8,0,5,1,16,18,var_0 counter_var_1 +,8,counter_var_0 var_1 +
4780,114 75 99 92 113,47,114 12 3 86 113,17,12,30,24,7,3,41,var_0 counter_var_1 +,42,counter_var_0 var_1 +
4781,114 52 81 52 113,44,114 56 23 98 113,23,27,21,5,12,0,28,var_0 counter_var_1 +,48,counter_var_0 var_1 +
4782,114 22 10 11 113,33,114 29 97 23 113,22,0,11,23,10,5,45,var_0 counter_var_1 +,11,counter_var_0 var_1 +
4783,114 39 23 98 113,15,114 9 106 56 113,10,9,5,25,0,14,35,var_0 counter_var_1 +,14,counter_var_0 var_1 +
4784,114 32 76 54 113,26,114 17 71 100 113,3,17,23,7,7,2,10,var_0 counter_var_1 +,40,counter_var_0 var_1 +
4785,114 46 101 39 113,25,114 35 45 103 113,17,6,8,10,9,22,27,var_0 counter_var_1 +,14,counter_var_0 var_1 +
4786,114 10 73 73 113,21,114 95 53 68 113,10,8,11,6,4,7,16,var_0 counter_var_1 +,19,counter_var_0 var_1 +
4787,114 58 12 83 113,21,114 2 51 42 113,0,2,21,11,12,5,11,var_0 counter_var_1 +,23,counter_var_0 var_1 +
4788,114 71 78 107 113,27,114 54 104 4 113,13,25,14,4,9,12,17,var_0 counter_var_1 +,39,counter_var_0 var_1 +
4789,114 61 108 85 113,26,114 14 46 87 113,3,14,23,25,16,0,28,var_0 counter_var_1 +,37,counter_var_0 var_1 +
4790,114 98 74 91 113,40,114 73 43 40 113,11,15,29,9,5,20,20,var_0 counter_var_1 +,44,counter_var_0 var_1 +
4791,114 54 57 97 113,29,114 40 68 71 113,25,11,4,9,11,22,34,var_0 counter_var_1 +,15,counter_var_0 var_1 +
4792,114 29 24 35 113,4,114 98 104 4 113,0,11,4,4,1,12,4,var_0 counter_var_1 +,15,counter_var_0 var_1 +
4793,114 38 11 6 113,15,114 23 19 15 113,9,23,6,15,11,19,24,var_0 counter_var_1 +,29,counter_var_0 var_1 +
4794,114 15 32 1 113,16,114 23 7 22 113,15,23,1,22,9,7,37,var_0 counter_var_1 +,24,counter_var_0 var_1 +
4795,114 19 108 85 113,42,114 64 11 6 113,19,6,23,6,16,11,25,var_0 counter_var_1 +,29,counter_var_0 var_1 +
4796,114 7 57 97 113,11,114 4 71 100 113,7,4,4,7,11,2,14,var_0 counter_var_1 +,8,counter_var_0 var_1 +
4797,114 61 65 67 113,8,114 14 25 20 113,3,14,5,20,19,2,23,var_0 counter_var_1 +,19,counter_var_0 var_1 +
4798,114 65 88 16 113,23,114 10 90 102 113,7,10,16,9,19,21,16,var_0 counter_var_1 +,26,counter_var_0 var_1 +
4799,114 63 24 35 113,9,114 33 6 64 113,5,4,4,2,1,6,7,var_0 counter_var_1 +,8,counter_var_0 var_1 +
4800,114 9 50 27 113,36,114 16 23 98 113,9,16,27,5,4,0,14,var_0 counter_var_1 +,43,counter_var_0 var_1 +
4801,114 82 101 39 113,32,114 100 98 74 113,24,13,8,12,9,6,36,var_0 counter_var_1 +,21,counter_var_0 var_1 +
4802,114 16 111 79 113,33,114 32 49 32 113,16,3,17,1,19,3,17,var_0 counter_var_1 +,20,counter_var_0 var_1 +
4803,114 98 40 76 113,25,114 25 77 69 113,11,25,14,7,17,8,18,var_0 counter_var_1 +,39,counter_var_0 var_1 +
4804,114 99 9 70 113,20,114 20 11 6 113,12,20,8,6,9,11,18,var_0 counter_var_1 +,28,counter_var_0 var_1 +
4805,114 73 88 16 113,31,114 78 42 46 113,15,20,16,15,19,19,30,var_0 counter_var_1 +,36,counter_var_0 var_1 +
4806,114 95 1 0 113,8,114 2 78 107 113,8,2,0,14,1,9,22,var_0 counter_var_1 +,2,counter_var_0 var_1 +
4807,114 32 106 56 113,28,114 5 79 58 113,3,5,25,27,14,10,30,var_0 counter_var_1 +,30,counter_var_0 var_1 +
4808,114 52 13 18 113,41,114 71 17 112 113,23,13,18,19,13,17,42,var_0 counter_var_1 +,31,counter_var_0 var_1 +
4809,114 65 15 62 113,7,114 41 65 67 113,7,12,0,5,15,19,12,var_0 counter_var_1 +,12,counter_var_0 var_1 +
4810,114 25 49 32 113,26,114 109 61 89 113,25,22,1,27,3,15,52,var_0 counter_var_1 +,23,counter_var_0 var_1 +
4811,114 86 110 108 113,43,114 81 72 81 113,28,23,15,19,18,3,47,var_0 counter_var_1 +,38,counter_var_0 var_1 +
4812,114 38 26 25 113,34,114 11 1 0 113,9,11,25,0,3,1,9,var_0 counter_var_1 +,36,counter_var_0 var_1 +
4813,114 64 10 11 113,17,114 102 112 13 113,6,15,11,13,10,20,19,var_0 counter_var_1 +,26,counter_var_0 var_1 +
4814,114 104 61 89 113,44,114 44 2 84 113,17,15,27,22,15,2,39,var_0 counter_var_1 +,42,counter_var_0 var_1 +
4815,114 7 4 78 113,23,114 107 74 91 113,7,20,16,29,4,5,36,var_0 counter_var_1 +,36,counter_var_0 var_1 +
4816,114 68 38 59 113,38,114 34 95 109 113,10,5,28,16,15,3,26,var_0 counter_var_1 +,33,counter_var_0 var_1 +
4817,114 7 5 24 113,31,114 64 47 93 113,7,6,24,0,5,1,7,var_0 counter_var_1 +,30,counter_var_0 var_1 +
4818,114 32 99 92 113,33,114 23 99 92 113,3,23,30,30,7,7,33,var_0 counter_var_1 +,53,counter_var_0 var_1 +
4819,114 109 98 74 113,34,114 56 4 78 113,22,27,12,16,6,4,38,var_0 counter_var_1 +,39,counter_var_0 var_1 +
4820,114 3 22 12 113,15,114 107 99 92 113,3,20,12,30,22,7,33,var_0 counter_var_1 +,32,counter_var_0 var_1 +
4821,114 97 42 46 113,25,114 33 104 4 113,10,4,15,4,19,12,14,var_0 counter_var_1 +,19,counter_var_0 var_1 +
4822,114 60 70 77 113,17,114 71 7 22 113,2,13,15,22,1,7,24,var_0 counter_var_1 +,28,counter_var_0 var_1 +
4823,114 71 40 76 113,27,114 22 91 106 113,13,22,14,13,17,22,26,var_0 counter_var_1 +,36,counter_var_0 var_1 +
4824,114 77 23 98 113,24,114 59 97 23 113,19,1,5,23,0,5,42,var_0 counter_var_1 +,6,counter_var_0 var_1 +
4825,114 100 45 103 113,23,114 44 64 66 113,13,15,10,4,22,18,17,var_0 counter_var_1 +,25,counter_var_0 var_1 +
4826,114 55 79 58 113,53,114 54 11 6 113,26,25,27,6,10,11,32,var_0 counter_var_1 +,52,counter_var_0 var_1 +
4827,114 101 58 2 113,16,114 17 22 12 113,14,17,2,12,12,22,26,var_0 counter_var_1 +,19,counter_var_0 var_1 +
4828,114 78 111 79 113,37,114 53 39 36 113,20,24,17,5,19,16,25,var_0 counter_var_1 +,41,counter_var_0 var_1 +
4829,114 107 29 17 113,37,114 43 60 63 113,20,14,17,1,6,14,21,var_0 counter_var_1 +,31,counter_var_0 var_1 +
4830,114 55 52 9 113,35,114 69 12 83 113,26,11,9,21,6,12,47,var_0 counter_var_1 +,20,counter_var_0 var_1 +
4831,114 14 109 65 113,17,114 112 94 96 113,14,25,3,3,17,2,17,var_0 counter_var_1 +,28,counter_var_0 var_1 +
4832,114 49 34 47 113,36,114 112 40 76 113,20,25,16,14,11,17,34,var_0 counter_var_1 +,41,counter_var_0 var_1 +
4833,114 14 5 24 113,38,114 66 40 76 113,14,8,24,14,5,17,28,var_0 counter_var_1 +,32,counter_var_0 var_1 +
4834,114 109 96 7 113,29,114 6 112 13 113,22,6,7,13,4,20,35,var_0 counter_var_1 +,13,counter_var_0 var_1 +
4835,114 85 4 78 113,43,114 54 86 94 113,27,25,16,1,4,17,28,var_0 counter_var_1 +,41,counter_var_0 var_1 +
4836,114 26 112 13 113,39,114 30 33 14 113,26,1,13,14,20,10,40,var_0 counter_var_1 +,14,counter_var_0 var_1 +
4837,114 78 69 104 113,31,114 112 37 110 113,20,25,11,17,0,14,37,var_0 counter_var_1 +,36,counter_var_0 var_1 +
4838,114 4 9 70 113,12,114 80 82 90 113,4,22,8,28,9,13,32,var_0 counter_var_1 +,30,counter_var_0 var_1 +
4839,114 25 89 29 113,54,114 75 93 105 113,25,17,29,12,20,1,37,var_0 counter_var_1 +,46,counter_var_0 var_1 +
4840,114 10 112 13 113,23,114 19 36 19 113,10,19,13,19,20,13,29,var_0 counter_var_1 +,32,counter_var_0 var_1 +
4841,114 82 9 70 113,32,114 57 43 40 113,24,28,8,9,9,20,33,var_0 counter_var_1 +,36,counter_var_0 var_1 +
4842,114 15 8 57 113,41,114 95 99 92 113,15,8,26,30,8,7,45,var_0 counter_var_1 +,34,counter_var_0 var_1 +
4843,114 22 101 39 113,30,114 44 55 10 113,22,15,8,10,9,9,32,var_0 counter_var_1 +,23,counter_var_0 var_1 +
4844,114 89 92 51 113,22,114 67 73 73 113,2,9,20,11,0,4,13,var_0 counter_var_1 +,29,counter_var_0 var_1 +
4845,114 56 98 74 113,39,114 39 71 100 113,27,10,12,7,6,2,34,var_0 counter_var_1 +,22,counter_var_0 var_1 +
4846,114 93 19 15 113,21,114 79 57 97 113,6,21,15,4,19,11,10,var_0 counter_var_1 +,36,counter_var_0 var_1 +
4847,114 48 54 53 113,41,114 75 53 68 113,19,17,22,6,8,7,25,var_0 counter_var_1 +,39,counter_var_0 var_1 +
4848,114 112 19 15 113,40,114 7 95 109 113,25,7,15,16,19,3,41,var_0 counter_var_1 +,22,counter_var_0 var_1 +
4849,114 22 22 12 113,34,114 73 36 19 113,22,15,12,19,22,13,41,var_0 counter_var_1 +,27,counter_var_0 var_1 +
4850,114 35 92 51 113,26,114 10 45 103 113,6,10,20,10,0,22,16,var_0 counter_var_1 +,30,counter_var_0 var_1 +
4851,114 90 79 58 113,30,114 38 97 23 113,3,9,27,23,10,5,26,var_0 counter_var_1 +,36,counter_var_0 var_1 +
4852,114 13 26 25 113,38,114 99 57 97 113,13,12,25,4,3,11,17,var_0 counter_var_1 +,37,counter_var_0 var_1 +
4853,114 61 56 5 113,8,114 1 93 105 113,3,1,5,12,10,1,15,var_0 counter_var_1 +,6,counter_var_0 var_1 +
4854,114 67 23 98 113,14,114 25 33 14 113,9,25,5,14,0,10,23,var_0 counter_var_1 +,30,counter_var_0 var_1 +
4855,114 48 98 74 113,31,114 74 31 82 113,19,16,12,20,6,8,39,var_0 counter_var_1 +,28,counter_var_0 var_1 +
4856,114 14 88 16 113,30,114 42 82 90 113,14,13,16,28,19,13,42,var_0 counter_var_1 +,29,counter_var_0 var_1 +
4857,114 1 3 86 113,25,114 93 3 86 113,1,6,24,24,3,3,25,var_0 counter_var_1 +,30,counter_var_0 var_1 +
4858,114 102 13 18 113,33,114 19 49 32 113,15,19,18,1,13,3,16,var_0 counter_var_1 +,37,counter_var_0 var_1 +
4859,114 41 75 8 113,20,114 45 21 49 113,12,16,8,18,6,21,30,var_0 counter_var_1 +,24,counter_var_0 var_1 +
4860,114 103 101 39 113,24,114 6 57 97 113,16,6,8,4,9,11,20,var_0 counter_var_1 +,14,counter_var_0 var_1 +
4861,114 11 74 91 113,40,114 30 79 58 113,11,1,29,27,5,10,38,var_0 counter_var_1 +,30,counter_var_0 var_1 +
4862,114 16 55 10 113,26,114 31 100 75 113,16,2,10,13,9,8,29,var_0 counter_var_1 +,12,counter_var_0 var_1 +
4863,114 62 60 63 113,5,114 26 99 92 113,4,26,1,30,14,7,34,var_0 counter_var_1 +,27,counter_var_0 var_1 +
4864,114 12 44 41 113,22,114 6 85 31 113,12,6,10,0,21,16,12,var_0 counter_var_1 +,16,counter_var_0 var_1 +
4865,114 35 104 4 113,10,114 71 6 64 113,6,13,4,2,12,6,8,var_0 counter_var_1 +,17,counter_var_0 var_1 +
4866,114 19 59 30 113,49,114 31 44 41 113,19,2,30,10,13,21,29,var_0 counter_var_1 +,32,counter_var_0 var_1 +
4867,114 58 81 52 113,21,114 20 69 104 113,0,20,21,11,12,0,11,var_0 counter_var_1 +,41,counter_var_0 var_1 +
4868,114 107 21 49 113,38,114 28 8 57 113,20,28,18,26,21,8,46,var_0 counter_var_1 +,46,counter_var_0 var_1 +
4869,114 105 70 77 113,33,114 90 49 32 113,18,3,15,1,1,3,19,var_0 counter_var_1 +,18,counter_var_0 var_1 +
4870,114 101 88 16 113,30,114 57 41 34 113,14,28,16,3,19,18,17,var_0 counter_var_1 +,44,counter_var_0 var_1 +
4871,114 92 84 44 113,18,114 36 106 56 113,5,7,13,25,15,14,30,var_0 counter_var_1 +,20,counter_var_0 var_1 +
4872,114 27 112 13 113,40,114 108 21 49 113,27,21,13,18,20,21,45,var_0 counter_var_1 +,34,counter_var_0 var_1 +
4873,114 103 70 77 113,31,114 69 76 54 113,16,11,15,23,1,7,39,var_0 counter_var_1 +,26,counter_var_0 var_1 +
4874,114 36 16 21 113,28,114 24 72 81 113,7,24,21,19,16,3,26,var_0 counter_var_1 +,45,counter_var_0 var_1 +
4875,114 81 98 74 113,35,114 38 47 93 113,23,9,12,0,6,1,23,var_0 counter_var_1 +,21,counter_var_0 var_1 +
4876,114 63 17 112 113,24,114 38 58 2 113,5,9,19,2,17,12,7,var_0 counter_var_1 +,28,counter_var_0 var_1 +
4877,114 27 101 39 113,35,114 66 60 63 113,27,8,8,1,9,14,28,var_0 counter_var_1 +,16,counter_var_0 var_1 +
4878,114 108 76 54 113,44,114 65 10 11 113,21,7,23,11,7,10,32,var_0 counter_var_1 +,30,counter_var_0 var_1 +
4879,114 36 2 84 113,29,114 71 70 77 113,7,13,22,15,2,1,22,var_0 counter_var_1 +,35,counter_var_0 var_1 +
4880,114 38 1 0 113,9,114 53 40 76 113,9,24,0,14,1,17,23,var_0 counter_var_1 +,24,counter_var_0 var_1 +
4881,114 39 103 61 113,40,114 17 29 17 113,10,17,30,17,11,6,27,var_0 counter_var_1 +,47,counter_var_0 var_1 +
4882,114 32 2 84 113,25,114 105 41 34 113,3,18,22,3,2,18,6,var_0 counter_var_1 +,40,counter_var_0 var_1 +
4883,114 98 27 101 113,19,114 82 34 47 113,11,24,8,16,4,11,27,var_0 counter_var_1 +,32,counter_var_0 var_1 +
4884,114 100 93 105 113,25,114 104 47 93 113,13,17,12,0,1,1,13,var_0 counter_var_1 +,29,counter_var_0 var_1 +
4885,114 32 47 93 113,3,114 72 75 8 113,3,14,0,8,1,6,11,var_0 counter_var_1 +,14,counter_var_0 var_1 +
4886,114 54 84 44 113,38,114 107 94 96 113,25,20,13,3,15,2,28,var_0 counter_var_1 +,33,counter_var_0 var_1 +
4887,114 30 49 32 113,2,114 47 22 12 113,1,18,1,12,3,22,13,var_0 counter_var_1 +,19,counter_var_0 var_1 +
4888,114 16 64 66 113,20,114 88 55 10 113,16,1,4,10,18,9,26,var_0 counter_var_1 +,5,counter_var_0 var_1 +
4889,114 60 54 53 113,24,114 31 15 62 113,2,2,22,0,8,15,2,var_0 counter_var_1 +,24,counter_var_0 var_1 +
4890,114 20 16 21 113,41,114 106 37 110 113,20,19,21,17,16,14,37,var_0 counter_var_1 +,40,counter_var_0 var_1 +
4891,114 38 109 65 113,12,114 62 19 15 113,9,4,3,15,17,19,24,var_0 counter_var_1 +,7,counter_var_0 var_1 +
4892,114 14 101 39 113,22,114 99 49 32 113,14,12,8,1,9,3,15,var_0 counter_var_1 +,20,counter_var_0 var_1 +
4893,114 96 49 32 113,10,114 72 62 43 113,9,14,1,12,3,16,21,var_0 counter_var_1 +,15,counter_var_0 var_1 +
4894,114 0 109 65 113,3,114 75 55 10 113,0,17,3,10,17,9,10,var_0 counter_var_1 +,20,counter_var_0 var_1 +
4895,114 18 1 0 113,18,114 93 104 4 113,18,6,0,4,1,12,22,var_0 counter_var_1 +,6,counter_var_0 var_1 +
4896,114 72 107 28 113,42,114 80 108 85 113,14,22,28,23,15,16,37,var_0 counter_var_1 +,50,counter_var_0 var_1 +
4897,114 48 32 1 113,20,114 71 69 104 113,19,13,1,11,9,0,30,var_0 counter_var_1 +,14,counter_var_0 var_1 +
4898,114 24 96 7 113,31,114 21 89 29 113,24,21,7,29,4,20,53,var_0 counter_var_1 +,28,counter_var_0 var_1 +
4899,114 70 35 37 113,18,114 111 15 62 113,12,24,6,0,12,15,12,var_0 counter_var_1 +,30,counter_var_0 var_1 +
4900,114 12 76 54 113,35,114 6 103 61 113,12,6,23,30,7,11,42,var_0 counter_var_1 +,29,counter_var_0 var_1 +
4901,114 90 52 9 113,12,114 58 73 73 113,3,0,9,11,6,4,14,var_0 counter_var_1 +,9,counter_var_0 var_1 +
4902,114 72 112 13 113,27,114 8 21 49 113,14,8,13,18,20,21,32,var_0 counter_var_1 +,21,counter_var_0 var_1 +
4903,114 99 78 107 113,26,114 16 104 4 113,12,16,14,4,9,12,16,var_0 counter_var_1 +,30,counter_var_0 var_1 +
4904,114 28 94 96 113,31,114 63 69 104 113,28,5,3,11,2,0,39,var_0 counter_var_1 +,8,counter_var_0 var_1 +
4905,114 55 5 24 113,50,114 104 104 4 113,26,17,24,4,5,12,30,var_0 counter_var_1 +,41,counter_var_0 var_1 +
4906,114 86 40 76 113,42,114 111 91 106 113,28,24,14,13,17,22,41,var_0 counter_var_1 +,38,counter_var_0 var_1 +
4907,114 74 81 52 113,37,114 75 54 53 113,16,17,21,22,12,8,38,var_0 counter_var_1 +,38,counter_var_0 var_1 +
4908,114 90 36 19 113,22,114 39 89 29 113,3,10,19,29,13,20,32,var_0 counter_var_1 +,29,counter_var_0 var_1 +
4909,114 6 5 24 113,30,114 96 70 77 113,6,9,24,15,5,1,21,var_0 counter_var_1 +,33,counter_var_0 var_1 +
4910,114 5 2 84 113,27,114 83 101 39 113,5,25,22,8,2,9,13,var_0 counter_var_1 +,47,counter_var_0 var_1 +
4911,114 39 84 44 113,23,114 92 28 55 113,10,5,13,24,15,5,34,var_0 counter_var_1 +,18,counter_var_0 var_1 +
4912,114 12 55 10 113,22,114 23 63 26 113,12,23,10,26,9,17,38,var_0 counter_var_1 +,33,counter_var_0 var_1 +
4913,114 17 110 108 113,32,114 69 1 0 113,17,11,15,0,18,1,17,var_0 counter_var_1 +,26,counter_var_0 var_1 +
4914,114 60 111 79 113,19,114 102 40 76 113,2,15,17,14,19,17,16,var_0 counter_var_1 +,32,counter_var_0 var_1 +
4915,114 92 57 97 113,9,114 96 91 106 113,5,9,4,13,11,22,18,var_0 counter_var_1 +,13,counter_var_0 var_1 +
4916,114 22 104 4 113,26,114 102 79 58 113,22,15,4,27,12,10,49,var_0 counter_var_1 +,19,counter_var_0 var_1 +
4917,114 46 97 23 113,40,114 24 29 17 113,17,24,23,17,5,6,34,var_0 counter_var_1 +,47,counter_var_0 var_1 +
4918,114 65 51 42 113,18,114 95 91 106 113,7,8,11,13,5,22,20,var_0 counter_var_1 +,19,counter_var_0 var_1 +
4919,114 73 111 79 113,32,114 89 44 41 113,15,2,17,10,19,21,25,var_0 counter_var_1 +,19,counter_var_0 var_1 +
4920,114 84 71 100 113,33,114 79 10 11 113,26,21,7,11,2,10,37,var_0 counter_var_1 +,28,counter_var_0 var_1 +
4921,114 57 83 3 113,31,114 109 3 86 113,28,22,3,24,14,3,52,var_0 counter_var_1 +,25,counter_var_0 var_1 +
4922,114 49 102 45 113,34,114 106 3 86 113,20,19,14,24,10,3,44,var_0 counter_var_1 +,33,counter_var_0 var_1 +
4923,114 11 77 69 113,18,114 92 50 27 113,11,5,7,27,8,4,38,var_0 counter_var_1 +,12,counter_var_0 var_1 +
4924,114 4 106 56 113,29,114 69 94 96 113,4,11,25,3,14,2,7,var_0 counter_var_1 +,36,counter_var_0 var_1 +
4925,114 60 95 109 113,18,114 103 17 112 113,2,16,16,19,3,17,21,var_0 counter_var_1 +,32,counter_var_0 var_1 +
4926,114 28 106 56 113,53,114 30 18 72 113,28,1,25,10,14,18,38,var_0 counter_var_1 +,26,counter_var_0 var_1 +
4927,114 104 15 62 113,17,114 104 95 109 113,17,17,0,16,15,3,33,var_0 counter_var_1 +,17,counter_var_0 var_1 +
4928,114 0 62 43 113,12,114 99 24 35 113,0,12,12,4,16,1,4,var_0 counter_var_1 +,24,counter_var_0 var_1 +
4929,114 56 59 30 113,57,114 60 54 53 113,27,2,30,22,13,8,49,var_0 counter_var_1 +,32,counter_var_0 var_1 +
4930,114 11 82 90 113,39,114 89 27 101 113,11,2,28,8,13,4,19,var_0 counter_var_1 +,30,counter_var_0 var_1 +
4931,114 2 38 59 113,30,114 6 77 69 113,2,6,28,7,15,8,9,var_0 counter_var_1 +,34,counter_var_0 var_1 +
4932,114 14 87 60 113,43,114 28 5 24 113,14,28,29,24,18,5,38,var_0 counter_var_1 +,57,counter_var_0 var_1 +
4933,114 10 83 3 113,13,114 37 6 64 113,10,8,3,2,14,6,12,var_0 counter_var_1 +,11,counter_var_0 var_1 +
4934,114 94 111 79 113,24,114 54 41 34 113,7,25,17,3,19,18,10,var_0 counter_var_1 +,42,counter_var_0 var_1 +
4935,114 29 91 106 113,13,114 1 111 79 113,0,1,13,17,22,19,17,var_0 counter_var_1 +,14,counter_var_0 var_1 +
4936,114 45 77 69 113,23,114 61 45 103 113,16,3,7,10,8,22,26,var_0 counter_var_1 +,10,counter_var_0 var_1 +
4937,114 77 110 108 113,34,114 82 87 60 113,19,24,15,29,18,18,48,var_0 counter_var_1 +,39,counter_var_0 var_1 +
4938,114 88 77 69 113,8,114 38 106 56 113,1,9,7,25,8,14,26,var_0 counter_var_1 +,16,counter_var_0 var_1 +
4939,114 80 71 100 113,29,114 70 102 45 113,22,12,7,14,2,10,36,var_0 counter_var_1 +,19,counter_var_0 var_1 +
4940,114 41 55 10 113,22,114 28 101 39 113,12,28,10,8,9,9,20,var_0 counter_var_1 +,38,counter_var_0 var_1 +
4941,114 51 60 63 113,23,114 111 73 73 113,22,24,1,11,14,4,33,var_0 counter_var_1 +,25,counter_var_0 var_1 +
4942,114 111 95 109 113,40,114 74 34 47 113,24,16,16,16,3,11,40,var_0 counter_var_1 +,32,counter_var_0 var_1 +
4943,114 17 95 109 113,33,114 78 100 75 113,17,20,16,13,3,8,30,var_0 counter_var_1 +,36,counter_var_0 var_1 +
4944,114 11 28 55 113,35,114 34 42 46 113,11,5,24,15,5,19,26,var_0 counter_var_1 +,29,counter_var_0 var_1 +
4945,114 85 56 5 113,32,114 83 36 19 113,27,25,5,19,10,13,46,var_0 counter_var_1 +,30,counter_var_0 var_1 +
4946,114 56 87 60 113,56,114 61 76 54 113,27,3,29,23,18,7,50,var_0 counter_var_1 +,32,counter_var_0 var_1 +
4947,114 10 50 27 113,37,114 110 56 5 113,10,23,27,5,4,10,15,var_0 counter_var_1 +,50,counter_var_0 var_1 +
4948,114 1 105 111 113,19,114 15 12 83 113,1,15,18,21,13,12,22,var_0 counter_var_1 +,33,counter_var_0 var_1 +
4949,114 91 67 80 113,22,114 94 108 85 113,4,7,18,23,21,16,27,var_0 counter_var_1 +,25,counter_var_0 var_1 +
4950,114 77 30 99 113,25,114 53 95 109 113,19,24,6,16,7,3,35,var_0 counter_var_1 +,30,counter_var_0 var_1 +
4951,114 16 101 39 113,24,114 94 23 98 113,16,7,8,5,9,0,21,var_0 counter_var_1 +,15,counter_var_0 var_1 +
4952,114 88 76 54 113,24,114 95 71 100 113,1,8,23,7,7,2,8,var_0 counter_var_1 +,31,counter_var_0 var_1 +
4953,114 107 28 55 113,44,114 1 80 48 113,20,1,24,17,5,11,37,var_0 counter_var_1 +,25,counter_var_0 var_1 +
4954,114 95 107 28 113,36,114 105 87 60 113,8,18,28,29,15,18,37,var_0 counter_var_1 +,46,counter_var_0 var_1 +
4955,114 81 110 108 113,38,114 101 89 29 113,23,14,15,29,18,20,52,var_0 counter_var_1 +,29,counter_var_0 var_1 +
4956,114 13 16 21 113,34,114 52 57 97 113,13,23,21,4,16,11,17,var_0 counter_var_1 +,44,counter_var_0 var_1 +
4957,114 104 48 95 113,19,114 43 85 31 113,17,14,2,0,2,16,17,var_0 counter_var_1 +,16,counter_var_0 var_1 +
4958,114 101 94 96 113,17,114 104 22 12 113,14,17,3,12,2,22,26,var_0 counter_var_1 +,20,counter_var_0 var_1 +
4959,114 25 60 63 113,26,114 54 17 112 113,25,25,1,19,14,17,44,var_0 counter_var_1 +,26,counter_var_0 var_1 +
4960,114 4 96 7 113,11,114 45 30 99 113,4,16,7,6,4,7,10,var_0 counter_var_1 +,23,counter_var_0 var_1 +
4961,114 36 54 53 113,29,114 64 82 90 113,7,6,22,28,8,13,35,var_0 counter_var_1 +,28,counter_var_0 var_1 +
4962,114 104 110 108 113,32,114 65 85 31 113,17,7,15,0,18,16,17,var_0 counter_var_1 +,22,counter_var_0 var_1 +
4963,114 40 18 72 113,21,114 90 46 87 113,11,3,10,25,18,0,36,var_0 counter_var_1 +,13,counter_var_0 var_1 +
4964,114 108 0 38 113,28,114 51 10 11 113,21,22,7,11,0,10,32,var_0 counter_var_1 +,29,counter_var_0 var_1 +
4965,114 73 6 64 113,17,114 60 106 56 113,15,2,2,25,6,14,40,var_0 counter_var_1 +,4,counter_var_0 var_1 +
4966,114 24 99 92 113,54,114 87 74 91 113,24,0,30,29,7,5,53,var_0 counter_var_1 +,30,counter_var_0 var_1 +
4967,114 98 91 106 113,24,114 19 69 104 113,11,19,13,11,22,0,22,var_0 counter_var_1 +,32,counter_var_0 var_1 +
4968,114 98 78 107 113,25,114 8 42 46 113,11,8,14,15,9,19,26,var_0 counter_var_1 +,22,counter_var_0 var_1 +
4969,114 112 4 78 113,41,114 73 15 62 113,25,15,16,0,4,15,25,var_0 counter_var_1 +,31,counter_var_0 var_1 +
4970,114 51 91 106 113,35,114 64 91 106 113,22,6,13,13,22,22,35,var_0 counter_var_1 +,19,counter_var_0 var_1 +
4971,114 2 5 24 113,26,114 32 1 0 113,2,3,24,0,5,1,2,var_0 counter_var_1 +,27,counter_var_0 var_1 +
4972,114 106 16 21 113,40,114 65 35 37 113,19,7,21,6,16,12,25,var_0 counter_var_1 +,28,counter_var_0 var_1 +
4973,114 60 61 89 113,29,114 11 5 24 113,2,11,27,24,15,5,26,var_0 counter_var_1 +,38,counter_var_0 var_1 +
4974,114 89 77 69 113,9,114 77 50 27 113,2,19,7,27,8,4,29,var_0 counter_var_1 +,26,counter_var_0 var_1 +
4975,114 56 67 80 113,45,114 2 32 1 113,27,2,18,1,21,9,28,var_0 counter_var_1 +,20,counter_var_0 var_1 +
4976,114 94 42 46 113,22,114 47 98 74 113,7,18,15,12,19,6,19,var_0 counter_var_1 +,33,counter_var_0 var_1 +
4977,114 14 56 5 113,19,114 3 23 98 113,14,3,5,5,10,0,19,var_0 counter_var_1 +,8,counter_var_0 var_1 +
4978,114 111 9 70 113,32,114 38 70 77 113,24,9,8,15,9,1,39,var_0 counter_var_1 +,17,counter_var_0 var_1 +
4979,114 65 110 108 113,22,114 102 54 53 113,7,15,15,22,18,8,29,var_0 counter_var_1 +,30,counter_var_0 var_1 +
4980,114 83 45 103 113,35,114 77 38 59 113,25,19,10,28,22,15,53,var_0 counter_var_1 +,29,counter_var_0 var_1 +
4981,114 41 73 73 113,23,114 33 1 0 113,12,4,11,0,4,1,12,var_0 counter_var_1 +,15,counter_var_0 var_1 +
4982,114 22 28 55 113,46,114 11 65 67 113,22,11,24,5,5,19,27,var_0 counter_var_1 +,35,counter_var_0 var_1 +
4983,114 91 44 41 113,14,114 11 68 71 113,4,11,10,9,21,22,13,var_0 counter_var_1 +,21,counter_var_0 var_1 +
4984,114 86 17 112 113,47,114 106 24 35 113,28,19,19,4,17,1,32,var_0 counter_var_1 +,38,counter_var_0 var_1 +
4985,114 34 102 45 113,19,114 79 86 94 113,5,21,14,1,10,17,6,var_0 counter_var_1 +,35,counter_var_0 var_1 +
4986,114 53 100 75 113,37,114 42 64 66 113,24,13,13,4,8,18,28,var_0 counter_var_1 +,26,counter_var_0 var_1 +
4987,114 0 106 56 113,25,114 108 12 83 113,0,21,25,21,14,12,21,var_0 counter_var_1 +,46,counter_var_0 var_1 +
4988,114 42 34 47 113,29,114 52 20 50 113,13,23,16,19,11,20,32,var_0 counter_var_1 +,39,counter_var_0 var_1 +
4989,114 109 88 16 113,38,114 20 35 37 113,22,20,16,6,19,12,28,var_0 counter_var_1 +,36,counter_var_0 var_1 +
4990,114 58 95 109 113,16,114 110 59 30 113,0,23,16,30,3,13,30,var_0 counter_var_1 +,39,counter_var_0 var_1 +
4991,114 105 59 30 113,48,114 39 94 96 113,18,10,30,3,13,2,21,var_0 counter_var_1 +,40,counter_var_0 var_1 +
4992,114 84 104 4 113,30,114 47 49 32 113,26,18,4,1,12,3,27,var_0 counter_var_1 +,22,counter_var_0 var_1 +
4993,114 73 91 106 113,28,114 41 59 30 113,15,12,13,30,22,13,45,var_0 counter_var_1 +,25,counter_var_0 var_1 +
4994,114 47 3 86 113,42,114 7 67 80 113,18,7,24,18,3,21,36,var_0 counter_var_1 +,31,counter_var_0 var_1 +
4995,114 81 38 59 113,51,114 70 18 72 113,23,12,28,10,15,18,33,var_0 counter_var_1 +,40,counter_var_0 var_1 +
4996,114 102 31 82 113,35,114 6 72 81 113,15,6,20,19,8,3,34,var_0 counter_var_1 +,26,counter_var_0 var_1 +
4997,114 76 23 98 113,23,114 62 58 2 113,18,4,5,2,0,12,20,var_0 counter_var_1 +,9,counter_var_0 var_1 +
4998,114 96 91 106 113,22,114 14 10 11 113,9,14,13,11,22,10,20,var_0 counter_var_1 +,27,counter_var_0 var_1 +
4999,114 103 53 68 113,22,114 72 22 12 113,16,14,6,12,7,22,28,var_0 counter_var_1 +,20,counter_var_0 var_1 +
5000,114 103 79 58 113,43,114 91 58 2 113,16,4,27,2,10,12,18,var_0 counter_var_1 +,31,counter_var_0 var_1 +
5001,114 44 0 38 113,22,114 23 78 107 113,15,23,7,14,0,9,29,var_0 counter_var_1 +,30,counter_var_0 var_1 +
5002,114 50 60 63 113,22,114 91 89 29 113,21,4,1,29,14,20,50,var_0 counter_var_1 +,5,counter_var_0 var_1 +
5003,114 30 23 98 113,6,114 32 85 31 113,1,3,5,0,0,16,1,var_0 counter_var_1 +,8,counter_var_0 var_1 +
5004,114 19 42 46 113,34,114 102 64 66 113,19,15,15,4,19,18,23,var_0 counter_var_1 +,30,counter_var_0 var_1 +
5005,114 4 108 85 113,27,114 21 93 105 113,4,21,23,12,16,1,16,var_0 counter_var_1 +,44,counter_var_0 var_1 +
5006,114 67 11 6 113,15,114 108 58 2 113,9,21,6,2,11,12,11,var_0 counter_var_1 +,27,counter_var_0 var_1 +
5007,114 70 64 66 113,16,114 59 27 101 113,12,1,4,8,18,4,20,var_0 counter_var_1 +,5,counter_var_0 var_1 +
5008,114 93 22 12 113,18,114 94 91 106 113,6,7,12,13,22,22,19,var_0 counter_var_1 +,19,counter_var_0 var_1 +
5009,114 0 7 22 113,22,114 28 62 43 113,0,28,22,12,7,16,12,var_0 counter_var_1 +,50,counter_var_0 var_1 +
5010,114 57 38 59 113,56,114 96 82 90 113,28,9,28,28,15,13,56,var_0 counter_var_1 +,37,counter_var_0 var_1 +
5011,114 7 41 34 113,10,114 97 81 52 113,7,10,3,21,18,12,28,var_0 counter_var_1 +,13,counter_var_0 var_1 +
5012,114 82 88 16 113,40,114 19 68 71 113,24,19,16,9,19,22,33,var_0 counter_var_1 +,35,counter_var_0 var_1 +
5013,114 52 62 43 113,35,114 7 47 93 113,23,7,12,0,16,1,23,var_0 counter_var_1 +,19,counter_var_0 var_1 +
5014,114 103 103 61 113,46,114 0 65 67 113,16,0,30,5,11,19,21,var_0 counter_var_1 +,30,counter_var_0 var_1 +
5015,114 25 87 60 113,54,114 86 108 85 113,25,28,29,23,18,16,48,var_0 counter_var_1 +,57,counter_var_0 var_1 +
5016,114 37 63 26 113,34,114 86 62 43 113,8,28,26,12,17,16,20,var_0 counter_var_1 +,54,counter_var_0 var_1 +
5017,114 6 107 28 113,34,114 9 111 79 113,6,9,28,17,15,19,23,var_0 counter_var_1 +,37,counter_var_0 var_1 +
5018,114 107 108 85 113,43,114 33 4 78 113,20,4,23,16,16,4,36,var_0 counter_var_1 +,27,counter_var_0 var_1 +
5019,114 41 94 96 113,15,114 23 41 34 113,12,23,3,3,2,18,15,var_0 counter_var_1 +,26,counter_var_0 var_1 +
5020,114 1 25 20 113,21,114 2 33 14 113,1,2,20,14,2,10,15,var_0 counter_var_1 +,22,counter_var_0 var_1 +
5021,114 71 5 24 113,37,114 42 83 3 113,13,13,24,3,5,14,16,var_0 counter_var_1 +,37,counter_var_0 var_1 +
5022,114 18 25 20 113,38,114 82 85 31 113,18,24,20,0,2,16,18,var_0 counter_var_1 +,44,counter_var_0 var_1 +
5023,114 36 100 75 113,20,114 14 92 51 113,7,14,13,20,8,0,27,var_0 counter_var_1 +,27,counter_var_0 var_1 +
5024,114 83 84 44 113,38,114 67 4 78 113,25,9,13,16,15,4,41,var_0 counter_var_1 +,22,counter_var_0 var_1 +
5025,114 62 17 112 113,23,114 7 31 82 113,4,7,19,20,17,8,24,var_0 counter_var_1 +,26,counter_var_0 var_1 +
5026,114 7 38 59 113,35,114 32 61 89 113,7,3,28,27,15,15,34,var_0 counter_var_1 +,31,counter_var_0 var_1 +
5027,114 8 63 26 113,34,114 22 25 20 113,8,22,26,20,17,2,28,var_0 counter_var_1 +,48,counter_var_0 var_1 +
5028,114 81 107 28 113,51,114 82 41 34 113,23,24,28,3,15,18,26,var_0 counter_var_1 +,52,counter_var_0 var_1 +
5029,114 53 63 26 113,50,114 69 21 49 113,24,11,26,18,17,21,42,var_0 counter_var_1 +,37,counter_var_0 var_1 +
5030,114 89 49 32 113,3,114 40 97 23 113,2,11,1,23,3,5,25,var_0 counter_var_1 +,12,counter_var_0 var_1 +
5031,114 106 85 31 113,19,114 75 56 5 113,19,17,0,5,16,10,24,var_0 counter_var_1 +,17,counter_var_0 var_1 +
5032,114 80 112 13 113,35,114 23 33 14 113,22,23,13,14,20,10,36,var_0 counter_var_1 +,36,counter_var_0 var_1 +
5033,114 8 105 111 113,26,114 64 112 13 113,8,6,18,13,13,20,21,var_0 counter_var_1 +,24,counter_var_0 var_1 +
5034,114 107 4 78 113,36,114 50 12 83 113,20,21,16,21,4,12,41,var_0 counter_var_1 +,37,counter_var_0 var_1 +
5035,114 50 77 69 113,28,114 68 19 15 113,21,10,7,15,8,19,36,var_0 counter_var_1 +,17,counter_var_0 var_1 +
5036,114 79 41 34 113,24,114 68 45 103 113,21,10,3,10,18,22,31,var_0 counter_var_1 +,13,counter_var_0 var_1 +
5037,114 87 98 74 113,12,114 107 97 23 113,0,20,12,23,6,5,23,var_0 counter_var_1 +,32,counter_var_0 var_1 +
5038,114 90 89 29 113,32,114 111 19 15 113,3,24,29,15,20,19,18,var_0 counter_var_1 +,53,counter_var_0 var_1 +
5039,114 42 11 6 113,19,114 100 111 79 113,13,13,6,17,11,19,30,var_0 counter_var_1 +,19,counter_var_0 var_1 +
5040,114 60 31 82 113,22,114 15 52 9 113,2,15,20,9,8,6,11,var_0 counter_var_1 +,35,counter_var_0 var_1 +
5041,114 100 34 47 113,29,114 20 93 105 113,13,20,16,12,11,1,25,var_0 counter_var_1 +,36,counter_var_0 var_1 +
5042,114 47 67 80 113,36,114 61 58 2 113,18,3,18,2,21,12,20,var_0 counter_var_1 +,21,counter_var_0 var_1 +
5043,114 7 43 40 113,16,114 69 36 19 113,7,11,9,19,20,13,26,var_0 counter_var_1 +,20,counter_var_0 var_1 +
5044,114 27 39 36 113,32,114 33 34 47 113,27,4,5,16,16,11,43,var_0 counter_var_1 +,9,counter_var_0 var_1 +
5045,114 78 50 27 113,47,114 23 4 78 113,20,23,27,16,4,4,36,var_0 counter_var_1 +,50,counter_var_0 var_1 +
5046,114 54 65 67 113,30,114 81 55 10 113,25,23,5,10,19,9,35,var_0 counter_var_1 +,28,counter_var_0 var_1 +
5047,114 105 78 107 113,32,114 32 5 24 113,18,3,14,24,9,5,42,var_0 counter_var_1 +,17,counter_var_0 var_1 +
5048,114 2 18 72 113,12,114 61 55 10 113,2,3,10,10,18,9,12,var_0 counter_var_1 +,13,counter_var_0 var_1 +
5049,114 40 20 50 113,30,114 98 49 32 113,11,11,19,1,20,3,12,var_0 counter_var_1 +,30,counter_var_0 var_1 +
5050,114 62 39 36 113,9,114 71 102 45 113,4,13,5,14,16,10,18,var_0 counter_var_1 +,18,counter_var_0 var_1 +
5051,114 69 103 61 113,41,114 7 15 62 113,11,7,30,0,11,15,11,var_0 counter_var_1 +,37,counter_var_0 var_1 +
5052,114 43 103 61 113,44,114 64 92 51 113,14,6,30,20,11,0,34,var_0 counter_var_1 +,36,counter_var_0 var_1 +
5053,114 103 96 7 113,23,114 7 37 110 113,16,7,7,17,4,14,33,var_0 counter_var_1 +,14,counter_var_0 var_1 +
5054,114 92 52 9 113,14,114 69 13 18 113,5,11,9,18,6,13,23,var_0 counter_var_1 +,20,counter_var_0 var_1 +
5055,114 103 67 80 113,34,114 49 94 96 113,16,20,18,3,21,2,19,var_0 counter_var_1 +,38,counter_var_0 var_1 +
5056,114 73 17 112 113,34,114 91 32 1 113,15,4,19,1,17,9,16,var_0 counter_var_1 +,23,counter_var_0 var_1 +
5057,114 18 92 51 113,38,114 68 16 21 113,18,10,20,21,0,16,39,var_0 counter_var_1 +,30,counter_var_0 var_1 +
5058,114 42 91 106 113,26,114 3 85 31 113,13,3,13,0,22,16,13,var_0 counter_var_1 +,16,counter_var_0 var_1 +
5059,114 32 16 21 113,24,114 103 25 20 113,3,16,21,20,16,2,23,var_0 counter_var_1 +,37,counter_var_0 var_1 +
5060,114 72 65 67 113,19,114 59 76 54 113,14,1,5,23,19,7,37,var_0 counter_var_1 +,6,counter_var_0 var_1 +
5061,114 14 74 91 113,43,114 12 69 104 113,14,12,29,11,5,0,25,var_0 counter_var_1 +,41,counter_var_0 var_1 +
5062,114 16 63 26 113,42,114 66 34 47 113,16,8,26,16,17,11,32,var_0 counter_var_1 +,34,counter_var_0 var_1 +
5063,114 33 67 80 113,22,114 69 67 80 113,4,11,18,18,21,21,22,var_0 counter_var_1 +,29,counter_var_0 var_1 +
5064,114 101 23 98 113,19,114 103 47 93 113,14,16,5,0,0,1,14,var_0 counter_var_1 +,21,counter_var_0 var_1 +
5065,114 101 46 87 113,39,114 56 13 18 113,14,27,25,18,0,13,32,var_0 counter_var_1 +,52,counter_var_0 var_1 +
5066,114 58 97 23 113,23,114 7 34 47 113,0,7,23,16,5,11,16,var_0 counter_var_1 +,30,counter_var_0 var_1 +
5067,114 58 62 43 113,12,114 31 54 53 113,0,2,12,22,16,8,22,var_0 counter_var_1 +,14,counter_var_0 var_1 +
5068,114 87 13 18 113,18,114 62 13 18 113,0,4,18,18,13,13,18,var_0 counter_var_1 +,22,counter_var_0 var_1 +
5069,114 37 29 17 113,25,114 10 69 104 113,8,10,17,11,6,0,19,var_0 counter_var_1 +,27,counter_var_0 var_1 +
5070,114 93 97 23 113,29,114 55 34 47 113,6,26,23,16,5,11,22,var_0 counter_var_1 +,49,counter_var_0 var_1 +
5071,114 86 45 103 113,38,114 17 39 36 113,28,17,10,5,22,16,33,var_0 counter_var_1 +,27,counter_var_0 var_1 +
5072,114 6 68 71 113,15,114 0 7 22 113,6,0,9,22,22,7,28,var_0 counter_var_1 +,9,counter_var_0 var_1 +
5073,114 89 22 12 113,14,114 42 74 91 113,2,13,12,29,22,5,31,var_0 counter_var_1 +,25,counter_var_0 var_1 +
5074,114 68 57 97 113,14,114 102 26 25 113,10,15,4,25,11,3,35,var_0 counter_var_1 +,19,counter_var_0 var_1 +
5075,114 88 72 81 113,20,114 63 25 20 113,1,5,19,20,3,2,21,var_0 counter_var_1 +,24,counter_var_0 var_1 +
5076,114 35 73 73 113,17,114 53 47 93 113,6,24,11,0,4,1,6,var_0 counter_var_1 +,35,counter_var_0 var_1 +
5077,114 50 56 5 113,26,114 65 100 75 113,21,7,5,13,10,8,34,var_0 counter_var_1 +,12,counter_var_0 var_1 +
5078,114 104 8 57 113,43,114 49 20 50 113,17,20,26,19,8,20,36,var_0 counter_var_1 +,46,counter_var_0 var_1 +
5079,114 106 62 43 113,31,114 46 13 18 113,19,17,12,18,16,13,37,var_0 counter_var_1 +,29,counter_var_0 var_1 +
5080,114 42 90 102 113,22,114 106 9 70 113,13,19,9,8,21,9,21,var_0 counter_var_1 +,28,counter_var_0 var_1 +
5081,114 3 93 105 113,15,114 4 8 57 113,3,4,12,26,1,8,29,var_0 counter_var_1 +,16,counter_var_0 var_1 +
5082,114 39 48 95 113,12,114 100 77 69 113,10,13,2,7,2,8,17,var_0 counter_var_1 +,15,counter_var_0 var_1 +
5083,114 3 51 42 113,14,114 92 96 7 113,3,5,11,7,5,4,10,var_0 counter_var_1 +,16,counter_var_0 var_1 +
5084,114 101 13 18 113,32,114 19 29 17 113,14,19,18,17,13,6,31,var_0 counter_var_1 +,37,counter_var_0 var_1 +
5085,114 105 85 31 113,18,114 101 58 2 113,18,14,0,2,16,12,20,var_0 counter_var_1 +,14,counter_var_0 var_1 +
5086,114 92 36 19 113,24,114 99 92 51 113,5,12,19,20,13,0,25,var_0 counter_var_1 +,31,counter_var_0 var_1 +
5087,114 95 24 35 113,12,114 6 79 58 113,8,6,4,27,1,10,35,var_0 counter_var_1 +,10,counter_var_0 var_1 +
5088,114 33 102 45 113,18,114 85 69 104 113,4,27,14,11,10,0,15,var_0 counter_var_1 +,41,counter_var_0 var_1 +
5089,114 75 43 40 113,26,114 88 99 92 113,17,1,9,30,20,7,47,var_0 counter_var_1 +,10,counter_var_0 var_1 +
5090,114 41 81 52 113,33,114 20 38 59 113,12,20,21,28,12,15,40,var_0 counter_var_1 +,41,counter_var_0 var_1 +
5091,114 15 11 6 113,21,114 53 4 78 113,15,24,6,16,11,4,31,var_0 counter_var_1 +,30,counter_var_0 var_1 +
5092,114 65 82 90 113,35,114 99 9 70 113,7,12,28,8,13,9,15,var_0 counter_var_1 +,40,counter_var_0 var_1 +
5093,114 37 14 33 113,10,114 25 65 67 113,8,25,2,5,14,19,13,var_0 counter_var_1 +,27,counter_var_0 var_1 +
5094,114 52 24 35 113,27,114 47 105 111 113,23,18,4,18,1,13,41,var_0 counter_var_1 +,22,counter_var_0 var_1 +
5095,114 36 78 107 113,21,114 106 49 32 113,7,19,14,1,9,3,8,var_0 counter_var_1 +,33,counter_var_0 var_1 +
5096,114 58 33 14 113,14,114 16 12 83 113,0,16,14,21,10,12,21,var_0 counter_var_1 +,30,counter_var_0 var_1 +
5097,114 98 101 39 113,19,114 101 107 28 113,11,14,8,28,9,15,39,var_0 counter_var_1 +,22,counter_var_0 var_1 +
5098,114 10 99 92 113,40,114 83 105 111 113,10,25,30,18,7,13,28,var_0 counter_var_1 +,55,counter_var_0 var_1 +
5099,114 56 43 40 113,36,114 110 96 7 113,27,23,9,7,20,4,34,var_0 counter_var_1 +,32,counter_var_0 var_1 +
5100,114 9 16 21 113,30,114 106 33 14 113,9,19,21,14,16,10,23,var_0 counter_var_1 +,40,counter_var_0 var_1 +
5101,114 102 54 53 113,37,114 100 78 107 113,15,13,22,14,8,9,29,var_0 counter_var_1 +,35,counter_var_0 var_1 +
5102,114 25 105 111 113,43,114 15 16 21 113,25,15,18,21,13,16,46,var_0 counter_var_1 +,33,counter_var_0 var_1 +
5103,114 7 105 111 113,25,114 33 93 105 113,7,4,18,12,13,1,19,var_0 counter_var_1 +,22,counter_var_0 var_1 +
5104,114 100 108 85 113,36,114 62 103 61 113,13,4,23,30,16,11,43,var_0 counter_var_1 +,27,counter_var_0 var_1 +
5105,114 51 13 18 113,40,114 100 6 64 113,22,13,18,2,13,6,24,var_0 counter_var_1 +,31,counter_var_0 var_1 +
5106,114 107 65 67 113,25,114 43 25 20 113,20,14,5,20,19,2,40,var_0 counter_var_1 +,19,counter_var_0 var_1 +
5107,114 107 9 70 113,28,114 19 18 72 113,20,19,8,10,9,18,30,var_0 counter_var_1 +,27,counter_var_0 var_1 +
