,data,labels,counterfactual_data,var_0,counter_var_0,var_1,counter_var_1,aux_0,counter_aux_0,CF_Label_0,CF_FN_0,CF_Label_1,CF_FN_1
0,114 86 22 12 113,40,114 20 15 62 113,28,20,12,0,22,15,28,var_0 counter_var_1 +,32,counter_var_0 var_1 +
1,114 39 90 102 113,19,114 3 93 105 113,10,3,9,12,21,1,22,var_0 counter_var_1 +,12,counter_var_0 var_1 +
2,114 23 49 32 113,24,114 76 105 111 113,23,18,1,18,3,13,41,var_0 counter_var_1 +,19,counter_var_0 var_1 +
3,114 86 2 84 113,50,114 70 24 35 113,28,12,22,4,2,1,32,var_0 counter_var_1 +,34,counter_var_0 var_1 +
4,114 34 79 58 113,32,114 97 95 109 113,5,10,27,16,10,3,21,var_0 counter_var_1 +,37,counter_var_0 var_1 +
5,114 18 111 79 113,35,114 50 29 17 113,18,21,17,17,19,6,35,var_0 counter_var_1 +,38,counter_var_0 var_1 +
6,114 110 6 64 113,25,114 59 49 32 113,23,1,2,1,6,3,24,var_0 counter_var_1 +,3,counter_var_0 var_1 +
7,114 104 109 65 113,20,114 61 95 109 113,17,3,3,16,17,3,33,var_0 counter_var_1 +,6,counter_var_0 var_1 +
8,114 64 56 5 113,11,114 21 51 42 113,6,21,5,11,10,5,17,var_0 counter_var_1 +,26,counter_var_0 var_1 +
9,114 85 88 16 113,43,114 35 53 68 113,27,6,16,6,19,7,33,var_0 counter_var_1 +,22,counter_var_0 var_1 +
10,114 21 87 60 113,50,114 39 75 8 113,21,10,29,8,18,6,29,var_0 counter_var_1 +,39,counter_var_0 var_1 +
11,114 53 87 60 113,53,114 10 1 0 113,24,10,29,0,18,1,24,var_0 counter_var_1 +,39,counter_var_0 var_1 +
12,114 94 75 8 113,15,114 48 17 112 113,7,19,8,19,6,17,26,var_0 counter_var_1 +,27,counter_var_0 var_1 +
13,114 94 49 32 113,8,114 2 57 97 113,7,2,1,4,3,11,11,var_0 counter_var_1 +,3,counter_var_0 var_1 +
14,114 97 61 89 113,37,114 71 20 50 113,10,13,27,19,15,20,29,var_0 counter_var_1 +,40,counter_var_0 var_1 +
15,114 7 46 87 113,32,114 67 43 40 113,7,9,25,9,0,20,16,var_0 counter_var_1 +,34,counter_var_0 var_1 +
16,114 92 94 96 113,8,114 74 59 30 113,5,16,3,30,2,13,35,var_0 counter_var_1 +,19,counter_var_0 var_1 +
17,114 56 105 111 113,45,114 68 95 109 113,27,10,18,16,13,3,43,var_0 counter_var_1 +,28,counter_var_0 var_1 +
18,114 85 35 37 113,33,114 13 78 107 113,27,13,6,14,12,9,41,var_0 counter_var_1 +,19,counter_var_0 var_1 +
19,114 100 99 92 113,43,114 75 83 3 113,13,17,30,3,7,14,16,var_0 counter_var_1 +,47,counter_var_0 var_1 +
20,114 43 96 7 113,21,114 1 78 107 113,14,1,7,14,4,9,28,var_0 counter_var_1 +,8,counter_var_0 var_1 +
21,114 104 73 73 113,28,114 65 57 97 113,17,7,11,4,4,11,21,var_0 counter_var_1 +,18,counter_var_0 var_1 +
22,114 48 57 97 113,23,114 29 72 81 113,19,0,4,19,11,3,38,var_0 counter_var_1 +,4,counter_var_0 var_1 +
23,114 106 107 28 113,47,114 14 38 59 113,19,14,28,28,15,15,47,var_0 counter_var_1 +,42,counter_var_0 var_1 +
24,114 90 47 93 113,3,114 101 26 25 113,3,14,0,25,1,3,28,var_0 counter_var_1 +,14,counter_var_0 var_1 +
25,114 37 46 87 113,33,114 65 53 68 113,8,7,25,6,0,7,14,var_0 counter_var_1 +,32,counter_var_0 var_1 +
26,114 97 78 107 113,24,114 5 33 14 113,10,5,14,14,9,10,24,var_0 counter_var_1 +,19,counter_var_0 var_1 +
27,114 41 33 14 113,26,114 9 35 37 113,12,9,14,6,10,12,18,var_0 counter_var_1 +,23,counter_var_0 var_1 +
28,114 34 23 98 113,10,114 45 86 94 113,5,16,5,1,0,17,6,var_0 counter_var_1 +,21,counter_var_0 var_1 +
29,114 46 44 41 113,27,114 66 30 99 113,17,8,10,6,21,7,23,var_0 counter_var_1 +,18,counter_var_0 var_1 +
30,114 95 81 52 113,29,114 68 22 12 113,8,10,21,12,12,22,20,var_0 counter_var_1 +,31,counter_var_0 var_1 +
31,114 103 97 23 113,39,114 39 81 52 113,16,10,23,21,5,12,37,var_0 counter_var_1 +,33,counter_var_0 var_1 +
32,114 108 102 45 113,35,114 108 8 57 113,21,21,14,26,10,8,47,var_0 counter_var_1 +,35,counter_var_0 var_1 +
33,114 96 79 58 113,36,114 89 45 103 113,9,2,27,10,10,22,19,var_0 counter_var_1 +,29,counter_var_0 var_1 +
34,114 89 4 78 113,18,114 35 86 94 113,2,6,16,1,4,17,3,var_0 counter_var_1 +,22,counter_var_0 var_1 +
35,114 5 64 66 113,9,114 29 64 66 113,5,0,4,4,18,18,9,var_0 counter_var_1 +,4,counter_var_0 var_1 +
36,114 14 35 37 113,20,114 103 54 53 113,14,16,6,22,12,8,36,var_0 counter_var_1 +,22,counter_var_0 var_1 +
37,114 33 53 68 113,10,114 5 45 103 113,4,5,6,10,7,22,14,var_0 counter_var_1 +,11,counter_var_0 var_1 +
38,114 11 57 97 113,15,114 97 56 5 113,11,10,4,5,11,10,16,var_0 counter_var_1 +,14,counter_var_0 var_1 +
39,114 28 67 80 113,46,114 103 15 62 113,28,16,18,0,21,15,28,var_0 counter_var_1 +,34,counter_var_0 var_1 +
40,114 30 94 96 113,4,114 76 35 37 113,1,18,3,6,2,12,7,var_0 counter_var_1 +,21,counter_var_0 var_1 +
41,114 12 32 1 113,13,114 39 40 76 113,12,10,1,14,9,17,26,var_0 counter_var_1 +,11,counter_var_0 var_1 +
42,114 70 48 95 113,14,114 9 20 50 113,12,9,2,19,2,20,31,var_0 counter_var_1 +,11,counter_var_0 var_1 +
43,114 88 28 55 113,25,114 6 23 98 113,1,6,24,5,5,0,6,var_0 counter_var_1 +,30,counter_var_0 var_1 +
44,114 25 88 16 113,41,114 5 36 19 113,25,5,16,19,19,13,44,var_0 counter_var_1 +,21,counter_var_0 var_1 +
45,114 75 112 13 113,30,114 25 14 33 113,17,25,13,2,20,14,19,var_0 counter_var_1 +,38,counter_var_0 var_1 +
46,114 24 71 100 113,31,114 97 0 38 113,24,10,7,7,2,0,31,var_0 counter_var_1 +,17,counter_var_0 var_1 +
47,114 72 73 73 113,25,114 107 101 39 113,14,20,11,8,4,9,22,var_0 counter_var_1 +,31,counter_var_0 var_1 +
48,114 74 47 93 113,16,114 55 80 48 113,16,26,0,17,1,11,33,var_0 counter_var_1 +,26,counter_var_0 var_1 +
49,114 10 13 18 113,28,114 55 83 3 113,10,26,18,3,13,14,13,var_0 counter_var_1 +,44,counter_var_0 var_1 +
50,114 107 19 15 113,35,114 106 111 79 113,20,19,15,17,19,19,37,var_0 counter_var_1 +,34,counter_var_0 var_1 +
51,114 88 42 46 113,16,114 60 76 54 113,1,2,15,23,19,7,24,var_0 counter_var_1 +,17,counter_var_0 var_1 +
52,114 14 30 99 113,20,114 69 61 89 113,14,11,6,27,7,15,41,var_0 counter_var_1 +,17,counter_var_0 var_1 +
53,114 98 51 42 113,22,114 39 21 49 113,11,10,11,18,5,21,29,var_0 counter_var_1 +,21,counter_var_0 var_1 +
54,114 43 111 79 113,31,114 39 43 40 113,14,10,17,9,19,20,23,var_0 counter_var_1 +,27,counter_var_0 var_1 +
55,114 82 19 15 113,39,114 33 68 71 113,24,4,15,9,19,22,33,var_0 counter_var_1 +,19,counter_var_0 var_1 +
56,114 73 76 54 113,38,114 40 22 12 113,15,11,23,12,7,22,27,var_0 counter_var_1 +,34,counter_var_0 var_1 +
57,114 42 44 41 113,23,114 96 47 93 113,13,9,10,0,21,1,13,var_0 counter_var_1 +,19,counter_var_0 var_1 +
58,114 98 49 32 113,12,114 18 75 8 113,11,18,1,8,3,6,19,var_0 counter_var_1 +,19,counter_var_0 var_1 +
59,114 74 72 81 113,35,114 90 16 21 113,16,3,19,21,3,16,37,var_0 counter_var_1 +,22,counter_var_0 var_1 +
60,114 71 22 12 113,25,114 76 96 7 113,13,18,12,7,22,4,20,var_0 counter_var_1 +,30,counter_var_0 var_1 +
61,114 43 73 73 113,25,114 90 42 46 113,14,3,11,15,4,19,29,var_0 counter_var_1 +,14,counter_var_0 var_1 +
62,114 107 39 36 113,25,114 45 17 112 113,20,16,5,19,16,17,39,var_0 counter_var_1 +,21,counter_var_0 var_1 +
63,114 11 2 84 113,33,114 29 60 63 113,11,0,22,1,2,14,12,var_0 counter_var_1 +,22,counter_var_0 var_1 +
64,114 8 95 109 113,24,114 99 55 10 113,8,12,16,10,3,9,18,var_0 counter_var_1 +,28,counter_var_0 var_1 +
65,114 32 92 51 113,23,114 17 72 81 113,3,17,20,19,0,3,22,var_0 counter_var_1 +,37,counter_var_0 var_1 +
66,114 75 72 81 113,36,114 53 44 41 113,17,24,19,10,3,21,27,var_0 counter_var_1 +,43,counter_var_0 var_1 +
67,114 57 62 43 113,40,114 32 63 26 113,28,3,12,26,16,17,54,var_0 counter_var_1 +,15,counter_var_0 var_1 +
68,114 98 104 4 113,15,114 10 67 80 113,11,10,4,18,12,21,29,var_0 counter_var_1 +,14,counter_var_0 var_1 +
69,114 10 69 104 113,21,114 78 109 65 113,10,20,11,3,0,17,13,var_0 counter_var_1 +,31,counter_var_0 var_1 +
70,114 107 32 1 113,21,114 63 39 36 113,20,5,1,5,9,16,25,var_0 counter_var_1 +,6,counter_var_0 var_1 +
71,114 103 18 72 113,26,114 22 48 95 113,16,22,10,2,18,2,18,var_0 counter_var_1 +,32,counter_var_0 var_1 +
72,114 36 88 16 113,23,114 39 56 5 113,7,10,16,5,19,10,12,var_0 counter_var_1 +,26,counter_var_0 var_1 +
73,114 85 26 25 113,52,114 12 38 59 113,27,12,25,28,3,15,55,var_0 counter_var_1 +,37,counter_var_0 var_1 +
74,114 38 45 103 113,19,114 17 82 90 113,9,17,10,28,22,13,37,var_0 counter_var_1 +,27,counter_var_0 var_1 +
75,114 6 44 41 113,16,114 44 110 108 113,6,15,10,15,21,18,21,var_0 counter_var_1 +,25,counter_var_0 var_1 +
76,114 26 90 102 113,35,114 25 46 87 113,26,25,9,25,21,0,51,var_0 counter_var_1 +,34,counter_var_0 var_1 +
77,114 43 112 13 113,27,114 60 25 20 113,14,2,13,20,20,2,34,var_0 counter_var_1 +,15,counter_var_0 var_1 +
78,114 68 64 66 113,14,114 71 101 39 113,10,13,4,8,18,9,18,var_0 counter_var_1 +,17,counter_var_0 var_1 +
79,114 12 33 14 113,26,114 75 51 42 113,12,17,14,11,10,5,23,var_0 counter_var_1 +,31,counter_var_0 var_1 +
80,114 51 50 27 113,49,114 23 9 70 113,22,23,27,8,4,9,30,var_0 counter_var_1 +,50,counter_var_0 var_1 +
81,114 55 111 79 113,43,114 0 72 81 113,26,0,17,19,19,3,45,var_0 counter_var_1 +,17,counter_var_0 var_1 +
82,114 111 94 96 113,27,114 10 93 105 113,24,10,3,12,2,1,36,var_0 counter_var_1 +,13,counter_var_0 var_1 +
83,114 30 102 45 113,15,114 78 28 55 113,1,20,14,24,10,5,25,var_0 counter_var_1 +,34,counter_var_0 var_1 +
84,114 100 79 58 113,40,114 84 44 41 113,13,26,27,10,10,21,23,var_0 counter_var_1 +,53,counter_var_0 var_1 +
85,114 69 36 19 113,30,114 29 98 74 113,11,0,19,12,13,6,23,var_0 counter_var_1 +,19,counter_var_0 var_1 +
86,114 3 36 19 113,22,114 27 76 54 113,3,27,19,23,13,7,26,var_0 counter_var_1 +,46,counter_var_0 var_1 +
87,114 100 55 10 113,23,114 109 27 101 113,13,22,10,8,9,4,21,var_0 counter_var_1 +,32,counter_var_0 var_1 +
88,114 8 6 64 113,10,114 95 65 67 113,8,8,2,5,6,19,13,var_0 counter_var_1 +,10,counter_var_0 var_1 +
89,114 54 103 61 113,55,114 79 20 50 113,25,21,30,19,11,20,44,var_0 counter_var_1 +,51,counter_var_0 var_1 +
90,114 91 10 11 113,15,114 36 20 50 113,4,7,11,19,10,20,23,var_0 counter_var_1 +,18,counter_var_0 var_1 +
91,114 79 92 51 113,41,114 20 98 74 113,21,20,20,12,0,6,33,var_0 counter_var_1 +,40,counter_var_0 var_1 +
92,114 46 29 17 113,34,114 66 90 102 113,17,8,17,9,6,21,26,var_0 counter_var_1 +,25,counter_var_0 var_1 +
93,114 12 81 52 113,33,114 2 6 64 113,12,2,21,2,12,6,14,var_0 counter_var_1 +,23,counter_var_0 var_1 +
94,114 26 8 57 113,52,114 45 97 23 113,26,16,26,23,8,5,49,var_0 counter_var_1 +,42,counter_var_0 var_1 +
95,114 13 56 5 113,18,114 12 107 28 113,13,12,5,28,10,15,41,var_0 counter_var_1 +,17,counter_var_0 var_1 +
96,114 4 110 108 113,19,114 57 56 5 113,4,28,15,5,18,10,9,var_0 counter_var_1 +,43,counter_var_0 var_1 +
97,114 94 87 60 113,36,114 2 16 21 113,7,2,29,21,18,16,28,var_0 counter_var_1 +,31,counter_var_0 var_1 +
98,114 82 40 76 113,38,114 77 4 78 113,24,19,14,16,17,4,40,var_0 counter_var_1 +,33,counter_var_0 var_1 +
99,114 29 17 112 113,19,114 21 112 13 113,0,21,19,13,17,20,13,var_0 counter_var_1 +,40,counter_var_0 var_1 +
100,114 74 45 103 113,26,114 84 67 80 113,16,26,10,18,22,21,34,var_0 counter_var_1 +,36,counter_var_0 var_1 +
101,114 16 87 60 113,45,114 55 110 108 113,16,26,29,15,18,18,31,var_0 counter_var_1 +,55,counter_var_0 var_1 +
102,114 14 24 35 113,18,114 20 108 85 113,14,20,4,23,1,16,37,var_0 counter_var_1 +,24,counter_var_0 var_1 +
103,114 56 12 83 113,48,114 91 51 42 113,27,4,21,11,12,5,38,var_0 counter_var_1 +,25,counter_var_0 var_1 +
104,114 101 112 13 113,27,114 97 58 2 113,14,10,13,2,20,12,16,var_0 counter_var_1 +,23,counter_var_0 var_1 +
105,114 13 87 60 113,42,114 72 112 13 113,13,14,29,13,18,20,26,var_0 counter_var_1 +,43,counter_var_0 var_1 +
106,114 41 60 63 113,13,114 2 64 66 113,12,2,1,4,14,18,16,var_0 counter_var_1 +,3,counter_var_0 var_1 +
107,114 17 84 44 113,30,114 11 82 90 113,17,11,13,28,15,13,45,var_0 counter_var_1 +,24,counter_var_0 var_1 +
108,114 40 0 38 113,18,114 107 58 2 113,11,20,7,2,0,12,13,var_0 counter_var_1 +,27,counter_var_0 var_1 +
109,114 96 52 9 113,18,114 66 1 0 113,9,8,9,0,6,1,9,var_0 counter_var_1 +,17,counter_var_0 var_1 +
110,114 101 87 60 113,43,114 101 8 57 113,14,14,29,26,18,8,40,var_0 counter_var_1 +,43,counter_var_0 var_1 +
111,114 99 17 112 113,31,114 44 103 61 113,12,15,19,30,17,11,42,var_0 counter_var_1 +,34,counter_var_0 var_1 +
112,114 36 4 78 113,23,114 59 22 12 113,7,1,16,12,4,22,19,var_0 counter_var_1 +,17,counter_var_0 var_1 +
113,114 66 33 14 113,22,114 90 92 51 113,8,3,14,20,10,0,28,var_0 counter_var_1 +,17,counter_var_0 var_1 +
114,114 67 79 58 113,36,114 39 9 70 113,9,10,27,8,10,9,17,var_0 counter_var_1 +,37,counter_var_0 var_1 +
115,114 22 30 99 113,28,114 56 22 12 113,22,27,6,12,7,22,34,var_0 counter_var_1 +,33,counter_var_0 var_1 +
116,114 96 14 33 113,11,114 22 85 31 113,9,22,2,0,14,16,9,var_0 counter_var_1 +,24,counter_var_0 var_1 +
117,114 66 26 25 113,33,114 81 27 101 113,8,23,25,8,3,4,16,var_0 counter_var_1 +,48,counter_var_0 var_1 +
118,114 90 7 22 113,25,114 86 112 13 113,3,28,22,13,7,20,16,var_0 counter_var_1 +,50,counter_var_0 var_1 +
119,114 97 11 6 113,16,114 46 84 44 113,10,17,6,13,11,15,23,var_0 counter_var_1 +,23,counter_var_0 var_1 +
120,114 31 31 82 113,22,114 88 76 54 113,2,1,20,23,8,7,25,var_0 counter_var_1 +,21,counter_var_0 var_1 +
121,114 77 8 57 113,45,114 56 85 31 113,19,27,26,0,8,16,19,var_0 counter_var_1 +,53,counter_var_0 var_1 +
122,114 64 4 78 113,22,114 19 88 16 113,6,19,16,16,4,19,22,var_0 counter_var_1 +,35,counter_var_0 var_1 +
123,114 94 22 12 113,19,114 8 2 84 113,7,8,12,22,22,2,29,var_0 counter_var_1 +,20,counter_var_0 var_1 +
124,114 50 86 94 113,22,114 60 85 31 113,21,2,1,0,17,16,21,var_0 counter_var_1 +,3,counter_var_0 var_1 +
125,114 14 60 63 113,15,114 61 44 41 113,14,3,1,10,14,21,24,var_0 counter_var_1 +,4,counter_var_0 var_1 +
126,114 63 67 80 113,23,114 110 57 97 113,5,23,18,4,21,11,9,var_0 counter_var_1 +,41,counter_var_0 var_1 +
127,114 76 112 13 113,31,114 19 80 48 113,18,19,13,17,20,11,35,var_0 counter_var_1 +,32,counter_var_0 var_1 +
128,114 35 35 37 113,12,114 74 40 76 113,6,16,6,14,12,17,20,var_0 counter_var_1 +,22,counter_var_0 var_1 +
129,114 21 32 1 113,22,114 6 18 72 113,21,6,1,10,9,18,31,var_0 counter_var_1 +,7,counter_var_0 var_1 +
130,114 56 103 61 113,57,114 65 23 98 113,27,7,30,5,11,0,32,var_0 counter_var_1 +,37,counter_var_0 var_1 +
131,114 57 20 50 113,47,114 7 73 73 113,28,7,19,11,20,4,39,var_0 counter_var_1 +,26,counter_var_0 var_1 +
132,114 73 34 47 113,31,114 55 107 28 113,15,26,16,28,11,15,43,var_0 counter_var_1 +,42,counter_var_0 var_1 +
133,114 3 26 25 113,28,114 6 86 94 113,3,6,25,1,3,17,4,var_0 counter_var_1 +,31,counter_var_0 var_1 +
134,114 86 105 111 113,46,114 11 56 5 113,28,11,18,5,13,10,33,var_0 counter_var_1 +,29,counter_var_0 var_1 +
135,114 47 72 81 113,37,114 58 64 66 113,18,0,19,4,3,18,22,var_0 counter_var_1 +,19,counter_var_0 var_1 +
136,114 111 109 65 113,27,114 53 7 22 113,24,24,3,22,17,7,46,var_0 counter_var_1 +,27,counter_var_0 var_1 +
137,114 107 77 69 113,27,114 46 56 5 113,20,17,7,5,8,10,25,var_0 counter_var_1 +,24,counter_var_0 var_1 +
138,114 41 2 84 113,34,114 54 62 43 113,12,25,22,12,2,16,24,var_0 counter_var_1 +,47,counter_var_0 var_1 +
139,114 9 17 112 113,28,114 39 51 42 113,9,10,19,11,17,5,20,var_0 counter_var_1 +,29,counter_var_0 var_1 +
140,114 8 50 27 113,35,114 103 82 90 113,8,16,27,28,4,13,36,var_0 counter_var_1 +,43,counter_var_0 var_1 +
141,114 25 68 71 113,34,114 3 34 47 113,25,3,9,16,22,11,41,var_0 counter_var_1 +,12,counter_var_0 var_1 +
142,114 112 24 35 113,29,114 100 45 103 113,25,13,4,10,1,22,35,var_0 counter_var_1 +,17,counter_var_0 var_1 +
143,114 108 46 87 113,46,114 72 19 15 113,21,14,25,15,0,19,36,var_0 counter_var_1 +,39,counter_var_0 var_1 +
144,114 69 44 41 113,21,114 93 77 69 113,11,6,10,7,21,8,18,var_0 counter_var_1 +,16,counter_var_0 var_1 +
145,114 48 21 49 113,37,114 100 108 85 113,19,13,18,23,21,16,42,var_0 counter_var_1 +,31,counter_var_0 var_1 +
146,114 2 101 39 113,10,114 18 18 72 113,2,18,8,10,9,18,12,var_0 counter_var_1 +,26,counter_var_0 var_1 +
147,114 104 14 33 113,19,114 5 82 90 113,17,5,2,28,14,13,45,var_0 counter_var_1 +,7,counter_var_0 var_1 +
148,114 38 108 85 113,32,114 102 93 105 113,9,15,23,12,16,1,21,var_0 counter_var_1 +,38,counter_var_0 var_1 +
149,114 15 72 81 113,34,114 8 99 92 113,15,8,19,30,3,7,45,var_0 counter_var_1 +,27,counter_var_0 var_1 +
150,114 60 22 12 113,14,114 90 55 10 113,2,3,12,10,22,9,12,var_0 counter_var_1 +,15,counter_var_0 var_1 +
151,114 98 17 112 113,30,114 89 29 17 113,11,2,19,17,17,6,28,var_0 counter_var_1 +,21,counter_var_0 var_1 +
152,114 58 91 106 113,13,114 95 69 104 113,0,8,13,11,22,0,11,var_0 counter_var_1 +,21,counter_var_0 var_1 +
153,114 64 2 84 113,28,114 76 45 103 113,6,18,22,10,2,22,16,var_0 counter_var_1 +,40,counter_var_0 var_1 +
154,114 2 74 91 113,31,114 86 68 71 113,2,28,29,9,5,22,11,var_0 counter_var_1 +,57,counter_var_0 var_1 +
155,114 71 47 93 113,13,114 109 69 104 113,13,22,0,11,1,0,24,var_0 counter_var_1 +,22,counter_var_0 var_1 +
156,114 45 49 32 113,17,114 33 16 21 113,16,4,1,21,3,16,37,var_0 counter_var_1 +,5,counter_var_0 var_1 +
157,114 21 81 52 113,42,114 57 64 66 113,21,28,21,4,12,18,25,var_0 counter_var_1 +,49,counter_var_0 var_1 +
158,114 40 96 7 113,18,114 47 81 52 113,11,18,7,21,4,12,32,var_0 counter_var_1 +,25,counter_var_0 var_1 +
159,114 85 84 44 113,40,114 94 39 36 113,27,7,13,5,15,16,32,var_0 counter_var_1 +,20,counter_var_0 var_1 +
160,114 50 81 52 113,42,114 112 109 65 113,21,25,21,3,12,17,24,var_0 counter_var_1 +,46,counter_var_0 var_1 +
161,114 2 56 5 113,7,114 45 35 37 113,2,16,5,6,10,12,8,var_0 counter_var_1 +,21,counter_var_0 var_1 +
162,114 88 94 96 113,4,114 55 55 10 113,1,26,3,10,2,9,11,var_0 counter_var_1 +,29,counter_var_0 var_1 +
163,114 103 95 109 113,32,114 33 105 111 113,16,4,16,18,3,13,34,var_0 counter_var_1 +,20,counter_var_0 var_1 +
164,114 73 9 70 113,23,114 58 4 78 113,15,0,8,16,9,4,31,var_0 counter_var_1 +,8,counter_var_0 var_1 +
165,114 3 49 32 113,4,114 53 26 25 113,3,24,1,25,3,3,28,var_0 counter_var_1 +,25,counter_var_0 var_1 +
166,114 88 4 78 113,17,114 61 82 90 113,1,3,16,28,4,13,29,var_0 counter_var_1 +,19,counter_var_0 var_1 +
167,114 9 9 70 113,17,114 80 110 108 113,9,22,8,15,9,18,24,var_0 counter_var_1 +,30,counter_var_0 var_1 +
168,114 44 41 34 113,18,114 3 63 26 113,15,3,3,26,18,17,41,var_0 counter_var_1 +,6,counter_var_0 var_1 +
169,114 21 37 110 113,38,114 49 27 101 113,21,20,17,8,14,4,29,var_0 counter_var_1 +,37,counter_var_0 var_1 +
170,114 37 64 66 113,12,114 60 70 77 113,8,2,4,15,18,1,23,var_0 counter_var_1 +,6,counter_var_0 var_1 +
171,114 29 80 48 113,17,114 67 111 79 113,0,9,17,17,11,19,17,var_0 counter_var_1 +,26,counter_var_0 var_1 +
172,114 85 92 51 113,47,114 57 29 17 113,27,28,20,17,0,6,44,var_0 counter_var_1 +,48,counter_var_0 var_1 +
173,114 97 33 14 113,24,114 112 27 101 113,10,25,14,8,10,4,18,var_0 counter_var_1 +,39,counter_var_0 var_1 +
174,114 37 53 68 113,14,114 60 11 6 113,8,2,6,6,7,11,14,var_0 counter_var_1 +,8,counter_var_0 var_1 +
175,114 48 51 42 113,30,114 12 32 1 113,19,12,11,1,5,9,20,var_0 counter_var_1 +,23,counter_var_0 var_1 +
176,114 27 97 23 113,50,114 38 15 62 113,27,9,23,0,5,15,27,var_0 counter_var_1 +,32,counter_var_0 var_1 +
177,114 58 20 50 113,19,114 45 106 56 113,0,16,19,25,20,14,25,var_0 counter_var_1 +,35,counter_var_0 var_1 +
178,114 109 59 30 113,52,114 40 64 66 113,22,11,30,4,13,18,26,var_0 counter_var_1 +,41,counter_var_0 var_1 +
179,114 8 9 70 113,16,114 55 89 29 113,8,26,8,29,9,20,37,var_0 counter_var_1 +,34,counter_var_0 var_1 +
180,114 91 88 16 113,20,114 85 32 1 113,4,27,16,1,19,9,5,var_0 counter_var_1 +,43,counter_var_0 var_1 +
181,114 34 15 62 113,5,114 11 61 89 113,5,11,0,27,15,15,32,var_0 counter_var_1 +,11,counter_var_0 var_1 +
182,114 98 39 36 113,16,114 97 84 44 113,11,10,5,13,16,15,24,var_0 counter_var_1 +,15,counter_var_0 var_1 +
183,114 90 70 77 113,18,114 63 50 27 113,3,5,15,27,1,4,30,var_0 counter_var_1 +,20,counter_var_0 var_1 +
184,114 69 73 73 113,22,114 85 43 40 113,11,27,11,9,4,20,20,var_0 counter_var_1 +,38,counter_var_0 var_1 +
185,114 104 38 59 113,45,114 70 96 7 113,17,12,28,7,15,4,24,var_0 counter_var_1 +,40,counter_var_0 var_1 +
186,114 72 81 52 113,35,114 38 107 28 113,14,9,21,28,12,15,42,var_0 counter_var_1 +,30,counter_var_0 var_1 +
187,114 64 33 14 113,20,114 89 40 76 113,6,2,14,14,10,17,20,var_0 counter_var_1 +,16,counter_var_0 var_1 +
188,114 102 37 110 113,32,114 30 102 45 113,15,1,17,14,14,10,29,var_0 counter_var_1 +,18,counter_var_0 var_1 +
189,114 54 58 2 113,27,114 0 61 89 113,25,0,2,27,12,15,52,var_0 counter_var_1 +,2,counter_var_0 var_1 +
190,114 63 18 72 113,15,114 64 3 86 113,5,6,10,24,18,3,29,var_0 counter_var_1 +,16,counter_var_0 var_1 +
191,114 79 42 46 113,36,114 84 100 75 113,21,26,15,13,19,8,34,var_0 counter_var_1 +,41,counter_var_0 var_1 +
192,114 29 19 15 113,15,114 82 80 48 113,0,24,15,17,19,11,17,var_0 counter_var_1 +,39,counter_var_0 var_1 +
193,114 45 65 67 113,21,114 82 73 73 113,16,24,5,11,19,4,27,var_0 counter_var_1 +,29,counter_var_0 var_1 +
194,114 79 31 82 113,41,114 34 36 19 113,21,5,20,19,8,13,40,var_0 counter_var_1 +,25,counter_var_0 var_1 +
195,114 63 111 79 113,22,114 28 97 23 113,5,28,17,23,19,5,28,var_0 counter_var_1 +,45,counter_var_0 var_1 +
196,114 109 93 105 113,34,114 34 56 5 113,22,5,12,5,1,10,27,var_0 counter_var_1 +,17,counter_var_0 var_1 +
197,114 38 69 104 113,20,114 10 19 15 113,9,10,11,15,0,19,24,var_0 counter_var_1 +,21,counter_var_0 var_1 +
198,114 18 22 12 113,30,114 33 0 38 113,18,4,12,7,22,0,25,var_0 counter_var_1 +,16,counter_var_0 var_1 +
199,114 57 10 11 113,39,114 111 95 109 113,28,24,11,16,10,3,44,var_0 counter_var_1 +,35,counter_var_0 var_1 +
200,114 111 67 80 113,42,114 73 74 91 113,24,15,18,29,21,5,53,var_0 counter_var_1 +,33,counter_var_0 var_1 +
201,114 107 7 22 113,42,114 99 14 33 113,20,12,22,2,7,14,22,var_0 counter_var_1 +,34,counter_var_0 var_1 +
202,114 14 96 7 113,21,114 99 3 86 113,14,12,7,24,4,3,38,var_0 counter_var_1 +,19,counter_var_0 var_1 +
203,114 44 56 5 113,20,114 3 42 46 113,15,3,5,15,10,19,30,var_0 counter_var_1 +,8,counter_var_0 var_1 +
204,114 97 101 39 113,18,114 31 112 13 113,10,2,8,13,9,20,23,var_0 counter_var_1 +,10,counter_var_0 var_1 +
205,114 8 99 92 113,38,114 84 102 45 113,8,26,30,14,7,10,22,var_0 counter_var_1 +,56,counter_var_0 var_1 +
206,114 17 74 91 113,46,114 32 34 47 113,17,3,29,16,5,11,33,var_0 counter_var_1 +,32,counter_var_0 var_1 +
207,114 112 96 7 113,32,114 74 41 34 113,25,16,7,3,4,18,28,var_0 counter_var_1 +,23,counter_var_0 var_1 +
208,114 101 55 10 113,24,114 92 18 72 113,14,5,10,10,9,18,24,var_0 counter_var_1 +,15,counter_var_0 var_1 +
209,114 62 104 4 113,8,114 7 60 63 113,4,7,4,1,12,14,5,var_0 counter_var_1 +,11,counter_var_0 var_1 +
210,114 66 63 26 113,34,114 67 23 98 113,8,9,26,5,17,0,13,var_0 counter_var_1 +,35,counter_var_0 var_1 +
211,114 42 61 89 113,40,114 51 26 25 113,13,22,27,25,15,3,38,var_0 counter_var_1 +,49,counter_var_0 var_1 +
212,114 19 67 80 113,37,114 88 37 110 113,19,1,18,17,21,14,36,var_0 counter_var_1 +,19,counter_var_0 var_1 +
213,114 60 18 72 113,12,114 51 30 99 113,2,22,10,6,18,7,8,var_0 counter_var_1 +,32,counter_var_0 var_1 +
214,114 24 13 18 113,42,114 22 12 83 113,24,22,18,21,13,12,45,var_0 counter_var_1 +,40,counter_var_0 var_1 +
215,114 100 36 19 113,32,114 73 10 11 113,13,15,19,11,13,10,24,var_0 counter_var_1 +,34,counter_var_0 var_1 +
216,114 69 89 29 113,40,114 64 46 87 113,11,6,29,25,20,0,36,var_0 counter_var_1 +,35,counter_var_0 var_1 +
217,114 97 48 95 113,12,114 86 57 97 113,10,28,2,4,2,11,14,var_0 counter_var_1 +,30,counter_var_0 var_1 +
218,114 112 52 9 113,34,114 70 72 81 113,25,12,9,19,6,3,44,var_0 counter_var_1 +,21,counter_var_0 var_1 +
219,114 96 3 86 113,33,114 87 36 19 113,9,0,24,19,3,13,28,var_0 counter_var_1 +,24,counter_var_0 var_1 +
220,114 48 84 44 113,32,114 18 66 88 113,19,18,13,26,15,20,45,var_0 counter_var_1 +,31,counter_var_0 var_1 +
221,114 79 27 101 113,29,114 46 112 13 113,21,17,8,13,4,20,34,var_0 counter_var_1 +,25,counter_var_0 var_1 +
222,114 42 19 15 113,28,114 70 43 40 113,13,12,15,9,19,20,22,var_0 counter_var_1 +,27,counter_var_0 var_1 +
223,114 98 80 48 113,28,114 15 42 46 113,11,15,17,15,11,19,26,var_0 counter_var_1 +,32,counter_var_0 var_1 +
224,114 23 5 24 113,47,114 29 27 101 113,23,0,24,8,5,4,31,var_0 counter_var_1 +,24,counter_var_0 var_1 +
225,114 110 93 105 113,35,114 102 77 69 113,23,15,12,7,1,8,30,var_0 counter_var_1 +,27,counter_var_0 var_1 +
226,114 71 16 21 113,34,114 88 106 56 113,13,1,21,25,16,14,38,var_0 counter_var_1 +,22,counter_var_0 var_1 +
227,114 64 73 73 113,17,114 109 82 90 113,6,22,11,28,4,13,34,var_0 counter_var_1 +,33,counter_var_0 var_1 +
228,114 90 100 75 113,16,114 105 99 92 113,3,18,13,30,8,7,33,var_0 counter_var_1 +,31,counter_var_0 var_1 +
229,114 61 17 112 113,22,114 45 89 29 113,3,16,19,29,17,20,32,var_0 counter_var_1 +,35,counter_var_0 var_1 +
230,114 13 3 86 113,37,114 49 44 41 113,13,20,24,10,3,21,23,var_0 counter_var_1 +,44,counter_var_0 var_1 +
231,114 83 58 2 113,27,114 43 22 12 113,25,14,2,12,12,22,37,var_0 counter_var_1 +,16,counter_var_0 var_1 +
232,114 22 59 30 113,52,114 20 5 24 113,22,20,30,24,13,5,46,var_0 counter_var_1 +,50,counter_var_0 var_1 +
233,114 103 13 18 113,34,114 105 16 21 113,16,18,18,21,13,16,37,var_0 counter_var_1 +,36,counter_var_0 var_1 +
234,114 2 25 20 113,22,114 77 102 45 113,2,19,20,14,2,10,16,var_0 counter_var_1 +,39,counter_var_0 var_1 +
235,114 80 97 23 113,45,114 13 24 35 113,22,13,23,4,5,1,26,var_0 counter_var_1 +,36,counter_var_0 var_1 +
236,114 51 95 109 113,38,114 27 63 26 113,22,27,16,26,3,17,48,var_0 counter_var_1 +,43,counter_var_0 var_1 +
237,114 54 107 28 113,53,114 16 96 7 113,25,16,28,7,15,4,32,var_0 counter_var_1 +,44,counter_var_0 var_1 +
238,114 20 46 87 113,45,114 32 28 55 113,20,3,25,24,0,5,44,var_0 counter_var_1 +,28,counter_var_0 var_1 +
239,114 95 19 15 113,23,114 95 15 62 113,8,8,15,0,19,15,8,var_0 counter_var_1 +,23,counter_var_0 var_1 +
240,114 111 79 58 113,51,114 53 13 18 113,24,24,27,18,10,13,42,var_0 counter_var_1 +,51,counter_var_0 var_1 +
241,114 23 9 70 113,31,114 92 106 56 113,23,5,8,25,9,14,48,var_0 counter_var_1 +,13,counter_var_0 var_1 +
242,114 17 61 89 113,44,114 98 58 2 113,17,11,27,2,15,12,19,var_0 counter_var_1 +,38,counter_var_0 var_1 +
243,114 55 30 99 113,32,114 51 67 80 113,26,22,6,18,7,21,44,var_0 counter_var_1 +,28,counter_var_0 var_1 +
244,114 81 78 107 113,37,114 36 53 68 113,23,7,14,6,9,7,29,var_0 counter_var_1 +,21,counter_var_0 var_1 +
245,114 63 70 77 113,20,114 89 107 28 113,5,2,15,28,1,15,33,var_0 counter_var_1 +,17,counter_var_0 var_1 +
246,114 104 88 16 113,33,114 106 78 107 113,17,19,16,14,19,9,31,var_0 counter_var_1 +,35,counter_var_0 var_1 +
247,114 49 109 65 113,23,114 50 111 79 113,20,21,3,17,17,19,37,var_0 counter_var_1 +,24,counter_var_0 var_1 +
248,114 105 45 103 113,28,114 69 25 20 113,18,11,10,20,22,2,38,var_0 counter_var_1 +,21,counter_var_0 var_1 +
249,114 24 76 54 113,47,114 82 4 78 113,24,24,23,16,7,4,40,var_0 counter_var_1 +,47,counter_var_0 var_1 +
250,114 63 20 50 113,24,114 13 16 21 113,5,13,19,21,20,16,26,var_0 counter_var_1 +,32,counter_var_0 var_1 +
251,114 104 56 5 113,22,114 108 81 52 113,17,21,5,21,10,12,38,var_0 counter_var_1 +,26,counter_var_0 var_1 +
252,114 22 73 73 113,33,114 104 78 107 113,22,17,11,14,4,9,36,var_0 counter_var_1 +,28,counter_var_0 var_1 +
253,114 31 88 16 113,18,114 4 50 27 113,2,4,16,27,19,4,29,var_0 counter_var_1 +,20,counter_var_0 var_1 +
254,114 81 37 110 113,40,114 46 74 91 113,23,17,17,29,14,5,52,var_0 counter_var_1 +,34,counter_var_0 var_1 +
255,114 53 24 35 113,28,114 57 59 30 113,24,28,4,30,1,13,54,var_0 counter_var_1 +,32,counter_var_0 var_1 +
256,114 102 69 104 113,26,114 32 40 76 113,15,3,11,14,0,17,29,var_0 counter_var_1 +,14,counter_var_0 var_1 +
257,114 20 74 91 113,49,114 110 81 52 113,20,23,29,21,5,12,41,var_0 counter_var_1 +,52,counter_var_0 var_1 +
258,114 9 73 73 113,20,114 10 65 67 113,9,10,11,5,4,19,14,var_0 counter_var_1 +,21,counter_var_0 var_1 +
259,114 12 90 102 113,21,114 38 89 29 113,12,9,9,29,21,20,41,var_0 counter_var_1 +,18,counter_var_0 var_1 +
260,114 80 14 33 113,24,114 10 64 66 113,22,10,2,4,14,18,26,var_0 counter_var_1 +,12,counter_var_0 var_1 +
261,114 56 86 94 113,28,114 66 54 53 113,27,8,1,22,17,8,49,var_0 counter_var_1 +,9,counter_var_0 var_1 +
262,114 12 95 109 113,28,114 56 57 97 113,12,27,16,4,3,11,16,var_0 counter_var_1 +,43,counter_var_0 var_1 +
263,114 108 64 66 113,25,114 49 8 57 113,21,20,4,26,18,8,47,var_0 counter_var_1 +,24,counter_var_0 var_1 +
264,114 54 56 5 113,30,114 85 79 58 113,25,27,5,27,10,10,52,var_0 counter_var_1 +,32,counter_var_0 var_1 +
265,114 43 28 55 113,38,114 33 39 36 113,14,4,24,5,5,16,19,var_0 counter_var_1 +,28,counter_var_0 var_1 +
266,114 39 78 107 113,24,114 50 76 54 113,10,21,14,23,9,7,33,var_0 counter_var_1 +,35,counter_var_0 var_1 +
267,114 47 103 61 113,48,114 12 83 3 113,18,12,30,3,11,14,21,var_0 counter_var_1 +,42,counter_var_0 var_1 +
268,114 83 73 73 113,36,114 19 87 60 113,25,19,11,29,4,18,54,var_0 counter_var_1 +,30,counter_var_0 var_1 +
269,114 86 20 50 113,47,114 79 9 70 113,28,21,19,8,20,9,36,var_0 counter_var_1 +,40,counter_var_0 var_1 +
270,114 76 58 2 113,20,114 55 77 69 113,18,26,2,7,12,8,25,var_0 counter_var_1 +,28,counter_var_0 var_1 +
271,114 78 23 98 113,25,114 50 15 62 113,20,21,5,0,0,15,20,var_0 counter_var_1 +,26,counter_var_0 var_1 +
272,114 28 49 32 113,29,114 72 43 40 113,28,14,1,9,3,20,37,var_0 counter_var_1 +,15,counter_var_0 var_1 +
273,114 81 97 23 113,46,114 39 34 47 113,23,10,23,16,5,11,39,var_0 counter_var_1 +,33,counter_var_0 var_1 +
274,114 4 48 95 113,6,114 95 19 15 113,4,8,2,15,2,19,19,var_0 counter_var_1 +,10,counter_var_0 var_1 +
275,114 62 45 103 113,14,114 89 109 65 113,4,2,10,3,22,17,7,var_0 counter_var_1 +,12,counter_var_0 var_1 +
276,114 70 105 111 113,30,114 57 85 31 113,12,28,18,0,13,16,12,var_0 counter_var_1 +,46,counter_var_0 var_1 +
277,114 36 83 3 113,10,114 28 38 59 113,7,28,3,28,14,15,35,var_0 counter_var_1 +,31,counter_var_0 var_1 +
278,114 65 73 73 113,18,114 47 71 100 113,7,18,11,7,4,2,14,var_0 counter_var_1 +,29,counter_var_0 var_1 +
279,114 103 30 99 113,22,114 72 83 3 113,16,14,6,3,7,14,19,var_0 counter_var_1 +,20,counter_var_0 var_1 +
280,114 98 34 47 113,27,114 95 25 20 113,11,8,16,20,11,2,31,var_0 counter_var_1 +,24,counter_var_0 var_1 +
281,114 67 52 9 113,18,114 34 38 59 113,9,5,9,28,6,15,37,var_0 counter_var_1 +,14,counter_var_0 var_1 +
282,114 90 84 44 113,16,114 44 21 49 113,3,15,13,18,15,21,21,var_0 counter_var_1 +,28,counter_var_0 var_1 +
283,114 54 1 0 113,25,114 58 61 89 113,25,0,0,27,1,15,52,var_0 counter_var_1 +,0,counter_var_0 var_1 +
284,114 73 23 98 113,20,114 67 74 91 113,15,9,5,29,0,5,44,var_0 counter_var_1 +,14,counter_var_0 var_1 +
285,114 61 48 95 113,5,114 11 53 68 113,3,11,2,6,2,7,9,var_0 counter_var_1 +,13,counter_var_0 var_1 +
286,114 82 13 18 113,42,114 1 100 75 113,24,1,18,13,13,8,37,var_0 counter_var_1 +,19,counter_var_0 var_1 +
287,114 70 78 107 113,26,114 51 95 109 113,12,22,14,16,9,3,28,var_0 counter_var_1 +,36,counter_var_0 var_1 +
288,114 36 27 101 113,15,114 77 79 58 113,7,19,8,27,4,10,34,var_0 counter_var_1 +,27,counter_var_0 var_1 +
289,114 101 108 85 113,37,114 61 109 65 113,14,3,23,3,16,17,17,var_0 counter_var_1 +,26,counter_var_0 var_1 +
290,114 61 60 63 113,4,114 59 35 37 113,3,1,1,6,14,12,9,var_0 counter_var_1 +,2,counter_var_0 var_1 +
291,114 60 69 104 113,13,114 23 60 63 113,2,23,11,1,0,14,3,var_0 counter_var_1 +,34,counter_var_0 var_1 +
292,114 108 90 102 113,30,114 15 109 65 113,21,15,9,3,21,17,24,var_0 counter_var_1 +,24,counter_var_0 var_1 +
293,114 31 96 7 113,9,114 7 17 112 113,2,7,7,19,4,17,21,var_0 counter_var_1 +,14,counter_var_0 var_1 +
294,114 109 73 73 113,33,114 16 7 22 113,22,16,11,22,4,7,44,var_0 counter_var_1 +,27,counter_var_0 var_1 +
295,114 45 89 29 113,45,114 65 86 94 113,16,7,29,1,20,17,17,var_0 counter_var_1 +,36,counter_var_0 var_1 +
296,114 97 55 10 113,20,114 63 87 60 113,10,5,10,29,9,18,39,var_0 counter_var_1 +,15,counter_var_0 var_1 +
297,114 82 35 37 113,30,114 47 83 3 113,24,18,6,3,12,14,27,var_0 counter_var_1 +,24,counter_var_0 var_1 +
298,114 70 37 110 113,29,114 95 67 80 113,12,8,17,18,14,21,30,var_0 counter_var_1 +,25,counter_var_0 var_1 +
299,114 81 0 38 113,30,114 88 108 85 113,23,1,7,23,0,16,46,var_0 counter_var_1 +,8,counter_var_0 var_1 +
300,114 28 58 2 113,30,114 26 11 6 113,28,26,2,6,12,11,34,var_0 counter_var_1 +,28,counter_var_0 var_1 +
301,114 59 51 42 113,12,114 14 49 32 113,1,14,11,1,5,3,2,var_0 counter_var_1 +,25,counter_var_0 var_1 +
302,114 92 64 66 113,9,114 4 101 39 113,5,4,4,8,18,9,13,var_0 counter_var_1 +,8,counter_var_0 var_1 +
303,114 30 89 29 113,30,114 15 80 48 113,1,15,29,17,20,11,18,var_0 counter_var_1 +,44,counter_var_0 var_1 +
304,114 60 50 27 113,29,114 73 85 31 113,2,15,27,0,4,16,2,var_0 counter_var_1 +,42,counter_var_0 var_1 +
305,114 111 19 15 113,39,114 82 105 111 113,24,24,15,18,19,13,42,var_0 counter_var_1 +,39,counter_var_0 var_1 +
306,114 81 95 109 113,39,114 67 50 27 113,23,9,16,27,3,4,50,var_0 counter_var_1 +,25,counter_var_0 var_1 +
307,114 111 101 39 113,32,114 66 23 98 113,24,8,8,5,9,0,29,var_0 counter_var_1 +,16,counter_var_0 var_1 +
308,114 75 81 52 113,38,114 101 20 50 113,17,14,21,19,12,20,36,var_0 counter_var_1 +,35,counter_var_0 var_1 +
309,114 75 39 36 113,22,114 106 2 84 113,17,19,5,22,16,2,39,var_0 counter_var_1 +,24,counter_var_0 var_1 +
310,114 108 57 97 113,25,114 110 61 89 113,21,23,4,27,11,15,48,var_0 counter_var_1 +,27,counter_var_0 var_1 +
311,114 86 76 54 113,51,114 30 96 7 113,28,1,23,7,7,4,35,var_0 counter_var_1 +,24,counter_var_0 var_1 +
312,114 94 24 35 113,11,114 19 111 79 113,7,19,4,17,1,19,24,var_0 counter_var_1 +,23,counter_var_0 var_1 +
313,114 67 43 40 113,18,114 24 76 54 113,9,24,9,23,20,7,32,var_0 counter_var_1 +,33,counter_var_0 var_1 +
314,114 4 67 80 113,22,114 47 11 6 113,4,18,18,6,21,11,10,var_0 counter_var_1 +,36,counter_var_0 var_1 +
315,114 31 58 2 113,4,114 16 62 43 113,2,16,2,12,12,16,14,var_0 counter_var_1 +,18,counter_var_0 var_1 +
316,114 85 50 27 113,54,114 94 112 13 113,27,7,27,13,4,20,40,var_0 counter_var_1 +,34,counter_var_0 var_1 +
317,114 59 21 49 113,19,114 71 93 105 113,1,13,18,12,21,1,13,var_0 counter_var_1 +,31,counter_var_0 var_1 +
318,114 104 71 100 113,24,114 40 18 72 113,17,11,7,10,2,18,27,var_0 counter_var_1 +,18,counter_var_0 var_1 +
319,114 28 52 9 113,37,114 2 62 43 113,28,2,9,12,6,16,40,var_0 counter_var_1 +,11,counter_var_0 var_1 +
320,114 35 39 36 113,11,114 6 66 88 113,6,6,5,26,16,20,32,var_0 counter_var_1 +,11,counter_var_0 var_1 +
321,114 44 57 97 113,19,114 83 65 67 113,15,25,4,5,11,19,20,var_0 counter_var_1 +,29,counter_var_0 var_1 +
322,114 56 45 103 113,37,114 84 11 6 113,27,26,10,6,22,11,33,var_0 counter_var_1 +,36,counter_var_0 var_1 +
323,114 111 1 0 113,24,114 68 2 84 113,24,10,0,22,1,2,46,var_0 counter_var_1 +,10,counter_var_0 var_1 +
324,114 83 66 88 113,51,114 61 0 38 113,25,3,26,7,20,0,32,var_0 counter_var_1 +,29,counter_var_0 var_1 +
325,114 63 34 47 113,21,114 94 101 39 113,5,7,16,8,11,9,13,var_0 counter_var_1 +,23,counter_var_0 var_1 +
326,114 57 102 45 113,42,114 3 98 74 113,28,3,14,12,10,6,40,var_0 counter_var_1 +,17,counter_var_0 var_1 +
327,114 56 101 39 113,35,114 10 68 71 113,27,10,8,9,9,22,36,var_0 counter_var_1 +,18,counter_var_0 var_1 +
328,114 96 80 48 113,26,114 22 56 5 113,9,22,17,5,11,10,14,var_0 counter_var_1 +,39,counter_var_0 var_1 +
329,114 106 55 10 113,29,114 1 53 68 113,19,1,10,6,9,7,25,var_0 counter_var_1 +,11,counter_var_0 var_1 +
330,114 91 13 18 113,22,114 87 24 35 113,4,0,18,4,13,1,8,var_0 counter_var_1 +,18,counter_var_0 var_1 +
331,114 88 40 76 113,15,114 4 97 23 113,1,4,14,23,17,5,24,var_0 counter_var_1 +,18,counter_var_0 var_1 +
332,114 68 69 104 113,21,114 65 78 107 113,10,7,11,14,0,9,24,var_0 counter_var_1 +,18,counter_var_0 var_1 +
333,114 106 14 33 113,21,114 40 80 48 113,19,11,2,17,14,11,36,var_0 counter_var_1 +,13,counter_var_0 var_1 +
334,114 18 64 66 113,22,114 41 55 10 113,18,12,4,10,18,9,28,var_0 counter_var_1 +,16,counter_var_0 var_1 +
335,114 50 110 108 113,36,114 60 71 100 113,21,2,15,7,18,2,28,var_0 counter_var_1 +,17,counter_var_0 var_1 +
336,114 81 93 105 113,35,114 0 87 60 113,23,0,12,29,1,18,52,var_0 counter_var_1 +,12,counter_var_0 var_1 +
337,114 110 22 12 113,35,114 59 14 33 113,23,1,12,2,22,14,25,var_0 counter_var_1 +,13,counter_var_0 var_1 +
338,114 94 44 41 113,17,114 54 107 28 113,7,25,10,28,21,15,35,var_0 counter_var_1 +,35,counter_var_0 var_1 +
339,114 45 55 10 113,26,114 86 96 7 113,16,28,10,7,9,4,23,var_0 counter_var_1 +,38,counter_var_0 var_1 +
340,114 57 43 40 113,37,114 93 75 8 113,28,6,9,8,20,6,36,var_0 counter_var_1 +,15,counter_var_0 var_1 +
341,114 8 84 44 113,21,114 92 92 51 113,8,5,13,20,15,0,28,var_0 counter_var_1 +,18,counter_var_0 var_1 +
342,114 32 30 99 113,9,114 100 8 57 113,3,13,6,26,7,8,29,var_0 counter_var_1 +,19,counter_var_0 var_1 +
343,114 15 20 50 113,34,114 7 80 48 113,15,7,19,17,20,11,32,var_0 counter_var_1 +,26,counter_var_0 var_1 +
344,114 84 48 95 113,28,114 96 95 109 113,26,9,2,16,2,3,42,var_0 counter_var_1 +,11,counter_var_0 var_1 +
345,114 78 40 76 113,34,114 8 8 57 113,20,8,14,26,17,8,46,var_0 counter_var_1 +,22,counter_var_0 var_1 +
346,114 28 7 22 113,50,114 21 2 84 113,28,21,22,22,7,2,50,var_0 counter_var_1 +,43,counter_var_0 var_1 +
347,114 32 29 17 113,20,114 8 85 31 113,3,8,17,0,6,16,3,var_0 counter_var_1 +,25,counter_var_0 var_1 +
348,114 91 68 71 113,13,114 87 101 39 113,4,0,9,8,22,9,12,var_0 counter_var_1 +,9,counter_var_0 var_1 +
349,114 95 66 88 113,34,114 69 26 25 113,8,11,26,25,20,3,33,var_0 counter_var_1 +,37,counter_var_0 var_1 +
350,114 93 94 96 113,9,114 49 52 9 113,6,20,3,9,2,6,15,var_0 counter_var_1 +,23,counter_var_0 var_1 +
351,114 44 1 0 113,15,114 10 18 72 113,15,10,0,10,1,18,25,var_0 counter_var_1 +,10,counter_var_0 var_1 +
352,114 44 93 105 113,27,114 7 103 61 113,15,7,12,30,1,11,45,var_0 counter_var_1 +,19,counter_var_0 var_1 +
353,114 57 35 37 113,34,114 16 94 96 113,28,16,6,3,12,2,31,var_0 counter_var_1 +,22,counter_var_0 var_1 +
354,114 67 38 59 113,37,114 45 69 104 113,9,16,28,11,15,0,20,var_0 counter_var_1 +,44,counter_var_0 var_1 +
355,114 39 52 9 113,19,114 65 71 100 113,10,7,9,7,6,2,17,var_0 counter_var_1 +,16,counter_var_0 var_1 +
356,114 105 1 0 113,18,114 11 66 88 113,18,11,0,26,1,20,44,var_0 counter_var_1 +,11,counter_var_0 var_1 +
357,114 7 73 73 113,18,114 41 84 44 113,7,12,11,13,4,15,20,var_0 counter_var_1 +,23,counter_var_0 var_1 +
358,114 68 74 91 113,39,114 13 57 97 113,10,13,29,4,5,11,14,var_0 counter_var_1 +,42,counter_var_0 var_1 +
359,114 42 75 8 113,21,114 50 0 38 113,13,21,8,7,6,0,20,var_0 counter_var_1 +,29,counter_var_0 var_1 +
360,114 31 24 35 113,6,114 42 86 94 113,2,13,4,1,1,17,3,var_0 counter_var_1 +,17,counter_var_0 var_1 +
361,114 66 107 28 113,36,114 106 19 15 113,8,19,28,15,15,19,23,var_0 counter_var_1 +,47,counter_var_0 var_1 +
362,114 79 4 78 113,37,114 47 64 66 113,21,18,16,4,4,18,25,var_0 counter_var_1 +,34,counter_var_0 var_1 +
363,114 13 46 87 113,38,114 71 91 106 113,13,13,25,13,0,22,26,var_0 counter_var_1 +,38,counter_var_0 var_1 +
364,114 4 91 106 113,17,114 12 49 32 113,4,12,13,1,22,3,5,var_0 counter_var_1 +,25,counter_var_0 var_1 +
365,114 92 17 112 113,24,114 83 5 24 113,5,25,19,24,17,5,29,var_0 counter_var_1 +,44,counter_var_0 var_1 +
366,114 72 29 17 113,31,114 89 55 10 113,14,2,17,10,6,9,24,var_0 counter_var_1 +,19,counter_var_0 var_1 +
367,114 109 78 107 113,36,114 67 2 84 113,22,9,14,22,9,2,44,var_0 counter_var_1 +,23,counter_var_0 var_1 +
368,114 71 14 33 113,15,114 80 57 97 113,13,22,2,4,14,11,17,var_0 counter_var_1 +,24,counter_var_0 var_1 +
369,114 16 92 51 113,36,114 111 38 59 113,16,24,20,28,0,15,44,var_0 counter_var_1 +,44,counter_var_0 var_1 +
370,114 91 89 29 113,33,114 79 23 98 113,4,21,29,5,20,0,9,var_0 counter_var_1 +,50,counter_var_0 var_1 +
371,114 26 20 50 113,45,114 99 75 8 113,26,12,19,8,20,6,34,var_0 counter_var_1 +,31,counter_var_0 var_1 +
372,114 64 54 53 113,28,114 31 40 76 113,6,2,22,14,8,17,20,var_0 counter_var_1 +,24,counter_var_0 var_1 +
373,114 34 70 77 113,20,114 24 1 0 113,5,24,15,0,1,1,5,var_0 counter_var_1 +,39,counter_var_0 var_1 +
374,114 109 37 110 113,39,114 16 29 17 113,22,16,17,17,14,6,39,var_0 counter_var_1 +,33,counter_var_0 var_1 +
375,114 36 63 26 113,33,114 16 3 86 113,7,16,26,24,17,3,31,var_0 counter_var_1 +,42,counter_var_0 var_1 +
376,114 49 6 64 113,22,114 34 6 64 113,20,5,2,2,6,6,22,var_0 counter_var_1 +,7,counter_var_0 var_1 +
377,114 32 83 3 113,6,114 73 48 95 113,3,15,3,2,14,2,5,var_0 counter_var_1 +,18,counter_var_0 var_1 +
378,114 79 13 18 113,39,114 97 54 53 113,21,10,18,22,13,8,43,var_0 counter_var_1 +,28,counter_var_0 var_1 +
379,114 21 5 24 113,45,114 110 66 88 113,21,23,24,26,5,20,47,var_0 counter_var_1 +,47,counter_var_0 var_1 +
380,114 72 22 12 113,26,114 108 91 106 113,14,21,12,13,22,22,27,var_0 counter_var_1 +,33,counter_var_0 var_1 +
381,114 89 95 109 113,18,114 60 99 92 113,2,2,16,30,3,7,32,var_0 counter_var_1 +,18,counter_var_0 var_1 +
382,114 57 58 2 113,30,114 21 14 33 113,28,21,2,2,12,14,30,var_0 counter_var_1 +,23,counter_var_0 var_1 +
383,114 73 3 86 113,39,114 39 16 21 113,15,10,24,21,3,16,36,var_0 counter_var_1 +,34,counter_var_0 var_1 +
384,114 21 56 5 113,26,114 31 38 59 113,21,2,5,28,10,15,49,var_0 counter_var_1 +,7,counter_var_0 var_1 +
385,114 58 24 35 113,4,114 1 7 22 113,0,1,4,22,1,7,22,var_0 counter_var_1 +,5,counter_var_0 var_1 +
386,114 53 58 2 113,26,114 8 18 72 113,24,8,2,10,12,18,34,var_0 counter_var_1 +,10,counter_var_0 var_1 +
387,114 40 28 55 113,35,114 16 33 14 113,11,16,24,14,5,10,25,var_0 counter_var_1 +,40,counter_var_0 var_1 +
388,114 31 28 55 113,26,114 2 90 102 113,2,2,24,9,5,21,11,var_0 counter_var_1 +,26,counter_var_0 var_1 +
389,114 54 94 96 113,28,114 103 44 41 113,25,16,3,10,2,21,35,var_0 counter_var_1 +,19,counter_var_0 var_1 +
390,114 71 53 68 113,19,114 6 99 92 113,13,6,6,30,7,7,43,var_0 counter_var_1 +,12,counter_var_0 var_1 +
391,114 46 58 2 113,19,114 57 110 108 113,17,28,2,15,12,18,32,var_0 counter_var_1 +,30,counter_var_0 var_1 +
392,114 7 0 38 113,14,114 1 71 100 113,7,1,7,7,0,2,14,var_0 counter_var_1 +,8,counter_var_0 var_1 +
393,114 51 35 37 113,28,114 7 64 66 113,22,7,6,4,12,18,26,var_0 counter_var_1 +,13,counter_var_0 var_1 +
394,114 110 60 63 113,24,114 94 50 27 113,23,7,1,27,14,4,50,var_0 counter_var_1 +,8,counter_var_0 var_1 +
395,114 30 19 15 113,16,114 4 60 63 113,1,4,15,1,19,14,2,var_0 counter_var_1 +,19,counter_var_0 var_1 +
396,114 84 20 50 113,45,114 69 100 75 113,26,11,19,13,20,8,39,var_0 counter_var_1 +,30,counter_var_0 var_1 +
397,114 88 2 84 113,23,114 109 37 110 113,1,22,22,17,2,14,18,var_0 counter_var_1 +,44,counter_var_0 var_1 +
398,114 48 16 21 113,40,114 111 98 74 113,19,24,21,12,16,6,31,var_0 counter_var_1 +,45,counter_var_0 var_1 +
399,114 98 30 99 113,17,114 68 99 92 113,11,10,6,30,7,7,41,var_0 counter_var_1 +,16,counter_var_0 var_1 +
400,114 85 91 106 113,40,114 84 6 64 113,27,26,13,2,22,6,29,var_0 counter_var_1 +,39,counter_var_0 var_1 +
401,114 87 18 72 113,10,114 80 109 65 113,0,22,10,3,18,17,3,var_0 counter_var_1 +,32,counter_var_0 var_1 +
402,114 30 60 63 113,2,114 27 30 99 113,1,27,1,6,14,7,7,var_0 counter_var_1 +,28,counter_var_0 var_1 +
403,114 17 87 60 113,46,114 6 42 46 113,17,6,29,15,18,19,32,var_0 counter_var_1 +,35,counter_var_0 var_1 +
404,114 21 86 94 113,22,114 46 106 56 113,21,17,1,25,17,14,46,var_0 counter_var_1 +,18,counter_var_0 var_1 +
405,114 111 29 17 113,41,114 64 26 25 113,24,6,17,25,6,3,49,var_0 counter_var_1 +,23,counter_var_0 var_1 +
406,114 36 57 97 113,11,114 0 16 21 113,7,0,4,21,11,16,28,var_0 counter_var_1 +,4,counter_var_0 var_1 +
407,114 95 58 2 113,10,114 24 39 36 113,8,24,2,5,12,16,13,var_0 counter_var_1 +,26,counter_var_0 var_1 +
408,114 77 33 14 113,33,114 25 89 29 113,19,25,14,29,10,20,48,var_0 counter_var_1 +,39,counter_var_0 var_1 +
409,114 59 20 50 113,20,114 58 9 70 113,1,0,19,8,20,9,9,var_0 counter_var_1 +,19,counter_var_0 var_1 +
410,114 20 85 31 113,20,114 55 72 81 113,20,26,0,19,16,3,39,var_0 counter_var_1 +,26,counter_var_0 var_1 +
411,114 64 58 2 113,8,114 29 108 85 113,6,0,2,23,12,16,29,var_0 counter_var_1 +,2,counter_var_0 var_1 +
412,114 61 42 46 113,18,114 25 6 64 113,3,25,15,2,19,6,5,var_0 counter_var_1 +,40,counter_var_0 var_1 +
413,114 30 75 8 113,9,114 87 66 88 113,1,0,8,26,6,20,27,var_0 counter_var_1 +,8,counter_var_0 var_1 +
414,114 95 8 57 113,34,114 86 93 105 113,8,28,26,12,8,1,20,var_0 counter_var_1 +,54,counter_var_0 var_1 +
415,114 60 43 40 113,11,114 97 87 60 113,2,10,9,29,20,18,31,var_0 counter_var_1 +,19,counter_var_0 var_1 +
416,114 26 96 7 113,33,114 91 30 99 113,26,4,7,6,4,7,32,var_0 counter_var_1 +,11,counter_var_0 var_1 +
417,114 65 86 94 113,8,114 0 84 44 113,7,0,1,13,17,15,20,var_0 counter_var_1 +,1,counter_var_0 var_1 +
418,114 88 108 85 113,24,114 75 14 33 113,1,17,23,2,16,14,3,var_0 counter_var_1 +,40,counter_var_0 var_1 +
419,114 30 87 60 113,30,114 37 95 109 113,1,8,29,16,18,3,17,var_0 counter_var_1 +,37,counter_var_0 var_1 +
420,114 81 71 100 113,30,114 110 35 37 113,23,23,7,6,2,12,29,var_0 counter_var_1 +,30,counter_var_0 var_1 +
421,114 89 104 4 113,6,114 103 41 34 113,2,16,4,3,12,18,5,var_0 counter_var_1 +,20,counter_var_0 var_1 +
422,114 82 8 57 113,50,114 42 20 50 113,24,13,26,19,8,20,43,var_0 counter_var_1 +,39,counter_var_0 var_1 +
423,114 53 18 72 113,34,114 16 22 12 113,24,16,10,12,18,22,36,var_0 counter_var_1 +,26,counter_var_0 var_1 +
424,114 105 77 69 113,25,114 27 24 35 113,18,27,7,4,8,1,22,var_0 counter_var_1 +,34,counter_var_0 var_1 +
425,114 25 81 52 113,46,114 74 4 78 113,25,16,21,16,12,4,41,var_0 counter_var_1 +,37,counter_var_0 var_1 +
426,114 69 16 21 113,32,114 109 94 96 113,11,22,21,3,16,2,14,var_0 counter_var_1 +,43,counter_var_0 var_1 +
427,114 16 5 24 113,40,114 28 89 29 113,16,28,24,29,5,20,45,var_0 counter_var_1 +,52,counter_var_0 var_1 +
428,114 45 3 86 113,40,114 6 13 18 113,16,6,24,18,3,13,34,var_0 counter_var_1 +,30,counter_var_0 var_1 +
429,114 23 70 77 113,38,114 95 2 84 113,23,8,15,22,1,2,45,var_0 counter_var_1 +,23,counter_var_0 var_1 +
430,114 105 68 71 113,27,114 46 66 88 113,18,17,9,26,22,20,44,var_0 counter_var_1 +,26,counter_var_0 var_1 +
431,114 24 16 21 113,45,114 40 6 64 113,24,11,21,2,16,6,26,var_0 counter_var_1 +,32,counter_var_0 var_1 +
432,114 13 78 107 113,27,114 110 85 31 113,13,23,14,0,9,16,13,var_0 counter_var_1 +,37,counter_var_0 var_1 +
433,114 59 85 31 113,1,114 28 11 6 113,1,28,0,6,16,11,7,var_0 counter_var_1 +,28,counter_var_0 var_1 +
434,114 2 96 7 113,9,114 33 19 15 113,2,4,7,15,4,19,17,var_0 counter_var_1 +,11,counter_var_0 var_1 +
435,114 39 111 79 113,27,114 109 108 85 113,10,22,17,23,19,16,33,var_0 counter_var_1 +,39,counter_var_0 var_1 +
436,114 45 21 49 113,34,114 64 80 48 113,16,6,18,17,21,11,33,var_0 counter_var_1 +,24,counter_var_0 var_1 +
437,114 83 97 23 113,48,114 86 61 89 113,25,28,23,27,5,15,52,var_0 counter_var_1 +,51,counter_var_0 var_1 +
438,114 55 53 68 113,32,114 82 69 104 113,26,24,6,11,7,0,37,var_0 counter_var_1 +,30,counter_var_0 var_1 +
439,114 94 55 10 113,17,114 33 63 26 113,7,4,10,26,9,17,33,var_0 counter_var_1 +,14,counter_var_0 var_1 +
440,114 90 18 72 113,13,114 46 68 71 113,3,17,10,9,18,22,12,var_0 counter_var_1 +,27,counter_var_0 var_1 +
441,114 45 74 91 113,45,114 77 31 82 113,16,19,29,20,5,8,36,var_0 counter_var_1 +,48,counter_var_0 var_1 +
442,114 79 104 4 113,25,114 107 100 75 113,21,20,4,13,12,8,34,var_0 counter_var_1 +,24,counter_var_0 var_1 +
443,114 38 65 67 113,14,114 72 105 111 113,9,14,5,18,19,13,27,var_0 counter_var_1 +,19,counter_var_0 var_1 +
444,114 1 78 107 113,15,114 25 92 51 113,1,25,14,20,9,0,21,var_0 counter_var_1 +,39,counter_var_0 var_1 +
445,114 33 108 85 113,27,114 38 36 19 113,4,9,23,19,16,13,23,var_0 counter_var_1 +,32,counter_var_0 var_1 +
446,114 66 94 96 113,11,114 9 84 44 113,8,9,3,13,2,15,21,var_0 counter_var_1 +,12,counter_var_0 var_1 +
447,114 48 34 47 113,35,114 45 12 83 113,19,16,16,21,11,12,40,var_0 counter_var_1 +,32,counter_var_0 var_1 +
448,114 105 36 19 113,37,114 6 39 36 113,18,6,19,5,13,16,23,var_0 counter_var_1 +,25,counter_var_0 var_1 +
449,114 111 7 22 113,46,114 62 17 112 113,24,4,22,19,7,17,43,var_0 counter_var_1 +,26,counter_var_0 var_1 +
450,114 5 47 93 113,5,114 59 62 43 113,5,1,0,12,1,16,17,var_0 counter_var_1 +,1,counter_var_0 var_1 +
451,114 102 33 14 113,29,114 11 96 7 113,15,11,14,7,10,4,22,var_0 counter_var_1 +,25,counter_var_0 var_1 +
452,114 85 28 55 113,51,114 88 57 97 113,27,1,24,4,5,11,31,var_0 counter_var_1 +,25,counter_var_0 var_1 +
453,114 5 25 20 113,25,114 3 94 96 113,5,3,20,3,2,2,8,var_0 counter_var_1 +,23,counter_var_0 var_1 +
454,114 106 56 5 113,24,114 105 10 11 113,19,18,5,11,10,10,30,var_0 counter_var_1 +,23,counter_var_0 var_1 +
455,114 62 33 14 113,18,114 76 33 14 113,4,18,14,14,10,10,18,var_0 counter_var_1 +,32,counter_var_0 var_1 +
456,114 21 103 61 113,51,114 68 51 42 113,21,10,30,11,11,5,32,var_0 counter_var_1 +,40,counter_var_0 var_1 +
457,114 38 17 112 113,28,114 36 80 48 113,9,7,19,17,17,11,26,var_0 counter_var_1 +,26,counter_var_0 var_1 +
458,114 112 99 92 113,55,114 90 68 71 113,25,3,30,9,7,22,34,var_0 counter_var_1 +,33,counter_var_0 var_1 +
459,114 60 98 74 113,14,114 8 65 67 113,2,8,12,5,6,19,7,var_0 counter_var_1 +,20,counter_var_0 var_1 +
460,114 93 77 69 113,13,114 6 20 50 113,6,6,7,19,8,20,25,var_0 counter_var_1 +,13,counter_var_0 var_1 +
461,114 99 73 73 113,23,114 107 51 42 113,12,20,11,11,4,5,23,var_0 counter_var_1 +,31,counter_var_0 var_1 +
462,114 20 87 60 113,49,114 92 7 22 113,20,5,29,22,18,7,42,var_0 counter_var_1 +,34,counter_var_0 var_1 +
463,114 40 63 26 113,37,114 19 103 61 113,11,19,26,30,17,11,41,var_0 counter_var_1 +,45,counter_var_0 var_1 +
464,114 18 15 62 113,18,114 91 14 33 113,18,4,0,2,15,14,20,var_0 counter_var_1 +,4,counter_var_0 var_1 +
465,114 102 36 19 113,34,114 88 39 36 113,15,1,19,5,13,16,20,var_0 counter_var_1 +,20,counter_var_0 var_1 +
466,114 73 19 15 113,30,114 111 102 45 113,15,24,15,14,19,10,29,var_0 counter_var_1 +,39,counter_var_0 var_1 +
467,114 90 81 52 113,24,114 97 17 112 113,3,10,21,19,12,17,22,var_0 counter_var_1 +,31,counter_var_0 var_1 +
468,114 102 112 13 113,28,114 109 38 59 113,15,22,13,28,20,15,43,var_0 counter_var_1 +,35,counter_var_0 var_1 +
469,114 61 45 103 113,13,114 53 28 55 113,3,24,10,24,22,5,27,var_0 counter_var_1 +,34,counter_var_0 var_1 +
470,114 41 83 3 113,15,114 93 80 48 113,12,6,3,17,14,11,29,var_0 counter_var_1 +,9,counter_var_0 var_1 +
471,114 5 39 36 113,10,114 6 89 29 113,5,6,5,29,16,20,34,var_0 counter_var_1 +,11,counter_var_0 var_1 +
472,114 8 29 17 113,25,114 93 67 80 113,8,6,17,18,6,21,26,var_0 counter_var_1 +,23,counter_var_0 var_1 +
473,114 104 97 23 113,40,114 36 69 104 113,17,7,23,11,5,0,28,var_0 counter_var_1 +,30,counter_var_0 var_1 +
474,114 99 71 100 113,19,114 24 17 112 113,12,24,7,19,2,17,31,var_0 counter_var_1 +,31,counter_var_0 var_1 +
475,114 48 94 96 113,22,114 53 36 19 113,19,24,3,19,2,13,38,var_0 counter_var_1 +,27,counter_var_0 var_1 +
476,114 39 102 45 113,24,114 12 23 98 113,10,12,14,5,10,0,15,var_0 counter_var_1 +,26,counter_var_0 var_1 +
477,114 51 86 94 113,23,114 39 44 41 113,22,10,1,10,17,21,32,var_0 counter_var_1 +,11,counter_var_0 var_1 +
478,114 26 72 81 113,45,114 77 17 112 113,26,19,19,19,3,17,45,var_0 counter_var_1 +,38,counter_var_0 var_1 +
479,114 56 52 9 113,36,114 84 18 72 113,27,26,9,10,6,18,37,var_0 counter_var_1 +,35,counter_var_0 var_1 +
480,114 27 37 110 113,44,114 85 80 48 113,27,27,17,17,14,11,44,var_0 counter_var_1 +,44,counter_var_0 var_1 +
481,114 14 32 1 113,15,114 49 15 62 113,14,20,1,0,9,15,14,var_0 counter_var_1 +,21,counter_var_0 var_1 +
482,114 56 55 10 113,37,114 80 40 76 113,27,22,10,14,9,17,41,var_0 counter_var_1 +,32,counter_var_0 var_1 +
483,114 10 59 30 113,40,114 104 55 10 113,10,17,30,10,13,9,20,var_0 counter_var_1 +,47,counter_var_0 var_1 +
484,114 26 69 104 113,37,114 6 34 47 113,26,6,11,16,0,11,42,var_0 counter_var_1 +,17,counter_var_0 var_1 +
485,114 94 16 21 113,28,114 94 98 74 113,7,7,21,12,16,6,19,var_0 counter_var_1 +,28,counter_var_0 var_1 +
486,114 35 85 31 113,6,114 61 88 16 113,6,3,0,16,16,19,22,var_0 counter_var_1 +,3,counter_var_0 var_1 +
487,114 15 37 110 113,32,114 62 39 36 113,15,4,17,5,14,16,20,var_0 counter_var_1 +,21,counter_var_0 var_1 +
488,114 58 72 81 113,19,114 43 94 96 113,0,14,19,3,3,2,3,var_0 counter_var_1 +,33,counter_var_0 var_1 +
489,114 2 34 47 113,18,114 87 60 63 113,2,0,16,1,11,14,3,var_0 counter_var_1 +,16,counter_var_0 var_1 +
490,114 59 25 20 113,21,114 43 65 67 113,1,14,20,5,2,19,6,var_0 counter_var_1 +,34,counter_var_0 var_1 +
491,114 57 54 53 113,50,114 81 61 89 113,28,23,22,27,8,15,55,var_0 counter_var_1 +,45,counter_var_0 var_1 +
492,114 29 69 104 113,11,114 99 112 13 113,0,12,11,13,0,20,13,var_0 counter_var_1 +,23,counter_var_0 var_1 +
493,114 46 46 87 113,42,114 56 87 60 113,17,27,25,29,0,18,46,var_0 counter_var_1 +,52,counter_var_0 var_1 +
494,114 99 49 32 113,13,114 22 71 100 113,12,22,1,7,3,2,19,var_0 counter_var_1 +,23,counter_var_0 var_1 +
495,114 14 62 43 113,26,114 73 16 21 113,14,15,12,21,16,16,35,var_0 counter_var_1 +,27,counter_var_0 var_1 +
496,114 57 89 29 113,57,114 106 40 76 113,28,19,29,14,20,17,42,var_0 counter_var_1 +,48,counter_var_0 var_1 +
497,114 52 6 64 113,25,114 21 17 112 113,23,21,2,19,6,17,42,var_0 counter_var_1 +,23,counter_var_0 var_1 +
498,114 41 70 77 113,27,114 43 104 4 113,12,14,15,4,1,12,16,var_0 counter_var_1 +,29,counter_var_0 var_1 +
499,114 79 43 40 113,30,114 109 81 52 113,21,22,9,21,20,12,42,var_0 counter_var_1 +,31,counter_var_0 var_1 +
500,114 58 26 25 113,25,114 81 48 95 113,0,23,25,2,3,2,2,var_0 counter_var_1 +,48,counter_var_0 var_1 +
501,114 80 46 87 113,47,114 87 95 109 113,22,0,25,16,0,3,38,var_0 counter_var_1 +,25,counter_var_0 var_1 +
502,114 37 39 36 113,13,114 26 26 25 113,8,26,5,25,16,3,33,var_0 counter_var_1 +,31,counter_var_0 var_1 +
503,114 44 43 40 113,24,114 70 14 33 113,15,12,9,2,20,14,17,var_0 counter_var_1 +,21,counter_var_0 var_1 +
504,114 2 47 93 113,2,114 107 96 7 113,2,20,0,7,1,4,9,var_0 counter_var_1 +,20,counter_var_0 var_1 +
505,114 25 96 7 113,32,114 65 83 3 113,25,7,7,3,4,14,28,var_0 counter_var_1 +,14,counter_var_0 var_1 +
506,114 45 103 61 113,46,114 85 35 37 113,16,27,30,6,11,12,22,var_0 counter_var_1 +,57,counter_var_0 var_1 +
507,114 10 103 61 113,40,114 85 7 22 113,10,27,30,22,11,7,32,var_0 counter_var_1 +,57,counter_var_0 var_1 +
508,114 27 35 37 113,33,114 63 6 64 113,27,5,6,2,12,6,29,var_0 counter_var_1 +,11,counter_var_0 var_1 +
509,114 28 28 55 113,52,114 93 41 34 113,28,6,24,3,5,18,31,var_0 counter_var_1 +,30,counter_var_0 var_1 +
510,114 65 60 63 113,8,114 97 4 78 113,7,10,1,16,14,4,23,var_0 counter_var_1 +,11,counter_var_0 var_1 +
511,114 11 25 20 113,31,114 21 109 65 113,11,21,20,3,2,17,14,var_0 counter_var_1 +,41,counter_var_0 var_1 +
512,114 39 53 68 113,16,114 99 70 77 113,10,12,6,15,7,1,25,var_0 counter_var_1 +,18,counter_var_0 var_1 +
513,114 43 60 63 113,15,114 57 112 13 113,14,28,1,13,14,20,27,var_0 counter_var_1 +,29,counter_var_0 var_1 +
514,114 57 73 73 113,39,114 63 4 78 113,28,5,11,16,4,4,44,var_0 counter_var_1 +,16,counter_var_0 var_1 +
515,114 69 108 85 113,34,114 15 78 107 113,11,15,23,14,16,9,25,var_0 counter_var_1 +,38,counter_var_0 var_1 +
516,114 98 33 14 113,25,114 90 74 91 113,11,3,14,29,10,5,40,var_0 counter_var_1 +,17,counter_var_0 var_1 +
517,114 28 83 3 113,31,114 54 57 97 113,28,25,3,4,14,11,32,var_0 counter_var_1 +,28,counter_var_0 var_1 +
518,114 2 95 109 113,18,114 47 15 62 113,2,18,16,0,3,15,2,var_0 counter_var_1 +,34,counter_var_0 var_1 +
519,114 32 39 36 113,8,114 97 59 30 113,3,10,5,30,16,13,33,var_0 counter_var_1 +,15,counter_var_0 var_1 +
520,114 34 91 106 113,18,114 53 86 94 113,5,24,13,1,22,17,6,var_0 counter_var_1 +,37,counter_var_0 var_1 +
521,114 59 97 23 113,24,114 32 20 50 113,1,3,23,19,5,20,20,var_0 counter_var_1 +,26,counter_var_0 var_1 +
522,114 32 32 1 113,4,114 76 54 53 113,3,18,1,22,9,8,25,var_0 counter_var_1 +,19,counter_var_0 var_1 +
523,114 99 86 94 113,13,114 112 66 88 113,12,25,1,26,17,20,38,var_0 counter_var_1 +,26,counter_var_0 var_1 +
524,114 64 89 29 113,35,114 98 92 51 113,6,11,29,20,20,0,26,var_0 counter_var_1 +,40,counter_var_0 var_1 +
525,114 35 9 70 113,14,114 75 18 72 113,6,17,8,10,9,18,16,var_0 counter_var_1 +,25,counter_var_0 var_1 +
526,114 45 62 43 113,28,114 84 23 98 113,16,26,12,5,16,0,21,var_0 counter_var_1 +,38,counter_var_0 var_1 +
527,114 91 87 60 113,33,114 59 111 79 113,4,1,29,17,18,19,21,var_0 counter_var_1 +,30,counter_var_0 var_1 +
528,114 56 30 99 113,33,114 19 30 99 113,27,19,6,6,7,7,33,var_0 counter_var_1 +,25,counter_var_0 var_1 +
529,114 46 105 111 113,35,114 68 77 69 113,17,10,18,7,13,8,24,var_0 counter_var_1 +,28,counter_var_0 var_1 +
530,114 70 69 104 113,23,114 107 109 65 113,12,20,11,3,0,17,15,var_0 counter_var_1 +,31,counter_var_0 var_1 +
531,114 61 104 4 113,7,114 33 28 55 113,3,4,4,24,12,5,27,var_0 counter_var_1 +,8,counter_var_0 var_1 +
532,114 67 65 67 113,14,114 23 82 90 113,9,23,5,28,19,13,37,var_0 counter_var_1 +,28,counter_var_0 var_1 +
533,114 102 42 46 113,30,114 48 94 96 113,15,19,15,3,19,2,18,var_0 counter_var_1 +,34,counter_var_0 var_1 +
534,114 86 79 58 113,55,114 88 13 18 113,28,1,27,18,10,13,46,var_0 counter_var_1 +,28,counter_var_0 var_1 +
535,114 56 66 88 113,53,114 108 109 65 113,27,21,26,3,20,17,30,var_0 counter_var_1 +,47,counter_var_0 var_1 +
536,114 83 101 39 113,33,114 68 67 80 113,25,10,8,18,9,21,43,var_0 counter_var_1 +,18,counter_var_0 var_1 +
537,114 105 90 102 113,27,114 90 22 12 113,18,3,9,12,21,22,30,var_0 counter_var_1 +,12,counter_var_0 var_1 +
538,114 27 10 11 113,38,114 97 74 91 113,27,10,11,29,10,5,56,var_0 counter_var_1 +,21,counter_var_0 var_1 +
539,114 100 22 12 113,25,114 23 76 54 113,13,23,12,23,22,7,36,var_0 counter_var_1 +,35,counter_var_0 var_1 +
540,114 70 85 31 113,12,114 21 62 43 113,12,21,0,12,16,16,24,var_0 counter_var_1 +,21,counter_var_0 var_1 +
541,114 107 74 91 113,49,114 7 89 29 113,20,7,29,29,5,20,49,var_0 counter_var_1 +,36,counter_var_0 var_1 +
542,114 72 105 111 113,32,114 17 78 107 113,14,17,18,14,13,9,28,var_0 counter_var_1 +,35,counter_var_0 var_1 +
543,114 68 45 103 113,20,114 58 40 76 113,10,0,10,14,22,17,24,var_0 counter_var_1 +,10,counter_var_0 var_1 +
544,114 35 24 35 113,10,114 31 85 31 113,6,2,4,0,1,16,6,var_0 counter_var_1 +,6,counter_var_0 var_1 +
545,114 106 112 13 113,32,114 17 47 93 113,19,17,13,0,20,1,19,var_0 counter_var_1 +,30,counter_var_0 var_1 +
546,114 64 79 58 113,33,114 29 80 48 113,6,0,27,17,10,11,23,var_0 counter_var_1 +,27,counter_var_0 var_1 +
547,114 97 77 69 113,17,114 86 56 5 113,10,28,7,5,8,10,15,var_0 counter_var_1 +,35,counter_var_0 var_1 +
548,114 74 28 55 113,40,114 56 9 70 113,16,27,24,8,5,9,24,var_0 counter_var_1 +,51,counter_var_0 var_1 +
549,114 74 105 111 113,34,114 90 51 42 113,16,3,18,11,13,5,27,var_0 counter_var_1 +,21,counter_var_0 var_1 +
550,114 73 42 46 113,30,114 71 58 2 113,15,13,15,2,19,12,17,var_0 counter_var_1 +,28,counter_var_0 var_1 +
551,114 7 88 16 113,23,114 30 7 22 113,7,1,16,22,19,7,29,var_0 counter_var_1 +,17,counter_var_0 var_1 +
552,114 99 76 54 113,35,114 61 25 20 113,12,3,23,20,7,2,32,var_0 counter_var_1 +,26,counter_var_0 var_1 +
553,114 34 0 38 113,12,114 1 76 54 113,5,1,7,23,0,7,28,var_0 counter_var_1 +,8,counter_var_0 var_1 +
554,114 47 16 21 113,39,114 45 6 64 113,18,16,21,2,16,6,20,var_0 counter_var_1 +,37,counter_var_0 var_1 +
555,114 24 42 46 113,39,114 27 42 46 113,24,27,15,15,19,19,39,var_0 counter_var_1 +,42,counter_var_0 var_1 +
556,114 21 80 48 113,38,114 109 53 68 113,21,22,17,6,11,7,27,var_0 counter_var_1 +,39,counter_var_0 var_1 +
557,114 17 45 103 113,27,114 75 82 90 113,17,17,10,28,22,13,45,var_0 counter_var_1 +,27,counter_var_0 var_1 +
558,114 11 98 74 113,23,114 25 73 73 113,11,25,12,11,6,4,22,var_0 counter_var_1 +,37,counter_var_0 var_1 +
559,114 105 104 4 113,22,114 2 20 50 113,18,2,4,19,12,20,37,var_0 counter_var_1 +,6,counter_var_0 var_1 +
560,114 81 65 67 113,28,114 105 3 86 113,23,18,5,24,19,3,47,var_0 counter_var_1 +,23,counter_var_0 var_1 +
561,114 63 27 101 113,13,114 65 34 47 113,5,7,8,16,4,11,21,var_0 counter_var_1 +,15,counter_var_0 var_1 +
562,114 28 56 5 113,33,114 11 109 65 113,28,11,5,3,10,17,31,var_0 counter_var_1 +,16,counter_var_0 var_1 +
563,114 85 2 84 113,49,114 19 27 101 113,27,19,22,8,2,4,35,var_0 counter_var_1 +,41,counter_var_0 var_1 +
564,114 93 64 66 113,10,114 94 88 16 113,6,7,4,16,18,19,22,var_0 counter_var_1 +,11,counter_var_0 var_1 +
565,114 6 25 20 113,26,114 107 2 84 113,6,20,20,22,2,2,28,var_0 counter_var_1 +,40,counter_var_0 var_1 +
566,114 7 71 100 113,14,114 5 25 20 113,7,5,7,20,2,2,27,var_0 counter_var_1 +,12,counter_var_0 var_1 +
567,114 71 68 71 113,22,114 80 37 110 113,13,22,9,17,22,14,30,var_0 counter_var_1 +,31,counter_var_0 var_1 +
568,114 47 20 50 113,37,114 75 20 50 113,18,17,19,19,20,20,37,var_0 counter_var_1 +,36,counter_var_0 var_1 +
569,114 50 103 61 113,51,114 19 99 92 113,21,19,30,30,11,7,51,var_0 counter_var_1 +,49,counter_var_0 var_1 +
570,114 5 21 49 113,23,114 67 15 62 113,5,9,18,0,21,15,5,var_0 counter_var_1 +,27,counter_var_0 var_1 +
571,114 41 92 51 113,32,114 36 39 36 113,12,7,20,5,0,16,17,var_0 counter_var_1 +,27,counter_var_0 var_1 +
572,114 53 35 37 113,30,114 21 40 76 113,24,21,6,14,12,17,38,var_0 counter_var_1 +,27,counter_var_0 var_1 +
573,114 34 107 28 113,33,114 1 17 112 113,5,1,28,19,15,17,24,var_0 counter_var_1 +,29,counter_var_0 var_1 +
574,114 3 21 49 113,21,114 4 72 81 113,3,4,18,19,21,3,22,var_0 counter_var_1 +,22,counter_var_0 var_1 +
575,114 64 18 72 113,16,114 10 51 42 113,6,10,10,11,18,5,17,var_0 counter_var_1 +,20,counter_var_0 var_1 +
576,114 4 34 47 113,20,114 1 63 26 113,4,1,16,26,11,17,30,var_0 counter_var_1 +,17,counter_var_0 var_1 +
577,114 35 4 78 113,22,114 21 53 68 113,6,21,16,6,4,7,12,var_0 counter_var_1 +,37,counter_var_0 var_1 +
578,114 52 56 5 113,28,114 48 4 78 113,23,19,5,16,10,4,39,var_0 counter_var_1 +,24,counter_var_0 var_1 +
579,114 107 35 37 113,26,114 86 69 104 113,20,28,6,11,12,0,31,var_0 counter_var_1 +,34,counter_var_0 var_1 +
580,114 77 89 29 113,48,114 112 67 80 113,19,25,29,18,20,21,37,var_0 counter_var_1 +,54,counter_var_0 var_1 +
581,114 112 94 96 113,28,114 110 27 101 113,25,23,3,8,2,4,33,var_0 counter_var_1 +,26,counter_var_0 var_1 +
582,114 108 35 37 113,27,114 81 26 25 113,21,23,6,25,12,3,46,var_0 counter_var_1 +,29,counter_var_0 var_1 +
583,114 15 61 89 113,42,114 60 58 2 113,15,2,27,2,15,12,17,var_0 counter_var_1 +,29,counter_var_0 var_1 +
584,114 99 111 79 113,29,114 41 43 40 113,12,12,17,9,19,20,21,var_0 counter_var_1 +,29,counter_var_0 var_1 +
585,114 8 57 97 113,12,114 14 91 106 113,8,14,4,13,11,22,21,var_0 counter_var_1 +,18,counter_var_0 var_1 +
586,114 59 29 17 113,18,114 67 84 44 113,1,9,17,13,6,15,14,var_0 counter_var_1 +,26,counter_var_0 var_1 +
587,114 75 27 101 113,25,114 112 72 81 113,17,25,8,19,4,3,36,var_0 counter_var_1 +,33,counter_var_0 var_1 +
588,114 18 11 6 113,24,114 103 14 33 113,18,16,6,2,11,14,20,var_0 counter_var_1 +,22,counter_var_0 var_1 +
589,114 82 81 52 113,45,114 87 15 62 113,24,0,21,0,12,15,24,var_0 counter_var_1 +,21,counter_var_0 var_1 +
590,114 23 34 47 113,39,114 6 64 66 113,23,6,16,4,11,18,27,var_0 counter_var_1 +,22,counter_var_0 var_1 +
591,114 76 27 101 113,26,114 22 53 68 113,18,22,8,6,4,7,24,var_0 counter_var_1 +,30,counter_var_0 var_1 +
592,114 112 32 1 113,26,114 43 63 26 113,25,14,1,26,9,17,51,var_0 counter_var_1 +,15,counter_var_0 var_1 +
593,114 107 42 46 113,35,114 47 79 58 113,20,18,15,27,19,10,47,var_0 counter_var_1 +,33,counter_var_0 var_1 +
594,114 91 4 78 113,20,114 42 70 77 113,4,13,16,15,4,1,19,var_0 counter_var_1 +,29,counter_var_0 var_1 +
595,114 53 4 78 113,40,114 94 61 89 113,24,7,16,27,4,15,51,var_0 counter_var_1 +,23,counter_var_0 var_1 +
596,114 76 40 76 113,32,114 102 91 106 113,18,15,14,13,17,22,31,var_0 counter_var_1 +,29,counter_var_0 var_1 +
597,114 84 17 112 113,45,114 17 92 51 113,26,17,19,20,17,0,46,var_0 counter_var_1 +,36,counter_var_0 var_1 +
598,114 46 56 5 113,22,114 11 94 96 113,17,11,5,3,10,2,20,var_0 counter_var_1 +,16,counter_var_0 var_1 +
599,114 101 105 111 113,32,114 6 2 84 113,14,6,18,22,13,2,36,var_0 counter_var_1 +,24,counter_var_0 var_1 +
600,114 61 34 47 113,19,114 45 88 16 113,3,16,16,16,11,19,19,var_0 counter_var_1 +,32,counter_var_0 var_1 +
601,114 13 108 85 113,36,114 71 108 85 113,13,13,23,23,16,16,36,var_0 counter_var_1 +,36,counter_var_0 var_1 +
602,114 65 31 82 113,27,114 88 86 94 113,7,1,20,1,8,17,8,var_0 counter_var_1 +,21,counter_var_0 var_1 +
603,114 11 85 31 113,11,114 84 46 87 113,11,26,0,25,16,0,36,var_0 counter_var_1 +,26,counter_var_0 var_1 +
604,114 31 81 52 113,23,114 58 6 64 113,2,0,21,2,12,6,4,var_0 counter_var_1 +,21,counter_var_0 var_1 +
605,114 50 46 87 113,46,114 37 82 90 113,21,8,25,28,0,13,49,var_0 counter_var_1 +,33,counter_var_0 var_1 +
606,114 99 18 72 113,22,114 17 94 96 113,12,17,10,3,18,2,15,var_0 counter_var_1 +,27,counter_var_0 var_1 +
607,114 88 22 12 113,13,114 20 58 2 113,1,20,12,2,22,12,3,var_0 counter_var_1 +,32,counter_var_0 var_1 +
608,114 55 32 1 113,27,114 50 48 95 113,26,21,1,2,9,2,28,var_0 counter_var_1 +,22,counter_var_0 var_1 +
609,114 97 102 45 113,24,114 1 25 20 113,10,1,14,20,10,2,30,var_0 counter_var_1 +,15,counter_var_0 var_1 +
610,114 78 106 56 113,45,114 10 56 5 113,20,10,25,5,14,10,25,var_0 counter_var_1 +,35,counter_var_0 var_1 +
611,114 12 3 86 113,36,114 86 33 14 113,12,28,24,14,3,10,26,var_0 counter_var_1 +,52,counter_var_0 var_1 +
612,114 27 100 75 113,40,114 63 53 68 113,27,5,13,6,8,7,33,var_0 counter_var_1 +,18,counter_var_0 var_1 +
613,114 39 70 77 113,25,114 42 12 83 113,10,13,15,21,1,12,31,var_0 counter_var_1 +,28,counter_var_0 var_1 +
614,114 87 67 80 113,18,114 28 22 12 113,0,28,18,12,21,22,12,var_0 counter_var_1 +,46,counter_var_0 var_1 +
615,114 84 45 103 113,36,114 2 55 10 113,26,2,10,10,22,9,36,var_0 counter_var_1 +,12,counter_var_0 var_1 +
616,114 30 38 59 113,29,114 26 19 15 113,1,26,28,15,15,19,16,var_0 counter_var_1 +,54,counter_var_0 var_1 +
617,114 91 73 73 113,15,114 68 21 49 113,4,10,11,18,4,21,22,var_0 counter_var_1 +,21,counter_var_0 var_1 +
618,114 74 37 110 113,33,114 40 87 60 113,16,11,17,29,14,18,45,var_0 counter_var_1 +,28,counter_var_0 var_1 +
619,114 88 48 95 113,3,114 72 44 41 113,1,14,2,10,2,21,11,var_0 counter_var_1 +,16,counter_var_0 var_1 +
620,114 74 110 108 113,31,114 1 43 40 113,16,1,15,9,18,20,25,var_0 counter_var_1 +,16,counter_var_0 var_1 +
621,114 108 41 34 113,24,114 63 110 108 113,21,5,3,15,18,18,36,var_0 counter_var_1 +,8,counter_var_0 var_1 +
622,114 12 41 34 113,15,114 36 60 63 113,12,7,3,1,18,14,13,var_0 counter_var_1 +,10,counter_var_0 var_1 +
623,114 18 32 1 113,19,114 74 12 83 113,18,16,1,21,9,12,39,var_0 counter_var_1 +,17,counter_var_0 var_1 +
624,114 3 35 37 113,9,114 84 5 24 113,3,26,6,24,12,5,27,var_0 counter_var_1 +,32,counter_var_0 var_1 +
625,114 61 103 61 113,33,114 94 44 41 113,3,7,30,10,11,21,13,var_0 counter_var_1 +,37,counter_var_0 var_1 +
626,114 110 18 72 113,33,114 112 41 34 113,23,25,10,3,18,18,26,var_0 counter_var_1 +,35,counter_var_0 var_1 +
627,114 19 57 97 113,23,114 34 8 57 113,19,5,4,26,11,8,45,var_0 counter_var_1 +,9,counter_var_0 var_1 +
628,114 86 104 4 113,32,114 10 49 32 113,28,10,4,1,12,3,29,var_0 counter_var_1 +,14,counter_var_0 var_1 +
629,114 54 96 7 113,32,114 39 30 99 113,25,10,7,6,4,7,31,var_0 counter_var_1 +,17,counter_var_0 var_1 +
630,114 80 44 41 113,32,114 59 28 55 113,22,1,10,24,21,5,46,var_0 counter_var_1 +,11,counter_var_0 var_1 +
631,114 43 31 82 113,34,114 4 4 78 113,14,4,20,16,8,4,30,var_0 counter_var_1 +,24,counter_var_0 var_1 +
632,114 62 44 41 113,14,114 54 91 106 113,4,25,10,13,21,22,17,var_0 counter_var_1 +,35,counter_var_0 var_1 +
633,114 75 29 17 113,34,114 27 95 109 113,17,27,17,16,6,3,33,var_0 counter_var_1 +,44,counter_var_0 var_1 +
634,114 46 5 24 113,41,114 56 91 106 113,17,27,24,13,5,22,30,var_0 counter_var_1 +,51,counter_var_0 var_1 +
635,114 97 81 52 113,31,114 70 55 10 113,10,12,21,10,12,9,20,var_0 counter_var_1 +,33,counter_var_0 var_1 +
636,114 20 9 70 113,28,114 100 106 56 113,20,13,8,25,9,14,45,var_0 counter_var_1 +,21,counter_var_0 var_1 +
637,114 2 28 55 113,26,114 10 81 52 113,2,10,24,21,5,12,23,var_0 counter_var_1 +,34,counter_var_0 var_1 +
638,114 98 83 3 113,14,114 62 27 101 113,11,4,3,8,14,4,19,var_0 counter_var_1 +,7,counter_var_0 var_1 +
639,114 27 103 61 113,57,114 63 102 45 113,27,5,30,14,11,10,41,var_0 counter_var_1 +,35,counter_var_0 var_1 +
640,114 87 43 40 113,9,114 8 91 106 113,0,8,9,13,20,22,13,var_0 counter_var_1 +,17,counter_var_0 var_1 +
641,114 9 65 67 113,14,114 84 40 76 113,9,26,5,14,19,17,23,var_0 counter_var_1 +,31,counter_var_0 var_1 +
642,114 78 105 111 113,38,114 47 0 38 113,20,18,18,7,13,0,27,var_0 counter_var_1 +,36,counter_var_0 var_1 +
643,114 69 75 8 113,19,114 86 78 107 113,11,28,8,14,6,9,25,var_0 counter_var_1 +,36,counter_var_0 var_1 +
644,114 104 107 28 113,45,114 15 101 39 113,17,15,28,8,15,9,25,var_0 counter_var_1 +,43,counter_var_0 var_1 +
645,114 4 24 35 113,8,114 82 106 56 113,4,24,4,25,1,14,29,var_0 counter_var_1 +,28,counter_var_0 var_1 +
646,114 14 12 83 113,35,114 104 84 44 113,14,17,21,13,12,15,27,var_0 counter_var_1 +,38,counter_var_0 var_1 +
647,114 92 31 82 113,25,114 18 91 106 113,5,18,20,13,8,22,18,var_0 counter_var_1 +,38,counter_var_0 var_1 +
648,114 50 51 42 113,32,114 76 36 19 113,21,18,11,19,5,13,40,var_0 counter_var_1 +,29,counter_var_0 var_1 +
649,114 110 24 35 113,27,114 17 97 23 113,23,17,4,23,1,5,46,var_0 counter_var_1 +,21,counter_var_0 var_1 +
650,114 32 110 108 113,18,114 43 40 76 113,3,14,15,14,18,17,17,var_0 counter_var_1 +,29,counter_var_0 var_1 +
651,114 109 100 75 113,35,114 11 27 101 113,22,11,13,8,8,4,30,var_0 counter_var_1 +,24,counter_var_0 var_1 +
652,114 20 73 73 113,31,114 49 61 89 113,20,20,11,27,4,15,47,var_0 counter_var_1 +,31,counter_var_0 var_1 +
653,114 111 13 18 113,42,114 5 28 55 113,24,5,18,24,13,5,48,var_0 counter_var_1 +,23,counter_var_0 var_1 +
654,114 7 21 49 113,25,114 107 63 26 113,7,20,18,26,21,17,33,var_0 counter_var_1 +,38,counter_var_0 var_1 +
655,114 25 54 53 113,47,114 6 81 52 113,25,6,22,21,8,12,46,var_0 counter_var_1 +,28,counter_var_0 var_1 +
656,114 54 68 71 113,34,114 64 57 97 113,25,6,9,4,22,11,29,var_0 counter_var_1 +,15,counter_var_0 var_1 +
657,114 78 72 81 113,39,114 111 97 23 113,20,24,19,23,3,5,43,var_0 counter_var_1 +,43,counter_var_0 var_1 +
658,114 54 28 55 113,49,114 92 107 28 113,25,5,24,28,5,15,53,var_0 counter_var_1 +,29,counter_var_0 var_1 +
659,114 0 31 82 113,20,114 8 44 41 113,0,8,20,10,8,21,10,var_0 counter_var_1 +,28,counter_var_0 var_1 +
660,114 9 61 89 113,36,114 57 28 55 113,9,28,27,24,15,5,33,var_0 counter_var_1 +,55,counter_var_0 var_1 +
661,114 98 66 88 113,37,114 94 45 103 113,11,7,26,10,20,22,21,var_0 counter_var_1 +,33,counter_var_0 var_1 +
662,114 82 68 71 113,33,114 84 37 110 113,24,26,9,17,22,14,41,var_0 counter_var_1 +,35,counter_var_0 var_1 +
663,114 111 15 62 113,24,114 67 17 112 113,24,9,0,19,15,17,43,var_0 counter_var_1 +,9,counter_var_0 var_1 +
664,114 26 104 4 113,30,114 38 13 18 113,26,9,4,18,12,13,44,var_0 counter_var_1 +,13,counter_var_0 var_1 +
665,114 37 47 93 113,8,114 53 10 11 113,8,24,0,11,1,10,19,var_0 counter_var_1 +,24,counter_var_0 var_1 +
666,114 7 45 103 113,17,114 39 42 46 113,7,10,10,15,22,19,22,var_0 counter_var_1 +,20,counter_var_0 var_1 +
667,114 83 109 65 113,28,114 107 78 107 113,25,20,3,14,17,9,39,var_0 counter_var_1 +,23,counter_var_0 var_1 +
668,114 13 48 95 113,15,114 69 42 46 113,13,11,2,15,2,19,28,var_0 counter_var_1 +,13,counter_var_0 var_1 +
669,114 106 2 84 113,41,114 92 16 21 113,19,5,22,21,2,16,40,var_0 counter_var_1 +,27,counter_var_0 var_1 +
670,114 4 86 94 113,5,114 34 24 35 113,4,5,1,4,17,1,8,var_0 counter_var_1 +,6,counter_var_0 var_1 +
671,114 111 112 13 113,37,114 86 60 63 113,24,28,13,1,20,14,25,var_0 counter_var_1 +,41,counter_var_0 var_1 +
672,114 107 14 33 113,22,114 19 100 75 113,20,19,2,13,14,8,33,var_0 counter_var_1 +,21,counter_var_0 var_1 +
673,114 14 19 15 113,29,114 31 8 57 113,14,2,15,26,19,8,40,var_0 counter_var_1 +,17,counter_var_0 var_1 +
674,114 27 106 56 113,52,114 104 83 3 113,27,17,25,3,14,14,30,var_0 counter_var_1 +,42,counter_var_0 var_1 +
675,114 78 12 83 113,41,114 97 63 26 113,20,10,21,26,12,17,46,var_0 counter_var_1 +,31,counter_var_0 var_1 +
676,114 87 40 76 113,14,114 89 93 105 113,0,2,14,12,17,1,12,var_0 counter_var_1 +,16,counter_var_0 var_1 +
677,114 97 104 4 113,14,114 57 8 57 113,10,28,4,26,12,8,36,var_0 counter_var_1 +,32,counter_var_0 var_1 +
678,114 36 33 14 113,21,114 64 17 112 113,7,6,14,19,10,17,26,var_0 counter_var_1 +,20,counter_var_0 var_1 +
679,114 7 8 57 113,33,114 47 59 30 113,7,18,26,30,8,13,37,var_0 counter_var_1 +,44,counter_var_0 var_1 +
680,114 65 35 37 113,13,114 76 48 95 113,7,18,6,2,12,2,9,var_0 counter_var_1 +,24,counter_var_0 var_1 +
681,114 50 45 103 113,31,114 68 81 52 113,21,10,10,21,22,12,42,var_0 counter_var_1 +,20,counter_var_0 var_1 +
682,114 93 107 28 113,34,114 29 58 2 113,6,0,28,2,15,12,8,var_0 counter_var_1 +,28,counter_var_0 var_1 +
683,114 108 13 18 113,39,114 35 82 90 113,21,6,18,28,13,13,49,var_0 counter_var_1 +,24,counter_var_0 var_1 +
684,114 50 9 70 113,29,114 110 51 42 113,21,23,8,11,9,5,32,var_0 counter_var_1 +,31,counter_var_0 var_1 +
685,114 3 44 41 113,13,114 104 43 40 113,3,17,10,9,21,20,12,var_0 counter_var_1 +,27,counter_var_0 var_1 +
686,114 80 62 43 113,34,114 31 87 60 113,22,2,12,29,16,18,51,var_0 counter_var_1 +,14,counter_var_0 var_1 +
687,114 61 4 78 113,19,114 34 10 11 113,3,5,16,11,4,10,14,var_0 counter_var_1 +,21,counter_var_0 var_1 +
688,114 1 4 78 113,17,114 32 54 53 113,1,3,16,22,4,8,23,var_0 counter_var_1 +,19,counter_var_0 var_1 +
689,114 54 0 38 113,32,114 67 71 100 113,25,9,7,7,0,2,32,var_0 counter_var_1 +,16,counter_var_0 var_1 +
690,114 38 89 29 113,38,114 11 4 78 113,9,11,29,16,20,4,25,var_0 counter_var_1 +,40,counter_var_0 var_1 +
691,114 57 37 110 113,45,114 34 74 91 113,28,5,17,29,14,5,57,var_0 counter_var_1 +,22,counter_var_0 var_1 +
692,114 10 87 60 113,39,114 26 80 48 113,10,26,29,17,18,11,27,var_0 counter_var_1 +,55,counter_var_0 var_1 +
693,114 95 53 68 113,14,114 47 14 33 113,8,18,6,2,7,14,10,var_0 counter_var_1 +,24,counter_var_0 var_1 +
694,114 51 51 42 113,33,114 41 73 73 113,22,12,11,11,5,4,33,var_0 counter_var_1 +,23,counter_var_0 var_1 +
695,114 52 101 39 113,31,114 66 78 107 113,23,8,8,14,9,9,37,var_0 counter_var_1 +,16,counter_var_0 var_1 +
696,114 68 63 26 113,36,114 95 101 39 113,10,8,26,8,17,9,18,var_0 counter_var_1 +,34,counter_var_0 var_1 +
697,114 40 51 42 113,22,114 47 91 106 113,11,18,11,13,5,22,24,var_0 counter_var_1 +,29,counter_var_0 var_1 +
698,114 28 37 110 113,45,114 110 91 106 113,28,23,17,13,14,22,41,var_0 counter_var_1 +,40,counter_var_0 var_1 +
699,114 16 8 57 113,42,114 87 10 11 113,16,0,26,11,8,10,27,var_0 counter_var_1 +,26,counter_var_0 var_1 +
700,114 112 73 73 113,36,114 81 29 17 113,25,23,11,17,4,6,42,var_0 counter_var_1 +,34,counter_var_0 var_1 +
701,114 65 32 1 113,8,114 98 29 17 113,7,11,1,17,9,6,24,var_0 counter_var_1 +,12,counter_var_0 var_1 +
702,114 51 45 103 113,32,114 5 8 57 113,22,5,10,26,22,8,48,var_0 counter_var_1 +,15,counter_var_0 var_1 +
703,114 36 89 29 113,36,114 87 12 83 113,7,0,29,21,20,12,28,var_0 counter_var_1 +,29,counter_var_0 var_1 +
704,114 33 54 53 113,26,114 42 95 109 113,4,13,22,16,8,3,20,var_0 counter_var_1 +,35,counter_var_0 var_1 +
705,114 45 110 108 113,31,114 97 67 80 113,16,10,15,18,18,21,34,var_0 counter_var_1 +,25,counter_var_0 var_1 +
706,114 97 1 0 113,10,114 63 55 10 113,10,5,0,10,1,9,20,var_0 counter_var_1 +,5,counter_var_0 var_1 +
707,114 56 84 44 113,40,114 0 62 43 113,27,0,13,12,15,16,39,var_0 counter_var_1 +,13,counter_var_0 var_1 +
708,114 77 41 34 113,22,114 94 55 10 113,19,7,3,10,18,9,29,var_0 counter_var_1 +,10,counter_var_0 var_1 +
709,114 3 107 28 113,31,114 16 39 36 113,3,16,28,5,15,16,8,var_0 counter_var_1 +,44,counter_var_0 var_1 +
710,114 8 56 5 113,13,114 79 5 24 113,8,21,5,24,10,5,32,var_0 counter_var_1 +,26,counter_var_0 var_1 +
711,114 77 59 30 113,49,114 98 109 65 113,19,11,30,3,13,17,22,var_0 counter_var_1 +,41,counter_var_0 var_1 +
712,114 110 19 15 113,38,114 61 37 110 113,23,3,15,17,19,14,40,var_0 counter_var_1 +,18,counter_var_0 var_1 +
713,114 46 68 71 113,26,114 1 1 0 113,17,1,9,0,22,1,17,var_0 counter_var_1 +,10,counter_var_0 var_1 +
714,114 56 70 77 113,42,114 46 8 57 113,27,17,15,26,1,8,53,var_0 counter_var_1 +,32,counter_var_0 var_1 +
715,114 62 49 32 113,5,114 10 99 92 113,4,10,1,30,3,7,34,var_0 counter_var_1 +,11,counter_var_0 var_1 +
716,114 61 98 74 113,15,114 14 48 95 113,3,14,12,2,6,2,5,var_0 counter_var_1 +,26,counter_var_0 var_1 +
717,114 4 69 104 113,15,114 25 52 9 113,4,25,11,9,0,6,13,var_0 counter_var_1 +,36,counter_var_0 var_1 +
718,114 40 2 84 113,33,114 108 52 9 113,11,21,22,9,2,6,20,var_0 counter_var_1 +,43,counter_var_0 var_1 +
719,114 79 2 84 113,43,114 20 0 38 113,21,20,22,7,2,0,28,var_0 counter_var_1 +,42,counter_var_0 var_1 +
720,114 52 87 60 113,52,114 112 101 39 113,23,25,29,8,18,9,31,var_0 counter_var_1 +,54,counter_var_0 var_1 +
721,114 70 40 76 113,26,114 111 106 56 113,12,24,14,25,17,14,37,var_0 counter_var_1 +,38,counter_var_0 var_1 +
722,114 78 33 14 113,34,114 8 29 17 113,20,8,14,17,10,6,37,var_0 counter_var_1 +,22,counter_var_0 var_1 +
723,114 29 47 93 113,0,114 81 10 11 113,0,23,0,11,1,10,11,var_0 counter_var_1 +,23,counter_var_0 var_1 +
724,114 29 13 18 113,18,114 2 11 6 113,0,2,18,6,13,11,6,var_0 counter_var_1 +,20,counter_var_0 var_1 +
725,114 107 56 5 113,25,114 61 39 36 113,20,3,5,5,10,16,25,var_0 counter_var_1 +,8,counter_var_0 var_1 +
726,114 45 56 5 113,21,114 15 60 63 113,16,15,5,1,10,14,17,var_0 counter_var_1 +,20,counter_var_0 var_1 +
727,114 48 8 57 113,45,114 44 17 112 113,19,15,26,19,8,17,38,var_0 counter_var_1 +,41,counter_var_0 var_1 +
728,114 92 54 53 113,27,114 42 94 96 113,5,13,22,3,8,2,8,var_0 counter_var_1 +,35,counter_var_0 var_1 +
729,114 31 35 37 113,8,114 96 7 22 113,2,9,6,22,12,7,24,var_0 counter_var_1 +,15,counter_var_0 var_1 +
730,114 67 51 42 113,20,114 41 22 12 113,9,12,11,12,5,22,21,var_0 counter_var_1 +,23,counter_var_0 var_1 +
731,114 10 46 87 113,35,114 49 25 20 113,10,20,25,20,0,2,30,var_0 counter_var_1 +,45,counter_var_0 var_1 +
732,114 69 83 3 113,14,114 105 67 80 113,11,18,3,18,14,21,29,var_0 counter_var_1 +,21,counter_var_0 var_1 +
733,114 108 78 107 113,35,114 63 43 40 113,21,5,14,9,9,20,30,var_0 counter_var_1 +,19,counter_var_0 var_1 +
734,114 97 95 109 113,26,114 68 101 39 113,10,10,16,8,3,9,18,var_0 counter_var_1 +,26,counter_var_0 var_1 +
735,114 27 58 2 113,29,114 46 32 1 113,27,17,2,1,12,9,28,var_0 counter_var_1 +,19,counter_var_0 var_1 +
736,114 87 1 0 113,0,114 86 85 31 113,0,28,0,0,1,16,0,var_0 counter_var_1 +,28,counter_var_0 var_1 +
737,114 19 55 10 113,29,114 41 102 45 113,19,12,10,14,9,10,33,var_0 counter_var_1 +,22,counter_var_0 var_1 +
738,114 31 5 24 113,26,114 5 48 95 113,2,5,24,2,5,2,4,var_0 counter_var_1 +,29,counter_var_0 var_1 +
739,114 17 67 80 113,35,114 33 40 76 113,17,4,18,14,21,17,31,var_0 counter_var_1 +,22,counter_var_0 var_1 +
740,114 69 39 36 113,16,114 73 102 45 113,11,15,5,14,16,10,25,var_0 counter_var_1 +,20,counter_var_0 var_1 +
741,114 37 23 98 113,13,114 96 57 97 113,8,9,5,4,0,11,12,var_0 counter_var_1 +,14,counter_var_0 var_1 +
742,114 97 82 90 113,38,114 5 90 102 113,10,5,28,9,13,21,19,var_0 counter_var_1 +,33,counter_var_0 var_1 +
743,114 62 85 31 113,4,114 21 58 2 113,4,21,0,2,16,12,6,var_0 counter_var_1 +,21,counter_var_0 var_1 +
744,114 107 49 32 113,21,114 19 107 28 113,20,19,1,28,3,15,48,var_0 counter_var_1 +,20,counter_var_0 var_1 +
745,114 89 72 81 113,21,114 42 68 71 113,2,13,19,9,3,22,11,var_0 counter_var_1 +,32,counter_var_0 var_1 +
746,114 94 62 43 113,19,114 45 49 32 113,7,16,12,1,16,3,8,var_0 counter_var_1 +,28,counter_var_0 var_1 +
747,114 39 77 69 113,17,114 100 101 39 113,10,13,7,8,8,9,18,var_0 counter_var_1 +,20,counter_var_0 var_1 +
748,114 33 90 102 113,13,114 87 112 13 113,4,0,9,13,21,20,17,var_0 counter_var_1 +,9,counter_var_0 var_1 +
749,114 35 95 109 113,22,114 105 68 71 113,6,18,16,9,3,22,15,var_0 counter_var_1 +,34,counter_var_0 var_1 +
750,114 64 94 96 113,9,114 98 35 37 113,6,11,3,6,2,12,12,var_0 counter_var_1 +,14,counter_var_0 var_1 +
751,114 63 0 38 113,12,114 14 85 31 113,5,14,7,0,0,16,5,var_0 counter_var_1 +,21,counter_var_0 var_1 +
752,114 46 2 84 113,39,114 0 112 13 113,17,0,22,13,2,20,30,var_0 counter_var_1 +,22,counter_var_0 var_1 +
753,114 62 95 109 113,20,114 58 104 4 113,4,0,16,4,3,12,8,var_0 counter_var_1 +,16,counter_var_0 var_1 +
754,114 42 38 59 113,41,114 81 109 65 113,13,23,28,3,15,17,16,var_0 counter_var_1 +,51,counter_var_0 var_1 +
755,114 77 21 49 113,37,114 82 12 83 113,19,24,18,21,21,12,40,var_0 counter_var_1 +,42,counter_var_0 var_1 +
756,114 106 109 65 113,22,114 4 27 101 113,19,4,3,8,17,4,27,var_0 counter_var_1 +,7,counter_var_0 var_1 +
757,114 54 72 81 113,44,114 92 51 42 113,25,5,19,11,3,5,36,var_0 counter_var_1 +,24,counter_var_0 var_1 +
758,114 25 9 70 113,33,114 78 10 11 113,25,20,8,11,9,10,36,var_0 counter_var_1 +,28,counter_var_0 var_1 +
759,114 27 61 89 113,54,114 108 111 79 113,27,21,27,17,15,19,44,var_0 counter_var_1 +,48,counter_var_0 var_1 +
760,114 36 68 71 113,16,114 83 48 95 113,7,25,9,2,22,2,9,var_0 counter_var_1 +,34,counter_var_0 var_1 +
761,114 45 54 53 113,38,114 80 32 1 113,16,22,22,1,8,9,17,var_0 counter_var_1 +,44,counter_var_0 var_1 +
762,114 53 91 106 113,37,114 27 101 39 113,24,27,13,8,22,9,32,var_0 counter_var_1 +,40,counter_var_0 var_1 +
763,114 59 60 63 113,2,114 50 22 12 113,1,21,1,12,14,22,13,var_0 counter_var_1 +,22,counter_var_0 var_1 +
764,114 18 93 105 113,30,114 87 21 49 113,18,0,12,18,1,21,36,var_0 counter_var_1 +,12,counter_var_0 var_1 +
765,114 51 74 91 113,51,114 69 30 99 113,22,11,29,6,5,7,28,var_0 counter_var_1 +,40,counter_var_0 var_1 +
766,114 102 53 68 113,21,114 85 107 28 113,15,27,6,28,7,15,43,var_0 counter_var_1 +,33,counter_var_0 var_1 +
767,114 46 67 80 113,35,114 92 94 96 113,17,5,18,3,21,2,20,var_0 counter_var_1 +,23,counter_var_0 var_1 +
768,114 14 49 32 113,15,114 98 106 56 113,14,11,1,25,3,14,39,var_0 counter_var_1 +,12,counter_var_0 var_1 +
769,114 49 32 1 113,21,114 92 3 86 113,20,5,1,24,9,3,44,var_0 counter_var_1 +,6,counter_var_0 var_1 +
770,114 21 9 70 113,29,114 100 15 62 113,21,13,8,0,9,15,21,var_0 counter_var_1 +,21,counter_var_0 var_1 +
771,114 106 7 22 113,41,114 37 11 6 113,19,8,22,6,7,11,25,var_0 counter_var_1 +,30,counter_var_0 var_1 +
772,114 15 104 4 113,19,114 111 42 46 113,15,24,4,15,12,19,30,var_0 counter_var_1 +,28,counter_var_0 var_1 +
773,114 92 20 50 113,24,114 77 73 73 113,5,19,19,11,20,4,16,var_0 counter_var_1 +,38,counter_var_0 var_1 +
774,114 104 31 82 113,37,114 17 112 13 113,17,17,20,13,8,20,30,var_0 counter_var_1 +,37,counter_var_0 var_1 +
775,114 52 19 15 113,38,114 2 104 4 113,23,2,15,4,19,12,27,var_0 counter_var_1 +,17,counter_var_0 var_1 +
776,114 94 41 34 113,10,114 23 110 108 113,7,23,3,15,18,18,22,var_0 counter_var_1 +,26,counter_var_0 var_1 +
777,114 110 7 22 113,45,114 26 84 44 113,23,26,22,13,7,15,36,var_0 counter_var_1 +,48,counter_var_0 var_1 +
778,114 66 54 53 113,30,114 39 70 77 113,8,10,22,15,8,1,23,var_0 counter_var_1 +,32,counter_var_0 var_1 +
779,114 32 108 85 113,26,114 36 34 47 113,3,7,23,16,16,11,19,var_0 counter_var_1 +,30,counter_var_0 var_1 +
780,114 103 4 78 113,32,114 20 3 86 113,16,20,16,24,4,3,40,var_0 counter_var_1 +,36,counter_var_0 var_1 +
781,114 91 52 9 113,13,114 57 98 74 113,4,28,9,12,6,6,16,var_0 counter_var_1 +,37,counter_var_0 var_1 +
782,114 0 0 38 113,7,114 57 21 49 113,0,28,7,18,0,21,18,var_0 counter_var_1 +,35,counter_var_0 var_1 +
783,114 51 0 38 113,29,114 12 17 112 113,22,12,7,19,0,17,41,var_0 counter_var_1 +,19,counter_var_0 var_1 +
784,114 9 22 12 113,21,114 5 77 69 113,9,5,12,7,22,8,16,var_0 counter_var_1 +,17,counter_var_0 var_1 +
785,114 19 99 92 113,49,114 15 63 26 113,19,15,30,26,7,17,45,var_0 counter_var_1 +,45,counter_var_0 var_1 +
786,114 61 32 1 113,4,114 71 55 10 113,3,13,1,10,9,9,13,var_0 counter_var_1 +,14,counter_var_0 var_1 +
787,114 33 12 83 113,25,114 107 33 14 113,4,20,21,14,12,10,18,var_0 counter_var_1 +,41,counter_var_0 var_1 +
788,114 1 62 43 113,13,114 105 65 67 113,1,18,12,5,16,19,6,var_0 counter_var_1 +,30,counter_var_0 var_1 +
789,114 106 61 89 113,46,114 69 23 98 113,19,11,27,5,15,0,24,var_0 counter_var_1 +,38,counter_var_0 var_1 +
790,114 32 94 96 113,6,114 47 27 101 113,3,18,3,8,2,4,11,var_0 counter_var_1 +,21,counter_var_0 var_1 +
791,114 41 85 31 113,12,114 38 23 98 113,12,9,0,5,16,0,17,var_0 counter_var_1 +,9,counter_var_0 var_1 +
792,114 44 104 4 113,19,114 13 54 53 113,15,13,4,22,12,8,37,var_0 counter_var_1 +,17,counter_var_0 var_1 +
793,114 97 23 98 113,15,114 41 50 27 113,10,12,5,27,0,4,37,var_0 counter_var_1 +,17,counter_var_0 var_1 +
794,114 78 24 35 113,24,114 8 95 109 113,20,8,4,16,1,3,36,var_0 counter_var_1 +,12,counter_var_0 var_1 +
795,114 46 18 72 113,27,114 38 43 40 113,17,9,10,9,18,20,26,var_0 counter_var_1 +,19,counter_var_0 var_1 +
796,114 96 101 39 113,17,114 100 56 5 113,9,13,8,5,9,10,14,var_0 counter_var_1 +,21,counter_var_0 var_1 +
797,114 53 61 89 113,51,114 66 19 15 113,24,8,27,15,15,19,39,var_0 counter_var_1 +,35,counter_var_0 var_1 +
798,114 3 97 23 113,26,114 31 1 0 113,3,2,23,0,5,1,3,var_0 counter_var_1 +,25,counter_var_0 var_1 +
799,114 60 58 2 113,4,114 103 87 60 113,2,16,2,29,12,18,31,var_0 counter_var_1 +,18,counter_var_0 var_1 +
800,114 18 101 39 113,26,114 57 61 89 113,18,28,8,27,9,15,45,var_0 counter_var_1 +,36,counter_var_0 var_1 +
801,114 65 24 35 113,11,114 62 79 58 113,7,4,4,27,1,10,34,var_0 counter_var_1 +,8,counter_var_0 var_1 +
802,114 37 15 62 113,8,114 24 94 96 113,8,24,0,3,15,2,11,var_0 counter_var_1 +,24,counter_var_0 var_1 +
803,114 63 54 53 113,27,114 78 47 93 113,5,20,22,0,8,1,5,var_0 counter_var_1 +,42,counter_var_0 var_1 +
804,114 40 105 111 113,29,114 98 22 12 113,11,11,18,12,13,22,23,var_0 counter_var_1 +,29,counter_var_0 var_1 +
805,114 0 104 4 113,4,114 106 93 105 113,0,19,4,12,12,1,12,var_0 counter_var_1 +,23,counter_var_0 var_1 +
806,114 98 81 52 113,32,114 100 16 21 113,11,13,21,21,12,16,32,var_0 counter_var_1 +,34,counter_var_0 var_1 +
807,114 67 20 50 113,28,114 97 93 105 113,9,10,19,12,20,1,21,var_0 counter_var_1 +,29,counter_var_0 var_1 +
808,114 110 83 3 113,26,114 74 16 21 113,23,16,3,21,14,16,44,var_0 counter_var_1 +,19,counter_var_0 var_1 +
809,114 102 85 31 113,15,114 104 13 18 113,15,17,0,18,16,13,33,var_0 counter_var_1 +,17,counter_var_0 var_1 +
810,114 75 73 73 113,28,114 100 47 93 113,17,13,11,0,4,1,17,var_0 counter_var_1 +,24,counter_var_0 var_1 +
811,114 14 92 51 113,34,114 88 104 4 113,14,1,20,4,0,12,18,var_0 counter_var_1 +,21,counter_var_0 var_1 +
812,114 94 107 28 113,35,114 8 102 45 113,7,8,28,14,15,10,21,var_0 counter_var_1 +,36,counter_var_0 var_1 +
813,114 22 15 62 113,22,114 85 23 98 113,22,27,0,5,15,0,27,var_0 counter_var_1 +,27,counter_var_0 var_1 +
814,114 55 80 48 113,43,114 90 109 65 113,26,3,17,3,11,17,29,var_0 counter_var_1 +,20,counter_var_0 var_1 +
815,114 112 42 46 113,40,114 88 88 16 113,25,1,15,16,19,19,41,var_0 counter_var_1 +,16,counter_var_0 var_1 +
816,114 91 27 101 113,12,114 37 88 16 113,4,8,8,16,4,19,20,var_0 counter_var_1 +,16,counter_var_0 var_1 +
817,114 35 41 34 113,9,114 70 107 28 113,6,12,3,28,18,15,34,var_0 counter_var_1 +,15,counter_var_0 var_1 +
818,114 97 64 66 113,14,114 44 13 18 113,10,15,4,18,18,13,28,var_0 counter_var_1 +,19,counter_var_0 var_1 +
819,114 54 4 78 113,41,114 1 97 23 113,25,1,16,23,4,5,48,var_0 counter_var_1 +,17,counter_var_0 var_1 +
820,114 77 54 53 113,41,114 97 39 36 113,19,10,22,5,8,16,24,var_0 counter_var_1 +,32,counter_var_0 var_1 +
821,114 20 88 16 113,36,114 36 68 71 113,20,7,16,9,19,22,29,var_0 counter_var_1 +,23,counter_var_0 var_1 +
822,114 72 45 103 113,24,114 40 9 70 113,14,11,10,8,22,9,22,var_0 counter_var_1 +,21,counter_var_0 var_1 +
823,114 13 70 77 113,28,114 34 104 4 113,13,5,15,4,1,12,17,var_0 counter_var_1 +,20,counter_var_0 var_1 +
824,114 71 51 42 113,24,114 47 82 90 113,13,18,11,28,5,13,41,var_0 counter_var_1 +,29,counter_var_0 var_1 +
825,114 76 104 4 113,22,114 104 18 72 113,18,17,4,10,12,18,28,var_0 counter_var_1 +,21,counter_var_0 var_1 +
826,114 73 44 41 113,25,114 23 100 75 113,15,23,10,13,21,8,28,var_0 counter_var_1 +,33,counter_var_0 var_1 +
827,114 68 47 93 113,10,114 17 27 101 113,10,17,0,8,1,4,18,var_0 counter_var_1 +,17,counter_var_0 var_1 +
828,114 66 59 30 113,38,114 38 18 72 113,8,9,30,10,13,18,18,var_0 counter_var_1 +,39,counter_var_0 var_1 +
829,114 103 90 102 113,25,114 86 10 11 113,16,28,9,11,21,10,27,var_0 counter_var_1 +,37,counter_var_0 var_1 +
830,114 64 6 64 113,8,114 19 58 2 113,6,19,2,2,6,12,8,var_0 counter_var_1 +,21,counter_var_0 var_1 +
831,114 78 94 96 113,23,114 109 109 65 113,20,22,3,3,2,17,23,var_0 counter_var_1 +,25,counter_var_0 var_1 +
832,114 34 68 71 113,14,114 44 56 5 113,5,15,9,5,22,10,10,var_0 counter_var_1 +,24,counter_var_0 var_1 +
833,114 74 4 78 113,32,114 16 77 69 113,16,16,16,7,4,8,23,var_0 counter_var_1 +,32,counter_var_0 var_1 +
834,114 51 90 102 113,31,114 85 6 64 113,22,27,9,2,21,6,24,var_0 counter_var_1 +,36,counter_var_0 var_1 +
835,114 101 1 0 113,14,114 34 58 2 113,14,5,0,2,1,12,16,var_0 counter_var_1 +,5,counter_var_0 var_1 +
836,114 77 27 101 113,27,114 13 71 100 113,19,13,8,7,4,2,26,var_0 counter_var_1 +,21,counter_var_0 var_1 +
837,114 60 39 36 113,7,114 23 44 41 113,2,23,5,10,16,21,12,var_0 counter_var_1 +,28,counter_var_0 var_1 +
838,114 46 91 106 113,30,114 15 31 82 113,17,15,13,20,22,8,37,var_0 counter_var_1 +,28,counter_var_0 var_1 +
839,114 112 61 89 113,52,114 21 72 81 113,25,21,27,19,15,3,44,var_0 counter_var_1 +,48,counter_var_0 var_1 +
840,114 84 65 67 113,31,114 104 74 91 113,26,17,5,29,19,5,55,var_0 counter_var_1 +,22,counter_var_0 var_1 +
841,114 39 21 49 113,28,114 12 71 100 113,10,12,18,7,21,2,17,var_0 counter_var_1 +,30,counter_var_0 var_1 +
842,114 87 14 33 113,2,114 80 46 87 113,0,22,2,25,14,0,25,var_0 counter_var_1 +,24,counter_var_0 var_1 +
843,114 11 9 70 113,19,114 30 60 63 113,11,1,8,1,9,14,12,var_0 counter_var_1 +,9,counter_var_0 var_1 +
844,114 82 52 9 113,33,114 55 79 58 113,24,26,9,27,6,10,51,var_0 counter_var_1 +,35,counter_var_0 var_1 +
845,114 9 44 41 113,19,114 72 7 22 113,9,14,10,22,21,7,31,var_0 counter_var_1 +,24,counter_var_0 var_1 +
846,114 97 13 18 113,28,114 30 74 91 113,10,1,18,29,13,5,39,var_0 counter_var_1 +,19,counter_var_0 var_1 +
847,114 7 96 7 113,14,114 86 4 78 113,7,28,7,16,4,4,23,var_0 counter_var_1 +,35,counter_var_0 var_1 +
848,114 73 72 81 113,34,114 18 99 92 113,15,18,19,30,3,7,45,var_0 counter_var_1 +,37,counter_var_0 var_1 +
849,114 64 48 95 113,8,114 61 53 68 113,6,3,2,6,2,7,12,var_0 counter_var_1 +,5,counter_var_0 var_1 +
850,114 98 89 29 113,40,114 3 111 79 113,11,3,29,17,20,19,28,var_0 counter_var_1 +,32,counter_var_0 var_1 +
851,114 5 95 109 113,21,114 92 52 9 113,5,5,16,9,3,6,14,var_0 counter_var_1 +,21,counter_var_0 var_1 +
852,114 9 54 53 113,31,114 111 48 95 113,9,24,22,2,8,2,11,var_0 counter_var_1 +,46,counter_var_0 var_1 +
853,114 14 84 44 113,27,114 49 76 54 113,14,20,13,23,15,7,37,var_0 counter_var_1 +,33,counter_var_0 var_1 +
854,114 49 70 77 113,35,114 74 57 97 113,20,16,15,4,1,11,24,var_0 counter_var_1 +,31,counter_var_0 var_1 +
855,114 87 57 97 113,4,114 25 30 99 113,0,25,4,6,11,7,6,var_0 counter_var_1 +,29,counter_var_0 var_1 +
856,114 58 21 49 113,18,114 71 49 32 113,0,13,18,1,21,3,1,var_0 counter_var_1 +,31,counter_var_0 var_1 +
857,114 6 12 83 113,27,114 99 8 57 113,6,12,21,26,12,8,32,var_0 counter_var_1 +,33,counter_var_0 var_1 +
858,114 106 39 36 113,24,114 108 107 28 113,19,21,5,28,16,15,47,var_0 counter_var_1 +,26,counter_var_0 var_1 +
859,114 68 59 30 113,40,114 29 90 102 113,10,0,30,9,13,21,19,var_0 counter_var_1 +,30,counter_var_0 var_1 +
860,114 72 31 82 113,34,114 108 29 17 113,14,21,20,17,8,6,31,var_0 counter_var_1 +,41,counter_var_0 var_1 +
861,114 51 11 6 113,28,114 53 66 88 113,22,24,6,26,11,20,48,var_0 counter_var_1 +,30,counter_var_0 var_1 +
862,114 94 106 56 113,32,114 28 50 27 113,7,28,25,27,14,4,34,var_0 counter_var_1 +,53,counter_var_0 var_1 +
863,114 67 85 31 113,9,114 9 95 109 113,9,9,0,16,16,3,25,var_0 counter_var_1 +,9,counter_var_0 var_1 +
864,114 4 26 25 113,29,114 107 69 104 113,4,20,25,11,3,0,15,var_0 counter_var_1 +,45,counter_var_0 var_1 +
865,114 55 77 69 113,33,114 107 90 102 113,26,20,7,9,8,21,35,var_0 counter_var_1 +,27,counter_var_0 var_1 +
866,114 19 16 21 113,40,114 17 34 47 113,19,17,21,16,16,11,35,var_0 counter_var_1 +,38,counter_var_0 var_1 +
867,114 77 103 61 113,49,114 86 41 34 113,19,28,30,3,11,18,22,var_0 counter_var_1 +,58,counter_var_0 var_1 +
868,114 17 66 88 113,43,114 109 90 102 113,17,22,26,9,20,21,26,var_0 counter_var_1 +,48,counter_var_0 var_1 +
869,114 57 59 30 113,58,114 107 16 21 113,28,20,30,21,13,16,49,var_0 counter_var_1 +,50,counter_var_0 var_1 +
870,114 62 93 105 113,16,114 50 55 10 113,4,21,12,10,1,9,14,var_0 counter_var_1 +,33,counter_var_0 var_1 +
871,114 53 98 74 113,36,114 86 105 111 113,24,28,12,18,6,13,42,var_0 counter_var_1 +,40,counter_var_0 var_1 +
872,114 100 57 97 113,17,114 0 49 32 113,13,0,4,1,11,3,14,var_0 counter_var_1 +,4,counter_var_0 var_1 +
873,114 29 33 14 113,14,114 60 97 23 113,0,2,14,23,10,5,23,var_0 counter_var_1 +,16,counter_var_0 var_1 +
874,114 69 55 10 113,21,114 10 104 4 113,11,10,10,4,9,12,15,var_0 counter_var_1 +,20,counter_var_0 var_1 +
875,114 65 23 98 113,12,114 63 71 100 113,7,5,5,7,0,2,14,var_0 counter_var_1 +,10,counter_var_0 var_1 +
876,114 61 96 7 113,10,114 62 49 32 113,3,4,7,1,4,3,4,var_0 counter_var_1 +,11,counter_var_0 var_1 +
877,114 75 34 47 113,33,114 45 48 95 113,17,16,16,2,11,2,19,var_0 counter_var_1 +,32,counter_var_0 var_1 +
878,114 56 17 112 113,46,114 112 85 31 113,27,25,19,0,17,16,27,var_0 counter_var_1 +,44,counter_var_0 var_1 +
879,114 10 109 65 113,13,114 60 42 46 113,10,2,3,15,17,19,25,var_0 counter_var_1 +,5,counter_var_0 var_1 +
880,114 71 83 3 113,16,114 55 100 75 113,13,26,3,13,14,8,26,var_0 counter_var_1 +,29,counter_var_0 var_1 +
881,114 45 61 89 113,43,114 10 21 49 113,16,10,27,18,15,21,34,var_0 counter_var_1 +,37,counter_var_0 var_1 +
882,114 26 62 43 113,38,114 50 1 0 113,26,21,12,0,16,1,26,var_0 counter_var_1 +,33,counter_var_0 var_1 +
883,114 80 15 62 113,22,114 36 100 75 113,22,7,0,13,15,8,35,var_0 counter_var_1 +,7,counter_var_0 var_1 +
884,114 93 45 103 113,16,114 98 86 94 113,6,11,10,1,22,17,7,var_0 counter_var_1 +,21,counter_var_0 var_1 +
885,114 26 66 88 113,52,114 102 69 104 113,26,15,26,11,20,0,37,var_0 counter_var_1 +,41,counter_var_0 var_1 +
886,114 11 72 81 113,30,114 64 45 103 113,11,6,19,10,3,22,21,var_0 counter_var_1 +,25,counter_var_0 var_1 +
887,114 65 17 112 113,26,114 24 82 90 113,7,24,19,28,17,13,35,var_0 counter_var_1 +,43,counter_var_0 var_1 +
888,114 8 85 31 113,8,114 110 36 19 113,8,23,0,19,16,13,27,var_0 counter_var_1 +,23,counter_var_0 var_1 +
889,114 52 104 4 113,27,114 2 83 3 113,23,2,4,3,12,14,26,var_0 counter_var_1 +,6,counter_var_0 var_1 +
890,114 66 28 55 113,32,114 31 71 100 113,8,2,24,7,5,2,15,var_0 counter_var_1 +,26,counter_var_0 var_1 +
891,114 14 21 49 113,32,114 86 102 45 113,14,28,18,14,21,10,28,var_0 counter_var_1 +,46,counter_var_0 var_1 +
892,114 107 5 24 113,44,114 97 37 110 113,20,10,24,17,5,14,37,var_0 counter_var_1 +,34,counter_var_0 var_1 +
893,114 44 40 76 113,29,114 12 7 22 113,15,12,14,22,17,7,37,var_0 counter_var_1 +,26,counter_var_0 var_1 +
894,114 11 39 36 113,16,114 0 93 105 113,11,0,5,12,16,1,23,var_0 counter_var_1 +,5,counter_var_0 var_1 +
895,114 48 30 99 113,25,114 75 44 41 113,19,17,6,10,7,21,29,var_0 counter_var_1 +,23,counter_var_0 var_1 +
896,114 49 57 97 113,24,114 31 11 6 113,20,2,4,6,11,11,26,var_0 counter_var_1 +,6,counter_var_0 var_1 +
897,114 49 92 51 113,40,114 49 90 102 113,20,20,20,9,0,21,29,var_0 counter_var_1 +,40,counter_var_0 var_1 +
898,114 66 5 24 113,32,114 110 79 58 113,8,23,24,27,5,10,35,var_0 counter_var_1 +,47,counter_var_0 var_1 +
899,114 23 21 49 113,41,114 17 3 86 113,23,17,18,24,21,3,47,var_0 counter_var_1 +,35,counter_var_0 var_1 +
900,114 92 53 68 113,11,114 9 32 1 113,5,9,6,1,7,9,6,var_0 counter_var_1 +,15,counter_var_0 var_1 +
901,114 109 47 93 113,22,114 34 89 29 113,22,5,0,29,1,20,51,var_0 counter_var_1 +,5,counter_var_0 var_1 +
902,114 0 9 70 113,8,114 100 24 35 113,0,13,8,4,9,1,4,var_0 counter_var_1 +,21,counter_var_0 var_1 +
903,114 35 77 69 113,13,114 110 10 11 113,6,23,7,11,8,10,17,var_0 counter_var_1 +,30,counter_var_0 var_1 +
904,114 81 58 2 113,25,114 101 83 3 113,23,14,2,3,12,14,26,var_0 counter_var_1 +,16,counter_var_0 var_1 +
905,114 20 89 29 113,49,114 66 17 112 113,20,8,29,19,20,17,39,var_0 counter_var_1 +,37,counter_var_0 var_1 +
906,114 2 106 56 113,27,114 25 60 63 113,2,25,25,1,14,14,3,var_0 counter_var_1 +,50,counter_var_0 var_1 +
907,114 45 67 80 113,34,114 9 34 47 113,16,9,18,16,21,11,32,var_0 counter_var_1 +,27,counter_var_0 var_1 +
908,114 22 78 107 113,36,114 28 9 70 113,22,28,14,8,9,9,30,var_0 counter_var_1 +,42,counter_var_0 var_1 +
909,114 110 31 82 113,43,114 111 67 80 113,23,24,20,18,8,21,41,var_0 counter_var_1 +,44,counter_var_0 var_1 +
910,114 27 50 27 113,54,114 87 81 52 113,27,0,27,21,4,12,48,var_0 counter_var_1 +,27,counter_var_0 var_1 +
911,114 49 43 40 113,29,114 88 25 20 113,20,1,9,20,20,2,40,var_0 counter_var_1 +,10,counter_var_0 var_1 +
912,114 45 106 56 113,41,114 106 48 95 113,16,19,25,2,14,2,18,var_0 counter_var_1 +,44,counter_var_0 var_1 +
913,114 108 55 10 113,31,114 4 3 86 113,21,4,10,24,9,3,45,var_0 counter_var_1 +,14,counter_var_0 var_1 +
914,114 63 36 19 113,24,114 77 19 15 113,5,19,19,15,13,19,20,var_0 counter_var_1 +,38,counter_var_0 var_1 +
915,114 71 15 62 113,13,114 97 22 12 113,13,10,0,12,15,22,25,var_0 counter_var_1 +,10,counter_var_0 var_1 +
916,114 75 92 51 113,37,114 101 50 27 113,17,14,20,27,0,4,44,var_0 counter_var_1 +,34,counter_var_0 var_1 +
917,114 33 28 55 113,28,114 57 38 59 113,4,28,24,28,5,15,32,var_0 counter_var_1 +,52,counter_var_0 var_1 +
918,114 110 37 110 113,40,114 77 107 28 113,23,19,17,28,14,15,51,var_0 counter_var_1 +,36,counter_var_0 var_1 +
919,114 44 47 93 113,15,114 64 88 16 113,15,6,0,16,1,19,31,var_0 counter_var_1 +,6,counter_var_0 var_1 +
920,114 65 11 6 113,13,114 14 58 2 113,7,14,6,2,11,12,9,var_0 counter_var_1 +,20,counter_var_0 var_1 +
921,114 59 64 66 113,5,114 23 101 39 113,1,23,4,8,18,9,9,var_0 counter_var_1 +,27,counter_var_0 var_1 +
922,114 36 51 42 113,18,114 77 35 37 113,7,19,11,6,5,12,13,var_0 counter_var_1 +,30,counter_var_0 var_1 +
923,114 35 56 5 113,11,114 15 59 30 113,6,15,5,30,10,13,36,var_0 counter_var_1 +,20,counter_var_0 var_1 +
924,114 96 85 31 113,9,114 5 19 15 113,9,5,0,15,16,19,24,var_0 counter_var_1 +,5,counter_var_0 var_1 +
925,114 90 22 12 113,15,114 89 60 63 113,3,2,12,1,22,14,4,var_0 counter_var_1 +,14,counter_var_0 var_1 +
926,114 71 97 23 113,36,114 17 9 70 113,13,17,23,8,5,9,21,var_0 counter_var_1 +,40,counter_var_0 var_1 +
927,114 100 64 66 113,17,114 9 87 60 113,13,9,4,29,18,18,42,var_0 counter_var_1 +,13,counter_var_0 var_1 +
928,114 39 92 51 113,30,114 26 92 51 113,10,26,20,20,0,0,30,var_0 counter_var_1 +,46,counter_var_0 var_1 +
929,114 75 67 80 113,35,114 101 4 78 113,17,14,18,16,21,4,33,var_0 counter_var_1 +,32,counter_var_0 var_1 +
930,114 5 87 60 113,34,114 65 87 60 113,5,7,29,29,18,18,34,var_0 counter_var_1 +,36,counter_var_0 var_1 +
931,114 22 11 6 113,28,114 28 85 31 113,22,28,6,0,11,16,22,var_0 counter_var_1 +,34,counter_var_0 var_1 +
932,114 77 104 4 113,23,114 67 18 72 113,19,9,4,10,12,18,29,var_0 counter_var_1 +,13,counter_var_0 var_1 +
933,114 39 79 58 113,37,114 54 38 59 113,10,25,27,28,10,15,38,var_0 counter_var_1 +,52,counter_var_0 var_1 +
934,114 84 103 61 113,56,114 68 107 28 113,26,10,30,28,11,15,54,var_0 counter_var_1 +,40,counter_var_0 var_1 +
935,114 13 81 52 113,34,114 107 73 73 113,13,20,21,11,12,4,24,var_0 counter_var_1 +,41,counter_var_0 var_1 +
936,114 83 53 68 113,31,114 86 6 64 113,25,28,6,2,7,6,27,var_0 counter_var_1 +,34,counter_var_0 var_1 +
937,114 32 67 80 113,21,114 48 106 56 113,3,19,18,25,21,14,28,var_0 counter_var_1 +,37,counter_var_0 var_1 +
938,114 15 102 45 113,29,114 9 76 54 113,15,9,14,23,10,7,38,var_0 counter_var_1 +,23,counter_var_0 var_1 +
939,114 46 89 29 113,46,114 85 67 80 113,17,27,29,18,20,21,35,var_0 counter_var_1 +,56,counter_var_0 var_1 +
940,114 45 18 72 113,26,114 71 79 58 113,16,13,10,27,18,10,43,var_0 counter_var_1 +,23,counter_var_0 var_1 +
941,114 69 35 37 113,17,114 71 32 1 113,11,13,6,1,12,9,12,var_0 counter_var_1 +,19,counter_var_0 var_1 +
942,114 76 10 11 113,29,114 71 25 20 113,18,13,11,20,10,2,38,var_0 counter_var_1 +,24,counter_var_0 var_1 +
943,114 106 29 17 113,36,114 43 110 108 113,19,14,17,15,6,18,34,var_0 counter_var_1 +,31,counter_var_0 var_1 +
944,114 96 44 41 113,19,114 20 84 44 113,9,20,10,13,21,15,22,var_0 counter_var_1 +,30,counter_var_0 var_1 +
945,114 40 26 25 113,36,114 5 61 89 113,11,5,25,27,3,15,38,var_0 counter_var_1 +,30,counter_var_0 var_1 +
946,114 6 4 78 113,22,114 66 72 81 113,6,8,16,19,4,3,25,var_0 counter_var_1 +,24,counter_var_0 var_1 +
947,114 85 3 86 113,51,114 100 62 43 113,27,13,24,12,3,16,39,var_0 counter_var_1 +,37,counter_var_0 var_1 +
948,114 60 4 78 113,18,114 27 61 89 113,2,27,16,27,4,15,29,var_0 counter_var_1 +,43,counter_var_0 var_1 +
949,114 80 18 72 113,32,114 34 96 7 113,22,5,10,7,18,4,29,var_0 counter_var_1 +,15,counter_var_0 var_1 +
950,114 21 30 99 113,27,114 25 64 66 113,21,25,6,4,7,18,25,var_0 counter_var_1 +,31,counter_var_0 var_1 +
951,114 101 66 88 113,40,114 29 94 96 113,14,0,26,3,20,2,17,var_0 counter_var_1 +,26,counter_var_0 var_1 +
952,114 11 4 78 113,27,114 26 12 83 113,11,26,16,21,4,12,32,var_0 counter_var_1 +,42,counter_var_0 var_1 +
953,114 109 3 86 113,46,114 67 25 20 113,22,9,24,20,3,2,42,var_0 counter_var_1 +,33,counter_var_0 var_1 +
954,114 18 44 41 113,28,114 63 9 70 113,18,5,10,8,21,9,26,var_0 counter_var_1 +,15,counter_var_0 var_1 +
955,114 76 100 75 113,31,114 100 69 104 113,18,13,13,11,8,0,29,var_0 counter_var_1 +,26,counter_var_0 var_1 +
956,114 74 14 33 113,18,114 49 104 4 113,16,20,2,4,14,12,20,var_0 counter_var_1 +,22,counter_var_0 var_1 +
957,114 54 31 82 113,45,114 84 77 69 113,25,26,20,7,8,8,32,var_0 counter_var_1 +,46,counter_var_0 var_1 +
958,114 2 4 78 113,18,114 100 57 97 113,2,13,16,4,4,11,6,var_0 counter_var_1 +,29,counter_var_0 var_1 +
959,114 2 29 17 113,19,114 34 19 15 113,2,5,17,15,6,19,17,var_0 counter_var_1 +,22,counter_var_0 var_1 +
960,114 7 35 37 113,13,114 74 92 51 113,7,16,6,20,12,0,27,var_0 counter_var_1 +,22,counter_var_0 var_1 +
961,114 97 71 100 113,17,114 112 52 9 113,10,25,7,9,2,6,19,var_0 counter_var_1 +,32,counter_var_0 var_1 +
962,114 109 26 25 113,47,114 91 49 32 113,22,4,25,1,3,3,23,var_0 counter_var_1 +,29,counter_var_0 var_1 +
963,114 68 15 62 113,10,114 72 21 49 113,10,14,0,18,15,21,28,var_0 counter_var_1 +,14,counter_var_0 var_1 +
964,114 30 106 56 113,26,114 111 79 58 113,1,24,25,27,14,10,28,var_0 counter_var_1 +,49,counter_var_0 var_1 +
965,114 52 71 100 113,30,114 101 105 111 113,23,14,7,18,2,13,41,var_0 counter_var_1 +,21,counter_var_0 var_1 +
966,114 88 91 106 113,14,114 5 59 30 113,1,5,13,30,22,13,31,var_0 counter_var_1 +,18,counter_var_0 var_1 +
967,114 9 56 5 113,14,114 56 41 34 113,9,27,5,3,10,18,12,var_0 counter_var_1 +,32,counter_var_0 var_1 +
968,114 81 18 72 113,33,114 33 84 44 113,23,4,10,13,18,15,36,var_0 counter_var_1 +,14,counter_var_0 var_1 +
969,114 24 88 16 113,40,114 39 7 22 113,24,10,16,22,19,7,46,var_0 counter_var_1 +,26,counter_var_0 var_1 +
970,114 19 88 16 113,35,114 79 1 0 113,19,21,16,0,19,1,19,var_0 counter_var_1 +,37,counter_var_0 var_1 +
971,114 33 47 93 113,4,114 32 11 6 113,4,3,0,6,1,11,10,var_0 counter_var_1 +,3,counter_var_0 var_1 +
972,114 102 35 37 113,21,114 52 37 110 113,15,23,6,17,12,14,32,var_0 counter_var_1 +,29,counter_var_0 var_1 +
973,114 28 81 52 113,49,114 78 12 83 113,28,20,21,21,12,12,49,var_0 counter_var_1 +,41,counter_var_0 var_1 +
974,114 7 67 80 113,25,114 108 59 30 113,7,21,18,30,21,13,37,var_0 counter_var_1 +,39,counter_var_0 var_1 +
975,114 60 110 108 113,17,114 18 73 73 113,2,18,15,11,18,4,13,var_0 counter_var_1 +,33,counter_var_0 var_1 +
976,114 104 69 104 113,28,114 52 27 101 113,17,23,11,8,0,4,25,var_0 counter_var_1 +,34,counter_var_0 var_1 +
977,114 99 16 21 113,33,114 2 60 63 113,12,2,21,1,16,14,13,var_0 counter_var_1 +,23,counter_var_0 var_1 +
978,114 60 46 87 113,27,114 105 106 56 113,2,18,25,25,0,14,27,var_0 counter_var_1 +,43,counter_var_0 var_1 +
979,114 80 90 102 113,31,114 42 80 48 113,22,13,9,17,21,11,39,var_0 counter_var_1 +,22,counter_var_0 var_1 +
980,114 46 52 9 113,26,114 111 32 1 113,17,24,9,1,6,9,18,var_0 counter_var_1 +,33,counter_var_0 var_1 +
981,114 56 106 56 113,52,114 110 70 77 113,27,23,25,15,14,1,42,var_0 counter_var_1 +,48,counter_var_0 var_1 +
982,114 104 40 76 113,31,114 54 28 55 113,17,25,14,24,17,5,41,var_0 counter_var_1 +,39,counter_var_0 var_1 +
983,114 71 66 88 113,39,114 58 81 52 113,13,0,26,21,20,12,34,var_0 counter_var_1 +,26,counter_var_0 var_1 +
984,114 32 37 110 113,20,114 4 75 8 113,3,4,17,8,14,6,11,var_0 counter_var_1 +,21,counter_var_0 var_1 +
985,114 109 20 50 113,41,114 75 15 62 113,22,17,19,0,20,15,22,var_0 counter_var_1 +,36,counter_var_0 var_1 +
986,114 42 83 3 113,16,114 65 1 0 113,13,7,3,0,14,1,13,var_0 counter_var_1 +,10,counter_var_0 var_1 +
987,114 51 103 61 113,52,114 93 70 77 113,22,6,30,15,11,1,37,var_0 counter_var_1 +,36,counter_var_0 var_1 +
988,114 73 69 104 113,26,114 35 47 93 113,15,6,11,0,0,1,15,var_0 counter_var_1 +,17,counter_var_0 var_1 +
989,114 16 85 31 113,16,114 73 32 1 113,16,15,0,1,16,9,17,var_0 counter_var_1 +,15,counter_var_0 var_1 +
990,114 68 31 82 113,30,114 102 24 35 113,10,15,20,4,8,1,14,var_0 counter_var_1 +,35,counter_var_0 var_1 +
991,114 10 57 97 113,14,114 23 17 112 113,10,23,4,19,11,17,29,var_0 counter_var_1 +,27,counter_var_0 var_1 +
992,114 1 83 3 113,4,114 74 33 14 113,1,16,3,14,14,10,15,var_0 counter_var_1 +,19,counter_var_0 var_1 +
993,114 110 68 71 113,32,114 86 45 103 113,23,28,9,10,22,22,33,var_0 counter_var_1 +,37,counter_var_0 var_1 +
994,114 67 97 23 113,32,114 86 0 38 113,9,28,23,7,5,0,16,var_0 counter_var_1 +,51,counter_var_0 var_1 +
995,114 90 95 109 113,19,114 53 5 24 113,3,24,16,24,3,5,27,var_0 counter_var_1 +,40,counter_var_0 var_1 +
996,114 1 36 19 113,20,114 48 68 71 113,1,19,19,9,13,22,10,var_0 counter_var_1 +,38,counter_var_0 var_1 +
997,114 47 74 91 113,47,114 89 68 71 113,18,2,29,9,5,22,27,var_0 counter_var_1 +,31,counter_var_0 var_1 +
998,114 8 12 83 113,29,114 9 23 98 113,8,9,21,5,12,0,13,var_0 counter_var_1 +,30,counter_var_0 var_1 +
999,114 105 2 84 113,40,114 18 49 32 113,18,18,22,1,2,3,19,var_0 counter_var_1 +,40,counter_var_0 var_1 +
1000,114 76 19 15 113,33,114 3 65 67 113,18,3,15,5,19,19,23,var_0 counter_var_1 +,18,counter_var_0 var_1 +
1001,114 110 48 95 113,25,114 76 85 31 113,23,18,2,0,2,16,23,var_0 counter_var_1 +,20,counter_var_0 var_1 +
1002,114 46 71 100 113,24,114 47 90 102 113,17,18,7,9,2,21,26,var_0 counter_var_1 +,25,counter_var_0 var_1 +
1003,114 96 13 18 113,27,114 50 8 57 113,9,21,18,26,13,8,35,var_0 counter_var_1 +,39,counter_var_0 var_1 +
1004,114 30 2 84 113,23,114 24 77 69 113,1,24,22,7,2,8,8,var_0 counter_var_1 +,46,counter_var_0 var_1 +
1005,114 50 55 10 113,31,114 3 49 32 113,21,3,10,1,9,3,22,var_0 counter_var_1 +,13,counter_var_0 var_1 +
1006,114 63 78 107 113,19,114 83 50 27 113,5,25,14,27,9,4,32,var_0 counter_var_1 +,39,counter_var_0 var_1 +
1007,114 46 9 70 113,25,114 58 80 48 113,17,0,8,17,9,11,34,var_0 counter_var_1 +,8,counter_var_0 var_1 +
1008,114 95 110 108 113,23,114 24 47 93 113,8,24,15,0,18,1,8,var_0 counter_var_1 +,39,counter_var_0 var_1 +
1009,114 102 38 59 113,43,114 64 69 104 113,15,6,28,11,15,0,26,var_0 counter_var_1 +,34,counter_var_0 var_1 +
1010,114 28 33 14 113,42,114 87 56 5 113,28,0,14,5,10,10,33,var_0 counter_var_1 +,14,counter_var_0 var_1 +
1011,114 4 37 110 113,21,114 20 62 43 113,4,20,17,12,14,16,16,var_0 counter_var_1 +,37,counter_var_0 var_1 +
1012,114 43 38 59 113,42,114 59 41 34 113,14,1,28,3,15,18,17,var_0 counter_var_1 +,29,counter_var_0 var_1 +
1013,114 13 13 18 113,31,114 43 11 6 113,13,14,18,6,13,11,19,var_0 counter_var_1 +,32,counter_var_0 var_1 +
1014,114 67 66 88 113,35,114 41 45 103 113,9,12,26,10,20,22,19,var_0 counter_var_1 +,38,counter_var_0 var_1 +
1015,114 73 5 24 113,39,114 54 13 18 113,15,25,24,18,5,13,33,var_0 counter_var_1 +,49,counter_var_0 var_1 +
1016,114 62 80 48 113,21,114 57 105 111 113,4,28,17,18,11,13,22,var_0 counter_var_1 +,45,counter_var_0 var_1 +
1017,114 81 88 16 113,39,114 10 33 14 113,23,10,16,14,19,10,37,var_0 counter_var_1 +,26,counter_var_0 var_1 +
1018,114 35 38 59 113,34,114 24 100 75 113,6,24,28,13,15,8,19,var_0 counter_var_1 +,52,counter_var_0 var_1 +
1019,114 112 21 49 113,43,114 33 101 39 113,25,4,18,8,21,9,33,var_0 counter_var_1 +,22,counter_var_0 var_1 +
1020,114 107 15 62 113,20,114 2 79 58 113,20,2,0,27,15,10,47,var_0 counter_var_1 +,2,counter_var_0 var_1 +
1021,114 59 48 95 113,3,114 81 16 21 113,1,23,2,21,2,16,22,var_0 counter_var_1 +,25,counter_var_0 var_1 +
1022,114 81 59 30 113,53,114 78 38 59 113,23,20,30,28,13,15,51,var_0 counter_var_1 +,50,counter_var_0 var_1 +
1023,114 79 23 98 113,26,114 52 79 58 113,21,23,5,27,0,10,48,var_0 counter_var_1 +,28,counter_var_0 var_1 +
1024,114 29 107 28 113,28,114 50 65 67 113,0,21,28,5,15,19,5,var_0 counter_var_1 +,49,counter_var_0 var_1 +
1025,114 78 17 112 113,39,114 48 66 88 113,20,19,19,26,17,20,46,var_0 counter_var_1 +,38,counter_var_0 var_1 +
1026,114 61 9 70 113,11,114 31 88 16 113,3,2,8,16,9,19,19,var_0 counter_var_1 +,10,counter_var_0 var_1 +
1027,114 97 56 5 113,15,114 41 104 4 113,10,12,5,4,10,12,14,var_0 counter_var_1 +,17,counter_var_0 var_1 +
1028,114 15 68 71 113,24,114 28 57 97 113,15,28,9,4,22,11,19,var_0 counter_var_1 +,37,counter_var_0 var_1 +
1029,114 56 28 55 113,51,114 91 61 89 113,27,4,24,27,5,15,54,var_0 counter_var_1 +,28,counter_var_0 var_1 +
1030,114 16 71 100 113,23,114 67 92 51 113,16,9,7,20,2,0,36,var_0 counter_var_1 +,16,counter_var_0 var_1 +
1031,114 102 24 35 113,19,114 3 11 6 113,15,3,4,6,1,11,21,var_0 counter_var_1 +,7,counter_var_0 var_1 +
1032,114 100 23 98 113,18,114 9 82 90 113,13,9,5,28,0,13,41,var_0 counter_var_1 +,14,counter_var_0 var_1 +
1033,114 70 65 67 113,17,114 82 84 44 113,12,24,5,13,19,15,25,var_0 counter_var_1 +,29,counter_var_0 var_1 +
1034,114 68 87 60 113,39,114 65 107 28 113,10,7,29,28,18,15,38,var_0 counter_var_1 +,36,counter_var_0 var_1 +
1035,114 99 28 55 113,36,114 71 33 14 113,12,13,24,14,5,10,26,var_0 counter_var_1 +,37,counter_var_0 var_1 +
1036,114 90 24 35 113,7,114 46 21 49 113,3,17,4,18,1,21,21,var_0 counter_var_1 +,21,counter_var_0 var_1 +
1037,114 7 10 11 113,18,114 22 99 92 113,7,22,11,30,10,7,37,var_0 counter_var_1 +,33,counter_var_0 var_1 +
1038,114 54 19 15 113,40,114 26 46 87 113,25,26,15,25,19,0,50,var_0 counter_var_1 +,41,counter_var_0 var_1 +
1039,114 4 12 83 113,25,114 33 27 101 113,4,4,21,8,12,4,12,var_0 counter_var_1 +,25,counter_var_0 var_1 +
1040,114 92 33 14 113,19,114 11 76 54 113,5,11,14,23,10,7,28,var_0 counter_var_1 +,25,counter_var_0 var_1 +
1041,114 31 25 20 113,22,114 63 70 77 113,2,5,20,15,2,1,17,var_0 counter_var_1 +,25,counter_var_0 var_1 +
1042,114 87 97 23 113,23,114 68 10 11 113,0,10,23,11,5,10,11,var_0 counter_var_1 +,33,counter_var_0 var_1 +
1043,114 8 89 29 113,37,114 18 102 45 113,8,18,29,14,20,10,22,var_0 counter_var_1 +,47,counter_var_0 var_1 +
1044,114 87 15 62 113,0,114 25 67 80 113,0,25,0,18,15,21,18,var_0 counter_var_1 +,25,counter_var_0 var_1 +
1045,114 20 28 55 113,44,114 51 53 68 113,20,22,24,6,5,7,26,var_0 counter_var_1 +,46,counter_var_0 var_1 +
1046,114 12 105 111 113,30,114 52 74 91 113,12,23,18,29,13,5,41,var_0 counter_var_1 +,41,counter_var_0 var_1 +
1047,114 11 110 108 113,26,114 64 33 14 113,11,6,15,14,18,10,25,var_0 counter_var_1 +,21,counter_var_0 var_1 +
1048,114 65 44 41 113,17,114 110 3 86 113,7,23,10,24,21,3,31,var_0 counter_var_1 +,33,counter_var_0 var_1 +
1049,114 98 31 82 113,31,114 24 54 53 113,11,24,20,22,8,8,33,var_0 counter_var_1 +,44,counter_var_0 var_1 +
1050,114 0 69 104 113,11,114 75 7 22 113,0,17,11,22,0,7,22,var_0 counter_var_1 +,28,counter_var_0 var_1 +
1051,114 51 112 13 113,35,114 86 43 40 113,22,28,13,9,20,20,31,var_0 counter_var_1 +,41,counter_var_0 var_1 +
1052,114 65 74 91 113,36,114 13 53 68 113,7,13,29,6,5,7,13,var_0 counter_var_1 +,42,counter_var_0 var_1 +
1053,114 55 48 95 113,28,114 34 101 39 113,26,5,2,8,2,9,34,var_0 counter_var_1 +,7,counter_var_0 var_1 +
1054,114 80 49 32 113,23,114 98 43 40 113,22,11,1,9,3,20,31,var_0 counter_var_1 +,12,counter_var_0 var_1 +
1055,114 95 0 38 113,15,114 72 16 21 113,8,14,7,21,0,16,29,var_0 counter_var_1 +,21,counter_var_0 var_1 +
1056,114 39 105 111 113,28,114 50 78 107 113,10,21,18,14,13,9,24,var_0 counter_var_1 +,39,counter_var_0 var_1 +
1057,114 63 72 81 113,24,114 33 31 82 113,5,4,19,20,3,8,25,var_0 counter_var_1 +,23,counter_var_0 var_1 +
1058,114 71 103 61 113,43,114 3 10 11 113,13,3,30,11,11,10,24,var_0 counter_var_1 +,33,counter_var_0 var_1 +
1059,114 103 25 20 113,36,114 7 77 69 113,16,7,20,7,2,8,23,var_0 counter_var_1 +,27,counter_var_0 var_1 +
1060,114 41 80 48 113,29,114 25 4 78 113,12,25,17,16,11,4,28,var_0 counter_var_1 +,42,counter_var_0 var_1 +
1061,114 95 7 22 113,30,114 82 28 55 113,8,24,22,24,7,5,32,var_0 counter_var_1 +,46,counter_var_0 var_1 +
1062,114 53 52 9 113,33,114 106 55 10 113,24,19,9,10,6,9,34,var_0 counter_var_1 +,28,counter_var_0 var_1 +
1063,114 83 41 34 113,28,114 67 40 76 113,25,9,3,14,18,17,39,var_0 counter_var_1 +,12,counter_var_0 var_1 +
1064,114 84 46 87 113,51,114 104 20 50 113,26,17,25,19,0,20,45,var_0 counter_var_1 +,42,counter_var_0 var_1 +
1065,114 50 76 54 113,44,114 81 85 31 113,21,23,23,0,7,16,21,var_0 counter_var_1 +,46,counter_var_0 var_1 +
1066,114 65 108 85 113,30,114 69 86 94 113,7,11,23,1,16,17,8,var_0 counter_var_1 +,34,counter_var_0 var_1 +
1067,114 79 22 12 113,33,114 74 24 35 113,21,16,12,4,22,1,25,var_0 counter_var_1 +,28,counter_var_0 var_1 +
1068,114 101 75 8 113,22,114 22 11 6 113,14,22,8,6,6,11,20,var_0 counter_var_1 +,30,counter_var_0 var_1 +
1069,114 36 69 104 113,18,114 62 15 62 113,7,4,11,0,0,15,7,var_0 counter_var_1 +,15,counter_var_0 var_1 +
1070,114 36 67 80 113,25,114 109 54 53 113,7,22,18,22,21,8,29,var_0 counter_var_1 +,40,counter_var_0 var_1 +
1071,114 102 44 41 113,25,114 24 96 7 113,15,24,10,7,21,4,22,var_0 counter_var_1 +,34,counter_var_0 var_1 +
1072,114 24 46 87 113,49,114 49 77 69 113,24,20,25,7,0,8,31,var_0 counter_var_1 +,45,counter_var_0 var_1 +
1073,114 29 42 46 113,15,114 106 80 48 113,0,19,15,17,19,11,17,var_0 counter_var_1 +,34,counter_var_0 var_1 +
1074,114 58 22 12 113,12,114 48 5 24 113,0,19,12,24,22,5,24,var_0 counter_var_1 +,31,counter_var_0 var_1 +
1075,114 70 23 98 113,17,114 77 109 65 113,12,19,5,3,0,17,15,var_0 counter_var_1 +,24,counter_var_0 var_1 +
1076,114 24 33 14 113,38,114 57 16 21 113,24,28,14,21,10,16,45,var_0 counter_var_1 +,42,counter_var_0 var_1 +
1077,114 112 31 82 113,45,114 68 18 72 113,25,10,20,10,8,18,35,var_0 counter_var_1 +,30,counter_var_0 var_1 +
1078,114 57 72 81 113,47,114 85 36 19 113,28,27,19,19,3,13,47,var_0 counter_var_1 +,46,counter_var_0 var_1 +
1079,114 52 16 21 113,44,114 79 109 65 113,23,21,21,3,16,17,26,var_0 counter_var_1 +,42,counter_var_0 var_1 +
1080,114 3 94 96 113,6,114 79 63 26 113,3,21,3,26,2,17,29,var_0 counter_var_1 +,24,counter_var_0 var_1 +
1081,114 23 36 19 113,42,114 4 55 10 113,23,4,19,10,13,9,33,var_0 counter_var_1 +,23,counter_var_0 var_1 +
1082,114 25 25 20 113,45,114 41 33 14 113,25,12,20,14,2,10,39,var_0 counter_var_1 +,32,counter_var_0 var_1 +
1083,114 5 16 21 113,26,114 55 13 18 113,5,26,21,18,16,13,23,var_0 counter_var_1 +,47,counter_var_0 var_1 +
1084,114 16 62 43 113,28,114 81 62 43 113,16,23,12,12,16,16,28,var_0 counter_var_1 +,35,counter_var_0 var_1 +
1085,114 26 101 39 113,34,114 38 85 31 113,26,9,8,0,9,16,26,var_0 counter_var_1 +,17,counter_var_0 var_1 +
1086,114 76 71 100 113,25,114 46 20 50 113,18,17,7,19,2,20,37,var_0 counter_var_1 +,24,counter_var_0 var_1 +
1087,114 52 110 108 113,38,114 40 58 2 113,23,11,15,2,18,12,25,var_0 counter_var_1 +,26,counter_var_0 var_1 +
1088,114 42 4 78 113,29,114 15 85 31 113,13,15,16,0,4,16,13,var_0 counter_var_1 +,31,counter_var_0 var_1 +
1089,114 70 102 45 113,26,114 104 110 108 113,12,17,14,15,10,18,27,var_0 counter_var_1 +,31,counter_var_0 var_1 +
1090,114 63 11 6 113,11,114 22 104 4 113,5,22,6,4,11,12,9,var_0 counter_var_1 +,28,counter_var_0 var_1 +
1091,114 42 45 103 113,23,114 98 32 1 113,13,11,10,1,22,9,14,var_0 counter_var_1 +,21,counter_var_0 var_1 +
1092,114 87 83 3 113,3,114 61 49 32 113,0,3,3,1,14,3,1,var_0 counter_var_1 +,6,counter_var_0 var_1 +
1093,114 37 80 48 113,25,114 107 8 57 113,8,20,17,26,11,8,34,var_0 counter_var_1 +,37,counter_var_0 var_1 +
1094,114 0 43 40 113,9,114 64 12 83 113,0,6,9,21,20,12,21,var_0 counter_var_1 +,15,counter_var_0 var_1 +
1095,114 53 11 6 113,30,114 0 28 55 113,24,0,6,24,11,5,48,var_0 counter_var_1 +,6,counter_var_0 var_1 +
1096,114 81 75 8 113,31,114 8 90 102 113,23,8,8,9,6,21,32,var_0 counter_var_1 +,16,counter_var_0 var_1 +
1097,114 56 20 50 113,46,114 65 2 84 113,27,7,19,22,20,2,49,var_0 counter_var_1 +,26,counter_var_0 var_1 +
1098,114 62 76 54 113,27,114 95 61 89 113,4,8,23,27,7,15,31,var_0 counter_var_1 +,31,counter_var_0 var_1 +
1099,114 54 54 53 113,47,114 6 82 90 113,25,6,22,28,8,13,53,var_0 counter_var_1 +,28,counter_var_0 var_1 +
1100,114 65 43 40 113,16,114 77 18 72 113,7,19,9,10,20,18,17,var_0 counter_var_1 +,28,counter_var_0 var_1 +
1101,114 106 63 26 113,45,114 14 110 108 113,19,14,26,15,17,18,34,var_0 counter_var_1 +,40,counter_var_0 var_1 +
1102,114 92 65 67 113,10,114 18 43 40 113,5,18,5,9,19,20,14,var_0 counter_var_1 +,23,counter_var_0 var_1 +
1103,114 92 105 111 113,23,114 87 69 104 113,5,0,18,11,13,0,16,var_0 counter_var_1 +,18,counter_var_0 var_1 +
1104,114 107 85 31 113,20,114 48 97 23 113,20,19,0,23,16,5,43,var_0 counter_var_1 +,19,counter_var_0 var_1 +
1105,114 85 97 23 113,50,114 61 57 97 113,27,3,23,4,5,11,31,var_0 counter_var_1 +,26,counter_var_0 var_1 +
1106,114 100 41 34 113,16,114 33 57 97 113,13,4,3,4,18,11,17,var_0 counter_var_1 +,7,counter_var_0 var_1 +
1107,114 2 81 52 113,23,114 89 104 4 113,2,2,21,4,12,12,6,var_0 counter_var_1 +,23,counter_var_0 var_1 +
1108,114 72 10 11 113,25,114 55 74 91 113,14,26,11,29,10,5,43,var_0 counter_var_1 +,37,counter_var_0 var_1 +
1109,114 38 96 7 113,16,114 91 35 37 113,9,4,7,6,4,12,15,var_0 counter_var_1 +,11,counter_var_0 var_1 +
1110,114 99 35 37 113,18,114 9 108 85 113,12,9,6,23,12,16,35,var_0 counter_var_1 +,15,counter_var_0 var_1 +
1111,114 111 40 76 113,38,114 29 43 40 113,24,0,14,9,17,20,33,var_0 counter_var_1 +,14,counter_var_0 var_1 +
1112,114 1 64 66 113,5,114 8 58 2 113,1,8,4,2,18,12,3,var_0 counter_var_1 +,12,counter_var_0 var_1 +
1113,114 95 27 101 113,16,114 5 29 17 113,8,5,8,17,4,6,25,var_0 counter_var_1 +,13,counter_var_0 var_1 +
1114,114 42 2 84 113,35,114 42 17 112 113,13,13,22,19,2,17,32,var_0 counter_var_1 +,35,counter_var_0 var_1 +
1115,114 54 63 26 113,51,114 22 107 28 113,25,22,26,28,17,15,53,var_0 counter_var_1 +,48,counter_var_0 var_1 +
1116,114 48 15 62 113,19,114 96 8 57 113,19,9,0,26,15,8,45,var_0 counter_var_1 +,9,counter_var_0 var_1 +
1117,114 42 15 62 113,13,114 19 82 90 113,13,19,0,28,15,13,41,var_0 counter_var_1 +,19,counter_var_0 var_1 +
1118,114 23 56 5 113,28,114 21 73 73 113,23,21,5,11,10,4,34,var_0 counter_var_1 +,26,counter_var_0 var_1 +
1119,114 7 97 23 113,30,114 64 66 88 113,7,6,23,26,5,20,33,var_0 counter_var_1 +,29,counter_var_0 var_1 +
1120,114 29 98 74 113,12,114 6 73 73 113,0,6,12,11,6,4,11,var_0 counter_var_1 +,18,counter_var_0 var_1 +
1121,114 100 32 1 113,14,114 81 20 50 113,13,23,1,19,9,20,32,var_0 counter_var_1 +,24,counter_var_0 var_1 +
1122,114 84 8 57 113,52,114 67 33 14 113,26,9,26,14,8,10,40,var_0 counter_var_1 +,35,counter_var_0 var_1 +
1123,114 51 64 66 113,26,114 63 26 25 113,22,5,4,25,18,3,47,var_0 counter_var_1 +,9,counter_var_0 var_1 +
1124,114 93 66 88 113,32,114 65 25 20 113,6,7,26,20,20,2,26,var_0 counter_var_1 +,33,counter_var_0 var_1 +
1125,114 103 106 56 113,41,114 102 84 44 113,16,15,25,13,14,15,29,var_0 counter_var_1 +,40,counter_var_0 var_1 +
1126,114 95 28 55 113,32,114 36 55 10 113,8,7,24,10,5,9,18,var_0 counter_var_1 +,31,counter_var_0 var_1 +
1127,114 33 80 48 113,21,114 102 98 74 113,4,15,17,12,11,6,16,var_0 counter_var_1 +,32,counter_var_0 var_1 +
1128,114 41 13 18 113,30,114 19 33 14 113,12,19,18,14,13,10,26,var_0 counter_var_1 +,37,counter_var_0 var_1 +
1129,114 5 51 42 113,16,114 64 21 49 113,5,6,11,18,5,21,23,var_0 counter_var_1 +,17,counter_var_0 var_1 +
1130,114 21 35 37 113,27,114 51 0 38 113,21,22,6,7,12,0,28,var_0 counter_var_1 +,28,counter_var_0 var_1 +
1131,114 68 107 28 113,38,114 13 60 63 113,10,13,28,1,15,14,11,var_0 counter_var_1 +,41,counter_var_0 var_1 +
1132,114 70 108 85 113,35,114 46 45 103 113,12,17,23,10,16,22,22,var_0 counter_var_1 +,40,counter_var_0 var_1 +
1133,114 61 0 38 113,10,114 44 81 52 113,3,15,7,21,0,12,24,var_0 counter_var_1 +,22,counter_var_0 var_1 +
1134,114 78 95 109 113,36,114 81 76 54 113,20,23,16,23,3,7,43,var_0 counter_var_1 +,39,counter_var_0 var_1 +
1135,114 70 28 55 113,36,114 48 34 47 113,12,19,24,16,5,11,28,var_0 counter_var_1 +,43,counter_var_0 var_1 +
1136,114 5 63 26 113,31,114 103 103 61 113,5,16,26,30,17,11,35,var_0 counter_var_1 +,42,counter_var_0 var_1 +
1137,114 72 13 18 113,32,114 91 80 48 113,14,4,18,17,13,11,31,var_0 counter_var_1 +,22,counter_var_0 var_1 +
1138,114 29 65 67 113,5,114 94 30 99 113,0,7,5,6,19,7,6,var_0 counter_var_1 +,12,counter_var_0 var_1 +
1139,114 65 61 89 113,34,114 36 99 92 113,7,7,27,30,15,7,37,var_0 counter_var_1 +,34,counter_var_0 var_1 +
1140,114 56 36 19 113,46,114 44 70 77 113,27,15,19,15,13,1,42,var_0 counter_var_1 +,34,counter_var_0 var_1 +
1141,114 37 54 53 113,30,114 56 80 48 113,8,27,22,17,8,11,25,var_0 counter_var_1 +,49,counter_var_0 var_1 +
1142,114 109 68 71 113,31,114 21 66 88 113,22,21,9,26,22,20,48,var_0 counter_var_1 +,30,counter_var_0 var_1 +
1143,114 108 79 58 113,48,114 31 10 11 113,21,2,27,11,10,10,32,var_0 counter_var_1 +,29,counter_var_0 var_1 +
1144,114 6 16 21 113,27,114 89 73 73 113,6,2,21,11,16,4,17,var_0 counter_var_1 +,23,counter_var_0 var_1 +
1145,114 66 77 69 113,15,114 110 82 90 113,8,23,7,28,8,13,36,var_0 counter_var_1 +,30,counter_var_0 var_1 +
1146,114 70 111 79 113,29,114 95 89 29 113,12,8,17,29,19,20,41,var_0 counter_var_1 +,25,counter_var_0 var_1 +
1147,114 22 102 45 113,36,114 26 71 100 113,22,26,14,7,10,2,29,var_0 counter_var_1 +,40,counter_var_0 var_1 +
1148,114 12 97 23 113,35,114 110 97 23 113,12,23,23,23,5,5,35,var_0 counter_var_1 +,46,counter_var_0 var_1 +
1149,114 77 99 92 113,49,114 75 110 108 113,19,17,30,15,7,18,34,var_0 counter_var_1 +,47,counter_var_0 var_1 +
1150,114 26 84 44 113,39,114 56 86 94 113,26,27,13,1,15,17,27,var_0 counter_var_1 +,40,counter_var_0 var_1 +
1151,114 105 55 10 113,28,114 96 112 13 113,18,9,10,13,9,20,31,var_0 counter_var_1 +,19,counter_var_0 var_1 +
1152,114 0 61 89 113,27,114 5 15 62 113,0,5,27,0,15,15,0,var_0 counter_var_1 +,32,counter_var_0 var_1 +
1153,114 70 53 68 113,18,114 24 101 39 113,12,24,6,8,7,9,20,var_0 counter_var_1 +,30,counter_var_0 var_1 +
1154,114 70 12 83 113,33,114 77 76 54 113,12,19,21,23,12,7,35,var_0 counter_var_1 +,40,counter_var_0 var_1 +
1155,114 89 34 47 113,18,114 54 33 14 113,2,25,16,14,11,10,16,var_0 counter_var_1 +,41,counter_var_0 var_1 +
1156,114 72 74 91 113,43,114 2 50 27 113,14,2,29,27,5,4,41,var_0 counter_var_1 +,31,counter_var_0 var_1 +
1157,114 6 87 60 113,35,114 107 11 6 113,6,20,29,6,18,11,12,var_0 counter_var_1 +,49,counter_var_0 var_1 +
1158,114 3 12 83 113,24,114 89 18 72 113,3,2,21,10,12,18,13,var_0 counter_var_1 +,23,counter_var_0 var_1 +
1159,114 30 31 82 113,21,114 8 11 6 113,1,8,20,6,8,11,7,var_0 counter_var_1 +,28,counter_var_0 var_1 +
1160,114 90 32 1 113,4,114 110 45 103 113,3,23,1,10,9,22,13,var_0 counter_var_1 +,24,counter_var_0 var_1 +
1161,114 26 11 6 113,32,114 1 45 103 113,26,1,6,10,11,22,36,var_0 counter_var_1 +,7,counter_var_0 var_1 +
1162,114 89 8 57 113,28,114 50 112 13 113,2,21,26,13,8,20,15,var_0 counter_var_1 +,47,counter_var_0 var_1 +
1163,114 38 68 71 113,18,114 97 101 39 113,9,10,9,8,22,9,17,var_0 counter_var_1 +,19,counter_var_0 var_1 +
1164,114 86 61 89 113,55,114 64 67 80 113,28,6,27,18,15,21,46,var_0 counter_var_1 +,33,counter_var_0 var_1 +
1165,114 92 63 26 113,31,114 33 41 34 113,5,4,26,3,17,18,8,var_0 counter_var_1 +,30,counter_var_0 var_1 +
1166,114 37 9 70 113,16,114 104 39 36 113,8,17,8,5,9,16,13,var_0 counter_var_1 +,25,counter_var_0 var_1 +
1167,114 96 33 14 113,23,114 68 63 26 113,9,10,14,26,10,17,35,var_0 counter_var_1 +,24,counter_var_0 var_1 +
1168,114 15 58 2 113,17,114 67 81 52 113,15,9,2,21,12,12,36,var_0 counter_var_1 +,11,counter_var_0 var_1 +
1169,114 83 7 22 113,47,114 14 31 82 113,25,14,22,20,7,8,45,var_0 counter_var_1 +,36,counter_var_0 var_1 +
1170,114 16 7 22 113,38,114 89 5 24 113,16,2,22,24,7,5,40,var_0 counter_var_1 +,24,counter_var_0 var_1 +
1171,114 112 65 67 113,30,114 23 107 28 113,25,23,5,28,19,15,53,var_0 counter_var_1 +,28,counter_var_0 var_1 +
1172,114 3 68 71 113,12,114 100 48 95 113,3,13,9,2,22,2,5,var_0 counter_var_1 +,22,counter_var_0 var_1 +
1173,114 80 74 91 113,51,114 55 59 30 113,22,26,29,30,5,13,52,var_0 counter_var_1 +,55,counter_var_0 var_1 +
1174,114 50 108 85 113,44,114 28 53 68 113,21,28,23,6,16,7,27,var_0 counter_var_1 +,51,counter_var_0 var_1 +
1175,114 75 32 1 113,18,114 64 89 29 113,17,6,1,29,9,20,46,var_0 counter_var_1 +,7,counter_var_0 var_1 +
1176,114 61 77 69 113,10,114 32 86 94 113,3,3,7,1,8,17,4,var_0 counter_var_1 +,10,counter_var_0 var_1 +
1177,114 27 95 109 113,43,114 47 97 23 113,27,18,16,23,3,5,50,var_0 counter_var_1 +,34,counter_var_0 var_1 +
1178,114 21 102 45 113,35,114 95 108 85 113,21,8,14,23,10,16,44,var_0 counter_var_1 +,22,counter_var_0 var_1 +
1179,114 47 55 10 113,28,114 30 108 85 113,18,1,10,23,9,16,41,var_0 counter_var_1 +,11,counter_var_0 var_1 +
1180,114 78 63 26 113,46,114 87 76 54 113,20,0,26,23,17,7,43,var_0 counter_var_1 +,26,counter_var_0 var_1 +
1181,114 15 45 103 113,25,114 7 100 75 113,15,7,10,13,22,8,28,var_0 counter_var_1 +,17,counter_var_0 var_1 +
1182,114 65 42 46 113,22,114 47 109 65 113,7,18,15,3,19,17,10,var_0 counter_var_1 +,33,counter_var_0 var_1 +
1183,114 83 40 76 113,39,114 74 14 33 113,25,16,14,2,17,14,27,var_0 counter_var_1 +,30,counter_var_0 var_1 +
1184,114 61 85 31 113,3,114 37 75 8 113,3,8,0,8,16,6,11,var_0 counter_var_1 +,8,counter_var_0 var_1 +
1185,114 13 64 66 113,17,114 46 99 92 113,13,17,4,30,18,7,43,var_0 counter_var_1 +,21,counter_var_0 var_1 +
1186,114 82 33 14 113,38,114 0 104 4 113,24,0,14,4,10,12,28,var_0 counter_var_1 +,14,counter_var_0 var_1 +
1187,114 84 69 104 113,37,114 82 76 54 113,26,24,11,23,0,7,49,var_0 counter_var_1 +,35,counter_var_0 var_1 +
1188,114 48 44 41 113,29,114 37 46 87 113,19,8,10,25,21,0,44,var_0 counter_var_1 +,18,counter_var_0 var_1 +
1189,114 66 105 111 113,26,114 104 77 69 113,8,17,18,7,13,8,15,var_0 counter_var_1 +,35,counter_var_0 var_1 +
1190,114 70 11 6 113,18,114 101 45 103 113,12,14,6,10,11,22,22,var_0 counter_var_1 +,20,counter_var_0 var_1 +
1191,114 99 26 25 113,37,114 100 112 13 113,12,13,25,13,3,20,25,var_0 counter_var_1 +,38,counter_var_0 var_1 +
1192,114 110 105 111 113,41,114 39 102 45 113,23,10,18,14,13,10,37,var_0 counter_var_1 +,28,counter_var_0 var_1 +
1193,114 94 95 109 113,23,114 8 53 68 113,7,8,16,6,3,7,13,var_0 counter_var_1 +,24,counter_var_0 var_1 +
1194,114 18 94 96 113,21,114 53 50 27 113,18,24,3,27,2,4,45,var_0 counter_var_1 +,27,counter_var_0 var_1 +
1195,114 50 67 80 113,39,114 59 107 28 113,21,1,18,28,21,15,49,var_0 counter_var_1 +,19,counter_var_0 var_1 +
1196,114 44 53 68 113,21,114 38 19 15 113,15,9,6,15,7,19,30,var_0 counter_var_1 +,15,counter_var_0 var_1 +
1197,114 62 56 5 113,9,114 67 16 21 113,4,9,5,21,10,16,25,var_0 counter_var_1 +,14,counter_var_0 var_1 +
1198,114 61 90 102 113,12,114 61 23 98 113,3,3,9,5,21,0,8,var_0 counter_var_1 +,12,counter_var_0 var_1 +
1199,114 37 45 103 113,18,114 42 37 110 113,8,13,10,17,22,14,25,var_0 counter_var_1 +,23,counter_var_0 var_1 +
1200,114 25 1 0 113,25,114 27 36 19 113,25,27,0,19,1,13,44,var_0 counter_var_1 +,27,counter_var_0 var_1 +
1201,114 58 90 102 113,9,114 102 14 33 113,0,15,9,2,21,14,2,var_0 counter_var_1 +,24,counter_var_0 var_1 +
1202,114 86 21 49 113,46,114 60 9 70 113,28,2,18,8,21,9,36,var_0 counter_var_1 +,20,counter_var_0 var_1 +
1203,114 106 20 50 113,38,114 83 80 48 113,19,25,19,17,20,11,36,var_0 counter_var_1 +,44,counter_var_0 var_1 +
1204,114 98 47 93 113,11,114 19 34 47 113,11,19,0,16,1,11,27,var_0 counter_var_1 +,19,counter_var_0 var_1 +
1205,114 0 99 92 113,30,114 81 7 22 113,0,23,30,22,7,7,22,var_0 counter_var_1 +,53,counter_var_0 var_1 +
1206,114 94 20 50 113,26,114 42 79 58 113,7,13,19,27,20,10,34,var_0 counter_var_1 +,32,counter_var_0 var_1 +
1207,114 27 0 38 113,34,114 97 3 86 113,27,10,7,24,0,3,51,var_0 counter_var_1 +,17,counter_var_0 var_1 +
1208,114 61 83 3 113,6,114 71 5 24 113,3,13,3,24,14,5,27,var_0 counter_var_1 +,16,counter_var_0 var_1 +
1209,114 109 22 12 113,34,114 8 26 25 113,22,8,12,25,22,3,47,var_0 counter_var_1 +,20,counter_var_0 var_1 +
1210,114 51 49 32 113,23,114 53 3 86 113,22,24,1,24,3,3,46,var_0 counter_var_1 +,25,counter_var_0 var_1 +
1211,114 89 56 5 113,7,114 9 24 35 113,2,9,5,4,10,1,6,var_0 counter_var_1 +,14,counter_var_0 var_1 +
1212,114 25 4 78 113,41,114 100 42 46 113,25,13,16,15,4,19,40,var_0 counter_var_1 +,29,counter_var_0 var_1 +
1213,114 47 49 32 113,19,114 47 84 44 113,18,18,1,13,3,15,31,var_0 counter_var_1 +,19,counter_var_0 var_1 +
1214,114 94 71 100 113,14,114 74 66 88 113,7,16,7,26,2,20,33,var_0 counter_var_1 +,23,counter_var_0 var_1 +
1215,114 68 84 44 113,23,114 76 27 101 113,10,18,13,8,15,4,18,var_0 counter_var_1 +,31,counter_var_0 var_1 +
1216,114 96 98 74 113,21,114 0 101 39 113,9,0,12,8,6,9,17,var_0 counter_var_1 +,12,counter_var_0 var_1 +
1217,114 26 76 54 113,49,114 25 55 10 113,26,25,23,10,7,9,36,var_0 counter_var_1 +,48,counter_var_0 var_1 +
1218,114 76 32 1 113,19,114 51 90 102 113,18,22,1,9,9,21,27,var_0 counter_var_1 +,23,counter_var_0 var_1 +
1219,114 52 0 38 113,30,114 14 42 46 113,23,14,7,15,0,19,38,var_0 counter_var_1 +,21,counter_var_0 var_1 +
1220,114 43 22 12 113,26,114 34 80 48 113,14,5,12,17,22,11,31,var_0 counter_var_1 +,17,counter_var_0 var_1 +
1221,114 99 50 27 113,39,114 26 25 20 113,12,26,27,20,4,2,32,var_0 counter_var_1 +,53,counter_var_0 var_1 +
1222,114 23 74 91 113,52,114 46 6 64 113,23,17,29,2,5,6,25,var_0 counter_var_1 +,46,counter_var_0 var_1 +
1223,114 78 102 45 113,34,114 6 50 27 113,20,6,14,27,10,4,47,var_0 counter_var_1 +,20,counter_var_0 var_1 +
1224,114 32 38 59 113,31,114 91 79 58 113,3,4,28,27,15,10,30,var_0 counter_var_1 +,32,counter_var_0 var_1 +
1225,114 18 14 33 113,20,114 70 30 99 113,18,12,2,6,14,7,24,var_0 counter_var_1 +,14,counter_var_0 var_1 +
1226,114 0 52 9 113,9,114 8 80 48 113,0,8,9,17,6,11,17,var_0 counter_var_1 +,17,counter_var_0 var_1 +
1227,114 19 95 109 113,35,114 66 49 32 113,19,8,16,1,3,3,20,var_0 counter_var_1 +,24,counter_var_0 var_1 +
1228,114 101 78 107 113,28,114 79 110 108 113,14,21,14,15,9,18,29,var_0 counter_var_1 +,35,counter_var_0 var_1 +
1229,114 33 48 95 113,6,114 17 55 10 113,4,17,2,10,2,9,14,var_0 counter_var_1 +,19,counter_var_0 var_1 +
1230,114 84 78 107 113,40,114 95 64 66 113,26,8,14,4,9,18,30,var_0 counter_var_1 +,22,counter_var_0 var_1 +
1231,114 83 88 16 113,41,114 75 63 26 113,25,17,16,26,19,17,51,var_0 counter_var_1 +,33,counter_var_0 var_1 +
1232,114 92 73 73 113,16,114 62 72 81 113,5,4,11,19,4,3,24,var_0 counter_var_1 +,15,counter_var_0 var_1 +
1233,114 87 37 110 113,17,114 64 78 107 113,0,6,17,14,14,9,14,var_0 counter_var_1 +,23,counter_var_0 var_1 +
1234,114 52 96 7 113,30,114 15 21 49 113,23,15,7,18,4,21,41,var_0 counter_var_1 +,22,counter_var_0 var_1 +
1235,114 20 98 74 113,32,114 43 90 102 113,20,14,12,9,6,21,29,var_0 counter_var_1 +,26,counter_var_0 var_1 +
1236,114 33 69 104 113,15,114 106 50 27 113,4,19,11,27,0,4,31,var_0 counter_var_1 +,30,counter_var_0 var_1 +
1237,114 25 27 101 113,33,114 26 24 35 113,25,26,8,4,4,1,29,var_0 counter_var_1 +,34,counter_var_0 var_1 +
1238,114 23 42 46 113,38,114 29 14 33 113,23,0,15,2,19,14,25,var_0 counter_var_1 +,15,counter_var_0 var_1 +
1239,114 77 78 107 113,33,114 75 71 100 113,19,17,14,7,9,2,26,var_0 counter_var_1 +,31,counter_var_0 var_1 +
1240,114 31 94 96 113,5,114 72 72 81 113,2,14,3,19,2,3,21,var_0 counter_var_1 +,17,counter_var_0 var_1 +
1241,114 13 57 97 113,17,114 52 112 13 113,13,23,4,13,11,20,26,var_0 counter_var_1 +,27,counter_var_0 var_1 +
1242,114 3 52 9 113,12,114 72 91 106 113,3,14,9,13,6,22,16,var_0 counter_var_1 +,23,counter_var_0 var_1 +
1243,114 29 103 61 113,30,114 80 77 69 113,0,22,30,7,11,8,7,var_0 counter_var_1 +,52,counter_var_0 var_1 +
1244,114 6 59 30 113,36,114 46 72 81 113,6,17,30,19,13,3,25,var_0 counter_var_1 +,47,counter_var_0 var_1 +
1245,114 88 90 102 113,10,114 23 74 91 113,1,23,9,29,21,5,30,var_0 counter_var_1 +,32,counter_var_0 var_1 +
1246,114 79 109 65 113,24,114 13 23 98 113,21,13,3,5,17,0,26,var_0 counter_var_1 +,16,counter_var_0 var_1 +
1247,114 32 36 19 113,22,114 40 108 85 113,3,11,19,23,13,16,26,var_0 counter_var_1 +,30,counter_var_0 var_1 +
1248,114 71 85 31 113,13,114 94 47 93 113,13,7,0,0,16,1,13,var_0 counter_var_1 +,7,counter_var_0 var_1 +
1249,114 78 37 110 113,37,114 111 3 86 113,20,24,17,24,14,3,44,var_0 counter_var_1 +,41,counter_var_0 var_1 +
1250,114 41 24 35 113,16,114 10 86 94 113,12,10,4,1,1,17,13,var_0 counter_var_1 +,14,counter_var_0 var_1 +
1251,114 9 95 109 113,25,114 12 27 101 113,9,12,16,8,3,4,17,var_0 counter_var_1 +,28,counter_var_0 var_1 +
1252,114 86 86 94 113,29,114 34 100 75 113,28,5,1,13,17,8,41,var_0 counter_var_1 +,6,counter_var_0 var_1 +
1253,114 27 25 20 113,47,114 97 111 79 113,27,10,20,17,2,19,44,var_0 counter_var_1 +,30,counter_var_0 var_1 +
1254,114 30 15 62 113,1,114 94 28 55 113,1,7,0,24,15,5,25,var_0 counter_var_1 +,7,counter_var_0 var_1 +
1255,114 14 108 85 113,37,114 12 112 13 113,14,12,23,13,16,20,27,var_0 counter_var_1 +,35,counter_var_0 var_1 +
1256,114 73 109 65 113,18,114 73 11 6 113,15,15,3,6,17,11,21,var_0 counter_var_1 +,18,counter_var_0 var_1 +
1257,114 1 99 92 113,31,114 110 76 54 113,1,23,30,23,7,7,24,var_0 counter_var_1 +,53,counter_var_0 var_1 +
1258,114 108 110 108 113,36,114 82 15 62 113,21,24,15,0,18,15,21,var_0 counter_var_1 +,39,counter_var_0 var_1 +
1259,114 97 103 61 113,40,114 29 21 49 113,10,0,30,18,11,21,28,var_0 counter_var_1 +,30,counter_var_0 var_1 +
1260,114 55 28 55 113,50,114 47 26 25 113,26,18,24,25,5,3,51,var_0 counter_var_1 +,42,counter_var_0 var_1 +
1261,114 59 50 27 113,28,114 106 82 90 113,1,19,27,28,4,13,29,var_0 counter_var_1 +,46,counter_var_0 var_1 +
1262,114 87 53 68 113,6,114 45 41 34 113,0,16,6,3,7,18,3,var_0 counter_var_1 +,22,counter_var_0 var_1 +
1263,114 35 10 11 113,17,114 13 50 27 113,6,13,11,27,10,4,33,var_0 counter_var_1 +,24,counter_var_0 var_1 +
1264,114 21 101 39 113,29,114 82 6 64 113,21,24,8,2,9,6,23,var_0 counter_var_1 +,32,counter_var_0 var_1 +
1265,114 19 87 60 113,48,114 110 58 2 113,19,23,29,2,18,12,21,var_0 counter_var_1 +,52,counter_var_0 var_1 +
1266,114 78 47 93 113,20,114 18 93 105 113,20,18,0,12,1,1,32,var_0 counter_var_1 +,18,counter_var_0 var_1 +
1267,114 23 66 88 113,49,114 87 59 30 113,23,0,26,30,20,13,53,var_0 counter_var_1 +,26,counter_var_0 var_1 +
1268,114 83 16 21 113,46,114 38 21 49 113,25,9,21,18,16,21,43,var_0 counter_var_1 +,30,counter_var_0 var_1 +
1269,114 65 50 27 113,34,114 72 71 100 113,7,14,27,7,4,2,14,var_0 counter_var_1 +,41,counter_var_0 var_1 +
1270,114 16 109 65 113,19,114 38 49 32 113,16,9,3,1,17,3,17,var_0 counter_var_1 +,12,counter_var_0 var_1 +
1271,114 18 42 46 113,33,114 28 81 52 113,18,28,15,21,19,12,39,var_0 counter_var_1 +,43,counter_var_0 var_1 +
1272,114 31 38 59 113,30,114 95 88 16 113,2,8,28,16,15,19,18,var_0 counter_var_1 +,36,counter_var_0 var_1 +
1273,114 95 37 110 113,25,114 69 111 79 113,8,11,17,17,14,19,25,var_0 counter_var_1 +,28,counter_var_0 var_1 +
1274,114 55 51 42 113,37,114 89 78 107 113,26,2,11,14,5,9,40,var_0 counter_var_1 +,13,counter_var_0 var_1 +
1275,114 107 48 95 113,22,114 10 58 2 113,20,10,2,2,2,12,22,var_0 counter_var_1 +,12,counter_var_0 var_1 +
1276,114 3 8 57 113,29,114 108 18 72 113,3,21,26,10,8,18,13,var_0 counter_var_1 +,47,counter_var_0 var_1 +
1277,114 85 36 19 113,46,114 17 24 35 113,27,17,19,4,13,1,31,var_0 counter_var_1 +,36,counter_var_0 var_1 +
1278,114 65 101 39 113,15,114 102 20 50 113,7,15,8,19,9,20,26,var_0 counter_var_1 +,23,counter_var_0 var_1 +
1279,114 110 20 50 113,42,114 66 58 2 113,23,8,19,2,20,12,25,var_0 counter_var_1 +,27,counter_var_0 var_1 +
1280,114 68 66 88 113,36,114 21 108 85 113,10,21,26,23,20,16,33,var_0 counter_var_1 +,47,counter_var_0 var_1 +
1281,114 68 33 14 113,24,114 19 72 81 113,10,19,14,19,10,3,29,var_0 counter_var_1 +,33,counter_var_0 var_1 +
1282,114 1 73 73 113,12,114 45 44 41 113,1,16,11,10,4,21,11,var_0 counter_var_1 +,27,counter_var_0 var_1 +
1283,114 72 79 58 113,41,114 38 5 24 113,14,9,27,24,10,5,38,var_0 counter_var_1 +,36,counter_var_0 var_1 +
1284,114 3 46 87 113,28,114 90 15 62 113,3,3,25,0,0,15,3,var_0 counter_var_1 +,28,counter_var_0 var_1 +
1285,114 66 53 68 113,14,114 21 103 61 113,8,21,6,30,7,11,38,var_0 counter_var_1 +,27,counter_var_0 var_1 +
1286,114 87 81 52 113,21,114 94 8 57 113,0,7,21,26,12,8,26,var_0 counter_var_1 +,28,counter_var_0 var_1 +
1287,114 66 47 93 113,8,114 2 10 11 113,8,2,0,11,1,10,19,var_0 counter_var_1 +,2,counter_var_0 var_1 +
1288,114 75 50 27 113,44,114 58 62 43 113,17,0,27,12,4,16,29,var_0 counter_var_1 +,27,counter_var_0 var_1 +
1289,114 52 44 41 113,33,114 36 85 31 113,23,7,10,0,21,16,23,var_0 counter_var_1 +,17,counter_var_0 var_1 +
1290,114 7 28 55 113,31,114 75 11 6 113,7,17,24,6,5,11,13,var_0 counter_var_1 +,41,counter_var_0 var_1 +
1291,114 91 93 105 113,16,114 0 29 17 113,4,0,12,17,1,6,21,var_0 counter_var_1 +,12,counter_var_0 var_1 +
1292,114 100 51 42 113,24,114 38 45 103 113,13,9,11,10,5,22,23,var_0 counter_var_1 +,20,counter_var_0 var_1 +
1293,114 31 3 86 113,26,114 14 56 5 113,2,14,24,5,3,10,7,var_0 counter_var_1 +,38,counter_var_0 var_1 +
1294,114 83 19 15 113,40,114 33 29 17 113,25,4,15,17,19,6,42,var_0 counter_var_1 +,19,counter_var_0 var_1 +
1295,114 77 62 43 113,31,114 53 85 31 113,19,24,12,0,16,16,19,var_0 counter_var_1 +,36,counter_var_0 var_1 +
1296,114 56 44 41 113,37,114 99 33 14 113,27,12,10,14,21,10,41,var_0 counter_var_1 +,22,counter_var_0 var_1 +
1297,114 84 70 77 113,41,114 68 30 99 113,26,10,15,6,1,7,32,var_0 counter_var_1 +,25,counter_var_0 var_1 +
1298,114 101 95 109 113,30,114 4 29 17 113,14,4,16,17,3,6,31,var_0 counter_var_1 +,20,counter_var_0 var_1 +
1299,114 95 65 67 113,13,114 62 51 42 113,8,4,5,11,19,5,19,var_0 counter_var_1 +,9,counter_var_0 var_1 +
1300,114 104 106 56 113,42,114 7 81 52 113,17,7,25,21,14,12,38,var_0 counter_var_1 +,32,counter_var_0 var_1 +
1301,114 23 18 72 113,33,114 14 111 79 113,23,14,10,17,18,19,40,var_0 counter_var_1 +,24,counter_var_0 var_1 +
1302,114 108 53 68 113,27,114 75 29 17 113,21,17,6,17,7,6,38,var_0 counter_var_1 +,23,counter_var_0 var_1 +
1303,114 35 79 58 113,33,114 91 29 17 113,6,4,27,17,10,6,23,var_0 counter_var_1 +,31,counter_var_0 var_1 +
1304,114 28 88 16 113,44,114 4 1 0 113,28,4,16,0,19,1,28,var_0 counter_var_1 +,20,counter_var_0 var_1 +
1305,114 29 8 57 113,26,114 2 70 77 113,0,2,26,15,8,1,15,var_0 counter_var_1 +,28,counter_var_0 var_1 +
1306,114 109 112 13 113,35,114 97 7 22 113,22,10,13,22,20,7,44,var_0 counter_var_1 +,23,counter_var_0 var_1 +
1307,114 92 44 41 113,15,114 88 16 21 113,5,1,10,21,21,16,26,var_0 counter_var_1 +,11,counter_var_0 var_1 +
1308,114 44 107 28 113,43,114 6 36 19 113,15,6,28,19,15,13,34,var_0 counter_var_1 +,34,counter_var_0 var_1 +
1309,114 43 42 46 113,29,114 10 12 83 113,14,10,15,21,19,12,35,var_0 counter_var_1 +,25,counter_var_0 var_1 +
1310,114 51 99 92 113,52,114 52 107 28 113,22,23,30,28,7,15,50,var_0 counter_var_1 +,53,counter_var_0 var_1 +
1311,114 53 66 88 113,50,114 49 85 31 113,24,20,26,0,20,16,24,var_0 counter_var_1 +,46,counter_var_0 var_1 +
1312,114 12 63 26 113,38,114 63 44 41 113,12,5,26,10,17,21,22,var_0 counter_var_1 +,31,counter_var_0 var_1 +
1313,114 27 74 91 113,56,114 48 76 54 113,27,19,29,23,5,7,50,var_0 counter_var_1 +,48,counter_var_0 var_1 +
1314,114 42 105 111 113,31,114 105 75 8 113,13,18,18,8,13,6,21,var_0 counter_var_1 +,36,counter_var_0 var_1 +
1315,114 85 61 89 113,54,114 23 48 95 113,27,23,27,2,15,2,29,var_0 counter_var_1 +,50,counter_var_0 var_1 +
1316,114 70 55 10 113,22,114 9 66 88 113,12,9,10,26,9,20,38,var_0 counter_var_1 +,19,counter_var_0 var_1 +
1317,114 71 9 70 113,21,114 41 61 89 113,13,12,8,27,9,15,40,var_0 counter_var_1 +,20,counter_var_0 var_1 +
1318,114 67 104 4 113,13,114 112 26 25 113,9,25,4,25,12,3,34,var_0 counter_var_1 +,29,counter_var_0 var_1 +
1319,114 82 82 90 113,52,114 111 50 27 113,24,24,28,27,13,4,51,var_0 counter_var_1 +,52,counter_var_0 var_1 +
1320,114 103 111 79 113,33,114 92 45 103 113,16,5,17,10,19,22,26,var_0 counter_var_1 +,22,counter_var_0 var_1 +
1321,114 108 33 14 113,35,114 83 83 3 113,21,25,14,3,10,14,24,var_0 counter_var_1 +,39,counter_var_0 var_1 +
1322,114 98 7 22 113,33,114 63 14 33 113,11,5,22,2,7,14,13,var_0 counter_var_1 +,27,counter_var_0 var_1 +
1323,114 105 6 64 113,20,114 67 69 104 113,18,9,2,11,6,0,29,var_0 counter_var_1 +,11,counter_var_0 var_1 +
1324,114 88 110 108 113,16,114 69 39 36 113,1,11,15,5,18,16,6,var_0 counter_var_1 +,26,counter_var_0 var_1 +
1325,114 19 32 1 113,20,114 104 96 7 113,19,17,1,7,9,4,26,var_0 counter_var_1 +,18,counter_var_0 var_1 +
1326,114 105 53 68 113,24,114 90 6 64 113,18,3,6,2,7,6,20,var_0 counter_var_1 +,9,counter_var_0 var_1 +
1327,114 45 78 107 113,30,114 28 78 107 113,16,28,14,14,9,9,30,var_0 counter_var_1 +,42,counter_var_0 var_1 +
1328,114 57 80 48 113,45,114 42 33 14 113,28,13,17,14,11,10,42,var_0 counter_var_1 +,30,counter_var_0 var_1 +
1329,114 92 80 48 113,22,114 73 58 2 113,5,15,17,2,11,12,7,var_0 counter_var_1 +,32,counter_var_0 var_1 +
1330,114 64 102 45 113,20,114 60 41 34 113,6,2,14,3,10,18,9,var_0 counter_var_1 +,16,counter_var_0 var_1 +
1331,114 21 96 7 113,28,114 84 81 52 113,21,26,7,21,4,12,42,var_0 counter_var_1 +,33,counter_var_0 var_1 +
1332,114 71 41 34 113,16,114 52 68 71 113,13,23,3,9,18,22,22,var_0 counter_var_1 +,26,counter_var_0 var_1 +
1333,114 36 48 95 113,9,114 66 80 48 113,7,8,2,17,2,11,24,var_0 counter_var_1 +,10,counter_var_0 var_1 +
1334,114 63 71 100 113,12,114 57 25 20 113,5,28,7,20,2,2,25,var_0 counter_var_1 +,35,counter_var_0 var_1 +
1335,114 95 108 85 113,31,114 19 7 22 113,8,19,23,22,16,7,30,var_0 counter_var_1 +,42,counter_var_0 var_1 +
1336,114 105 44 41 113,28,114 11 90 102 113,18,11,10,9,21,21,27,var_0 counter_var_1 +,21,counter_var_0 var_1 +
1337,114 63 108 85 113,28,114 5 42 46 113,5,5,23,15,16,19,20,var_0 counter_var_1 +,28,counter_var_0 var_1 +
1338,114 6 13 18 113,24,114 45 109 65 113,6,16,18,3,13,17,9,var_0 counter_var_1 +,34,counter_var_0 var_1 +
1339,114 81 62 43 113,35,114 48 103 61 113,23,19,12,30,16,11,53,var_0 counter_var_1 +,31,counter_var_0 var_1 +
1340,114 49 42 46 113,35,114 105 102 45 113,20,18,15,14,19,10,34,var_0 counter_var_1 +,33,counter_var_0 var_1 +
1341,114 72 8 57 113,40,114 6 12 83 113,14,6,26,21,8,12,35,var_0 counter_var_1 +,32,counter_var_0 var_1 +
1342,114 66 42 46 113,23,114 24 35 37 113,8,24,15,6,19,12,14,var_0 counter_var_1 +,39,counter_var_0 var_1 +
1343,114 46 6 64 113,19,114 42 77 69 113,17,13,2,7,6,8,24,var_0 counter_var_1 +,15,counter_var_0 var_1 +
1344,114 52 89 29 113,52,114 88 91 106 113,23,1,29,13,20,22,36,var_0 counter_var_1 +,30,counter_var_0 var_1 +
1345,114 16 9 70 113,24,114 14 95 109 113,16,14,8,16,9,3,32,var_0 counter_var_1 +,22,counter_var_0 var_1 +
1346,114 33 59 30 113,34,114 80 18 72 113,4,22,30,10,13,18,14,var_0 counter_var_1 +,52,counter_var_0 var_1 +
1347,114 60 38 59 113,30,114 42 89 29 113,2,13,28,29,15,20,31,var_0 counter_var_1 +,41,counter_var_0 var_1 +
1348,114 33 1 0 113,4,114 31 89 29 113,4,2,0,29,1,20,33,var_0 counter_var_1 +,2,counter_var_0 var_1 +
1349,114 100 91 106 113,26,114 77 85 31 113,13,19,13,0,22,16,13,var_0 counter_var_1 +,32,counter_var_0 var_1 +
1350,114 23 100 75 113,36,114 9 42 46 113,23,9,13,15,8,19,38,var_0 counter_var_1 +,22,counter_var_0 var_1 +
1351,114 102 9 70 113,23,114 87 111 79 113,15,0,8,17,9,19,32,var_0 counter_var_1 +,8,counter_var_0 var_1 +
1352,114 35 8 57 113,32,114 29 76 54 113,6,0,26,23,8,7,29,var_0 counter_var_1 +,26,counter_var_0 var_1 +
1353,114 6 8 57 113,32,114 63 24 35 113,6,5,26,4,8,1,10,var_0 counter_var_1 +,31,counter_var_0 var_1 +
1354,114 8 92 51 113,28,114 63 103 61 113,8,5,20,30,0,11,38,var_0 counter_var_1 +,25,counter_var_0 var_1 +
1355,114 80 42 46 113,37,114 29 103 61 113,22,0,15,30,19,11,52,var_0 counter_var_1 +,15,counter_var_0 var_1 +
1356,114 41 23 98 113,17,114 0 105 111 113,12,0,5,18,0,13,30,var_0 counter_var_1 +,5,counter_var_0 var_1 +
1357,114 110 89 29 113,52,114 56 79 58 113,23,27,29,27,20,10,50,var_0 counter_var_1 +,56,counter_var_0 var_1 +
1358,114 76 76 54 113,41,114 44 40 76 113,18,15,23,14,7,17,32,var_0 counter_var_1 +,38,counter_var_0 var_1 +
1359,114 93 9 70 113,14,114 66 81 52 113,6,8,8,21,9,12,27,var_0 counter_var_1 +,16,counter_var_0 var_1 +
1360,114 18 29 17 113,35,114 58 22 12 113,18,0,17,12,6,22,30,var_0 counter_var_1 +,17,counter_var_0 var_1 +
1361,114 73 36 19 113,34,114 68 3 86 113,15,10,19,24,13,3,39,var_0 counter_var_1 +,29,counter_var_0 var_1 +
1362,114 61 3 86 113,27,114 17 17 112 113,3,17,24,19,3,17,22,var_0 counter_var_1 +,41,counter_var_0 var_1 +
1363,114 59 5 24 113,25,114 35 75 8 113,1,6,24,8,5,6,9,var_0 counter_var_1 +,30,counter_var_0 var_1 +
1364,114 45 76 54 113,39,114 20 88 16 113,16,20,23,16,7,19,32,var_0 counter_var_1 +,43,counter_var_0 var_1 +
1365,114 20 30 99 113,26,114 55 36 19 113,20,26,6,19,7,13,39,var_0 counter_var_1 +,32,counter_var_0 var_1 +
1366,114 24 104 4 113,28,114 80 96 7 113,24,22,4,7,12,4,31,var_0 counter_var_1 +,26,counter_var_0 var_1 +
1367,114 34 73 73 113,16,114 5 4 78 113,5,5,11,16,4,4,21,var_0 counter_var_1 +,16,counter_var_0 var_1 +
1368,114 58 34 47 113,16,114 61 66 88 113,0,3,16,26,11,20,26,var_0 counter_var_1 +,19,counter_var_0 var_1 +
1369,114 16 21 49 113,34,114 91 4 78 113,16,4,18,16,21,4,32,var_0 counter_var_1 +,22,counter_var_0 var_1 +
1370,114 99 61 89 113,39,114 93 16 21 113,12,6,27,21,15,16,33,var_0 counter_var_1 +,33,counter_var_0 var_1 +
1371,114 14 14 33 113,16,114 72 86 94 113,14,14,2,1,14,17,15,var_0 counter_var_1 +,16,counter_var_0 var_1 +
1372,114 73 112 13 113,28,114 85 81 52 113,15,27,13,21,20,12,36,var_0 counter_var_1 +,40,counter_var_0 var_1 +
1373,114 108 91 106 113,34,114 87 73 73 113,21,0,13,11,22,4,32,var_0 counter_var_1 +,13,counter_var_0 var_1 +
1374,114 84 25 20 113,46,114 32 103 61 113,26,3,20,30,2,11,56,var_0 counter_var_1 +,23,counter_var_0 var_1 +
1375,114 21 105 111 113,39,114 13 39 36 113,21,13,18,5,13,16,26,var_0 counter_var_1 +,31,counter_var_0 var_1 +
1376,114 14 6 64 113,16,114 37 21 49 113,14,8,2,18,6,21,32,var_0 counter_var_1 +,10,counter_var_0 var_1 +
1377,114 13 12 83 113,34,114 107 46 87 113,13,20,21,25,12,0,38,var_0 counter_var_1 +,41,counter_var_0 var_1 +
1378,114 60 24 35 113,6,114 65 54 53 113,2,7,4,22,1,8,24,var_0 counter_var_1 +,11,counter_var_0 var_1 +
1379,114 43 86 94 113,15,114 30 89 29 113,14,1,1,29,17,20,43,var_0 counter_var_1 +,2,counter_var_0 var_1 +
1380,114 57 68 71 113,37,114 108 46 87 113,28,21,9,25,22,0,53,var_0 counter_var_1 +,30,counter_var_0 var_1 +
1381,114 49 90 102 113,29,114 49 14 33 113,20,20,9,2,21,14,22,var_0 counter_var_1 +,29,counter_var_0 var_1 +
1382,114 78 92 51 113,40,114 53 87 60 113,20,24,20,29,0,18,49,var_0 counter_var_1 +,44,counter_var_0 var_1 +
1383,114 65 58 2 113,9,114 23 18 72 113,7,23,2,10,12,18,17,var_0 counter_var_1 +,25,counter_var_0 var_1 +
1384,114 22 20 50 113,41,114 53 63 26 113,22,24,19,26,20,17,48,var_0 counter_var_1 +,43,counter_var_0 var_1 +
1385,114 26 67 80 113,44,114 46 37 110 113,26,17,18,17,21,14,43,var_0 counter_var_1 +,35,counter_var_0 var_1 +
1386,114 6 112 13 113,19,114 90 83 3 113,6,3,13,3,20,14,9,var_0 counter_var_1 +,16,counter_var_0 var_1 +
1387,114 55 103 61 113,56,114 48 112 13 113,26,19,30,13,11,20,39,var_0 counter_var_1 +,49,counter_var_0 var_1 +
1388,114 1 32 1 113,2,114 92 53 68 113,1,5,1,6,9,7,7,var_0 counter_var_1 +,6,counter_var_0 var_1 +
1389,114 44 19 15 113,30,114 64 35 37 113,15,6,15,6,19,12,21,var_0 counter_var_1 +,21,counter_var_0 var_1 +
1390,114 76 108 85 113,41,114 49 47 93 113,18,20,23,0,16,1,18,var_0 counter_var_1 +,43,counter_var_0 var_1 +
1391,114 50 47 93 113,21,114 22 6 64 113,21,22,0,2,1,6,23,var_0 counter_var_1 +,22,counter_var_0 var_1 +
1392,114 85 33 14 113,41,114 75 22 12 113,27,17,14,12,10,22,39,var_0 counter_var_1 +,31,counter_var_0 var_1 +
1393,114 92 4 78 113,21,114 38 24 35 113,5,9,16,4,4,1,9,var_0 counter_var_1 +,25,counter_var_0 var_1 +
1394,114 37 19 15 113,23,114 90 19 15 113,8,3,15,15,19,19,23,var_0 counter_var_1 +,18,counter_var_0 var_1 +
1395,114 23 35 37 113,29,114 105 98 74 113,23,18,6,12,12,6,35,var_0 counter_var_1 +,24,counter_var_0 var_1 +
1396,114 13 72 81 113,32,114 93 45 103 113,13,6,19,10,3,22,23,var_0 counter_var_1 +,25,counter_var_0 var_1 +
1397,114 109 108 85 113,45,114 72 32 1 113,22,14,23,1,16,9,23,var_0 counter_var_1 +,37,counter_var_0 var_1 +
1398,114 66 108 85 113,31,114 54 80 48 113,8,25,23,17,16,11,25,var_0 counter_var_1 +,48,counter_var_0 var_1 +
1399,114 34 80 48 113,22,114 56 89 29 113,5,27,17,29,11,20,34,var_0 counter_var_1 +,44,counter_var_0 var_1 +
1400,114 31 48 95 113,4,114 61 13 18 113,2,3,2,18,2,13,20,var_0 counter_var_1 +,5,counter_var_0 var_1 +
1401,114 76 47 93 113,18,114 52 89 29 113,18,23,0,29,1,20,47,var_0 counter_var_1 +,23,counter_var_0 var_1 +
1402,114 102 76 54 113,38,114 19 28 55 113,15,19,23,24,7,5,39,var_0 counter_var_1 +,42,counter_var_0 var_1 +
1403,114 109 44 41 113,32,114 94 37 110 113,22,7,10,17,21,14,39,var_0 counter_var_1 +,17,counter_var_0 var_1 +
1404,114 21 98 74 113,33,114 9 53 68 113,21,9,12,6,6,7,27,var_0 counter_var_1 +,21,counter_var_0 var_1 +
1405,114 52 82 90 113,51,114 32 106 56 113,23,3,28,25,13,14,48,var_0 counter_var_1 +,31,counter_var_0 var_1 +
1406,114 40 33 14 113,25,114 3 36 19 113,11,3,14,19,10,13,30,var_0 counter_var_1 +,17,counter_var_0 var_1 +
1407,114 103 61 89 113,43,114 13 35 37 113,16,13,27,6,15,12,22,var_0 counter_var_1 +,40,counter_var_0 var_1 +
1408,114 14 36 19 113,33,114 3 75 8 113,14,3,19,8,13,6,22,var_0 counter_var_1 +,22,counter_var_0 var_1 +
1409,114 9 12 83 113,30,114 98 111 79 113,9,11,21,17,12,19,26,var_0 counter_var_1 +,32,counter_var_0 var_1 +
1410,114 111 39 36 113,29,114 86 80 48 113,24,28,5,17,16,11,41,var_0 counter_var_1 +,33,counter_var_0 var_1 +
1411,114 66 22 12 113,20,114 39 26 25 113,8,10,12,25,22,3,33,var_0 counter_var_1 +,22,counter_var_0 var_1 +
1412,114 106 78 107 113,33,114 2 23 98 113,19,2,14,5,9,0,24,var_0 counter_var_1 +,16,counter_var_0 var_1 +
1413,114 85 1 0 113,27,114 60 73 73 113,27,2,0,11,1,4,38,var_0 counter_var_1 +,2,counter_var_0 var_1 +
1414,114 110 23 98 113,28,114 109 91 106 113,23,22,5,13,0,22,36,var_0 counter_var_1 +,27,counter_var_0 var_1 +
1415,114 86 109 65 113,31,114 68 13 18 113,28,10,3,18,17,13,46,var_0 counter_var_1 +,13,counter_var_0 var_1 +
1416,114 31 6 64 113,4,114 104 24 35 113,2,17,2,4,6,1,6,var_0 counter_var_1 +,19,counter_var_0 var_1 +
1417,114 31 93 105 113,14,114 85 27 101 113,2,27,12,8,1,4,10,var_0 counter_var_1 +,39,counter_var_0 var_1 +
1418,114 11 16 21 113,32,114 49 97 23 113,11,20,21,23,16,5,34,var_0 counter_var_1 +,41,counter_var_0 var_1 +
1419,114 89 109 65 113,5,114 103 65 67 113,2,16,3,5,17,19,7,var_0 counter_var_1 +,19,counter_var_0 var_1 +
1420,114 25 71 100 113,32,114 65 104 4 113,25,7,7,4,2,12,29,var_0 counter_var_1 +,14,counter_var_0 var_1 +
1421,114 111 38 59 113,52,114 54 7 22 113,24,25,28,22,15,7,46,var_0 counter_var_1 +,53,counter_var_0 var_1 +
1422,114 38 35 37 113,15,114 16 30 99 113,9,16,6,6,12,7,15,var_0 counter_var_1 +,22,counter_var_0 var_1 +
1423,114 47 48 95 113,20,114 109 13 18 113,18,22,2,18,2,13,36,var_0 counter_var_1 +,24,counter_var_0 var_1 +
1424,114 28 112 13 113,41,114 33 21 49 113,28,4,13,18,20,21,46,var_0 counter_var_1 +,17,counter_var_0 var_1 +
1425,114 13 34 47 113,29,114 61 60 63 113,13,3,16,1,11,14,14,var_0 counter_var_1 +,19,counter_var_0 var_1 +
1426,114 53 69 104 113,35,114 23 42 46 113,24,23,11,15,0,19,39,var_0 counter_var_1 +,34,counter_var_0 var_1 +
1427,114 64 43 40 113,15,114 63 108 85 113,6,5,9,23,20,16,29,var_0 counter_var_1 +,14,counter_var_0 var_1 +
1428,114 33 24 35 113,8,114 1 75 8 113,4,1,4,8,1,6,12,var_0 counter_var_1 +,5,counter_var_0 var_1 +
1429,114 9 60 63 113,10,114 65 12 83 113,9,7,1,21,14,12,30,var_0 counter_var_1 +,8,counter_var_0 var_1 +
1430,114 22 69 104 113,33,114 39 31 82 113,22,10,11,20,0,8,42,var_0 counter_var_1 +,21,counter_var_0 var_1 +
1431,114 5 86 94 113,6,114 102 32 1 113,5,15,1,1,17,9,6,var_0 counter_var_1 +,16,counter_var_0 var_1 +
1432,114 20 35 37 113,26,114 101 59 30 113,20,14,6,30,12,13,50,var_0 counter_var_1 +,20,counter_var_0 var_1 +
1433,114 7 63 26 113,33,114 58 49 32 113,7,0,26,1,17,3,8,var_0 counter_var_1 +,26,counter_var_0 var_1 +
1434,114 10 8 57 113,36,114 31 61 89 113,10,2,26,27,8,15,37,var_0 counter_var_1 +,28,counter_var_0 var_1 +
1435,114 97 97 23 113,33,114 94 21 49 113,10,7,23,18,5,21,28,var_0 counter_var_1 +,30,counter_var_0 var_1 +
1436,114 33 103 61 113,34,114 65 108 85 113,4,7,30,23,11,16,27,var_0 counter_var_1 +,37,counter_var_0 var_1 +
1437,114 95 67 80 113,26,114 90 89 29 113,8,3,18,29,21,20,37,var_0 counter_var_1 +,21,counter_var_0 var_1 +
1438,114 72 3 86 113,38,114 84 3 86 113,14,26,24,24,3,3,38,var_0 counter_var_1 +,50,counter_var_0 var_1 +
1439,114 14 31 82 113,34,114 16 25 20 113,14,16,20,20,8,2,34,var_0 counter_var_1 +,36,counter_var_0 var_1 +
1440,114 18 8 57 113,44,114 73 0 38 113,18,15,26,7,8,0,25,var_0 counter_var_1 +,41,counter_var_0 var_1 +
1441,114 79 29 17 113,38,114 11 13 18 113,21,11,17,18,6,13,39,var_0 counter_var_1 +,28,counter_var_0 var_1 +
1442,114 11 42 46 113,26,114 11 92 51 113,11,11,15,20,19,0,31,var_0 counter_var_1 +,26,counter_var_0 var_1 +
1443,114 80 35 37 113,28,114 26 2 84 113,22,26,6,22,12,2,44,var_0 counter_var_1 +,32,counter_var_0 var_1 +
1444,114 46 16 21 113,38,114 63 63 26 113,17,5,21,26,16,17,43,var_0 counter_var_1 +,26,counter_var_0 var_1 +
1445,114 17 44 41 113,27,114 22 17 112 113,17,22,10,19,21,17,36,var_0 counter_var_1 +,32,counter_var_0 var_1 +
1446,114 96 60 63 113,10,114 3 69 104 113,9,3,1,11,14,0,20,var_0 counter_var_1 +,4,counter_var_0 var_1 +
1447,114 25 45 103 113,35,114 71 92 51 113,25,13,10,20,22,0,45,var_0 counter_var_1 +,23,counter_var_0 var_1 +
1448,114 52 21 49 113,41,114 109 74 91 113,23,22,18,29,21,5,52,var_0 counter_var_1 +,40,counter_var_0 var_1 +
1449,114 56 38 59 113,55,114 58 44 41 113,27,0,28,10,15,21,37,var_0 counter_var_1 +,28,counter_var_0 var_1 +
1450,114 27 71 100 113,34,114 64 34 47 113,27,6,7,16,2,11,43,var_0 counter_var_1 +,13,counter_var_0 var_1 +
1451,114 25 21 49 113,43,114 57 22 12 113,25,28,18,12,21,22,37,var_0 counter_var_1 +,46,counter_var_0 var_1 +
1452,114 103 56 5 113,21,114 74 60 63 113,16,16,5,1,10,14,17,var_0 counter_var_1 +,21,counter_var_0 var_1 +
1453,114 8 74 91 113,37,114 94 7 22 113,8,7,29,22,5,7,30,var_0 counter_var_1 +,36,counter_var_0 var_1 +
1454,114 102 62 43 113,27,114 26 45 103 113,15,26,12,10,16,22,25,var_0 counter_var_1 +,38,counter_var_0 var_1 +
1455,114 24 57 97 113,28,114 36 13 18 113,24,7,4,18,11,13,42,var_0 counter_var_1 +,11,counter_var_0 var_1 +
1456,114 99 45 103 113,22,114 39 32 1 113,12,10,10,1,22,9,13,var_0 counter_var_1 +,20,counter_var_0 var_1 +
1457,114 32 26 25 113,28,114 71 27 101 113,3,13,25,8,3,4,11,var_0 counter_var_1 +,38,counter_var_0 var_1 +
1458,114 103 50 27 113,43,114 79 32 1 113,16,21,27,1,4,9,17,var_0 counter_var_1 +,48,counter_var_0 var_1 +
1459,114 61 75 8 113,11,114 40 67 80 113,3,11,8,18,6,21,21,var_0 counter_var_1 +,19,counter_var_0 var_1 +
1460,114 103 7 22 113,38,114 23 90 102 113,16,23,22,9,7,21,25,var_0 counter_var_1 +,45,counter_var_0 var_1 +
1461,114 54 51 42 113,36,114 95 54 53 113,25,8,11,22,5,8,47,var_0 counter_var_1 +,19,counter_var_0 var_1 +
1462,114 42 96 7 113,20,114 98 54 53 113,13,11,7,22,4,8,35,var_0 counter_var_1 +,18,counter_var_0 var_1 +
1463,114 47 40 76 113,32,114 25 27 101 113,18,25,14,8,17,4,26,var_0 counter_var_1 +,39,counter_var_0 var_1 +
1464,114 93 111 79 113,23,114 69 102 45 113,6,11,17,14,19,10,20,var_0 counter_var_1 +,28,counter_var_0 var_1 +
1465,114 16 41 34 113,19,114 104 73 73 113,16,17,3,11,18,4,27,var_0 counter_var_1 +,20,counter_var_0 var_1 +
1466,114 13 17 112 113,32,114 106 104 4 113,13,19,19,4,17,12,17,var_0 counter_var_1 +,38,counter_var_0 var_1 +
1467,114 89 58 2 113,4,114 94 83 3 113,2,7,2,3,12,14,5,var_0 counter_var_1 +,9,counter_var_0 var_1 +
1468,114 76 1 0 113,18,114 35 72 81 113,18,6,0,19,1,3,37,var_0 counter_var_1 +,6,counter_var_0 var_1 +
1469,114 93 43 40 113,15,114 12 26 25 113,6,12,9,25,20,3,31,var_0 counter_var_1 +,21,counter_var_0 var_1 +
1470,114 96 112 13 113,22,114 51 36 19 113,9,22,13,19,20,13,28,var_0 counter_var_1 +,35,counter_var_0 var_1 +
1471,114 48 78 107 113,33,114 54 83 3 113,19,25,14,3,9,14,22,var_0 counter_var_1 +,39,counter_var_0 var_1 +
1472,114 102 39 36 113,20,114 59 101 39 113,15,1,5,8,16,9,23,var_0 counter_var_1 +,6,counter_var_0 var_1 +
1473,114 93 38 59 113,34,114 7 29 17 113,6,7,28,17,15,6,23,var_0 counter_var_1 +,35,counter_var_0 var_1 +
1474,114 95 18 72 113,18,114 52 4 78 113,8,23,10,16,18,4,24,var_0 counter_var_1 +,33,counter_var_0 var_1 +
1475,114 101 34 47 113,30,114 76 103 61 113,14,18,16,30,11,11,44,var_0 counter_var_1 +,34,counter_var_0 var_1 +
1476,114 75 111 79 113,34,114 85 47 93 113,17,27,17,0,19,1,17,var_0 counter_var_1 +,44,counter_var_0 var_1 +
1477,114 69 48 95 113,13,114 69 29 17 113,11,11,2,17,2,6,28,var_0 counter_var_1 +,13,counter_var_0 var_1 +
1478,114 47 88 16 113,34,114 92 68 71 113,18,5,16,9,19,22,27,var_0 counter_var_1 +,21,counter_var_0 var_1 +
1479,114 48 69 104 113,30,114 106 102 45 113,19,19,11,14,0,10,33,var_0 counter_var_1 +,30,counter_var_0 var_1 +
1480,114 95 25 20 113,28,114 12 1 0 113,8,12,20,0,2,1,8,var_0 counter_var_1 +,32,counter_var_0 var_1 +
1481,114 97 21 49 113,28,114 49 103 61 113,10,20,18,30,21,11,40,var_0 counter_var_1 +,38,counter_var_0 var_1 +
1482,114 22 91 106 113,35,114 93 32 1 113,22,6,13,1,22,9,23,var_0 counter_var_1 +,19,counter_var_0 var_1 +
1483,114 43 20 50 113,33,114 65 24 35 113,14,7,19,4,20,1,18,var_0 counter_var_1 +,26,counter_var_0 var_1 +
1484,114 10 75 8 113,18,114 28 79 58 113,10,28,8,27,6,10,37,var_0 counter_var_1 +,36,counter_var_0 var_1 +
1485,114 85 7 22 113,49,114 68 8 57 113,27,10,22,26,7,8,53,var_0 counter_var_1 +,32,counter_var_0 var_1 +
1486,114 72 90 102 113,23,114 56 35 37 113,14,27,9,6,21,12,20,var_0 counter_var_1 +,36,counter_var_0 var_1 +
1487,114 58 79 58 113,27,114 20 2 84 113,0,20,27,22,10,2,22,var_0 counter_var_1 +,47,counter_var_0 var_1 +
1488,114 88 49 32 113,2,114 75 35 37 113,1,17,1,6,3,12,7,var_0 counter_var_1 +,18,counter_var_0 var_1 +
1489,114 0 84 44 113,13,114 93 72 81 113,0,6,13,19,15,3,19,var_0 counter_var_1 +,19,counter_var_0 var_1 +
1490,114 105 51 42 113,29,114 70 9 70 113,18,12,11,8,5,9,26,var_0 counter_var_1 +,23,counter_var_0 var_1 +
1491,114 91 61 89 113,31,114 74 44 41 113,4,16,27,10,15,21,14,var_0 counter_var_1 +,43,counter_var_0 var_1 +
1492,114 57 76 54 113,51,114 70 95 109 113,28,12,23,16,7,3,44,var_0 counter_var_1 +,35,counter_var_0 var_1 +
1493,114 55 42 46 113,41,114 13 46 87 113,26,13,15,25,19,0,51,var_0 counter_var_1 +,28,counter_var_0 var_1 +
1494,114 19 20 50 113,38,114 54 15 62 113,19,25,19,0,20,15,19,var_0 counter_var_1 +,44,counter_var_0 var_1 +
1495,114 21 31 82 113,41,114 7 56 5 113,21,7,20,5,8,10,26,var_0 counter_var_1 +,27,counter_var_0 var_1 +
1496,114 70 17 112 113,31,114 85 2 84 113,12,27,19,22,17,2,34,var_0 counter_var_1 +,46,counter_var_0 var_1 +
1497,114 39 5 24 113,34,114 112 70 77 113,10,25,24,15,5,1,25,var_0 counter_var_1 +,49,counter_var_0 var_1 +
1498,114 52 68 71 113,32,114 81 93 105 113,23,23,9,12,22,1,35,var_0 counter_var_1 +,32,counter_var_0 var_1 +
1499,114 18 69 104 113,29,114 79 24 35 113,18,21,11,4,0,1,22,var_0 counter_var_1 +,32,counter_var_0 var_1 +
1500,114 38 29 17 113,26,114 34 102 45 113,9,5,17,14,6,10,23,var_0 counter_var_1 +,22,counter_var_0 var_1 +
1501,114 65 94 96 113,10,114 28 23 98 113,7,28,3,5,2,0,12,var_0 counter_var_1 +,31,counter_var_0 var_1 +
1502,114 95 56 5 113,13,114 96 56 5 113,8,9,5,5,10,10,13,var_0 counter_var_1 +,14,counter_var_0 var_1 +
1503,114 70 39 36 113,17,114 36 70 77 113,12,7,5,15,16,1,27,var_0 counter_var_1 +,12,counter_var_0 var_1 +
1504,114 27 19 15 113,42,114 46 54 53 113,27,17,15,22,19,8,49,var_0 counter_var_1 +,32,counter_var_0 var_1 +
1505,114 91 35 37 113,10,114 30 94 96 113,4,1,6,3,12,2,7,var_0 counter_var_1 +,7,counter_var_0 var_1 +
1506,114 111 58 2 113,26,114 9 92 51 113,24,9,2,20,12,0,44,var_0 counter_var_1 +,11,counter_var_0 var_1 +
1507,114 41 17 112 113,31,114 46 10 11 113,12,17,19,11,17,10,23,var_0 counter_var_1 +,36,counter_var_0 var_1 +
1508,114 14 7 22 113,36,114 108 99 92 113,14,21,22,30,7,7,44,var_0 counter_var_1 +,43,counter_var_0 var_1 +
1509,114 35 0 38 113,13,114 76 47 93 113,6,18,7,0,0,1,6,var_0 counter_var_1 +,25,counter_var_0 var_1 +
1510,114 74 97 23 113,39,114 9 18 72 113,16,9,23,10,5,18,26,var_0 counter_var_1 +,32,counter_var_0 var_1 +
1511,114 85 62 43 113,39,114 41 29 17 113,27,12,12,17,16,6,44,var_0 counter_var_1 +,24,counter_var_0 var_1 +
1512,114 79 21 49 113,39,114 39 88 16 113,21,10,18,16,21,19,37,var_0 counter_var_1 +,28,counter_var_0 var_1 +
1513,114 41 64 66 113,16,114 48 6 64 113,12,19,4,2,18,6,14,var_0 counter_var_1 +,23,counter_var_0 var_1 +
1514,114 83 89 29 113,54,114 41 105 111 113,25,12,29,18,20,13,43,var_0 counter_var_1 +,41,counter_var_0 var_1 +
1515,114 91 40 76 113,18,114 81 24 35 113,4,23,14,4,17,1,8,var_0 counter_var_1 +,37,counter_var_0 var_1 +
1516,114 57 55 10 113,38,114 6 83 3 113,28,6,10,3,9,14,31,var_0 counter_var_1 +,16,counter_var_0 var_1 +
1517,114 13 1 0 113,13,114 74 99 92 113,13,16,0,30,1,7,43,var_0 counter_var_1 +,16,counter_var_0 var_1 +
1518,114 5 35 37 113,11,114 107 91 106 113,5,20,6,13,12,22,18,var_0 counter_var_1 +,26,counter_var_0 var_1 +
1519,114 101 110 108 113,29,114 6 84 44 113,14,6,15,13,18,15,27,var_0 counter_var_1 +,21,counter_var_0 var_1 +
1520,114 31 103 61 113,32,114 49 36 19 113,2,20,30,19,11,13,21,var_0 counter_var_1 +,50,counter_var_0 var_1 +
1521,114 29 29 17 113,17,114 112 3 86 113,0,25,17,24,6,3,24,var_0 counter_var_1 +,42,counter_var_0 var_1 +
1522,114 48 48 95 113,21,114 3 104 4 113,19,3,2,4,2,12,23,var_0 counter_var_1 +,5,counter_var_0 var_1 +
1523,114 109 54 53 113,44,114 50 57 97 113,22,21,22,4,8,11,26,var_0 counter_var_1 +,43,counter_var_0 var_1 +
1524,114 69 23 98 113,16,114 100 29 17 113,11,13,5,17,0,6,28,var_0 counter_var_1 +,18,counter_var_0 var_1 +
1525,114 8 44 41 113,18,114 108 23 98 113,8,21,10,5,21,0,13,var_0 counter_var_1 +,31,counter_var_0 var_1 +
1526,114 92 39 36 113,10,114 64 36 19 113,5,6,5,19,16,13,24,var_0 counter_var_1 +,11,counter_var_0 var_1 +
1527,114 26 7 22 113,48,114 106 100 75 113,26,19,22,13,7,8,39,var_0 counter_var_1 +,41,counter_var_0 var_1 +
1528,114 70 16 21 113,33,114 91 109 65 113,12,4,21,3,16,17,15,var_0 counter_var_1 +,25,counter_var_0 var_1 +
1529,114 110 102 45 113,37,114 97 102 45 113,23,10,14,14,10,10,37,var_0 counter_var_1 +,24,counter_var_0 var_1 +
1530,114 32 109 65 113,6,114 67 106 56 113,3,9,3,25,17,14,28,var_0 counter_var_1 +,12,counter_var_0 var_1 +
1531,114 87 106 56 113,25,114 13 15 62 113,0,13,25,0,14,15,0,var_0 counter_var_1 +,38,counter_var_0 var_1 +
1532,114 16 22 12 113,28,114 60 19 15 113,16,2,12,15,22,19,31,var_0 counter_var_1 +,14,counter_var_0 var_1 +
1533,114 89 110 108 113,17,114 16 101 39 113,2,16,15,8,18,9,10,var_0 counter_var_1 +,31,counter_var_0 var_1 +
1534,114 97 98 74 113,22,114 60 61 89 113,10,2,12,27,6,15,37,var_0 counter_var_1 +,14,counter_var_0 var_1 +
1535,114 44 45 103 113,25,114 15 66 88 113,15,15,10,26,22,20,41,var_0 counter_var_1 +,25,counter_var_0 var_1 +
1536,114 13 8 57 113,39,114 39 17 112 113,13,10,26,19,8,17,32,var_0 counter_var_1 +,36,counter_var_0 var_1 +
1537,114 66 92 51 113,28,114 94 54 53 113,8,7,20,22,0,8,30,var_0 counter_var_1 +,27,counter_var_0 var_1 +
1538,114 110 54 53 113,45,114 65 111 79 113,23,7,22,17,8,19,40,var_0 counter_var_1 +,29,counter_var_0 var_1 +
1539,114 108 27 101 113,29,114 76 97 23 113,21,18,8,23,4,5,44,var_0 counter_var_1 +,26,counter_var_0 var_1 +
1540,114 57 29 17 113,45,114 97 65 67 113,28,10,17,5,6,19,33,var_0 counter_var_1 +,27,counter_var_0 var_1 +
1541,114 112 103 61 113,55,114 40 40 76 113,25,11,30,14,11,17,39,var_0 counter_var_1 +,41,counter_var_0 var_1 +
1542,114 84 37 110 113,43,114 80 15 62 113,26,22,17,0,14,15,26,var_0 counter_var_1 +,39,counter_var_0 var_1 +
1543,114 4 75 8 113,12,114 87 84 44 113,4,0,8,13,6,15,17,var_0 counter_var_1 +,8,counter_var_0 var_1 +
1544,114 98 44 41 113,21,114 111 57 97 113,11,24,10,4,21,11,15,var_0 counter_var_1 +,34,counter_var_0 var_1 +
1545,114 40 46 87 113,36,114 49 59 30 113,11,20,25,30,0,13,41,var_0 counter_var_1 +,45,counter_var_0 var_1 +
1546,114 62 20 50 113,23,114 84 15 62 113,4,26,19,0,20,15,4,var_0 counter_var_1 +,45,counter_var_0 var_1 +
1547,114 60 91 106 113,15,114 19 1 0 113,2,19,13,0,22,1,2,var_0 counter_var_1 +,32,counter_var_0 var_1 +
1548,114 86 94 96 113,31,114 19 70 77 113,28,19,3,15,2,1,43,var_0 counter_var_1 +,22,counter_var_0 var_1 +
1549,114 80 5 24 113,46,114 45 19 15 113,22,16,24,15,5,19,37,var_0 counter_var_1 +,40,counter_var_0 var_1 +
1550,114 37 68 71 113,17,114 2 56 5 113,8,2,9,5,22,10,13,var_0 counter_var_1 +,11,counter_var_0 var_1 +
1551,114 12 57 97 113,16,114 101 51 42 113,12,14,4,11,11,5,23,var_0 counter_var_1 +,18,counter_var_0 var_1 +
1552,114 62 48 95 113,6,114 47 75 8 113,4,18,2,8,2,6,12,var_0 counter_var_1 +,20,counter_var_0 var_1 +
1553,114 4 21 49 113,22,114 65 62 43 113,4,7,18,12,21,16,16,var_0 counter_var_1 +,25,counter_var_0 var_1 +
1554,114 28 24 35 113,32,114 66 104 4 113,28,8,4,4,1,12,32,var_0 counter_var_1 +,12,counter_var_0 var_1 +
1555,114 82 54 53 113,46,114 97 107 28 113,24,10,22,28,8,15,52,var_0 counter_var_1 +,32,counter_var_0 var_1 +
1556,114 55 100 75 113,39,114 19 11 6 113,26,19,13,6,8,11,32,var_0 counter_var_1 +,32,counter_var_0 var_1 +
1557,114 28 21 49 113,46,114 9 96 7 113,28,9,18,7,21,4,35,var_0 counter_var_1 +,27,counter_var_0 var_1 +
1558,114 82 16 21 113,45,114 1 18 72 113,24,1,21,10,16,18,34,var_0 counter_var_1 +,22,counter_var_0 var_1 +
1559,114 110 58 2 113,25,114 3 84 44 113,23,3,2,13,12,15,36,var_0 counter_var_1 +,5,counter_var_0 var_1 +
1560,114 19 81 52 113,40,114 21 48 95 113,19,21,21,2,12,2,21,var_0 counter_var_1 +,42,counter_var_0 var_1 +
1561,114 42 60 63 113,14,114 14 39 36 113,13,14,1,5,14,16,18,var_0 counter_var_1 +,15,counter_var_0 var_1 +
1562,114 63 97 23 113,28,114 36 35 37 113,5,7,23,6,5,12,11,var_0 counter_var_1 +,30,counter_var_0 var_1 +
1563,114 55 106 56 113,51,114 41 26 25 113,26,12,25,25,14,3,51,var_0 counter_var_1 +,37,counter_var_0 var_1 +
1564,114 86 57 97 113,32,114 79 34 47 113,28,21,4,16,11,11,44,var_0 counter_var_1 +,25,counter_var_0 var_1 +
1565,114 81 81 52 113,44,114 104 33 14 113,23,17,21,14,12,10,37,var_0 counter_var_1 +,38,counter_var_0 var_1 +
1566,114 103 86 94 113,17,114 65 102 45 113,16,7,1,14,17,10,30,var_0 counter_var_1 +,8,counter_var_0 var_1 +
1567,114 87 104 4 113,4,114 25 48 95 113,0,25,4,2,12,2,2,var_0 counter_var_1 +,29,counter_var_0 var_1 +
1568,114 104 94 96 113,20,114 71 77 69 113,17,13,3,7,2,8,24,var_0 counter_var_1 +,16,counter_var_0 var_1 +
1569,114 34 84 44 113,18,114 64 70 77 113,5,6,13,15,15,1,20,var_0 counter_var_1 +,19,counter_var_0 var_1 +
1570,114 35 69 104 113,17,114 32 91 106 113,6,3,11,13,0,22,19,var_0 counter_var_1 +,14,counter_var_0 var_1 +
1571,114 31 84 44 113,15,114 0 76 54 113,2,0,13,23,15,7,25,var_0 counter_var_1 +,13,counter_var_0 var_1 +
1572,114 62 63 26 113,30,114 66 32 1 113,4,8,26,1,17,9,5,var_0 counter_var_1 +,34,counter_var_0 var_1 +
1573,114 99 3 86 113,36,114 35 105 111 113,12,6,24,18,3,13,30,var_0 counter_var_1 +,30,counter_var_0 var_1 +
1574,114 22 2 84 113,44,114 102 97 23 113,22,15,22,23,2,5,45,var_0 counter_var_1 +,37,counter_var_0 var_1 +
1575,114 9 91 106 113,22,114 82 104 4 113,9,24,13,4,22,12,13,var_0 counter_var_1 +,37,counter_var_0 var_1 +
1576,114 73 98 74 113,27,114 82 65 67 113,15,24,12,5,6,19,20,var_0 counter_var_1 +,36,counter_var_0 var_1 +
1577,114 22 81 52 113,43,114 7 110 108 113,22,7,21,15,12,18,37,var_0 counter_var_1 +,28,counter_var_0 var_1 +
1578,114 31 49 32 113,3,114 48 63 26 113,2,19,1,26,3,17,28,var_0 counter_var_1 +,20,counter_var_0 var_1 +
1579,114 45 79 58 113,43,114 42 59 30 113,16,13,27,30,10,13,46,var_0 counter_var_1 +,40,counter_var_0 var_1 +
1580,114 72 92 51 113,34,114 97 29 17 113,14,10,20,17,0,6,31,var_0 counter_var_1 +,30,counter_var_0 var_1 +
1581,114 24 39 36 113,29,114 93 49 32 113,24,6,5,1,16,3,25,var_0 counter_var_1 +,11,counter_var_0 var_1 +
1582,114 56 27 101 113,35,114 29 23 98 113,27,0,8,5,4,0,32,var_0 counter_var_1 +,8,counter_var_0 var_1 +
1583,114 28 64 66 113,32,114 45 91 106 113,28,16,4,13,18,22,41,var_0 counter_var_1 +,20,counter_var_0 var_1 +
1584,114 24 58 2 113,26,114 72 90 102 113,24,14,2,9,12,21,33,var_0 counter_var_1 +,16,counter_var_0 var_1 +
1585,114 72 18 72 113,24,114 13 111 79 113,14,13,10,17,18,19,31,var_0 counter_var_1 +,23,counter_var_0 var_1 +
1586,114 51 2 84 113,44,114 39 15 62 113,22,10,22,0,2,15,22,var_0 counter_var_1 +,32,counter_var_0 var_1 +
1587,114 65 28 55 113,31,114 68 17 112 113,7,10,24,19,5,17,26,var_0 counter_var_1 +,34,counter_var_0 var_1 +
1588,114 49 26 25 113,45,114 33 94 96 113,20,4,25,3,3,2,23,var_0 counter_var_1 +,29,counter_var_0 var_1 +
1589,114 88 50 27 113,28,114 74 93 105 113,1,16,27,12,4,1,13,var_0 counter_var_1 +,43,counter_var_0 var_1 +
1590,114 11 49 32 113,12,114 18 20 50 113,11,18,1,19,3,20,30,var_0 counter_var_1 +,19,counter_var_0 var_1 +
1591,114 70 84 44 113,25,114 59 53 68 113,12,1,13,6,15,7,18,var_0 counter_var_1 +,14,counter_var_0 var_1 +
1592,114 17 86 94 113,18,114 69 95 109 113,17,11,1,16,17,3,33,var_0 counter_var_1 +,12,counter_var_0 var_1 +
1593,114 2 60 63 113,3,114 110 63 26 113,2,23,1,26,14,17,28,var_0 counter_var_1 +,24,counter_var_0 var_1 +
1594,114 33 52 9 113,13,114 25 26 25 113,4,25,9,25,6,3,29,var_0 counter_var_1 +,34,counter_var_0 var_1 +
1595,114 45 99 92 113,46,114 17 14 33 113,16,17,30,2,7,14,18,var_0 counter_var_1 +,47,counter_var_0 var_1 +
1596,114 108 95 109 113,37,114 40 20 50 113,21,11,16,19,3,20,40,var_0 counter_var_1 +,27,counter_var_0 var_1 +
1597,114 37 78 107 113,22,114 36 62 43 113,8,7,14,12,9,16,20,var_0 counter_var_1 +,21,counter_var_0 var_1 +
1598,114 32 65 67 113,8,114 30 45 103 113,3,1,5,10,19,22,13,var_0 counter_var_1 +,6,counter_var_0 var_1 +
1599,114 46 86 94 113,18,114 112 89 29 113,17,25,1,29,17,20,46,var_0 counter_var_1 +,26,counter_var_0 var_1 +
1600,114 31 15 62 113,2,114 62 109 65 113,2,4,0,3,15,17,5,var_0 counter_var_1 +,4,counter_var_0 var_1 +
1601,114 62 0 38 113,11,114 107 60 63 113,4,20,7,1,0,14,5,var_0 counter_var_1 +,27,counter_var_0 var_1 +
1602,114 9 99 92 113,39,114 33 71 100 113,9,4,30,7,7,2,16,var_0 counter_var_1 +,34,counter_var_0 var_1 +
1603,114 73 11 6 113,21,114 106 39 36 113,15,19,6,5,11,16,20,var_0 counter_var_1 +,25,counter_var_0 var_1 +
1604,114 104 3 86 113,41,114 11 85 31 113,17,11,24,0,3,16,17,var_0 counter_var_1 +,35,counter_var_0 var_1 +
1605,114 1 48 95 113,3,114 108 45 103 113,1,21,2,10,2,22,11,var_0 counter_var_1 +,23,counter_var_0 var_1 +
1606,114 38 98 74 113,21,114 56 104 4 113,9,27,12,4,6,12,13,var_0 counter_var_1 +,39,counter_var_0 var_1 +
1607,114 34 9 70 113,13,114 66 26 25 113,5,8,8,25,9,3,30,var_0 counter_var_1 +,16,counter_var_0 var_1 +
1608,114 73 93 105 113,27,114 58 111 79 113,15,0,12,17,1,19,32,var_0 counter_var_1 +,12,counter_var_0 var_1 +
1609,114 63 75 8 113,13,114 31 65 67 113,5,2,8,5,6,19,10,var_0 counter_var_1 +,10,counter_var_0 var_1 +
1610,114 59 62 43 113,13,114 67 42 46 113,1,9,12,15,16,19,16,var_0 counter_var_1 +,21,counter_var_0 var_1 +
1611,114 14 75 8 113,22,114 11 20 50 113,14,11,8,19,6,20,33,var_0 counter_var_1 +,19,counter_var_0 var_1 +
1612,114 29 78 107 113,14,114 23 61 89 113,0,23,14,27,9,15,27,var_0 counter_var_1 +,37,counter_var_0 var_1 +
1613,114 69 79 58 113,38,114 34 93 105 113,11,5,27,12,10,1,23,var_0 counter_var_1 +,32,counter_var_0 var_1 +
1614,114 17 30 99 113,23,114 34 23 98 113,17,5,6,5,7,0,22,var_0 counter_var_1 +,11,counter_var_0 var_1 +
1615,114 85 93 105 113,39,114 108 101 39 113,27,21,12,8,1,9,35,var_0 counter_var_1 +,33,counter_var_0 var_1 +
1616,114 55 20 50 113,45,114 106 99 92 113,26,19,19,30,20,7,56,var_0 counter_var_1 +,38,counter_var_0 var_1 +
1617,114 40 3 86 113,35,114 35 77 69 113,11,6,24,7,3,8,18,var_0 counter_var_1 +,30,counter_var_0 var_1 +
1618,114 68 11 6 113,16,114 59 73 73 113,10,1,6,11,11,4,21,var_0 counter_var_1 +,7,counter_var_0 var_1 +
1619,114 54 32 1 113,26,114 10 17 112 113,25,10,1,19,9,17,44,var_0 counter_var_1 +,11,counter_var_0 var_1 +
1620,114 20 43 40 113,29,114 72 10 11 113,20,14,9,11,20,10,31,var_0 counter_var_1 +,23,counter_var_0 var_1 +
1621,114 24 78 107 113,38,114 11 6 64 113,24,11,14,2,9,6,26,var_0 counter_var_1 +,25,counter_var_0 var_1 +
1622,114 102 18 72 113,25,114 19 85 31 113,15,19,10,0,18,16,15,var_0 counter_var_1 +,29,counter_var_0 var_1 +
1623,114 59 94 96 113,4,114 18 111 79 113,1,18,3,17,2,19,18,var_0 counter_var_1 +,21,counter_var_0 var_1 +
1624,114 103 26 25 113,41,114 40 63 26 113,16,11,25,26,3,17,42,var_0 counter_var_1 +,36,counter_var_0 var_1 +
1625,114 71 49 32 113,14,114 60 74 91 113,13,2,1,29,3,5,42,var_0 counter_var_1 +,3,counter_var_0 var_1 +
1626,114 102 74 91 113,44,114 2 44 41 113,15,2,29,10,5,21,25,var_0 counter_var_1 +,31,counter_var_0 var_1 +
1627,114 5 30 99 113,11,114 11 106 56 113,5,11,6,25,7,14,30,var_0 counter_var_1 +,17,counter_var_0 var_1 +
1628,114 59 70 77 113,16,114 38 84 44 113,1,9,15,13,1,15,14,var_0 counter_var_1 +,24,counter_var_0 var_1 +
1629,114 62 89 29 113,33,114 45 25 20 113,4,16,29,20,20,2,24,var_0 counter_var_1 +,45,counter_var_0 var_1 +
1630,114 88 23 98 113,6,114 0 55 10 113,1,0,5,10,0,9,11,var_0 counter_var_1 +,5,counter_var_0 var_1 +
1631,114 105 94 96 113,21,114 65 27 101 113,18,7,3,8,2,4,26,var_0 counter_var_1 +,10,counter_var_0 var_1 +
1632,114 16 88 16 113,32,114 37 62 43 113,16,8,16,12,19,16,28,var_0 counter_var_1 +,24,counter_var_0 var_1 +
1633,114 34 111 79 113,22,114 88 85 31 113,5,1,17,0,19,16,5,var_0 counter_var_1 +,18,counter_var_0 var_1 +
1634,114 102 98 74 113,27,114 43 44 41 113,15,14,12,10,6,21,25,var_0 counter_var_1 +,26,counter_var_0 var_1 +
1635,114 25 99 92 113,55,114 30 31 82 113,25,1,30,20,7,8,45,var_0 counter_var_1 +,31,counter_var_0 var_1 +
1636,114 30 77 69 113,8,114 65 59 30 113,1,7,7,30,8,13,31,var_0 counter_var_1 +,14,counter_var_0 var_1 +
1637,114 103 10 11 113,27,114 84 14 33 113,16,26,11,2,10,14,18,var_0 counter_var_1 +,37,counter_var_0 var_1 +
1638,114 45 59 30 113,46,114 24 11 6 113,16,24,30,6,13,11,22,var_0 counter_var_1 +,54,counter_var_0 var_1 +
1639,114 90 91 106 113,16,114 42 30 99 113,3,13,13,6,22,7,9,var_0 counter_var_1 +,26,counter_var_0 var_1 +
1640,114 98 94 96 113,14,114 84 69 104 113,11,26,3,11,2,0,22,var_0 counter_var_1 +,29,counter_var_0 var_1 +
1641,114 67 94 96 113,12,114 108 38 59 113,9,21,3,28,2,15,37,var_0 counter_var_1 +,24,counter_var_0 var_1 +
1642,114 6 61 89 113,33,114 43 21 49 113,6,14,27,18,15,21,24,var_0 counter_var_1 +,41,counter_var_0 var_1 +
1643,114 88 29 17 113,18,114 92 59 30 113,1,5,17,30,6,13,31,var_0 counter_var_1 +,22,counter_var_0 var_1 +
1644,114 40 108 85 113,34,114 62 36 19 113,11,4,23,19,16,13,30,var_0 counter_var_1 +,27,counter_var_0 var_1 +
1645,114 71 29 17 113,30,114 93 4 78 113,13,6,17,16,6,4,29,var_0 counter_var_1 +,23,counter_var_0 var_1 +
1646,114 30 96 7 113,8,114 56 58 2 113,1,27,7,2,4,12,3,var_0 counter_var_1 +,34,counter_var_0 var_1 +
1647,114 18 47 93 113,18,114 98 46 87 113,18,11,0,25,1,0,43,var_0 counter_var_1 +,11,counter_var_0 var_1 +
1648,114 5 56 5 113,10,114 108 16 21 113,5,21,5,21,10,16,26,var_0 counter_var_1 +,26,counter_var_0 var_1 +
1649,114 17 97 23 113,40,114 53 27 101 113,17,24,23,8,5,4,25,var_0 counter_var_1 +,47,counter_var_0 var_1 +
1650,114 92 98 74 113,17,114 30 35 37 113,5,1,12,6,6,12,11,var_0 counter_var_1 +,13,counter_var_0 var_1 +
1651,114 18 66 88 113,44,114 62 59 30 113,18,4,26,30,20,13,48,var_0 counter_var_1 +,30,counter_var_0 var_1 +
1652,114 66 9 70 113,16,114 0 70 77 113,8,0,8,15,9,1,23,var_0 counter_var_1 +,8,counter_var_0 var_1 +
1653,114 58 103 61 113,30,114 21 32 1 113,0,21,30,1,11,9,1,var_0 counter_var_1 +,51,counter_var_0 var_1 +
1654,114 33 77 69 113,11,114 92 110 108 113,4,5,7,15,8,18,19,var_0 counter_var_1 +,12,counter_var_0 var_1 +
1655,114 3 27 101 113,11,114 20 34 47 113,3,20,8,16,4,11,19,var_0 counter_var_1 +,28,counter_var_0 var_1 +
1656,114 71 108 85 113,36,114 105 4 78 113,13,18,23,16,16,4,29,var_0 counter_var_1 +,41,counter_var_0 var_1 +
1657,114 8 28 55 113,32,114 109 79 58 113,8,22,24,27,5,10,35,var_0 counter_var_1 +,46,counter_var_0 var_1 +
1658,114 67 53 68 113,15,114 62 8 57 113,9,4,6,26,7,8,35,var_0 counter_var_1 +,10,counter_var_0 var_1 +
1659,114 61 82 90 113,31,114 41 74 91 113,3,12,28,29,13,5,32,var_0 counter_var_1 +,40,counter_var_0 var_1 +
1660,114 26 34 47 113,42,114 71 22 12 113,26,13,16,12,11,22,38,var_0 counter_var_1 +,29,counter_var_0 var_1 +
1661,114 6 42 46 113,21,114 8 63 26 113,6,8,15,26,19,17,32,var_0 counter_var_1 +,23,counter_var_0 var_1 +
1662,114 95 48 95 113,10,114 80 29 17 113,8,22,2,17,2,6,25,var_0 counter_var_1 +,24,counter_var_0 var_1 +
1663,114 0 49 32 113,1,114 84 58 2 113,0,26,1,2,3,12,2,var_0 counter_var_1 +,27,counter_var_0 var_1 +
1664,114 91 76 54 113,27,114 71 98 74 113,4,13,23,12,7,6,16,var_0 counter_var_1 +,36,counter_var_0 var_1 +
1665,114 82 11 6 113,30,114 103 30 99 113,24,16,6,6,11,7,30,var_0 counter_var_1 +,22,counter_var_0 var_1 +
1666,114 60 105 111 113,20,114 56 49 32 113,2,27,18,1,13,3,3,var_0 counter_var_1 +,45,counter_var_0 var_1 +
1667,114 25 10 11 113,36,114 103 8 57 113,25,16,11,26,10,8,51,var_0 counter_var_1 +,27,counter_var_0 var_1 +
1668,114 6 14 33 113,8,114 0 91 106 113,6,0,2,13,14,22,19,var_0 counter_var_1 +,2,counter_var_0 var_1 +
1669,114 62 31 82 113,24,114 93 50 27 113,4,6,20,27,8,4,31,var_0 counter_var_1 +,26,counter_var_0 var_1 +
1670,114 50 91 106 113,34,114 102 19 15 113,21,15,13,15,22,19,36,var_0 counter_var_1 +,28,counter_var_0 var_1 +
1671,114 86 5 24 113,52,114 2 61 89 113,28,2,24,27,5,15,55,var_0 counter_var_1 +,26,counter_var_0 var_1 +
1672,114 112 17 112 113,44,114 62 110 108 113,25,4,19,15,17,18,40,var_0 counter_var_1 +,23,counter_var_0 var_1 +
1673,114 14 15 62 113,14,114 84 0 38 113,14,26,0,7,15,0,21,var_0 counter_var_1 +,26,counter_var_0 var_1 +
1674,114 6 110 108 113,21,114 20 103 61 113,6,20,15,30,18,11,36,var_0 counter_var_1 +,35,counter_var_0 var_1 +
1675,114 22 110 108 113,37,114 64 22 12 113,22,6,15,12,18,22,34,var_0 counter_var_1 +,21,counter_var_0 var_1 +
1676,114 62 34 47 113,20,114 3 90 102 113,4,3,16,9,11,21,13,var_0 counter_var_1 +,19,counter_var_0 var_1 +
1677,114 51 85 31 113,22,114 96 104 4 113,22,9,0,4,16,12,26,var_0 counter_var_1 +,9,counter_var_0 var_1 +
1678,114 67 4 78 113,25,114 61 35 37 113,9,3,16,6,4,12,15,var_0 counter_var_1 +,19,counter_var_0 var_1 +
1679,114 98 11 6 113,17,114 45 57 97 113,11,16,6,4,11,11,15,var_0 counter_var_1 +,22,counter_var_0 var_1 +
1680,114 64 46 87 113,31,114 16 105 111 113,6,16,25,18,0,13,24,var_0 counter_var_1 +,41,counter_var_0 var_1 +
1681,114 63 66 88 113,31,114 43 93 105 113,5,14,26,12,20,1,17,var_0 counter_var_1 +,40,counter_var_0 var_1 +
1682,114 34 76 54 113,28,114 74 104 4 113,5,16,23,4,7,12,9,var_0 counter_var_1 +,39,counter_var_0 var_1 +
1683,114 37 103 61 113,38,114 78 106 56 113,8,20,30,25,11,14,33,var_0 counter_var_1 +,50,counter_var_0 var_1 +
1684,114 0 53 68 113,6,114 23 108 85 113,0,23,6,23,7,16,23,var_0 counter_var_1 +,29,counter_var_0 var_1 +
1685,114 112 3 86 113,49,114 31 9 70 113,25,2,24,8,3,9,33,var_0 counter_var_1 +,26,counter_var_0 var_1 +
1686,114 27 14 33 113,29,114 34 112 13 113,27,5,2,13,14,20,40,var_0 counter_var_1 +,7,counter_var_0 var_1 +
1687,114 3 111 79 113,20,114 5 84 44 113,3,5,17,13,19,15,16,var_0 counter_var_1 +,22,counter_var_0 var_1 +
1688,114 5 107 28 113,33,114 21 52 9 113,5,21,28,9,15,6,14,var_0 counter_var_1 +,49,counter_var_0 var_1 +
1689,114 29 4 78 113,16,114 69 5 24 113,0,11,16,24,4,5,24,var_0 counter_var_1 +,27,counter_var_0 var_1 +
1690,114 97 84 44 113,23,114 58 85 31 113,10,0,13,0,15,16,10,var_0 counter_var_1 +,13,counter_var_0 var_1 +
1691,114 87 2 84 113,22,114 43 48 95 113,0,14,22,2,2,2,2,var_0 counter_var_1 +,36,counter_var_0 var_1 +
1692,114 47 81 52 113,39,114 86 52 9 113,18,28,21,9,12,6,27,var_0 counter_var_1 +,49,counter_var_0 var_1 +
1693,114 95 105 111 113,26,114 112 30 99 113,8,25,18,6,13,7,14,var_0 counter_var_1 +,43,counter_var_0 var_1 +
1694,114 92 89 29 113,34,114 39 41 34 113,5,10,29,3,20,18,8,var_0 counter_var_1 +,39,counter_var_0 var_1 +
1695,114 0 45 103 113,10,114 50 14 33 113,0,21,10,2,22,14,2,var_0 counter_var_1 +,31,counter_var_0 var_1 +
1696,114 50 23 98 113,26,114 53 93 105 113,21,24,5,12,0,1,33,var_0 counter_var_1 +,29,counter_var_0 var_1 +
1697,114 88 43 40 113,10,114 48 89 29 113,1,19,9,29,20,20,30,var_0 counter_var_1 +,28,counter_var_0 var_1 +
1698,114 23 39 36 113,28,114 77 52 9 113,23,19,5,9,16,6,32,var_0 counter_var_1 +,24,counter_var_0 var_1 +
1699,114 100 72 81 113,32,114 35 22 12 113,13,6,19,12,3,22,25,var_0 counter_var_1 +,25,counter_var_0 var_1 +
1700,114 4 56 5 113,9,114 68 80 48 113,4,10,5,17,10,11,21,var_0 counter_var_1 +,15,counter_var_0 var_1 +
1701,114 108 109 65 113,24,114 56 102 45 113,21,27,3,14,17,10,35,var_0 counter_var_1 +,30,counter_var_0 var_1 +
1702,114 48 86 94 113,20,114 4 65 67 113,19,4,1,5,17,19,24,var_0 counter_var_1 +,5,counter_var_0 var_1 +
1703,114 98 96 7 113,18,114 8 81 52 113,11,8,7,21,4,12,32,var_0 counter_var_1 +,15,counter_var_0 var_1 +
1704,114 84 51 42 113,37,114 1 94 96 113,26,1,11,3,5,2,29,var_0 counter_var_1 +,12,counter_var_0 var_1 +
1705,114 14 47 93 113,14,114 54 23 98 113,14,25,0,5,1,0,19,var_0 counter_var_1 +,25,counter_var_0 var_1 +
1706,114 77 70 77 113,34,114 96 2 84 113,19,9,15,22,1,2,41,var_0 counter_var_1 +,24,counter_var_0 var_1 +
1707,114 41 15 62 113,12,114 112 74 91 113,12,25,0,29,15,5,41,var_0 counter_var_1 +,25,counter_var_0 var_1 +
1708,114 89 65 67 113,7,114 82 35 37 113,2,24,5,6,19,12,8,var_0 counter_var_1 +,29,counter_var_0 var_1 +
1709,114 87 25 20 113,20,114 3 7 22 113,0,3,20,22,2,7,22,var_0 counter_var_1 +,23,counter_var_0 var_1 +
1710,114 105 28 55 113,42,114 44 0 38 113,18,15,24,7,5,0,25,var_0 counter_var_1 +,39,counter_var_0 var_1 +
1711,114 28 69 104 113,39,114 35 38 59 113,28,6,11,28,0,15,56,var_0 counter_var_1 +,17,counter_var_0 var_1 +
1712,114 73 75 8 113,23,114 68 79 58 113,15,10,8,27,6,10,42,var_0 counter_var_1 +,18,counter_var_0 var_1 +
1713,114 68 3 86 113,34,114 69 47 93 113,10,11,24,0,3,1,10,var_0 counter_var_1 +,35,counter_var_0 var_1 +
1714,114 93 79 58 113,33,114 2 87 60 113,6,2,27,29,10,18,35,var_0 counter_var_1 +,29,counter_var_0 var_1 +
1715,114 28 8 57 113,54,114 88 28 55 113,28,1,26,24,8,5,52,var_0 counter_var_1 +,27,counter_var_0 var_1 +
1716,114 48 60 63 113,20,114 44 11 6 113,19,15,1,6,14,11,25,var_0 counter_var_1 +,16,counter_var_0 var_1 +
1717,114 89 90 102 113,11,114 26 79 58 113,2,26,9,27,21,10,29,var_0 counter_var_1 +,35,counter_var_0 var_1 +
1718,114 23 60 63 113,24,114 88 79 58 113,23,1,1,27,14,10,50,var_0 counter_var_1 +,2,counter_var_0 var_1 +
1719,114 27 87 60 113,56,114 59 102 45 113,27,1,29,14,18,10,41,var_0 counter_var_1 +,30,counter_var_0 var_1 +
1720,114 24 93 105 113,36,114 78 70 77 113,24,20,12,15,1,1,39,var_0 counter_var_1 +,32,counter_var_0 var_1 +
1721,114 16 48 95 113,18,114 85 83 3 113,16,27,2,3,2,14,19,var_0 counter_var_1 +,29,counter_var_0 var_1 +
1722,114 12 49 32 113,13,114 7 87 60 113,12,7,1,29,3,18,41,var_0 counter_var_1 +,8,counter_var_0 var_1 +
1723,114 92 55 10 113,15,114 79 40 76 113,5,21,10,14,9,17,19,var_0 counter_var_1 +,31,counter_var_0 var_1 +
1724,114 111 99 92 113,54,114 0 41 34 113,24,0,30,3,7,18,27,var_0 counter_var_1 +,30,counter_var_0 var_1 +
1725,114 83 78 107 113,39,114 111 18 72 113,25,24,14,10,9,18,35,var_0 counter_var_1 +,38,counter_var_0 var_1 +
1726,114 8 51 42 113,19,114 67 24 35 113,8,9,11,4,5,1,12,var_0 counter_var_1 +,20,counter_var_0 var_1 +
1727,114 14 82 90 113,42,114 32 29 17 113,14,3,28,17,13,6,31,var_0 counter_var_1 +,31,counter_var_0 var_1 +
1728,114 107 16 21 113,41,114 111 82 90 113,20,24,21,28,16,13,48,var_0 counter_var_1 +,45,counter_var_0 var_1 +
1729,114 96 59 30 113,39,114 43 3 86 113,9,14,30,24,13,3,33,var_0 counter_var_1 +,44,counter_var_0 var_1 +
1730,114 28 63 26 113,54,114 74 105 111 113,28,16,26,18,17,13,46,var_0 counter_var_1 +,42,counter_var_0 var_1 +
1731,114 64 84 44 113,19,114 109 25 20 113,6,22,13,20,15,2,26,var_0 counter_var_1 +,35,counter_var_0 var_1 +
1732,114 91 50 27 113,31,114 77 62 43 113,4,19,27,12,4,16,16,var_0 counter_var_1 +,46,counter_var_0 var_1 +
1733,114 106 89 29 113,48,114 23 28 55 113,19,23,29,24,20,5,43,var_0 counter_var_1 +,52,counter_var_0 var_1 +
1734,114 62 77 69 113,11,114 93 105 111 113,4,6,7,18,8,13,22,var_0 counter_var_1 +,13,counter_var_0 var_1 +
1735,114 27 8 57 113,53,114 100 81 52 113,27,13,26,21,8,12,48,var_0 counter_var_1 +,39,counter_var_0 var_1 +
1736,114 38 51 42 113,20,114 42 51 42 113,9,13,11,11,5,5,20,var_0 counter_var_1 +,24,counter_var_0 var_1 +
1737,114 11 67 80 113,29,114 41 57 97 113,11,12,18,4,21,11,15,var_0 counter_var_1 +,30,counter_var_0 var_1 +
1738,114 105 47 93 113,18,114 74 73 73 113,18,16,0,11,1,4,29,var_0 counter_var_1 +,16,counter_var_0 var_1 +
1739,114 81 99 92 113,53,114 20 82 90 113,23,20,30,28,7,13,51,var_0 counter_var_1 +,50,counter_var_0 var_1 +
1740,114 11 29 17 113,28,114 18 1 0 113,11,18,17,0,6,1,11,var_0 counter_var_1 +,35,counter_var_0 var_1 +
1741,114 54 15 62 113,25,114 66 44 41 113,25,8,0,10,15,21,35,var_0 counter_var_1 +,8,counter_var_0 var_1 +
1742,114 44 102 45 113,29,114 72 109 65 113,15,14,14,3,10,17,18,var_0 counter_var_1 +,28,counter_var_0 var_1 +
1743,114 109 103 61 113,52,114 37 51 42 113,22,8,30,11,11,5,33,var_0 counter_var_1 +,38,counter_var_0 var_1 +
1744,114 19 91 106 113,32,114 41 56 5 113,19,12,13,5,22,10,24,var_0 counter_var_1 +,25,counter_var_0 var_1 +
1745,114 11 58 2 113,13,114 93 17 112 113,11,6,2,19,12,17,30,var_0 counter_var_1 +,8,counter_var_0 var_1 +
1746,114 96 89 29 113,38,114 5 2 84 113,9,5,29,22,20,2,31,var_0 counter_var_1 +,34,counter_var_0 var_1 +
1747,114 111 100 75 113,37,114 96 96 7 113,24,9,13,7,8,4,31,var_0 counter_var_1 +,22,counter_var_0 var_1 +
1748,114 33 57 97 113,8,114 47 41 34 113,4,18,4,3,11,18,7,var_0 counter_var_1 +,22,counter_var_0 var_1 +
1749,114 99 39 36 113,17,114 108 108 85 113,12,21,5,23,16,16,35,var_0 counter_var_1 +,26,counter_var_0 var_1 +
1750,114 70 83 3 113,15,114 23 37 110 113,12,23,3,17,14,14,29,var_0 counter_var_1 +,26,counter_var_0 var_1 +
1751,114 55 76 54 113,49,114 8 9 70 113,26,8,23,8,7,9,34,var_0 counter_var_1 +,31,counter_var_0 var_1 +
1752,114 7 13 18 113,25,114 41 79 58 113,7,12,18,27,13,10,34,var_0 counter_var_1 +,30,counter_var_0 var_1 +
1753,114 5 31 82 113,25,114 82 19 15 113,5,24,20,15,8,19,20,var_0 counter_var_1 +,44,counter_var_0 var_1 +
1754,114 80 68 71 113,31,114 38 86 94 113,22,9,9,1,22,17,23,var_0 counter_var_1 +,18,counter_var_0 var_1 +
1755,114 5 98 74 113,17,114 14 97 23 113,5,14,12,23,6,5,28,var_0 counter_var_1 +,26,counter_var_0 var_1 +
1756,114 74 41 34 113,19,114 13 85 31 113,16,13,3,0,18,16,16,var_0 counter_var_1 +,16,counter_var_0 var_1 +
1757,114 2 111 79 113,19,114 61 17 112 113,2,3,17,19,19,17,21,var_0 counter_var_1 +,20,counter_var_0 var_1 +
1758,114 78 53 68 113,26,114 68 103 61 113,20,10,6,30,7,11,50,var_0 counter_var_1 +,16,counter_var_0 var_1 +
1759,114 30 39 36 113,6,114 14 64 66 113,1,14,5,4,16,18,5,var_0 counter_var_1 +,19,counter_var_0 var_1 +
1760,114 107 55 10 113,30,114 21 36 19 113,20,21,10,19,9,13,39,var_0 counter_var_1 +,31,counter_var_0 var_1 +
1761,114 25 41 34 113,28,114 59 36 19 113,25,1,3,19,18,13,44,var_0 counter_var_1 +,4,counter_var_0 var_1 +
1762,114 56 51 42 113,38,114 52 9 70 113,27,23,11,8,5,9,35,var_0 counter_var_1 +,34,counter_var_0 var_1 +
1763,114 20 66 88 113,46,114 68 15 62 113,20,10,26,0,20,15,20,var_0 counter_var_1 +,36,counter_var_0 var_1 +
1764,114 73 101 39 113,23,114 15 29 17 113,15,15,8,17,9,6,32,var_0 counter_var_1 +,23,counter_var_0 var_1 +
1765,114 109 55 10 113,32,114 15 20 50 113,22,15,10,19,9,20,41,var_0 counter_var_1 +,25,counter_var_0 var_1 +
1766,114 91 59 30 113,34,114 93 68 71 113,4,6,30,9,13,22,13,var_0 counter_var_1 +,36,counter_var_0 var_1 +
1767,114 14 13 18 113,32,114 57 5 24 113,14,28,18,24,13,5,38,var_0 counter_var_1 +,46,counter_var_0 var_1 +
1768,114 74 79 58 113,43,114 74 20 50 113,16,16,27,19,10,20,35,var_0 counter_var_1 +,43,counter_var_0 var_1 +
1769,114 15 12 83 113,36,114 48 30 99 113,15,19,21,6,12,7,21,var_0 counter_var_1 +,40,counter_var_0 var_1 +
1770,114 18 60 63 113,19,114 43 9 70 113,18,14,1,8,14,9,26,var_0 counter_var_1 +,15,counter_var_0 var_1 +
1771,114 52 84 44 113,36,114 103 72 81 113,23,16,13,19,15,3,42,var_0 counter_var_1 +,29,counter_var_0 var_1 +
1772,114 93 62 43 113,18,114 29 71 100 113,6,0,12,7,16,2,13,var_0 counter_var_1 +,12,counter_var_0 var_1 +
1773,114 55 3 86 113,50,114 93 63 26 113,26,6,24,26,3,17,52,var_0 counter_var_1 +,30,counter_var_0 var_1 +
1774,114 110 79 58 113,50,114 42 66 88 113,23,13,27,26,10,20,49,var_0 counter_var_1 +,40,counter_var_0 var_1 +
1775,114 5 54 53 113,27,114 110 12 83 113,5,23,22,21,8,12,26,var_0 counter_var_1 +,45,counter_var_0 var_1 +
1776,114 86 44 41 113,38,114 55 25 20 113,28,26,10,20,21,2,48,var_0 counter_var_1 +,36,counter_var_0 var_1 +
1777,114 70 57 97 113,16,114 56 21 49 113,12,27,4,18,11,21,30,var_0 counter_var_1 +,31,counter_var_0 var_1 +
1778,114 10 4 78 113,26,114 108 28 55 113,10,21,16,24,4,5,34,var_0 counter_var_1 +,37,counter_var_0 var_1 +
1779,114 99 21 49 113,30,114 35 32 1 113,12,6,18,1,21,9,13,var_0 counter_var_1 +,24,counter_var_0 var_1 +
1780,114 14 112 13 113,27,114 57 99 92 113,14,28,13,30,20,7,44,var_0 counter_var_1 +,41,counter_var_0 var_1 +
1781,114 98 1 0 113,11,114 89 39 36 113,11,2,0,5,1,16,16,var_0 counter_var_1 +,2,counter_var_0 var_1 +
1782,114 77 28 55 113,43,114 75 107 28 113,19,17,24,28,5,15,47,var_0 counter_var_1 +,41,counter_var_0 var_1 +
1783,114 13 32 1 113,14,114 16 9 70 113,13,16,1,8,9,9,21,var_0 counter_var_1 +,17,counter_var_0 var_1 +
1784,114 3 62 43 113,15,114 108 36 19 113,3,21,12,19,16,13,22,var_0 counter_var_1 +,33,counter_var_0 var_1 +
1785,114 103 98 74 113,28,114 12 53 68 113,16,12,12,6,6,7,22,var_0 counter_var_1 +,24,counter_var_0 var_1 +
1786,114 109 70 77 113,37,114 85 52 9 113,22,27,15,9,1,6,31,var_0 counter_var_1 +,42,counter_var_0 var_1 +
1787,114 66 34 47 113,24,114 75 26 25 113,8,17,16,25,11,3,33,var_0 counter_var_1 +,33,counter_var_0 var_1 +
1788,114 54 25 20 113,45,114 82 49 32 113,25,24,20,1,2,3,26,var_0 counter_var_1 +,44,counter_var_0 var_1 +
1789,114 92 74 91 113,34,114 59 4 78 113,5,1,29,16,5,4,21,var_0 counter_var_1 +,30,counter_var_0 var_1 +
1790,114 56 88 16 113,43,114 78 44 41 113,27,20,16,10,19,21,37,var_0 counter_var_1 +,36,counter_var_0 var_1 +
1791,114 107 84 44 113,33,114 72 24 35 113,20,14,13,4,15,1,24,var_0 counter_var_1 +,27,counter_var_0 var_1 +
1792,114 95 74 91 113,37,114 112 24 35 113,8,25,29,4,5,1,12,var_0 counter_var_1 +,54,counter_var_0 var_1 +
1793,114 54 36 19 113,44,114 37 61 89 113,25,8,19,27,13,15,52,var_0 counter_var_1 +,27,counter_var_0 var_1 +
1794,114 66 73 73 113,19,114 26 44 41 113,8,26,11,10,4,21,18,var_0 counter_var_1 +,37,counter_var_0 var_1 +
1795,114 52 74 91 113,52,114 26 8 57 113,23,26,29,26,5,8,49,var_0 counter_var_1 +,55,counter_var_0 var_1 +
1796,114 0 21 49 113,18,114 89 0 38 113,0,2,18,7,21,0,7,var_0 counter_var_1 +,20,counter_var_0 var_1 +
1797,114 1 57 97 113,5,114 0 22 12 113,1,0,4,12,11,22,13,var_0 counter_var_1 +,4,counter_var_0 var_1 +
1798,114 39 88 16 113,26,114 46 70 77 113,10,17,16,15,19,1,25,var_0 counter_var_1 +,33,counter_var_0 var_1 +
1799,114 0 4 78 113,16,114 86 101 39 113,0,28,16,8,4,9,8,var_0 counter_var_1 +,44,counter_var_0 var_1 +
1800,114 36 58 2 113,9,114 6 88 16 113,7,6,2,16,12,19,23,var_0 counter_var_1 +,8,counter_var_0 var_1 +
1801,114 62 112 13 113,17,114 12 90 102 113,4,12,13,9,20,21,13,var_0 counter_var_1 +,25,counter_var_0 var_1 +
1802,114 95 72 81 113,27,114 36 61 89 113,8,7,19,27,3,15,35,var_0 counter_var_1 +,26,counter_var_0 var_1 +
1803,114 43 25 20 113,34,114 88 36 19 113,14,1,20,19,2,13,33,var_0 counter_var_1 +,21,counter_var_0 var_1 +
1804,114 102 81 52 113,36,114 107 64 66 113,15,20,21,4,12,18,19,var_0 counter_var_1 +,41,counter_var_0 var_1 +
1805,114 64 100 75 113,19,114 24 30 99 113,6,24,13,6,8,7,12,var_0 counter_var_1 +,37,counter_var_0 var_1 +
1806,114 7 56 5 113,12,114 84 38 59 113,7,26,5,28,10,15,35,var_0 counter_var_1 +,31,counter_var_0 var_1 +
1807,114 29 14 33 113,2,114 47 43 40 113,0,18,2,9,14,20,9,var_0 counter_var_1 +,20,counter_var_0 var_1 +
1808,114 79 87 60 113,50,114 108 87 60 113,21,21,29,29,18,18,50,var_0 counter_var_1 +,50,counter_var_0 var_1 +
1809,114 111 102 45 113,38,114 21 25 20 113,24,21,14,20,10,2,44,var_0 counter_var_1 +,35,counter_var_0 var_1 +
1810,114 5 62 43 113,17,114 10 54 53 113,5,10,12,22,16,8,27,var_0 counter_var_1 +,22,counter_var_0 var_1 +
1811,114 66 97 23 113,31,114 81 91 106 113,8,23,23,13,5,22,21,var_0 counter_var_1 +,46,counter_var_0 var_1 +
1812,114 62 54 53 113,26,114 79 85 31 113,4,21,22,0,8,16,4,var_0 counter_var_1 +,43,counter_var_0 var_1 +
1813,114 67 22 12 113,21,114 51 58 2 113,9,22,12,2,22,12,11,var_0 counter_var_1 +,34,counter_var_0 var_1 +
1814,114 33 66 88 113,30,114 27 70 77 113,4,27,26,15,20,1,19,var_0 counter_var_1 +,53,counter_var_0 var_1 +
1815,114 70 75 8 113,20,114 2 54 53 113,12,2,8,22,6,8,34,var_0 counter_var_1 +,10,counter_var_0 var_1 +
1816,114 50 28 55 113,45,114 67 46 87 113,21,9,24,25,5,0,46,var_0 counter_var_1 +,33,counter_var_0 var_1 +
1817,114 92 30 99 113,11,114 73 60 63 113,5,15,6,1,7,14,6,var_0 counter_var_1 +,21,counter_var_0 var_1 +
1818,114 43 40 76 113,28,114 93 20 50 113,14,6,14,19,17,20,33,var_0 counter_var_1 +,20,counter_var_0 var_1 +
1819,114 43 53 68 113,20,114 75 78 107 113,14,17,6,14,7,9,28,var_0 counter_var_1 +,23,counter_var_0 var_1 +
1820,114 42 63 26 113,39,114 9 58 2 113,13,9,26,2,17,12,15,var_0 counter_var_1 +,35,counter_var_0 var_1 +
1821,114 105 88 16 113,34,114 90 105 111 113,18,3,16,18,19,13,36,var_0 counter_var_1 +,19,counter_var_0 var_1 +
1822,114 46 95 109 113,33,114 8 88 16 113,17,8,16,16,3,19,33,var_0 counter_var_1 +,24,counter_var_0 var_1 +
1823,114 58 63 26 113,26,114 51 109 65 113,0,22,26,3,17,17,3,var_0 counter_var_1 +,48,counter_var_0 var_1 +
1824,114 110 27 101 113,31,114 79 36 19 113,23,21,8,19,4,13,42,var_0 counter_var_1 +,29,counter_var_0 var_1 +
1825,114 1 52 9 113,10,114 44 80 48 113,1,15,9,17,6,11,18,var_0 counter_var_1 +,24,counter_var_0 var_1 +
1826,114 69 3 86 113,35,114 40 93 105 113,11,11,24,12,3,1,23,var_0 counter_var_1 +,35,counter_var_0 var_1 +
1827,114 37 97 23 113,31,114 3 86 94 113,8,3,23,1,5,17,9,var_0 counter_var_1 +,26,counter_var_0 var_1 +
1828,114 97 58 2 113,12,114 65 4 78 113,10,7,2,16,12,4,26,var_0 counter_var_1 +,9,counter_var_0 var_1 +
1829,114 61 102 45 113,17,114 1 19 15 113,3,1,14,15,10,19,18,var_0 counter_var_1 +,15,counter_var_0 var_1 +
1830,114 110 98 74 113,35,114 100 20 50 113,23,13,12,19,6,20,42,var_0 counter_var_1 +,25,counter_var_0 var_1 +
1831,114 73 85 31 113,15,114 74 19 15 113,15,16,0,15,16,19,30,var_0 counter_var_1 +,16,counter_var_0 var_1 +
1832,114 44 94 96 113,18,114 107 82 90 113,15,20,3,28,2,13,43,var_0 counter_var_1 +,23,counter_var_0 var_1 +
1833,114 86 28 55 113,52,114 2 105 111 113,28,2,24,18,5,13,46,var_0 counter_var_1 +,26,counter_var_0 var_1 +
1834,114 109 64 66 113,26,114 11 103 61 113,22,11,4,30,18,11,52,var_0 counter_var_1 +,15,counter_var_0 var_1 +
1835,114 39 11 6 113,16,114 47 55 10 113,10,18,6,10,11,9,20,var_0 counter_var_1 +,24,counter_var_0 var_1 +
1836,114 99 60 63 113,13,114 70 59 30 113,12,12,1,30,14,13,42,var_0 counter_var_1 +,13,counter_var_0 var_1 +
1837,114 34 65 67 113,10,114 84 28 55 113,5,26,5,24,19,5,29,var_0 counter_var_1 +,31,counter_var_0 var_1 +
1838,114 69 24 35 113,15,114 111 100 75 113,11,24,4,13,1,8,24,var_0 counter_var_1 +,28,counter_var_0 var_1 +
1839,114 20 84 44 113,33,114 106 70 77 113,20,19,13,15,15,1,35,var_0 counter_var_1 +,32,counter_var_0 var_1 +
1840,114 50 69 104 113,32,114 95 11 6 113,21,8,11,6,0,11,27,var_0 counter_var_1 +,19,counter_var_0 var_1 +
1841,114 100 110 108 113,28,114 108 48 95 113,13,21,15,2,18,2,15,var_0 counter_var_1 +,36,counter_var_0 var_1 +
1842,114 50 61 89 113,48,114 34 33 14 113,21,5,27,14,15,10,35,var_0 counter_var_1 +,32,counter_var_0 var_1 +
1843,114 19 4 78 113,35,114 90 57 97 113,19,3,16,4,4,11,23,var_0 counter_var_1 +,19,counter_var_0 var_1 +
1844,114 49 64 66 113,24,114 28 42 46 113,20,28,4,15,18,19,35,var_0 counter_var_1 +,32,counter_var_0 var_1 +
1845,114 104 20 50 113,36,114 58 38 59 113,17,0,19,28,20,15,45,var_0 counter_var_1 +,19,counter_var_0 var_1 +
1846,114 46 61 89 113,44,114 71 110 108 113,17,13,27,15,15,18,32,var_0 counter_var_1 +,40,counter_var_0 var_1 +
1847,114 38 90 102 113,18,114 88 1 0 113,9,1,9,0,21,1,9,var_0 counter_var_1 +,10,counter_var_0 var_1 +
1848,114 2 52 9 113,11,114 21 99 92 113,2,21,9,30,6,7,32,var_0 counter_var_1 +,30,counter_var_0 var_1 +
1849,114 56 31 82 113,47,114 28 37 110 113,27,28,20,17,8,14,44,var_0 counter_var_1 +,48,counter_var_0 var_1 +
1850,114 49 41 34 113,23,114 21 111 79 113,20,21,3,17,18,19,37,var_0 counter_var_1 +,24,counter_var_0 var_1 +
1851,114 30 58 2 113,3,114 31 66 88 113,1,2,2,26,12,20,27,var_0 counter_var_1 +,4,counter_var_0 var_1 +
1852,114 63 94 96 113,8,114 31 105 111 113,5,2,3,18,2,13,23,var_0 counter_var_1 +,5,counter_var_0 var_1 +
1853,114 102 94 96 113,18,114 108 96 7 113,15,21,3,7,2,4,22,var_0 counter_var_1 +,24,counter_var_0 var_1 +
1854,114 85 105 111 113,45,114 96 16 21 113,27,9,18,21,13,16,48,var_0 counter_var_1 +,27,counter_var_0 var_1 +
1855,114 38 16 21 113,30,114 109 103 61 113,9,22,21,30,16,11,39,var_0 counter_var_1 +,43,counter_var_0 var_1 +
1856,114 18 77 69 113,25,114 62 56 5 113,18,4,7,5,8,10,23,var_0 counter_var_1 +,11,counter_var_0 var_1 +
1857,114 103 46 87 113,41,114 54 42 46 113,16,25,25,15,0,19,31,var_0 counter_var_1 +,50,counter_var_0 var_1 +
1858,114 96 102 45 113,23,114 51 99 92 113,9,22,14,30,10,7,39,var_0 counter_var_1 +,36,counter_var_0 var_1 +
1859,114 20 27 101 113,28,114 106 28 55 113,20,19,8,24,4,5,44,var_0 counter_var_1 +,27,counter_var_0 var_1 +
1860,114 101 45 103 113,24,114 22 80 48 113,14,22,10,17,22,11,31,var_0 counter_var_1 +,32,counter_var_0 var_1 +
1861,114 64 53 68 113,12,114 101 66 88 113,6,14,6,26,7,20,32,var_0 counter_var_1 +,20,counter_var_0 var_1 +
1862,114 5 11 6 113,11,114 89 79 58 113,5,2,6,27,11,10,32,var_0 counter_var_1 +,8,counter_var_0 var_1 +
1863,114 49 47 93 113,20,114 49 79 58 113,20,20,0,27,1,10,47,var_0 counter_var_1 +,20,counter_var_0 var_1 +
1864,114 78 38 59 113,48,114 62 7 22 113,20,4,28,22,15,7,42,var_0 counter_var_1 +,32,counter_var_0 var_1 +
1865,114 26 50 27 113,53,114 83 63 26 113,26,25,27,26,4,17,52,var_0 counter_var_1 +,52,counter_var_0 var_1 +
1866,114 12 24 35 113,16,114 99 67 80 113,12,12,4,18,1,21,30,var_0 counter_var_1 +,16,counter_var_0 var_1 +
1867,114 81 28 55 113,47,114 29 101 39 113,23,0,24,8,5,9,31,var_0 counter_var_1 +,24,counter_var_0 var_1 +
1868,114 29 72 81 113,19,114 58 98 74 113,0,0,19,12,3,6,12,var_0 counter_var_1 +,19,counter_var_0 var_1 +
1869,114 53 96 7 113,31,114 69 19 15 113,24,11,7,15,4,19,39,var_0 counter_var_1 +,18,counter_var_0 var_1 +
1870,114 27 80 48 113,44,114 109 23 98 113,27,22,17,5,11,0,32,var_0 counter_var_1 +,39,counter_var_0 var_1 +
1871,114 26 91 106 113,39,114 87 85 31 113,26,0,13,0,22,16,26,var_0 counter_var_1 +,13,counter_var_0 var_1 +
1872,114 40 83 3 113,14,114 41 86 94 113,11,12,3,1,14,17,12,var_0 counter_var_1 +,15,counter_var_0 var_1 +
1873,114 72 70 77 113,29,114 103 96 7 113,14,16,15,7,1,4,21,var_0 counter_var_1 +,31,counter_var_0 var_1 +
1874,114 7 40 76 113,21,114 87 51 42 113,7,0,14,11,17,5,18,var_0 counter_var_1 +,14,counter_var_0 var_1 +
1875,114 4 41 34 113,7,114 86 37 110 113,4,28,3,17,18,14,21,var_0 counter_var_1 +,31,counter_var_0 var_1 +
1876,114 77 16 21 113,40,114 23 80 48 113,19,23,21,17,16,11,36,var_0 counter_var_1 +,44,counter_var_0 var_1 +
1877,114 86 39 36 113,33,114 54 45 103 113,28,25,5,10,16,22,38,var_0 counter_var_1 +,30,counter_var_0 var_1 +
1878,114 76 64 66 113,22,114 11 104 4 113,18,11,4,4,18,12,22,var_0 counter_var_1 +,15,counter_var_0 var_1 +
1879,114 30 28 55 113,25,114 43 99 92 113,1,14,24,30,5,7,31,var_0 counter_var_1 +,38,counter_var_0 var_1 +
1880,114 59 22 12 113,13,114 49 46 87 113,1,20,12,25,22,0,26,var_0 counter_var_1 +,32,counter_var_0 var_1 +
1881,114 50 73 73 113,32,114 4 5 24 113,21,4,11,24,4,5,45,var_0 counter_var_1 +,15,counter_var_0 var_1 +
1882,114 16 12 83 113,37,114 61 98 74 113,16,3,21,12,12,6,28,var_0 counter_var_1 +,24,counter_var_0 var_1 +
1883,114 66 39 36 113,13,114 10 66 88 113,8,10,5,26,16,20,34,var_0 counter_var_1 +,15,counter_var_0 var_1 +
1884,114 70 52 9 113,21,114 63 46 87 113,12,5,9,25,6,0,37,var_0 counter_var_1 +,14,counter_var_0 var_1 +
1885,114 12 99 92 113,42,114 60 103 61 113,12,2,30,30,7,11,42,var_0 counter_var_1 +,32,counter_var_0 var_1 +
1886,114 29 51 42 113,11,114 76 30 99 113,0,18,11,6,5,7,6,var_0 counter_var_1 +,29,counter_var_0 var_1 +
1887,114 82 78 107 113,38,114 101 18 72 113,24,14,14,10,9,18,34,var_0 counter_var_1 +,28,counter_var_0 var_1 +
1888,114 52 36 19 113,42,114 32 70 77 113,23,3,19,15,13,1,38,var_0 counter_var_1 +,22,counter_var_0 var_1 +
1889,114 89 98 74 113,14,114 57 102 45 113,2,28,12,14,6,10,16,var_0 counter_var_1 +,40,counter_var_0 var_1 +
1890,114 72 36 19 113,33,114 35 87 60 113,14,6,19,29,13,18,43,var_0 counter_var_1 +,25,counter_var_0 var_1 +
1891,114 12 73 73 113,23,114 73 103 61 113,12,15,11,30,4,11,42,var_0 counter_var_1 +,26,counter_var_0 var_1 +
1892,114 88 27 101 113,9,114 105 66 88 113,1,18,8,26,4,20,27,var_0 counter_var_1 +,26,counter_var_0 var_1 +
1893,114 110 67 80 113,41,114 14 11 6 113,23,14,18,6,21,11,29,var_0 counter_var_1 +,32,counter_var_0 var_1 +
1894,114 72 9 70 113,22,114 35 55 10 113,14,6,8,10,9,9,24,var_0 counter_var_1 +,14,counter_var_0 var_1 +
1895,114 82 108 85 113,47,114 47 57 97 113,24,18,23,4,16,11,28,var_0 counter_var_1 +,41,counter_var_0 var_1 +
1896,114 67 21 49 113,27,114 18 53 68 113,9,18,18,6,21,7,15,var_0 counter_var_1 +,36,counter_var_0 var_1 +
1897,114 74 34 47 113,32,114 35 17 112 113,16,6,16,19,11,17,35,var_0 counter_var_1 +,22,counter_var_0 var_1 +
1898,114 28 25 20 113,48,114 19 41 34 113,28,19,20,3,2,18,31,var_0 counter_var_1 +,39,counter_var_0 var_1 +
1899,114 48 23 98 113,24,114 16 34 47 113,19,16,5,16,0,11,35,var_0 counter_var_1 +,21,counter_var_0 var_1 +
1900,114 51 37 110 113,39,114 53 17 112 113,22,24,17,19,14,17,41,var_0 counter_var_1 +,41,counter_var_0 var_1 +
1901,114 43 7 22 113,36,114 56 44 41 113,14,27,22,10,7,21,24,var_0 counter_var_1 +,49,counter_var_0 var_1 +
1902,114 37 71 100 113,15,114 98 97 23 113,8,11,7,23,2,5,31,var_0 counter_var_1 +,18,counter_var_0 var_1 +
1903,114 52 52 9 113,32,114 76 37 110 113,23,18,9,17,6,14,40,var_0 counter_var_1 +,27,counter_var_0 var_1 +
1904,114 80 66 88 113,48,114 111 31 82 113,22,24,26,20,20,8,42,var_0 counter_var_1 +,50,counter_var_0 var_1 +
1905,114 61 87 60 113,32,114 19 81 52 113,3,19,29,21,18,12,24,var_0 counter_var_1 +,48,counter_var_0 var_1 +
1906,114 0 39 36 113,5,114 106 12 83 113,0,19,5,21,16,12,21,var_0 counter_var_1 +,24,counter_var_0 var_1 +
1907,114 63 88 16 113,21,114 109 0 38 113,5,22,16,7,19,0,12,var_0 counter_var_1 +,38,counter_var_0 var_1 +
1908,114 94 7 22 113,29,114 78 30 99 113,7,20,22,6,7,7,13,var_0 counter_var_1 +,42,counter_var_0 var_1 +
1909,114 40 35 37 113,17,114 16 43 40 113,11,16,6,9,12,20,20,var_0 counter_var_1 +,22,counter_var_0 var_1 +
1910,114 12 39 36 113,17,114 44 61 89 113,12,15,5,27,16,15,39,var_0 counter_var_1 +,20,counter_var_0 var_1 +
1911,114 82 59 30 113,54,114 102 105 111 113,24,15,30,18,13,13,42,var_0 counter_var_1 +,45,counter_var_0 var_1 +
1912,114 106 103 61 113,49,114 101 98 74 113,19,14,30,12,11,6,31,var_0 counter_var_1 +,44,counter_var_0 var_1 +
1913,114 72 44 41 113,24,114 44 48 95 113,14,15,10,2,21,2,16,var_0 counter_var_1 +,25,counter_var_0 var_1 +
1914,114 44 63 26 113,41,114 68 68 71 113,15,10,26,9,17,22,24,var_0 counter_var_1 +,36,counter_var_0 var_1 +
1915,114 12 79 58 113,39,114 99 0 38 113,12,12,27,7,10,0,19,var_0 counter_var_1 +,39,counter_var_0 var_1 +
1916,114 49 112 13 113,33,114 13 40 76 113,20,13,13,14,20,17,34,var_0 counter_var_1 +,26,counter_var_0 var_1 +
1917,114 5 80 48 113,22,114 52 13 18 113,5,23,17,18,11,13,23,var_0 counter_var_1 +,40,counter_var_0 var_1 +
1918,114 39 96 7 113,17,114 8 98 74 113,10,8,7,12,4,6,22,var_0 counter_var_1 +,15,counter_var_0 var_1 +
1919,114 29 7 22 113,22,114 111 51 42 113,0,24,22,11,7,5,11,var_0 counter_var_1 +,46,counter_var_0 var_1 +
1920,114 71 105 111 113,31,114 37 83 3 113,13,8,18,3,13,14,16,var_0 counter_var_1 +,26,counter_var_0 var_1 +
1921,114 45 95 109 113,32,114 16 6 64 113,16,16,16,2,3,6,18,var_0 counter_var_1 +,32,counter_var_0 var_1 +
1922,114 60 7 22 113,24,114 37 89 29 113,2,8,22,29,7,20,31,var_0 counter_var_1 +,30,counter_var_0 var_1 +
1923,114 42 112 13 113,26,114 106 32 1 113,13,19,13,1,20,9,14,var_0 counter_var_1 +,32,counter_var_0 var_1 +
1924,114 56 5 24 113,51,114 99 76 54 113,27,12,24,23,5,7,50,var_0 counter_var_1 +,36,counter_var_0 var_1 +
1925,114 23 62 43 113,35,114 67 108 85 113,23,9,12,23,16,16,46,var_0 counter_var_1 +,21,counter_var_0 var_1 +
1926,114 89 33 14 113,16,114 105 112 13 113,2,18,14,13,10,20,15,var_0 counter_var_1 +,32,counter_var_0 var_1 +
1927,114 112 78 107 113,39,114 59 39 36 113,25,1,14,5,9,16,30,var_0 counter_var_1 +,15,counter_var_0 var_1 +
1928,114 80 23 98 113,27,114 101 102 45 113,22,14,5,14,0,10,36,var_0 counter_var_1 +,19,counter_var_0 var_1 +
1929,114 36 35 37 113,13,114 55 48 95 113,7,26,6,2,12,2,9,var_0 counter_var_1 +,32,counter_var_0 var_1 +
1930,114 100 66 88 113,39,114 93 111 79 113,13,6,26,17,20,19,30,var_0 counter_var_1 +,32,counter_var_0 var_1 +
1931,114 41 97 23 113,35,114 82 56 5 113,12,24,23,5,5,10,17,var_0 counter_var_1 +,47,counter_var_0 var_1 +
1932,114 2 14 33 113,4,114 29 75 8 113,2,0,2,8,14,6,10,var_0 counter_var_1 +,2,counter_var_0 var_1 +
1933,114 14 29 17 113,31,114 2 107 28 113,14,2,17,28,6,15,42,var_0 counter_var_1 +,19,counter_var_0 var_1 +
1934,114 7 87 60 113,36,114 61 107 28 113,7,3,29,28,18,15,35,var_0 counter_var_1 +,32,counter_var_0 var_1 +
1935,114 1 108 85 113,24,114 85 111 79 113,1,27,23,17,16,19,18,var_0 counter_var_1 +,50,counter_var_0 var_1 +
1936,114 12 25 20 113,32,114 47 16 21 113,12,18,20,21,2,16,33,var_0 counter_var_1 +,38,counter_var_0 var_1 +
1937,114 11 100 75 113,24,114 35 0 38 113,11,6,13,7,8,0,18,var_0 counter_var_1 +,19,counter_var_0 var_1 +
1938,114 67 25 20 113,29,114 112 39 36 113,9,25,20,5,2,16,14,var_0 counter_var_1 +,45,counter_var_0 var_1 +
1939,114 85 106 56 113,52,114 29 59 30 113,27,0,25,30,14,13,57,var_0 counter_var_1 +,25,counter_var_0 var_1 +
1940,114 111 56 5 113,29,114 103 37 110 113,24,16,5,17,10,14,41,var_0 counter_var_1 +,21,counter_var_0 var_1 +
1941,114 0 14 33 113,2,114 78 24 35 113,0,20,2,4,14,1,4,var_0 counter_var_1 +,22,counter_var_0 var_1 +
1942,114 67 63 26 113,35,114 73 54 53 113,9,15,26,22,17,8,31,var_0 counter_var_1 +,41,counter_var_0 var_1 +
1943,114 22 97 23 113,45,114 90 112 13 113,22,3,23,13,5,20,35,var_0 counter_var_1 +,26,counter_var_0 var_1 +
1944,114 63 28 55 113,29,114 0 4 78 113,5,0,24,16,5,4,21,var_0 counter_var_1 +,24,counter_var_0 var_1 +
1945,114 12 12 83 113,33,114 29 68 71 113,12,0,21,9,12,22,21,var_0 counter_var_1 +,21,counter_var_0 var_1 +
1946,114 24 103 61 113,54,114 102 102 45 113,24,15,30,14,11,10,38,var_0 counter_var_1 +,45,counter_var_0 var_1 +
1947,114 101 22 12 113,26,114 46 5 24 113,14,17,12,24,22,5,38,var_0 counter_var_1 +,29,counter_var_0 var_1 +
1948,114 20 11 6 113,26,114 58 107 28 113,20,0,6,28,11,15,48,var_0 counter_var_1 +,6,counter_var_0 var_1 +
1949,114 71 64 66 113,17,114 93 29 17 113,13,6,4,17,18,6,30,var_0 counter_var_1 +,10,counter_var_0 var_1 +
1950,114 102 45 103 113,25,114 18 26 25 113,15,18,10,25,22,3,40,var_0 counter_var_1 +,28,counter_var_0 var_1 +
1951,114 6 18 72 113,16,114 89 16 21 113,6,2,10,21,18,16,27,var_0 counter_var_1 +,12,counter_var_0 var_1 +
1952,114 70 112 13 113,25,114 12 11 6 113,12,12,13,6,20,11,18,var_0 counter_var_1 +,25,counter_var_0 var_1 +
1953,114 41 101 39 113,20,114 24 104 4 113,12,24,8,4,9,12,16,var_0 counter_var_1 +,32,counter_var_0 var_1 +
1954,114 15 14 33 113,17,114 29 70 77 113,15,0,2,15,14,1,30,var_0 counter_var_1 +,2,counter_var_0 var_1 +
1955,114 97 85 31 113,10,114 52 76 54 113,10,23,0,23,16,7,33,var_0 counter_var_1 +,23,counter_var_0 var_1 +
1956,114 48 112 13 113,32,114 69 79 58 113,19,11,13,27,20,10,46,var_0 counter_var_1 +,24,counter_var_0 var_1 +
1957,114 5 12 83 113,26,114 38 10 11 113,5,9,21,11,12,10,16,var_0 counter_var_1 +,30,counter_var_0 var_1 +
1958,114 2 36 19 113,21,114 43 46 87 113,2,14,19,25,13,0,27,var_0 counter_var_1 +,33,counter_var_0 var_1 +
1959,114 38 79 58 113,36,114 30 46 87 113,9,1,27,25,10,0,34,var_0 counter_var_1 +,28,counter_var_0 var_1 +
1960,114 49 96 7 113,27,114 19 93 105 113,20,19,7,12,4,1,32,var_0 counter_var_1 +,26,counter_var_0 var_1 +
1961,114 96 48 95 113,11,114 82 24 35 113,9,24,2,4,2,1,13,var_0 counter_var_1 +,26,counter_var_0 var_1 +
1962,114 26 36 19 113,45,114 47 67 80 113,26,18,19,18,13,21,44,var_0 counter_var_1 +,37,counter_var_0 var_1 +
1963,114 43 100 75 113,27,114 55 21 49 113,14,26,13,18,8,21,32,var_0 counter_var_1 +,39,counter_var_0 var_1 +
1964,114 37 93 105 113,20,114 69 14 33 113,8,11,12,2,1,14,10,var_0 counter_var_1 +,23,counter_var_0 var_1 +
1965,114 85 37 110 113,44,114 35 79 58 113,27,6,17,27,14,10,54,var_0 counter_var_1 +,23,counter_var_0 var_1 +
1966,114 96 99 92 113,39,114 78 14 33 113,9,20,30,2,7,14,11,var_0 counter_var_1 +,50,counter_var_0 var_1 +
1967,114 111 3 86 113,48,114 30 48 95 113,24,1,24,2,3,2,26,var_0 counter_var_1 +,25,counter_var_0 var_1 +
1968,114 27 1 0 113,27,114 54 55 10 113,27,25,0,10,1,9,37,var_0 counter_var_1 +,25,counter_var_0 var_1 +
1969,114 80 70 77 113,37,114 72 111 79 113,22,14,15,17,1,19,39,var_0 counter_var_1 +,29,counter_var_0 var_1 +
1970,114 87 85 31 113,0,114 74 22 12 113,0,16,0,12,16,22,12,var_0 counter_var_1 +,16,counter_var_0 var_1 +
1971,114 1 40 76 113,15,114 102 111 79 113,1,15,14,17,17,19,18,var_0 counter_var_1 +,29,counter_var_0 var_1 +
1972,114 25 17 112 113,44,114 83 78 107 113,25,25,19,14,17,9,39,var_0 counter_var_1 +,44,counter_var_0 var_1 +
1973,114 69 15 62 113,11,114 43 36 19 113,11,14,0,19,15,13,30,var_0 counter_var_1 +,14,counter_var_0 var_1 +
1974,114 78 45 103 113,30,114 8 41 34 113,20,8,10,3,22,18,23,var_0 counter_var_1 +,18,counter_var_0 var_1 +
1975,114 104 37 110 113,34,114 1 82 90 113,17,1,17,28,14,13,45,var_0 counter_var_1 +,18,counter_var_0 var_1 +
1976,114 19 37 110 113,36,114 95 110 108 113,19,8,17,15,14,18,34,var_0 counter_var_1 +,25,counter_var_0 var_1 +
1977,114 3 74 91 113,32,114 61 7 22 113,3,3,29,22,5,7,25,var_0 counter_var_1 +,32,counter_var_0 var_1 +
1978,114 103 71 100 113,23,114 67 1 0 113,16,9,7,0,2,1,16,var_0 counter_var_1 +,16,counter_var_0 var_1 +
1979,114 77 13 18 113,37,114 1 64 66 113,19,1,18,4,13,18,23,var_0 counter_var_1 +,19,counter_var_0 var_1 +
1980,114 33 100 75 113,17,114 0 56 5 113,4,0,13,5,8,10,9,var_0 counter_var_1 +,13,counter_var_0 var_1 +
1981,114 16 93 105 113,28,114 74 69 104 113,16,16,12,11,1,0,27,var_0 counter_var_1 +,28,counter_var_0 var_1 +
1982,114 82 63 26 113,50,114 64 43 40 113,24,6,26,9,17,20,33,var_0 counter_var_1 +,32,counter_var_0 var_1 +
1983,114 60 90 102 113,11,114 92 23 98 113,2,5,9,5,21,0,7,var_0 counter_var_1 +,14,counter_var_0 var_1 +
1984,114 46 49 32 113,18,114 82 108 85 113,17,24,1,23,3,16,40,var_0 counter_var_1 +,25,counter_var_0 var_1 +
1985,114 63 74 91 113,34,114 109 29 17 113,5,22,29,17,5,6,22,var_0 counter_var_1 +,51,counter_var_0 var_1 +
1986,114 38 73 73 113,20,114 71 86 94 113,9,13,11,1,4,17,10,var_0 counter_var_1 +,24,counter_var_0 var_1 +
1987,114 51 96 7 113,29,114 78 110 108 113,22,20,7,15,4,18,37,var_0 counter_var_1 +,27,counter_var_0 var_1 +
1988,114 11 94 96 113,14,114 76 66 88 113,11,18,3,26,2,20,37,var_0 counter_var_1 +,21,counter_var_0 var_1 +
1989,114 104 79 58 113,44,114 42 60 63 113,17,13,27,1,10,14,18,var_0 counter_var_1 +,40,counter_var_0 var_1 +
1990,114 52 64 66 113,27,114 68 41 34 113,23,10,4,3,18,18,26,var_0 counter_var_1 +,14,counter_var_0 var_1 +
1991,114 66 44 41 113,18,114 20 83 3 113,8,20,10,3,21,14,11,var_0 counter_var_1 +,30,counter_var_0 var_1 +
1992,114 13 41 34 113,16,114 39 62 43 113,13,10,3,12,18,16,25,var_0 counter_var_1 +,13,counter_var_0 var_1 +
1993,114 61 53 68 113,9,114 9 6 64 113,3,9,6,2,7,6,5,var_0 counter_var_1 +,15,counter_var_0 var_1 +
1994,114 92 14 33 113,7,114 77 44 41 113,5,19,2,10,14,21,15,var_0 counter_var_1 +,21,counter_var_0 var_1 +
1995,114 0 64 66 113,4,114 13 18 72 113,0,13,4,10,18,18,10,var_0 counter_var_1 +,17,counter_var_0 var_1 +
1996,114 111 36 19 113,43,114 28 71 100 113,24,28,19,7,13,2,31,var_0 counter_var_1 +,47,counter_var_0 var_1 +
1997,114 34 40 76 113,19,114 64 50 27 113,5,6,14,27,17,4,32,var_0 counter_var_1 +,20,counter_var_0 var_1 +
1998,114 77 53 68 113,25,114 6 94 96 113,19,6,6,3,7,2,22,var_0 counter_var_1 +,12,counter_var_0 var_1 +
1999,114 101 102 45 113,28,114 34 73 73 113,14,5,14,11,10,4,25,var_0 counter_var_1 +,19,counter_var_0 var_1 +
2000,114 5 1 0 113,5,114 66 87 60 113,5,8,0,29,1,18,34,var_0 counter_var_1 +,8,counter_var_0 var_1 +
2001,114 96 11 6 113,15,114 111 110 108 113,9,24,6,15,11,18,24,var_0 counter_var_1 +,30,counter_var_0 var_1 +
2002,114 15 55 10 113,25,114 76 73 73 113,15,18,10,11,9,4,26,var_0 counter_var_1 +,28,counter_var_0 var_1 +
2003,114 57 88 16 113,44,114 112 53 68 113,28,25,16,6,19,7,34,var_0 counter_var_1 +,41,counter_var_0 var_1 +
2004,114 29 63 26 113,26,114 62 24 35 113,0,4,26,4,17,1,4,var_0 counter_var_1 +,30,counter_var_0 var_1 +
2005,114 36 0 38 113,14,114 54 6 64 113,7,25,7,2,0,6,9,var_0 counter_var_1 +,32,counter_var_0 var_1 +
2006,114 56 90 102 113,36,114 73 22 12 113,27,15,9,12,21,22,39,var_0 counter_var_1 +,24,counter_var_0 var_1 +
2007,114 29 109 65 113,3,114 27 33 14 113,0,27,3,14,17,10,14,var_0 counter_var_1 +,30,counter_var_0 var_1 +
2008,114 38 94 96 113,12,114 44 32 1 113,9,15,3,1,2,9,10,var_0 counter_var_1 +,18,counter_var_0 var_1 +
2009,114 39 94 96 113,13,114 5 95 109 113,10,5,3,16,2,3,26,var_0 counter_var_1 +,8,counter_var_0 var_1 +
2010,114 64 97 23 113,29,114 88 45 103 113,6,1,23,10,5,22,16,var_0 counter_var_1 +,24,counter_var_0 var_1 +
2011,114 80 65 67 113,27,114 0 107 28 113,22,0,5,28,19,15,50,var_0 counter_var_1 +,5,counter_var_0 var_1 +
2012,114 104 84 44 113,30,114 81 57 97 113,17,23,13,4,15,11,21,var_0 counter_var_1 +,36,counter_var_0 var_1 +
2013,114 16 4 78 113,32,114 3 64 66 113,16,3,16,4,4,18,20,var_0 counter_var_1 +,19,counter_var_0 var_1 +
2014,114 8 14 33 113,10,114 98 14 33 113,8,11,2,2,14,14,10,var_0 counter_var_1 +,13,counter_var_0 var_1 +
2015,114 89 75 8 113,10,114 52 49 32 113,2,23,8,1,6,3,3,var_0 counter_var_1 +,31,counter_var_0 var_1 +
2016,114 75 64 66 113,21,114 99 99 92 113,17,12,4,30,18,7,47,var_0 counter_var_1 +,16,counter_var_0 var_1 +
2017,114 41 22 12 113,24,114 44 41 34 113,12,15,12,3,22,18,15,var_0 counter_var_1 +,27,counter_var_0 var_1 +
2018,114 72 69 104 113,25,114 66 37 110 113,14,8,11,17,0,14,31,var_0 counter_var_1 +,19,counter_var_0 var_1 +
2019,114 102 91 106 113,28,114 69 82 90 113,15,11,13,28,22,13,43,var_0 counter_var_1 +,24,counter_var_0 var_1 +
2020,114 10 15 62 113,10,114 70 33 14 113,10,12,0,14,15,10,24,var_0 counter_var_1 +,12,counter_var_0 var_1 +
2021,114 54 67 80 113,43,114 96 36 19 113,25,9,18,19,21,13,44,var_0 counter_var_1 +,27,counter_var_0 var_1 +
2022,114 34 20 50 113,24,114 38 17 112 113,5,9,19,19,20,17,24,var_0 counter_var_1 +,28,counter_var_0 var_1 +
2023,114 5 76 54 113,28,114 111 85 31 113,5,24,23,0,7,16,5,var_0 counter_var_1 +,47,counter_var_0 var_1 +
2024,114 106 8 57 113,45,114 23 70 77 113,19,23,26,15,8,1,34,var_0 counter_var_1 +,49,counter_var_0 var_1 +
2025,114 83 51 42 113,36,114 7 0 38 113,25,7,11,7,5,0,32,var_0 counter_var_1 +,18,counter_var_0 var_1 +
2026,114 82 41 34 113,27,114 60 109 65 113,24,2,3,3,18,17,27,var_0 counter_var_1 +,5,counter_var_0 var_1 +
2027,114 106 32 1 113,20,114 62 63 26 113,19,4,1,26,9,17,45,var_0 counter_var_1 +,5,counter_var_0 var_1 +
2028,114 30 11 6 113,7,114 112 107 28 113,1,25,6,28,11,15,29,var_0 counter_var_1 +,31,counter_var_0 var_1 +
2029,114 23 102 45 113,37,114 85 75 8 113,23,27,14,8,10,6,31,var_0 counter_var_1 +,41,counter_var_0 var_1 +
2030,114 28 57 97 113,32,114 72 70 77 113,28,14,4,15,11,1,43,var_0 counter_var_1 +,18,counter_var_0 var_1 +
2031,114 61 2 84 113,25,114 112 61 89 113,3,25,22,27,2,15,30,var_0 counter_var_1 +,47,counter_var_0 var_1 +
2032,114 32 104 4 113,7,114 61 10 11 113,3,3,4,11,12,10,14,var_0 counter_var_1 +,7,counter_var_0 var_1 +
2033,114 50 17 112 113,40,114 102 85 31 113,21,15,19,0,17,16,21,var_0 counter_var_1 +,34,counter_var_0 var_1 +
2034,114 92 26 25 113,30,114 7 55 10 113,5,7,25,10,3,9,15,var_0 counter_var_1 +,32,counter_var_0 var_1 +
2035,114 82 74 91 113,53,114 108 13 18 113,24,21,29,18,5,13,42,var_0 counter_var_1 +,50,counter_var_0 var_1 +
2036,114 6 93 105 113,18,114 86 64 66 113,6,28,12,4,1,18,10,var_0 counter_var_1 +,40,counter_var_0 var_1 +
2037,114 28 4 78 113,44,114 20 85 31 113,28,20,16,0,4,16,28,var_0 counter_var_1 +,36,counter_var_0 var_1 +
2038,114 54 48 95 113,27,114 77 78 107 113,25,19,2,14,2,9,39,var_0 counter_var_1 +,21,counter_var_0 var_1 +
2039,114 79 58 2 113,23,114 82 18 72 113,21,24,2,10,12,18,31,var_0 counter_var_1 +,26,counter_var_0 var_1 +
2040,114 81 57 97 113,27,114 54 49 32 113,23,25,4,1,11,3,24,var_0 counter_var_1 +,29,counter_var_0 var_1 +
2041,114 77 44 41 113,29,114 60 53 68 113,19,2,10,6,21,7,25,var_0 counter_var_1 +,12,counter_var_0 var_1 +
2042,114 94 98 74 113,19,114 27 43 40 113,7,27,12,9,6,20,16,var_0 counter_var_1 +,39,counter_var_0 var_1 +
2043,114 2 72 81 113,21,114 90 23 98 113,2,3,19,5,3,0,7,var_0 counter_var_1 +,22,counter_var_0 var_1 +
2044,114 14 71 100 113,21,114 85 11 6 113,14,27,7,6,2,11,20,var_0 counter_var_1 +,34,counter_var_0 var_1 +
2045,114 13 67 80 113,31,114 24 64 66 113,13,24,18,4,21,18,17,var_0 counter_var_1 +,42,counter_var_0 var_1 +
2046,114 45 81 52 113,37,114 58 59 30 113,16,0,21,30,12,13,46,var_0 counter_var_1 +,21,counter_var_0 var_1 +
2047,114 29 9 70 113,8,114 97 34 47 113,0,10,8,16,9,11,16,var_0 counter_var_1 +,18,counter_var_0 var_1 +
2048,114 101 89 29 113,43,114 15 53 68 113,14,15,29,6,20,7,20,var_0 counter_var_1 +,44,counter_var_0 var_1 +
2049,114 54 29 17 113,42,114 32 65 67 113,25,3,17,5,6,19,30,var_0 counter_var_1 +,20,counter_var_0 var_1 +
2050,114 79 11 6 113,27,114 35 62 43 113,21,6,6,12,11,16,33,var_0 counter_var_1 +,12,counter_var_0 var_1 +
2051,114 49 12 83 113,41,114 20 1 0 113,20,20,21,0,12,1,20,var_0 counter_var_1 +,41,counter_var_0 var_1 +
2052,114 70 96 7 113,19,114 7 20 50 113,12,7,7,19,4,20,31,var_0 counter_var_1 +,14,counter_var_0 var_1 +
2053,114 42 100 75 113,26,114 41 3 86 113,13,12,13,24,8,3,37,var_0 counter_var_1 +,25,counter_var_0 var_1 +
2054,114 24 73 73 113,35,114 3 89 29 113,24,3,11,29,4,20,53,var_0 counter_var_1 +,14,counter_var_0 var_1 +
2055,114 105 109 65 113,21,114 82 30 99 113,18,24,3,6,17,7,24,var_0 counter_var_1 +,27,counter_var_0 var_1 +
2056,114 82 2 84 113,46,114 11 87 60 113,24,11,22,29,2,18,53,var_0 counter_var_1 +,33,counter_var_0 var_1 +
2057,114 67 26 25 113,34,114 105 0 38 113,9,18,25,7,3,0,16,var_0 counter_var_1 +,43,counter_var_0 var_1 +
2058,114 23 25 20 113,43,114 6 21 49 113,23,6,20,18,2,21,41,var_0 counter_var_1 +,26,counter_var_0 var_1 +
2059,114 100 19 15 113,28,114 9 103 61 113,13,9,15,30,19,11,43,var_0 counter_var_1 +,24,counter_var_0 var_1 +
2060,114 62 28 55 113,28,114 38 105 111 113,4,9,24,18,5,13,22,var_0 counter_var_1 +,33,counter_var_0 var_1 +
2061,114 85 107 28 113,55,114 12 2 84 113,27,12,28,22,15,2,49,var_0 counter_var_1 +,40,counter_var_0 var_1 +
2062,114 57 92 51 113,48,114 77 39 36 113,28,19,20,5,0,16,33,var_0 counter_var_1 +,39,counter_var_0 var_1 +
2063,114 6 31 82 113,26,114 4 39 36 113,6,4,20,5,8,16,11,var_0 counter_var_1 +,24,counter_var_0 var_1 +
2064,114 35 78 107 113,20,114 71 89 29 113,6,13,14,29,9,20,35,var_0 counter_var_1 +,27,counter_var_0 var_1 +
2065,114 32 48 95 113,5,114 71 43 40 113,3,13,2,9,2,20,12,var_0 counter_var_1 +,15,counter_var_0 var_1 +
2066,114 70 46 87 113,37,114 109 58 2 113,12,22,25,2,0,12,14,var_0 counter_var_1 +,47,counter_var_0 var_1 +
2067,114 0 107 28 113,28,114 74 47 93 113,0,16,28,0,15,1,0,var_0 counter_var_1 +,44,counter_var_0 var_1 +
2068,114 18 107 28 113,46,114 84 53 68 113,18,26,28,6,15,7,24,var_0 counter_var_1 +,54,counter_var_0 var_1 +
2069,114 17 64 66 113,21,114 52 12 83 113,17,23,4,21,18,12,38,var_0 counter_var_1 +,27,counter_var_0 var_1 +
2070,114 17 91 106 113,30,114 30 29 17 113,17,1,13,17,22,6,34,var_0 counter_var_1 +,14,counter_var_0 var_1 +
2071,114 67 30 99 113,15,114 83 53 68 113,9,25,6,6,7,7,15,var_0 counter_var_1 +,31,counter_var_0 var_1 +
2072,114 17 90 102 113,26,114 11 21 49 113,17,11,9,18,21,21,35,var_0 counter_var_1 +,20,counter_var_0 var_1 +
2073,114 26 85 31 113,26,114 70 93 105 113,26,12,0,12,16,1,38,var_0 counter_var_1 +,12,counter_var_0 var_1 +
2074,114 105 29 17 113,35,114 36 50 27 113,18,7,17,27,6,4,45,var_0 counter_var_1 +,24,counter_var_0 var_1 +
2075,114 99 94 96 113,15,114 19 97 23 113,12,19,3,23,2,5,35,var_0 counter_var_1 +,22,counter_var_0 var_1 +
2076,114 59 105 111 113,19,114 79 68 71 113,1,21,18,9,13,22,10,var_0 counter_var_1 +,39,counter_var_0 var_1 +
2077,114 32 58 2 113,5,114 31 59 30 113,3,2,2,30,12,13,33,var_0 counter_var_1 +,4,counter_var_0 var_1 +
2078,114 36 61 89 113,34,114 16 76 54 113,7,16,27,23,15,7,30,var_0 counter_var_1 +,43,counter_var_0 var_1 +
2079,114 12 96 7 113,19,114 47 92 51 113,12,18,7,20,4,0,32,var_0 counter_var_1 +,25,counter_var_0 var_1 +
2080,114 77 85 31 113,19,114 11 101 39 113,19,11,0,8,16,9,27,var_0 counter_var_1 +,11,counter_var_0 var_1 +
2081,114 22 62 43 113,34,114 25 100 75 113,22,25,12,13,16,8,35,var_0 counter_var_1 +,37,counter_var_0 var_1 +
2082,114 88 34 47 113,17,114 104 6 64 113,1,17,16,2,11,6,3,var_0 counter_var_1 +,33,counter_var_0 var_1 +
2083,114 91 1 0 113,4,114 65 61 89 113,4,7,0,27,1,15,31,var_0 counter_var_1 +,7,counter_var_0 var_1 +
2084,114 19 23 98 113,24,114 46 85 31 113,19,17,5,0,0,16,19,var_0 counter_var_1 +,22,counter_var_0 var_1 +
2085,114 77 66 88 113,45,114 95 78 107 113,19,8,26,14,20,9,33,var_0 counter_var_1 +,34,counter_var_0 var_1 +
2086,114 107 101 39 113,28,114 95 86 94 113,20,8,8,1,9,17,21,var_0 counter_var_1 +,16,counter_var_0 var_1 +
2087,114 13 73 73 113,24,114 19 9 70 113,13,19,11,8,4,9,21,var_0 counter_var_1 +,30,counter_var_0 var_1 +
2088,114 49 55 10 113,30,114 61 96 7 113,20,3,10,7,9,4,27,var_0 counter_var_1 +,13,counter_var_0 var_1 +
2089,114 53 51 42 113,35,114 57 74 91 113,24,28,11,29,5,5,53,var_0 counter_var_1 +,39,counter_var_0 var_1 +
2090,114 54 10 11 113,36,114 3 100 75 113,25,3,11,13,10,8,38,var_0 counter_var_1 +,14,counter_var_0 var_1 +
2091,114 68 103 61 113,40,114 54 88 16 113,10,25,30,16,11,19,26,var_0 counter_var_1 +,55,counter_var_0 var_1 +
2092,114 71 87 60 113,42,114 77 67 80 113,13,19,29,18,18,21,31,var_0 counter_var_1 +,48,counter_var_0 var_1 +
2093,114 35 108 85 113,29,114 18 0 38 113,6,18,23,7,16,0,13,var_0 counter_var_1 +,41,counter_var_0 var_1 +
2094,114 22 4 78 113,38,114 32 96 7 113,22,3,16,7,4,4,29,var_0 counter_var_1 +,19,counter_var_0 var_1 +
2095,114 39 24 35 113,14,114 15 38 59 113,10,15,4,28,1,15,38,var_0 counter_var_1 +,19,counter_var_0 var_1 +
2096,114 97 31 82 113,30,114 14 27 101 113,10,14,20,8,8,4,18,var_0 counter_var_1 +,34,counter_var_0 var_1 +
2097,114 76 91 106 113,31,114 16 32 1 113,18,16,13,1,22,9,19,var_0 counter_var_1 +,29,counter_var_0 var_1 +
2098,114 25 5 24 113,49,114 59 57 97 113,25,1,24,4,5,11,29,var_0 counter_var_1 +,25,counter_var_0 var_1 +
2099,114 67 91 106 113,22,114 30 77 69 113,9,1,13,7,22,8,16,var_0 counter_var_1 +,14,counter_var_0 var_1 +
2100,114 20 45 103 113,30,114 7 27 101 113,20,7,10,8,22,4,28,var_0 counter_var_1 +,17,counter_var_0 var_1 +
2101,114 83 47 93 113,25,114 97 97 23 113,25,10,0,23,1,5,48,var_0 counter_var_1 +,10,counter_var_0 var_1 +
2102,114 11 19 15 113,26,114 92 83 3 113,11,5,15,3,19,14,14,var_0 counter_var_1 +,20,counter_var_0 var_1 +
2103,114 92 15 62 113,5,114 58 103 61 113,5,0,0,30,15,11,35,var_0 counter_var_1 +,0,counter_var_0 var_1 +
2104,114 85 48 95 113,29,114 56 40 76 113,27,27,2,14,2,17,41,var_0 counter_var_1 +,29,counter_var_0 var_1 +
2105,114 85 27 101 113,35,114 37 1 0 113,27,8,8,0,4,1,27,var_0 counter_var_1 +,16,counter_var_0 var_1 +
2106,114 33 60 63 113,5,114 83 46 87 113,4,25,1,25,14,0,29,var_0 counter_var_1 +,26,counter_var_0 var_1 +
2107,114 101 11 6 113,20,114 96 19 15 113,14,9,6,15,11,19,29,var_0 counter_var_1 +,15,counter_var_0 var_1 +
2108,114 10 27 101 113,18,114 109 28 55 113,10,22,8,24,4,5,34,var_0 counter_var_1 +,30,counter_var_0 var_1 +
2109,114 34 71 100 113,12,114 74 82 90 113,5,16,7,28,2,13,33,var_0 counter_var_1 +,23,counter_var_0 var_1 +
2110,114 33 15 62 113,4,114 80 53 68 113,4,22,0,6,15,7,10,var_0 counter_var_1 +,22,counter_var_0 var_1 +
2111,114 35 34 47 113,22,114 21 105 111 113,6,21,16,18,11,13,24,var_0 counter_var_1 +,37,counter_var_0 var_1 +
2112,114 24 79 58 113,51,114 105 26 25 113,24,18,27,25,10,3,49,var_0 counter_var_1 +,45,counter_var_0 var_1 +
2113,114 37 89 29 113,37,114 49 19 15 113,8,20,29,15,20,19,23,var_0 counter_var_1 +,49,counter_var_0 var_1 +
2114,114 89 112 13 113,15,114 42 98 74 113,2,13,13,12,20,6,14,var_0 counter_var_1 +,26,counter_var_0 var_1 +
2115,114 83 30 99 113,31,114 42 36 19 113,25,13,6,19,7,13,44,var_0 counter_var_1 +,19,counter_var_0 var_1 +
2116,114 85 42 46 113,42,114 37 13 18 113,27,8,15,18,19,13,45,var_0 counter_var_1 +,23,counter_var_0 var_1 +
2117,114 7 110 108 113,22,114 20 21 49 113,7,20,15,18,18,21,25,var_0 counter_var_1 +,35,counter_var_0 var_1 +
2118,114 109 83 3 113,25,114 38 110 108 113,22,9,3,15,14,18,37,var_0 counter_var_1 +,12,counter_var_0 var_1 +
2119,114 24 43 40 113,33,114 29 17 112 113,24,0,9,19,20,17,43,var_0 counter_var_1 +,9,counter_var_0 var_1 +
2120,114 21 111 79 113,38,114 17 77 69 113,21,17,17,7,19,8,28,var_0 counter_var_1 +,34,counter_var_0 var_1 +
2121,114 20 6 64 113,22,114 105 28 55 113,20,18,2,24,6,5,44,var_0 counter_var_1 +,20,counter_var_0 var_1 +
2122,114 86 3 86 113,52,114 107 89 29 113,28,20,24,29,3,20,57,var_0 counter_var_1 +,44,counter_var_0 var_1 +
2123,114 9 31 82 113,29,114 4 63 26 113,9,4,20,26,8,17,35,var_0 counter_var_1 +,24,counter_var_0 var_1 +
2124,114 22 21 49 113,40,114 78 91 106 113,22,20,18,13,21,22,35,var_0 counter_var_1 +,38,counter_var_0 var_1 +
2125,114 42 95 109 113,29,114 1 44 41 113,13,1,16,10,3,21,23,var_0 counter_var_1 +,17,counter_var_0 var_1 +
2126,114 12 38 59 113,40,114 9 85 31 113,12,9,28,0,15,16,12,var_0 counter_var_1 +,37,counter_var_0 var_1 +
2127,114 50 3 86 113,45,114 8 89 29 113,21,8,24,29,3,20,50,var_0 counter_var_1 +,32,counter_var_0 var_1 +
2128,114 90 90 102 113,12,114 55 3 86 113,3,26,9,24,21,3,27,var_0 counter_var_1 +,35,counter_var_0 var_1 +
2129,114 6 38 59 113,34,114 61 78 107 113,6,3,28,14,15,9,20,var_0 counter_var_1 +,31,counter_var_0 var_1 +
2130,114 78 108 85 113,43,114 55 0 38 113,20,26,23,7,16,0,27,var_0 counter_var_1 +,49,counter_var_0 var_1 +
2131,114 71 71 100 113,20,114 8 25 20 113,13,8,7,20,2,2,33,var_0 counter_var_1 +,15,counter_var_0 var_1 +
2132,114 72 56 5 113,19,114 108 3 86 113,14,21,5,24,10,3,38,var_0 counter_var_1 +,26,counter_var_0 var_1 +
2133,114 73 38 59 113,43,114 57 69 104 113,15,28,28,11,15,0,26,var_0 counter_var_1 +,56,counter_var_0 var_1 +
2134,114 36 1 0 113,7,114 11 50 27 113,7,11,0,27,1,4,34,var_0 counter_var_1 +,11,counter_var_0 var_1 +
2135,114 2 22 12 113,14,114 68 5 24 113,2,10,12,24,22,5,26,var_0 counter_var_1 +,22,counter_var_0 var_1 +
2136,114 31 74 91 113,31,114 63 35 37 113,2,5,29,6,5,12,8,var_0 counter_var_1 +,34,counter_var_0 var_1 +
2137,114 111 17 112 113,43,114 73 57 97 113,24,15,19,4,17,11,28,var_0 counter_var_1 +,34,counter_var_0 var_1 +
2138,114 53 70 77 113,39,114 55 16 21 113,24,26,15,21,1,16,45,var_0 counter_var_1 +,41,counter_var_0 var_1 +
2139,114 62 42 46 113,19,114 94 60 63 113,4,7,15,1,19,14,5,var_0 counter_var_1 +,22,counter_var_0 var_1 +
2140,114 50 29 17 113,38,114 84 20 50 113,21,26,17,19,6,20,40,var_0 counter_var_1 +,43,counter_var_0 var_1 +
2141,114 106 68 71 113,28,114 58 109 65 113,19,0,9,3,22,17,22,var_0 counter_var_1 +,9,counter_var_0 var_1 +
2142,114 3 15 62 113,3,114 32 87 60 113,3,3,0,29,15,18,32,var_0 counter_var_1 +,3,counter_var_0 var_1 +
2143,114 18 100 75 113,31,114 79 104 4 113,18,21,13,4,8,12,22,var_0 counter_var_1 +,34,counter_var_0 var_1 +
2144,114 64 74 91 113,35,114 61 72 81 113,6,3,29,19,5,3,25,var_0 counter_var_1 +,32,counter_var_0 var_1 +
2145,114 47 84 44 113,31,114 98 105 111 113,18,11,13,18,15,13,36,var_0 counter_var_1 +,24,counter_var_0 var_1 +
2146,114 34 43 40 113,14,114 84 55 10 113,5,26,9,10,20,9,15,var_0 counter_var_1 +,35,counter_var_0 var_1 +
2147,114 24 47 93 113,24,114 36 89 29 113,24,7,0,29,1,20,53,var_0 counter_var_1 +,7,counter_var_0 var_1 +
2148,114 86 46 87 113,53,114 14 88 16 113,28,14,25,16,0,19,44,var_0 counter_var_1 +,39,counter_var_0 var_1 +
2149,114 27 86 94 113,28,114 54 36 19 113,27,25,1,19,17,13,46,var_0 counter_var_1 +,26,counter_var_0 var_1 +
2150,114 9 110 108 113,24,114 22 89 29 113,9,22,15,29,18,20,38,var_0 counter_var_1 +,37,counter_var_0 var_1 +
2151,114 67 61 89 113,36,114 76 80 48 113,9,18,27,17,15,11,26,var_0 counter_var_1 +,45,counter_var_0 var_1 +
2152,114 39 71 100 113,17,114 55 40 76 113,10,26,7,14,2,17,24,var_0 counter_var_1 +,33,counter_var_0 var_1 +
2153,114 65 89 29 113,36,114 35 54 53 113,7,6,29,22,20,8,29,var_0 counter_var_1 +,35,counter_var_0 var_1 +
2154,114 99 96 7 113,19,114 18 28 55 113,12,18,7,24,4,5,36,var_0 counter_var_1 +,25,counter_var_0 var_1 +
2155,114 51 19 15 113,37,114 89 62 43 113,22,2,15,12,19,16,34,var_0 counter_var_1 +,17,counter_var_0 var_1 +
2156,114 19 3 86 113,43,114 100 104 4 113,19,13,24,4,3,12,23,var_0 counter_var_1 +,37,counter_var_0 var_1 +
2157,114 38 39 36 113,14,114 26 62 43 113,9,26,5,12,16,16,21,var_0 counter_var_1 +,31,counter_var_0 var_1 +
2158,114 26 18 72 113,36,114 15 51 42 113,26,15,10,11,18,5,37,var_0 counter_var_1 +,25,counter_var_0 var_1 +
2159,114 11 33 14 113,25,114 66 52 9 113,11,8,14,9,10,6,20,var_0 counter_var_1 +,22,counter_var_0 var_1 +
2160,114 87 49 32 113,1,114 33 38 59 113,0,4,1,28,3,15,28,var_0 counter_var_1 +,5,counter_var_0 var_1 +
2161,114 3 10 11 113,14,114 55 51 42 113,3,26,11,11,10,5,14,var_0 counter_var_1 +,37,counter_var_0 var_1 +
2162,114 81 29 17 113,40,114 107 35 37 113,23,20,17,6,6,12,29,var_0 counter_var_1 +,37,counter_var_0 var_1 +
2163,114 21 28 55 113,45,114 41 112 13 113,21,12,24,13,5,20,34,var_0 counter_var_1 +,36,counter_var_0 var_1 +
2164,114 59 76 54 113,24,114 4 67 80 113,1,4,23,18,7,21,19,var_0 counter_var_1 +,27,counter_var_0 var_1 +
2165,114 105 17 112 113,37,114 112 73 73 113,18,25,19,11,17,4,29,var_0 counter_var_1 +,44,counter_var_0 var_1 +
2166,114 80 38 59 113,50,114 35 66 88 113,22,6,28,26,15,20,48,var_0 counter_var_1 +,34,counter_var_0 var_1 +
2167,114 90 48 95 113,5,114 79 71 100 113,3,21,2,7,2,2,10,var_0 counter_var_1 +,23,counter_var_0 var_1 +
2168,114 19 60 63 113,20,114 58 63 26 113,19,0,1,26,14,17,45,var_0 counter_var_1 +,1,counter_var_0 var_1 +
2169,114 3 40 76 113,17,114 45 72 81 113,3,16,14,19,17,3,22,var_0 counter_var_1 +,30,counter_var_0 var_1 +
2170,114 99 88 16 113,28,114 88 59 30 113,12,1,16,30,19,13,42,var_0 counter_var_1 +,17,counter_var_0 var_1 +
2171,114 13 0 38 113,20,114 59 84 44 113,13,1,7,13,0,15,26,var_0 counter_var_1 +,8,counter_var_0 var_1 +
2172,114 95 51 42 113,19,114 2 109 65 113,8,2,11,3,5,17,11,var_0 counter_var_1 +,13,counter_var_0 var_1 +
2173,114 112 89 29 113,54,114 86 40 76 113,25,28,29,14,20,17,39,var_0 counter_var_1 +,57,counter_var_0 var_1 +
2174,114 19 53 68 113,25,114 22 77 69 113,19,22,6,7,7,8,26,var_0 counter_var_1 +,28,counter_var_0 var_1 +
2175,114 32 77 69 113,10,114 98 5 24 113,3,11,7,24,8,5,27,var_0 counter_var_1 +,18,counter_var_0 var_1 +
2176,114 8 17 112 113,27,114 27 53 68 113,8,27,19,6,17,7,14,var_0 counter_var_1 +,46,counter_var_0 var_1 +
2177,114 98 99 92 113,41,114 110 15 62 113,11,23,30,0,7,15,11,var_0 counter_var_1 +,53,counter_var_0 var_1 +
2178,114 85 47 93 113,27,114 23 86 94 113,27,23,0,1,1,17,28,var_0 counter_var_1 +,23,counter_var_0 var_1 +
2179,114 81 109 65 113,26,114 38 79 58 113,23,9,3,27,17,10,50,var_0 counter_var_1 +,12,counter_var_0 var_1 +
2180,114 100 44 41 113,23,114 69 6 64 113,13,11,10,2,21,6,15,var_0 counter_var_1 +,21,counter_var_0 var_1 +
2181,114 18 102 45 113,32,114 72 2 84 113,18,14,14,22,10,2,40,var_0 counter_var_1 +,28,counter_var_0 var_1 +
2182,114 47 8 57 113,44,114 27 65 67 113,18,27,26,5,8,19,23,var_0 counter_var_1 +,53,counter_var_0 var_1 +
2183,114 94 6 64 113,9,114 82 111 79 113,7,24,2,17,6,19,24,var_0 counter_var_1 +,26,counter_var_0 var_1 +
2184,114 74 74 91 113,45,114 99 16 21 113,16,12,29,21,5,16,37,var_0 counter_var_1 +,41,counter_var_0 var_1 +
2185,114 78 97 23 113,43,114 94 1 0 113,20,7,23,0,5,1,20,var_0 counter_var_1 +,30,counter_var_0 var_1 +
2186,114 108 34 47 113,37,114 24 90 102 113,21,24,16,9,11,21,30,var_0 counter_var_1 +,40,counter_var_0 var_1 +
2187,114 24 12 83 113,45,114 31 73 73 113,24,2,21,11,12,4,35,var_0 counter_var_1 +,23,counter_var_0 var_1 +
2188,114 30 9 70 113,9,114 64 79 58 113,1,6,8,27,9,10,28,var_0 counter_var_1 +,14,counter_var_0 var_1 +
2189,114 71 31 82 113,33,114 61 90 102 113,13,3,20,9,8,21,22,var_0 counter_var_1 +,23,counter_var_0 var_1 +
2190,114 37 82 90 113,36,114 99 17 112 113,8,12,28,19,13,17,27,var_0 counter_var_1 +,40,counter_var_0 var_1 +
2191,114 76 79 58 113,45,114 8 96 7 113,18,8,27,7,10,4,25,var_0 counter_var_1 +,35,counter_var_0 var_1 +
2192,114 72 50 27 113,41,114 24 55 10 113,14,24,27,10,4,9,24,var_0 counter_var_1 +,51,counter_var_0 var_1 +
2193,114 22 77 69 113,29,114 39 50 27 113,22,10,7,27,8,4,49,var_0 counter_var_1 +,17,counter_var_0 var_1 +
2194,114 13 36 19 113,32,114 42 107 28 113,13,13,19,28,13,15,41,var_0 counter_var_1 +,32,counter_var_0 var_1 +
2195,114 20 69 104 113,31,114 0 19 15 113,20,0,11,15,0,19,35,var_0 counter_var_1 +,11,counter_var_0 var_1 +
2196,114 42 27 101 113,21,114 63 2 84 113,13,5,8,22,4,2,35,var_0 counter_var_1 +,13,counter_var_0 var_1 +
2197,114 3 84 44 113,16,114 27 5 24 113,3,27,13,24,15,5,27,var_0 counter_var_1 +,40,counter_var_0 var_1 +
2198,114 94 21 49 113,25,114 89 56 5 113,7,2,18,5,21,10,12,var_0 counter_var_1 +,20,counter_var_0 var_1 +
2199,114 1 55 10 113,11,114 56 71 100 113,1,27,10,7,9,2,8,var_0 counter_var_1 +,37,counter_var_0 var_1 +
2200,114 110 101 39 113,31,114 84 94 96 113,23,26,8,3,9,2,26,var_0 counter_var_1 +,34,counter_var_0 var_1 +
2201,114 93 5 24 113,30,114 60 45 103 113,6,2,24,10,5,22,16,var_0 counter_var_1 +,26,counter_var_0 var_1 +
2202,114 14 94 96 113,17,114 17 64 66 113,14,17,3,4,2,18,18,var_0 counter_var_1 +,20,counter_var_0 var_1 +
2203,114 69 92 51 113,31,114 52 24 35 113,11,23,20,4,0,1,15,var_0 counter_var_1 +,43,counter_var_0 var_1 +
2204,114 88 9 70 113,9,114 36 77 69 113,1,7,8,7,9,8,8,var_0 counter_var_1 +,15,counter_var_0 var_1 +
2205,114 86 73 73 113,39,114 7 93 105 113,28,7,11,12,4,1,40,var_0 counter_var_1 +,18,counter_var_0 var_1 +
2206,114 38 91 106 113,22,114 107 95 109 113,9,20,13,16,22,3,25,var_0 counter_var_1 +,33,counter_var_0 var_1 +
2207,114 78 61 89 113,47,114 84 36 19 113,20,26,27,19,15,13,39,var_0 counter_var_1 +,53,counter_var_0 var_1 +
2208,114 76 89 29 113,47,114 5 108 85 113,18,5,29,23,20,16,41,var_0 counter_var_1 +,34,counter_var_0 var_1 +
2209,114 58 30 99 113,6,114 100 19 15 113,0,13,6,15,7,19,15,var_0 counter_var_1 +,19,counter_var_0 var_1 +
2210,114 94 51 42 113,18,114 20 39 36 113,7,20,11,5,5,16,12,var_0 counter_var_1 +,31,counter_var_0 var_1 +
2211,114 77 58 2 113,21,114 66 83 3 113,19,8,2,3,12,14,22,var_0 counter_var_1 +,10,counter_var_0 var_1 +
2212,114 31 106 56 113,27,114 17 105 111 113,2,17,25,18,14,13,20,var_0 counter_var_1 +,42,counter_var_0 var_1 +
2213,114 33 6 64 113,6,114 112 111 79 113,4,25,2,17,6,19,21,var_0 counter_var_1 +,27,counter_var_0 var_1 +
2214,114 77 39 36 113,24,114 37 59 30 113,19,8,5,30,16,13,49,var_0 counter_var_1 +,13,counter_var_0 var_1 +
2215,114 14 50 27 113,41,114 86 76 54 113,14,28,27,23,4,7,37,var_0 counter_var_1 +,55,counter_var_0 var_1 +
2216,114 23 12 83 113,44,114 81 22 12 113,23,23,21,12,12,22,35,var_0 counter_var_1 +,44,counter_var_0 var_1 +
2217,114 93 72 81 113,25,114 28 75 8 113,6,28,19,8,3,6,14,var_0 counter_var_1 +,47,counter_var_0 var_1 +
2218,114 71 38 59 113,41,114 6 8 57 113,13,6,28,26,15,8,39,var_0 counter_var_1 +,34,counter_var_0 var_1 +
2219,114 89 41 34 113,5,114 0 13 18 113,2,0,3,18,18,13,20,var_0 counter_var_1 +,3,counter_var_0 var_1 +
2220,114 109 31 82 113,42,114 18 41 34 113,22,18,20,3,8,18,25,var_0 counter_var_1 +,38,counter_var_0 var_1 +
2221,114 98 85 31 113,11,114 105 56 5 113,11,18,0,5,16,10,16,var_0 counter_var_1 +,18,counter_var_0 var_1 +
2222,114 16 35 37 113,22,114 62 91 106 113,16,4,6,13,12,22,29,var_0 counter_var_1 +,10,counter_var_0 var_1 +
2223,114 78 4 78 113,36,114 102 61 89 113,20,15,16,27,4,15,47,var_0 counter_var_1 +,31,counter_var_0 var_1 +
2224,114 54 43 40 113,34,114 62 48 95 113,25,4,9,2,20,2,27,var_0 counter_var_1 +,13,counter_var_0 var_1 +
2225,114 35 72 81 113,25,114 20 7 22 113,6,20,19,22,3,7,28,var_0 counter_var_1 +,39,counter_var_0 var_1 +
2226,114 54 78 107 113,39,114 22 106 56 113,25,22,14,25,9,14,50,var_0 counter_var_1 +,36,counter_var_0 var_1 +
2227,114 66 79 58 113,35,114 49 45 103 113,8,20,27,10,10,22,18,var_0 counter_var_1 +,47,counter_var_0 var_1 +
2228,114 74 44 41 113,26,114 67 52 9 113,16,9,10,9,21,6,25,var_0 counter_var_1 +,19,counter_var_0 var_1 +
2229,114 59 109 65 113,4,114 92 60 63 113,1,5,3,1,17,14,2,var_0 counter_var_1 +,8,counter_var_0 var_1 +
2230,114 65 87 60 113,36,114 42 106 56 113,7,13,29,25,18,14,32,var_0 counter_var_1 +,42,counter_var_0 var_1 +
2231,114 88 112 13 113,14,114 19 19 15 113,1,19,13,15,20,19,16,var_0 counter_var_1 +,32,counter_var_0 var_1 +
2232,114 10 76 54 113,33,114 107 47 93 113,10,20,23,0,7,1,10,var_0 counter_var_1 +,43,counter_var_0 var_1 +
2233,114 82 38 59 113,52,114 34 2 84 113,24,5,28,22,15,2,46,var_0 counter_var_1 +,33,counter_var_0 var_1 +
2234,114 36 80 48 113,24,114 68 104 4 113,7,10,17,4,11,12,11,var_0 counter_var_1 +,27,counter_var_0 var_1 +
2235,114 22 49 32 113,23,114 86 86 94 113,22,28,1,1,3,17,23,var_0 counter_var_1 +,29,counter_var_0 var_1 +
2236,114 44 106 56 113,40,114 99 108 85 113,15,12,25,23,14,16,38,var_0 counter_var_1 +,37,counter_var_0 var_1 +
2237,114 31 46 87 113,27,114 54 99 92 113,2,25,25,30,0,7,32,var_0 counter_var_1 +,50,counter_var_0 var_1 +
2238,114 44 69 104 113,26,114 90 25 20 113,15,3,11,20,0,2,35,var_0 counter_var_1 +,14,counter_var_0 var_1 +
2239,114 68 104 4 113,14,114 77 89 29 113,10,19,4,29,12,20,39,var_0 counter_var_1 +,23,counter_var_0 var_1 +
2240,114 82 44 41 113,34,114 12 76 54 113,24,12,10,23,21,7,47,var_0 counter_var_1 +,22,counter_var_0 var_1 +
2241,114 1 84 44 113,14,114 24 15 62 113,1,24,13,0,15,15,1,var_0 counter_var_1 +,37,counter_var_0 var_1 +
2242,114 17 83 3 113,20,114 102 47 93 113,17,15,3,0,14,1,17,var_0 counter_var_1 +,18,counter_var_0 var_1 +
2243,114 97 90 102 113,19,114 78 59 30 113,10,20,9,30,21,13,40,var_0 counter_var_1 +,29,counter_var_0 var_1 +
2244,114 110 36 19 113,42,114 90 102 45 113,23,3,19,14,13,10,37,var_0 counter_var_1 +,22,counter_var_0 var_1 +
2245,114 41 27 101 113,20,114 50 42 46 113,12,21,8,15,4,19,27,var_0 counter_var_1 +,29,counter_var_0 var_1 +
2246,114 112 95 109 113,41,114 90 28 55 113,25,3,16,24,3,5,49,var_0 counter_var_1 +,19,counter_var_0 var_1 +
2247,114 69 49 32 113,12,114 35 63 26 113,11,6,1,26,3,17,37,var_0 counter_var_1 +,7,counter_var_0 var_1 +
2248,114 8 4 78 113,24,114 73 100 75 113,8,15,16,13,4,8,21,var_0 counter_var_1 +,31,counter_var_0 var_1 +
2249,114 60 55 10 113,12,114 92 63 26 113,2,5,10,26,9,17,28,var_0 counter_var_1 +,15,counter_var_0 var_1 +
2250,114 82 24 35 113,28,114 17 19 15 113,24,17,4,15,1,19,39,var_0 counter_var_1 +,21,counter_var_0 var_1 +
2251,114 92 67 80 113,23,114 57 97 23 113,5,28,18,23,21,5,28,var_0 counter_var_1 +,46,counter_var_0 var_1 +
2252,114 31 89 29 113,31,114 109 50 27 113,2,22,29,27,20,4,29,var_0 counter_var_1 +,51,counter_var_0 var_1 +
2253,114 32 89 29 113,32,114 48 21 49 113,3,19,29,18,20,21,21,var_0 counter_var_1 +,48,counter_var_0 var_1 +
2254,114 108 96 7 113,28,114 99 100 75 113,21,12,7,13,4,8,34,var_0 counter_var_1 +,19,counter_var_0 var_1 +
2255,114 53 48 95 113,26,114 66 16 21 113,24,8,2,21,2,16,45,var_0 counter_var_1 +,10,counter_var_0 var_1 +
2256,114 108 87 60 113,50,114 47 56 5 113,21,18,29,5,18,10,26,var_0 counter_var_1 +,47,counter_var_0 var_1 +
2257,114 5 59 30 113,35,114 96 97 23 113,5,9,30,23,13,5,28,var_0 counter_var_1 +,39,counter_var_0 var_1 +
2258,114 82 107 28 113,52,114 29 49 32 113,24,0,28,1,15,3,25,var_0 counter_var_1 +,28,counter_var_0 var_1 +
2259,114 87 38 59 113,28,114 100 53 68 113,0,13,28,6,15,7,6,var_0 counter_var_1 +,41,counter_var_0 var_1 +
2260,114 96 25 20 113,29,114 103 111 79 113,9,16,20,17,2,19,26,var_0 counter_var_1 +,36,counter_var_0 var_1 +
2261,114 100 88 16 113,29,114 53 90 102 113,13,24,16,9,19,21,22,var_0 counter_var_1 +,40,counter_var_0 var_1 +
2262,114 32 14 33 113,5,114 79 66 88 113,3,21,2,26,14,20,29,var_0 counter_var_1 +,23,counter_var_0 var_1 +
2263,114 43 85 31 113,14,114 29 31 82 113,14,0,0,20,16,8,34,var_0 counter_var_1 +,0,counter_var_0 var_1 +
2264,114 24 26 25 113,49,114 108 0 38 113,24,21,25,7,3,0,31,var_0 counter_var_1 +,46,counter_var_0 var_1 +
2265,114 30 70 77 113,16,114 96 92 51 113,1,9,15,20,1,0,21,var_0 counter_var_1 +,24,counter_var_0 var_1 +
2266,114 52 88 16 113,39,114 92 42 46 113,23,5,16,15,19,19,38,var_0 counter_var_1 +,21,counter_var_0 var_1 +
2267,114 73 28 55 113,39,114 92 9 70 113,15,5,24,8,5,9,23,var_0 counter_var_1 +,29,counter_var_0 var_1 +
2268,114 0 108 85 113,23,114 93 61 89 113,0,6,23,27,16,15,27,var_0 counter_var_1 +,29,counter_var_0 var_1 +
2269,114 36 37 110 113,24,114 100 18 72 113,7,13,17,10,14,18,17,var_0 counter_var_1 +,30,counter_var_0 var_1 +
2270,114 14 3 86 113,38,114 102 67 80 113,14,15,24,18,3,21,32,var_0 counter_var_1 +,39,counter_var_0 var_1 +
2271,114 40 54 53 113,33,114 16 81 52 113,11,16,22,21,8,12,32,var_0 counter_var_1 +,38,counter_var_0 var_1 +
2272,114 112 12 83 113,46,114 75 98 74 113,25,17,21,12,12,6,37,var_0 counter_var_1 +,38,counter_var_0 var_1 +
2273,114 34 45 103 113,15,114 70 1 0 113,5,12,10,0,22,1,5,var_0 counter_var_1 +,22,counter_var_0 var_1 +
2274,114 76 55 10 113,28,114 82 31 82 113,18,24,10,20,9,8,38,var_0 counter_var_1 +,34,counter_var_0 var_1 +
2275,114 22 80 48 113,39,114 100 28 55 113,22,13,17,24,11,5,46,var_0 counter_var_1 +,30,counter_var_0 var_1 +
2276,114 10 10 11 113,21,114 75 47 93 113,10,17,11,0,10,1,10,var_0 counter_var_1 +,28,counter_var_0 var_1 +
2277,114 24 36 19 113,43,114 37 32 1 113,24,8,19,1,13,9,25,var_0 counter_var_1 +,27,counter_var_0 var_1 +
2278,114 83 95 109 113,41,114 12 48 95 113,25,12,16,2,3,2,27,var_0 counter_var_1 +,28,counter_var_0 var_1 +
2279,114 50 66 88 113,47,114 11 74 91 113,21,11,26,29,20,5,50,var_0 counter_var_1 +,37,counter_var_0 var_1 +
2280,114 103 93 105 113,28,114 55 92 51 113,16,26,12,20,1,0,36,var_0 counter_var_1 +,38,counter_var_0 var_1 +
2281,114 52 14 33 113,25,114 77 90 102 113,23,19,2,9,14,21,32,var_0 counter_var_1 +,21,counter_var_0 var_1 +
2282,114 107 20 50 113,39,114 98 30 99 113,20,11,19,6,20,7,26,var_0 counter_var_1 +,30,counter_var_0 var_1 +
2283,114 53 45 103 113,34,114 53 59 30 113,24,24,10,30,22,13,54,var_0 counter_var_1 +,34,counter_var_0 var_1 +
2284,114 90 13 18 113,21,114 78 32 1 113,3,20,18,1,13,9,4,var_0 counter_var_1 +,38,counter_var_0 var_1 +
2285,114 100 7 22 113,35,114 37 84 44 113,13,8,22,13,7,15,26,var_0 counter_var_1 +,30,counter_var_0 var_1 +
2286,114 93 78 107 113,20,114 65 41 34 113,6,7,14,3,9,18,9,var_0 counter_var_1 +,21,counter_var_0 var_1 +
2287,114 95 99 92 113,38,114 16 48 95 113,8,16,30,2,7,2,10,var_0 counter_var_1 +,46,counter_var_0 var_1 +
2288,114 5 48 95 113,7,114 102 38 59 113,5,15,2,28,2,15,33,var_0 counter_var_1 +,17,counter_var_0 var_1 +
2289,114 98 70 77 113,26,114 63 75 8 113,11,5,15,8,1,6,19,var_0 counter_var_1 +,20,counter_var_0 var_1 +
2290,114 7 103 61 113,37,114 77 6 64 113,7,19,30,2,11,6,9,var_0 counter_var_1 +,49,counter_var_0 var_1 +
2291,114 86 55 10 113,38,114 77 33 14 113,28,19,10,14,9,10,42,var_0 counter_var_1 +,29,counter_var_0 var_1 +
2292,114 36 52 9 113,16,114 51 14 33 113,7,22,9,2,6,14,9,var_0 counter_var_1 +,31,counter_var_0 var_1 +
2293,114 103 29 17 113,33,114 72 68 71 113,16,14,17,9,6,22,25,var_0 counter_var_1 +,31,counter_var_0 var_1 +
2294,114 49 87 60 113,49,114 29 34 47 113,20,0,29,16,18,11,36,var_0 counter_var_1 +,29,counter_var_0 var_1 +
2295,114 59 65 67 113,6,114 70 82 90 113,1,12,5,28,19,13,29,var_0 counter_var_1 +,17,counter_var_0 var_1 +
2296,114 0 36 19 113,19,114 103 105 111 113,0,16,19,18,13,13,18,var_0 counter_var_1 +,35,counter_var_0 var_1 +
2297,114 96 72 81 113,28,114 51 17 112 113,9,22,19,19,3,17,28,var_0 counter_var_1 +,41,counter_var_0 var_1 +
2298,114 69 32 1 113,12,114 35 81 52 113,11,6,1,21,9,12,32,var_0 counter_var_1 +,7,counter_var_0 var_1 +
2299,114 49 76 54 113,43,114 23 50 27 113,20,23,23,27,7,4,47,var_0 counter_var_1 +,46,counter_var_0 var_1 +
2300,114 85 22 12 113,39,114 72 36 19 113,27,14,12,19,22,13,46,var_0 counter_var_1 +,26,counter_var_0 var_1 +
2301,114 29 55 10 113,10,114 40 12 83 113,0,11,10,21,9,12,21,var_0 counter_var_1 +,21,counter_var_0 var_1 +
2302,114 28 45 103 113,38,114 45 99 92 113,28,16,10,30,22,7,58,var_0 counter_var_1 +,26,counter_var_0 var_1 +
2303,114 51 66 88 113,48,114 72 35 37 113,22,14,26,6,20,12,28,var_0 counter_var_1 +,40,counter_var_0 var_1 +
2304,114 80 95 109 113,38,114 12 31 82 113,22,12,16,20,3,8,42,var_0 counter_var_1 +,28,counter_var_0 var_1 +
2305,114 97 12 83 113,31,114 111 112 13 113,10,24,21,13,12,20,23,var_0 counter_var_1 +,45,counter_var_0 var_1 +
2306,114 85 0 38 113,34,114 23 81 52 113,27,23,7,21,0,12,48,var_0 counter_var_1 +,30,counter_var_0 var_1 +
2307,114 109 61 89 113,49,114 97 68 71 113,22,10,27,9,15,22,31,var_0 counter_var_1 +,37,counter_var_0 var_1 +
2308,114 15 13 18 113,33,114 102 12 83 113,15,15,18,21,13,12,36,var_0 counter_var_1 +,33,counter_var_0 var_1 +
2309,114 83 100 75 113,38,114 51 37 110 113,25,22,13,17,8,14,42,var_0 counter_var_1 +,35,counter_var_0 var_1 +
2310,114 79 26 25 113,46,114 2 25 20 113,21,2,25,20,3,2,41,var_0 counter_var_1 +,27,counter_var_0 var_1 +
2311,114 93 59 30 113,36,114 52 28 55 113,6,23,30,24,13,5,30,var_0 counter_var_1 +,53,counter_var_0 var_1 +
2312,114 77 26 25 113,44,114 21 91 106 113,19,21,25,13,3,22,32,var_0 counter_var_1 +,46,counter_var_0 var_1 +
2313,114 94 88 16 113,23,114 52 52 9 113,7,23,16,9,19,6,16,var_0 counter_var_1 +,39,counter_var_0 var_1 +
2314,114 34 7 22 113,27,114 35 34 47 113,5,6,22,16,7,11,21,var_0 counter_var_1 +,28,counter_var_0 var_1 +
2315,114 41 37 110 113,29,114 34 99 92 113,12,5,17,30,14,7,42,var_0 counter_var_1 +,22,counter_var_0 var_1 +
2316,114 40 10 11 113,22,114 73 27 101 113,11,15,11,8,10,4,19,var_0 counter_var_1 +,26,counter_var_0 var_1 +
2317,114 106 17 112 113,38,114 65 33 14 113,19,7,19,14,17,10,33,var_0 counter_var_1 +,26,counter_var_0 var_1 +
2318,114 50 63 26 113,47,114 111 6 64 113,21,24,26,2,17,6,23,var_0 counter_var_1 +,50,counter_var_0 var_1 +
2319,114 27 88 16 113,43,114 85 31 82 113,27,27,16,20,19,8,47,var_0 counter_var_1 +,43,counter_var_0 var_1 +
2320,114 68 34 47 113,26,114 73 94 96 113,10,15,16,3,11,2,13,var_0 counter_var_1 +,31,counter_var_0 var_1 +
2321,114 3 5 24 113,27,114 100 54 53 113,3,13,24,22,5,8,25,var_0 counter_var_1 +,37,counter_var_0 var_1 +
2322,114 89 70 77 113,17,114 33 44 41 113,2,4,15,10,1,21,12,var_0 counter_var_1 +,19,counter_var_0 var_1 +
2323,114 97 87 60 113,39,114 96 46 87 113,10,9,29,25,18,0,35,var_0 counter_var_1 +,38,counter_var_0 var_1 +
2324,114 59 30 99 113,7,114 74 0 38 113,1,16,6,7,7,0,8,var_0 counter_var_1 +,22,counter_var_0 var_1 +
2325,114 88 64 66 113,5,114 16 97 23 113,1,16,4,23,18,5,24,var_0 counter_var_1 +,20,counter_var_0 var_1 +
2326,114 61 51 42 113,14,114 31 18 72 113,3,2,11,10,5,18,13,var_0 counter_var_1 +,13,counter_var_0 var_1 +
2327,114 86 52 9 113,37,114 33 89 29 113,28,4,9,29,6,20,57,var_0 counter_var_1 +,13,counter_var_0 var_1 +
2328,114 10 38 59 113,38,114 110 43 40 113,10,23,28,9,15,20,19,var_0 counter_var_1 +,51,counter_var_0 var_1 +
2329,114 104 11 6 113,23,114 46 51 42 113,17,17,6,11,11,5,28,var_0 counter_var_1 +,23,counter_var_0 var_1 +
2330,114 92 92 51 113,25,114 64 71 100 113,5,6,20,7,0,2,12,var_0 counter_var_1 +,26,counter_var_0 var_1 +
2331,114 48 107 28 113,47,114 103 22 12 113,19,16,28,12,15,22,31,var_0 counter_var_1 +,44,counter_var_0 var_1 +
2332,114 11 11 6 113,17,114 6 30 99 113,11,6,6,6,11,7,17,var_0 counter_var_1 +,12,counter_var_0 var_1 +
2333,114 10 1 0 113,10,114 111 28 55 113,10,24,0,24,1,5,34,var_0 counter_var_1 +,24,counter_var_0 var_1 +
2334,114 15 106 56 113,40,114 82 23 98 113,15,24,25,5,14,0,20,var_0 counter_var_1 +,49,counter_var_0 var_1 +
2335,114 81 39 36 113,28,114 6 48 95 113,23,6,5,2,16,2,25,var_0 counter_var_1 +,11,counter_var_0 var_1 +
2336,114 71 75 8 113,21,114 67 38 59 113,13,9,8,28,6,15,41,var_0 counter_var_1 +,17,counter_var_0 var_1 +
2337,114 89 83 3 113,5,114 34 82 90 113,2,5,3,28,14,13,30,var_0 counter_var_1 +,8,counter_var_0 var_1 +
2338,114 32 42 46 113,18,114 61 77 69 113,3,3,15,7,19,8,10,var_0 counter_var_1 +,18,counter_var_0 var_1 +
2339,114 72 89 29 113,43,114 9 10 11 113,14,9,29,11,20,10,25,var_0 counter_var_1 +,38,counter_var_0 var_1 +
2340,114 112 34 47 113,41,114 107 29 17 113,25,20,16,17,11,6,42,var_0 counter_var_1 +,36,counter_var_0 var_1 +
2341,114 96 21 49 113,27,114 67 29 17 113,9,9,18,17,21,6,26,var_0 counter_var_1 +,27,counter_var_0 var_1 +
2342,114 40 44 41 113,21,114 16 65 67 113,11,16,10,5,21,19,16,var_0 counter_var_1 +,26,counter_var_0 var_1 +
2343,114 58 4 78 113,16,114 10 80 48 113,0,10,16,17,4,11,17,var_0 counter_var_1 +,26,counter_var_0 var_1 +
2344,114 70 13 18 113,30,114 1 50 27 113,12,1,18,27,13,4,39,var_0 counter_var_1 +,19,counter_var_0 var_1 +
2345,114 24 100 75 113,37,114 16 46 87 113,24,16,13,25,8,0,49,var_0 counter_var_1 +,29,counter_var_0 var_1 +
2346,114 10 62 43 113,22,114 49 43 40 113,10,20,12,9,16,20,19,var_0 counter_var_1 +,32,counter_var_0 var_1 +
2347,114 68 89 29 113,39,114 49 99 92 113,10,20,29,30,20,7,40,var_0 counter_var_1 +,49,counter_var_0 var_1 +
2348,114 0 73 73 113,11,114 51 11 6 113,0,22,11,6,4,11,6,var_0 counter_var_1 +,33,counter_var_0 var_1 +
2349,114 2 9 70 113,10,114 2 65 67 113,2,2,8,5,9,19,7,var_0 counter_var_1 +,10,counter_var_0 var_1 +
2350,114 21 1 0 113,21,114 101 91 106 113,21,14,0,13,1,22,34,var_0 counter_var_1 +,14,counter_var_0 var_1 +
2351,114 84 13 18 113,44,114 79 77 69 113,26,21,18,7,13,8,33,var_0 counter_var_1 +,39,counter_var_0 var_1 +
2352,114 32 71 100 113,10,114 100 0 38 113,3,13,7,7,2,0,10,var_0 counter_var_1 +,20,counter_var_0 var_1 +
2353,114 92 32 1 113,6,114 22 57 97 113,5,22,1,4,9,11,9,var_0 counter_var_1 +,23,counter_var_0 var_1 +
2354,114 64 98 74 113,18,114 8 79 58 113,6,8,12,27,6,10,33,var_0 counter_var_1 +,20,counter_var_0 var_1 +
2355,114 72 58 2 113,16,114 110 48 95 113,14,23,2,2,12,2,16,var_0 counter_var_1 +,25,counter_var_0 var_1 +
2356,114 68 88 16 113,26,114 64 0 38 113,10,6,16,7,19,0,17,var_0 counter_var_1 +,22,counter_var_0 var_1 +
2357,114 45 32 1 113,17,114 48 110 108 113,16,19,1,15,9,18,31,var_0 counter_var_1 +,20,counter_var_0 var_1 +
2358,114 58 77 69 113,7,114 40 2 84 113,0,11,7,22,8,2,22,var_0 counter_var_1 +,18,counter_var_0 var_1 +
2359,114 12 65 67 113,17,114 20 79 58 113,12,20,5,27,19,10,39,var_0 counter_var_1 +,25,counter_var_0 var_1 +
2360,114 56 92 51 113,47,114 66 36 19 113,27,8,20,19,0,13,46,var_0 counter_var_1 +,28,counter_var_0 var_1 +
2361,114 14 48 95 113,16,114 70 100 75 113,14,12,2,13,2,8,27,var_0 counter_var_1 +,14,counter_var_0 var_1 +
2362,114 87 88 16 113,16,114 75 108 85 113,0,17,16,23,19,16,23,var_0 counter_var_1 +,33,counter_var_0 var_1 +
2363,114 4 102 45 113,18,114 28 72 81 113,4,28,14,19,10,3,23,var_0 counter_var_1 +,42,counter_var_0 var_1 +
2364,114 16 66 88 113,42,114 96 31 82 113,16,9,26,20,20,8,36,var_0 counter_var_1 +,35,counter_var_0 var_1 +
2365,114 85 67 80 113,45,114 61 81 52 113,27,3,18,21,21,12,48,var_0 counter_var_1 +,21,counter_var_0 var_1 +
2366,114 74 99 92 113,46,114 6 55 10 113,16,6,30,10,7,9,26,var_0 counter_var_1 +,36,counter_var_0 var_1 +
2367,114 47 25 20 113,38,114 40 28 55 113,18,11,20,24,2,5,42,var_0 counter_var_1 +,31,counter_var_0 var_1 +
2368,114 25 79 58 113,52,114 107 12 83 113,25,20,27,21,10,12,46,var_0 counter_var_1 +,47,counter_var_0 var_1 +
2369,114 52 34 47 113,39,114 56 25 20 113,23,27,16,20,11,2,43,var_0 counter_var_1 +,43,counter_var_0 var_1 +
2370,114 19 43 40 113,28,114 10 27 101 113,19,10,9,8,20,4,27,var_0 counter_var_1 +,19,counter_var_0 var_1 +
2371,114 58 64 66 113,4,114 34 105 111 113,0,5,4,18,18,13,18,var_0 counter_var_1 +,9,counter_var_0 var_1 +
2372,114 9 88 16 113,25,114 66 105 111 113,9,8,16,18,19,13,27,var_0 counter_var_1 +,24,counter_var_0 var_1 +
2373,114 2 12 83 113,23,114 99 66 88 113,2,12,21,26,12,20,28,var_0 counter_var_1 +,33,counter_var_0 var_1 +
2374,114 95 87 60 113,37,114 54 67 80 113,8,25,29,18,18,21,26,var_0 counter_var_1 +,54,counter_var_0 var_1 +
2375,114 112 20 50 113,44,114 27 84 44 113,25,27,19,13,20,15,38,var_0 counter_var_1 +,46,counter_var_0 var_1 +
2376,114 30 33 14 113,15,114 54 56 5 113,1,25,14,5,10,10,6,var_0 counter_var_1 +,39,counter_var_0 var_1 +
2377,114 48 80 48 113,36,114 102 71 100 113,19,15,17,7,11,2,26,var_0 counter_var_1 +,32,counter_var_0 var_1 +
2378,114 48 81 52 113,40,114 50 83 3 113,19,21,21,3,12,14,22,var_0 counter_var_1 +,42,counter_var_0 var_1 +
2379,114 65 78 107 113,21,114 34 55 10 113,7,5,14,10,9,9,17,var_0 counter_var_1 +,19,counter_var_0 var_1 +
2380,114 47 107 28 113,46,114 100 105 111 113,18,13,28,18,15,13,36,var_0 counter_var_1 +,41,counter_var_0 var_1 +
2381,114 111 10 11 113,35,114 59 88 16 113,24,1,11,16,10,19,40,var_0 counter_var_1 +,12,counter_var_0 var_1 +
2382,114 6 1 0 113,6,114 8 20 50 113,6,8,0,19,1,20,25,var_0 counter_var_1 +,8,counter_var_0 var_1 +
2383,114 51 77 69 113,29,114 94 53 68 113,22,7,7,6,8,7,28,var_0 counter_var_1 +,14,counter_var_0 var_1 +
2384,114 100 30 99 113,19,114 37 54 53 113,13,8,6,22,7,8,35,var_0 counter_var_1 +,14,counter_var_0 var_1 +
2385,114 49 7 22 113,42,114 58 28 55 113,20,0,22,24,7,5,44,var_0 counter_var_1 +,22,counter_var_0 var_1 +
2386,114 6 46 87 113,31,114 64 97 23 113,6,6,25,23,0,5,29,var_0 counter_var_1 +,31,counter_var_0 var_1 +
2387,114 99 5 24 113,36,114 7 51 42 113,12,7,24,11,5,5,23,var_0 counter_var_1 +,31,counter_var_0 var_1 +
2388,114 53 86 94 113,25,114 23 75 8 113,24,23,1,8,17,6,32,var_0 counter_var_1 +,24,counter_var_0 var_1 +
2389,114 69 28 55 113,35,114 62 30 99 113,11,4,24,6,5,7,17,var_0 counter_var_1 +,28,counter_var_0 var_1 +
2390,114 103 23 98 113,21,114 68 4 78 113,16,10,5,16,0,4,32,var_0 counter_var_1 +,15,counter_var_0 var_1 +
2391,114 84 16 21 113,47,114 100 95 109 113,26,13,21,16,16,3,42,var_0 counter_var_1 +,34,counter_var_0 var_1 +
2392,114 74 10 11 113,27,114 10 98 74 113,16,10,11,12,10,6,28,var_0 counter_var_1 +,21,counter_var_0 var_1 +
2393,114 85 30 99 113,33,114 108 42 46 113,27,21,6,15,7,19,42,var_0 counter_var_1 +,27,counter_var_0 var_1 +
2394,114 2 57 97 113,6,114 71 84 44 113,2,13,4,13,11,15,15,var_0 counter_var_1 +,17,counter_var_0 var_1 +
2395,114 25 70 77 113,40,114 111 104 4 113,25,24,15,4,1,12,29,var_0 counter_var_1 +,39,counter_var_0 var_1 +
2396,114 15 25 20 113,35,114 101 78 107 113,15,14,20,14,2,9,29,var_0 counter_var_1 +,34,counter_var_0 var_1 +
2397,114 16 82 90 113,44,114 7 28 55 113,16,7,28,24,13,5,40,var_0 counter_var_1 +,35,counter_var_0 var_1 +
2398,114 77 56 5 113,24,114 84 31 82 113,19,26,5,20,10,8,39,var_0 counter_var_1 +,31,counter_var_0 var_1 +
2399,114 19 106 56 113,44,114 18 65 67 113,19,18,25,5,14,19,24,var_0 counter_var_1 +,43,counter_var_0 var_1 +
2400,114 97 106 56 113,35,114 109 62 43 113,10,22,25,12,14,16,22,var_0 counter_var_1 +,47,counter_var_0 var_1 +
2401,114 83 69 104 113,36,114 53 2 84 113,25,24,11,22,0,2,47,var_0 counter_var_1 +,35,counter_var_0 var_1 +
2402,114 73 56 5 113,20,114 30 84 44 113,15,1,5,13,10,15,28,var_0 counter_var_1 +,6,counter_var_0 var_1 +
2403,114 75 105 111 113,35,114 109 26 25 113,17,22,18,25,13,3,42,var_0 counter_var_1 +,40,counter_var_0 var_1 +
2404,114 24 28 55 113,48,114 82 101 39 113,24,24,24,8,5,9,32,var_0 counter_var_1 +,48,counter_var_0 var_1 +
2405,114 14 0 38 113,21,114 15 103 61 113,14,15,7,30,0,11,44,var_0 counter_var_1 +,22,counter_var_0 var_1 +
2406,114 98 21 49 113,29,114 101 49 32 113,11,14,18,1,21,3,12,var_0 counter_var_1 +,32,counter_var_0 var_1 +
2407,114 84 0 38 113,33,114 65 48 95 113,26,7,7,2,0,2,28,var_0 counter_var_1 +,14,counter_var_0 var_1 +
2408,114 102 82 90 113,43,114 111 22 12 113,15,24,28,12,13,22,27,var_0 counter_var_1 +,52,counter_var_0 var_1 +
2409,114 8 75 8 113,16,114 103 69 104 113,8,16,8,11,6,0,19,var_0 counter_var_1 +,24,counter_var_0 var_1 +
2410,114 63 22 12 113,17,114 88 6 64 113,5,1,12,2,22,6,7,var_0 counter_var_1 +,13,counter_var_0 var_1 +
2411,114 102 57 97 113,19,114 40 45 103 113,15,11,4,10,11,22,25,var_0 counter_var_1 +,15,counter_var_0 var_1 +
2412,114 7 69 104 113,18,114 31 104 4 113,7,2,11,4,0,12,11,var_0 counter_var_1 +,13,counter_var_0 var_1 +
2413,114 14 4 78 113,30,114 36 92 51 113,14,7,16,20,4,0,34,var_0 counter_var_1 +,23,counter_var_0 var_1 +
2414,114 112 102 45 113,39,114 38 32 1 113,25,9,14,1,10,9,26,var_0 counter_var_1 +,23,counter_var_0 var_1 +
2415,114 52 40 76 113,37,114 67 93 105 113,23,9,14,12,17,1,35,var_0 counter_var_1 +,23,counter_var_0 var_1 +
2416,114 12 47 93 113,12,114 98 34 47 113,12,11,0,16,1,11,28,var_0 counter_var_1 +,11,counter_var_0 var_1 +
2417,114 21 48 95 113,23,114 109 78 107 113,21,22,2,14,2,9,35,var_0 counter_var_1 +,24,counter_var_0 var_1 +
2418,114 103 91 106 113,29,114 68 58 2 113,16,10,13,2,22,12,18,var_0 counter_var_1 +,23,counter_var_0 var_1 +
2419,114 100 16 21 113,34,114 65 28 55 113,13,7,21,24,16,5,37,var_0 counter_var_1 +,28,counter_var_0 var_1 +
2420,114 36 38 59 113,35,114 19 25 20 113,7,19,28,20,15,2,27,var_0 counter_var_1 +,47,counter_var_0 var_1 +
2421,114 18 46 87 113,43,114 35 35 37 113,18,6,25,6,0,12,24,var_0 counter_var_1 +,31,counter_var_0 var_1 +
2422,114 87 5 24 113,24,114 71 51 42 113,0,13,24,11,5,5,11,var_0 counter_var_1 +,37,counter_var_0 var_1 +
2423,114 19 13 18 113,37,114 17 18 72 113,19,17,18,10,13,18,29,var_0 counter_var_1 +,35,counter_var_0 var_1 +
2424,114 110 41 34 113,26,114 44 58 2 113,23,15,3,2,18,12,25,var_0 counter_var_1 +,18,counter_var_0 var_1 +
2425,114 90 6 64 113,5,114 103 1 0 113,3,16,2,0,6,1,3,var_0 counter_var_1 +,18,counter_var_0 var_1 +
2426,114 111 62 43 113,36,114 47 94 96 113,24,18,12,3,16,2,27,var_0 counter_var_1 +,30,counter_var_0 var_1 +
2427,114 42 12 83 113,34,114 47 5 24 113,13,18,21,24,12,5,37,var_0 counter_var_1 +,39,counter_var_0 var_1 +
2428,114 89 0 38 113,9,114 11 38 59 113,2,11,7,28,0,15,30,var_0 counter_var_1 +,18,counter_var_0 var_1 +
2429,114 105 8 57 113,44,114 28 7 22 113,18,28,26,22,8,7,40,var_0 counter_var_1 +,54,counter_var_0 var_1 +
2430,114 62 110 108 113,19,114 7 46 87 113,4,7,15,25,18,0,29,var_0 counter_var_1 +,22,counter_var_0 var_1 +
2431,114 85 57 97 113,31,114 97 32 1 113,27,10,4,1,11,9,28,var_0 counter_var_1 +,14,counter_var_0 var_1 +
2432,114 32 7 22 113,25,114 0 38 59 113,3,0,22,28,7,15,31,var_0 counter_var_1 +,22,counter_var_0 var_1 +
2433,114 14 95 109 113,30,114 73 88 16 113,14,15,16,16,3,19,30,var_0 counter_var_1 +,31,counter_var_0 var_1 +
2434,114 73 33 14 113,29,114 45 102 45 113,15,16,14,14,10,10,29,var_0 counter_var_1 +,30,counter_var_0 var_1 +
2435,114 41 82 90 113,40,114 51 91 106 113,12,22,28,13,13,22,25,var_0 counter_var_1 +,50,counter_var_0 var_1 +
2436,114 23 6 64 113,25,114 46 81 52 113,23,17,2,21,6,12,44,var_0 counter_var_1 +,19,counter_var_0 var_1 +
2437,114 15 0 38 113,22,114 14 108 85 113,15,14,7,23,0,16,38,var_0 counter_var_1 +,21,counter_var_0 var_1 +
2438,114 29 87 60 113,29,114 104 40 76 113,0,17,29,14,18,17,14,var_0 counter_var_1 +,46,counter_var_0 var_1 +
2439,114 84 77 69 113,33,114 73 87 60 113,26,15,7,29,8,18,55,var_0 counter_var_1 +,22,counter_var_0 var_1 +
2440,114 61 109 65 113,6,114 37 86 94 113,3,8,3,1,17,17,4,var_0 counter_var_1 +,11,counter_var_0 var_1 +
2441,114 30 32 1 113,2,114 98 26 25 113,1,11,1,25,9,3,26,var_0 counter_var_1 +,12,counter_var_0 var_1 +
2442,114 38 23 98 113,14,114 29 4 78 113,9,0,5,16,0,4,25,var_0 counter_var_1 +,5,counter_var_0 var_1 +
2443,114 67 7 22 113,31,114 17 6 64 113,9,17,22,2,7,6,11,var_0 counter_var_1 +,39,counter_var_0 var_1 +
2444,114 51 84 44 113,35,114 15 61 89 113,22,15,13,27,15,15,49,var_0 counter_var_1 +,28,counter_var_0 var_1 +
2445,114 100 33 14 113,27,114 63 86 94 113,13,5,14,1,10,17,14,var_0 counter_var_1 +,19,counter_var_0 var_1 +
2446,114 69 64 66 113,15,114 103 50 27 113,11,16,4,27,18,4,38,var_0 counter_var_1 +,20,counter_var_0 var_1 +
2447,114 30 21 49 113,19,114 52 8 57 113,1,23,18,26,21,8,27,var_0 counter_var_1 +,41,counter_var_0 var_1 +
2448,114 36 71 100 113,14,114 47 102 45 113,7,18,7,14,2,10,21,var_0 counter_var_1 +,25,counter_var_0 var_1 +
2449,114 7 55 10 113,17,114 61 51 42 113,7,3,10,11,9,5,18,var_0 counter_var_1 +,13,counter_var_0 var_1 +
2450,114 28 1 0 113,28,114 104 26 25 113,28,17,0,25,1,3,53,var_0 counter_var_1 +,17,counter_var_0 var_1 +
2451,114 23 84 44 113,36,114 104 106 56 113,23,17,13,25,15,14,48,var_0 counter_var_1 +,30,counter_var_0 var_1 +
2452,114 35 13 18 113,24,114 7 62 43 113,6,7,18,12,13,16,18,var_0 counter_var_1 +,25,counter_var_0 var_1 +
2453,114 1 93 105 113,13,114 1 62 43 113,1,1,12,12,1,16,13,var_0 counter_var_1 +,13,counter_var_0 var_1 +
2454,114 61 64 66 113,7,114 59 89 29 113,3,1,4,29,18,20,32,var_0 counter_var_1 +,5,counter_var_0 var_1 +
2455,114 60 112 13 113,15,114 104 52 9 113,2,17,13,9,20,6,11,var_0 counter_var_1 +,30,counter_var_0 var_1 +
2456,114 23 82 90 113,51,114 40 107 28 113,23,11,28,28,13,15,51,var_0 counter_var_1 +,39,counter_var_0 var_1 +
2457,114 1 13 18 113,19,114 83 30 99 113,1,25,18,6,13,7,7,var_0 counter_var_1 +,43,counter_var_0 var_1 +
2458,114 5 85 31 113,5,114 14 102 45 113,5,14,0,14,16,10,19,var_0 counter_var_1 +,14,counter_var_0 var_1 +
2459,114 28 59 30 113,58,114 0 30 99 113,28,0,30,6,13,7,34,var_0 counter_var_1 +,30,counter_var_0 var_1 +
2460,114 62 75 8 113,12,114 44 92 51 113,4,15,8,20,6,0,24,var_0 counter_var_1 +,23,counter_var_0 var_1 +
2461,114 112 11 6 113,31,114 80 7 22 113,25,22,6,22,11,7,47,var_0 counter_var_1 +,28,counter_var_0 var_1 +
2462,114 84 47 93 113,26,114 25 31 82 113,26,25,0,20,1,8,46,var_0 counter_var_1 +,25,counter_var_0 var_1 +
2463,114 20 15 62 113,20,114 6 96 7 113,20,6,0,7,15,4,27,var_0 counter_var_1 +,6,counter_var_0 var_1 +
2464,114 69 47 93 113,11,114 9 47 93 113,11,9,0,0,1,1,11,var_0 counter_var_1 +,9,counter_var_0 var_1 +
2465,114 51 88 16 113,38,114 27 111 79 113,22,27,16,17,19,19,39,var_0 counter_var_1 +,43,counter_var_0 var_1 +
2466,114 105 99 92 113,48,114 109 98 74 113,18,22,30,12,7,6,30,var_0 counter_var_1 +,52,counter_var_0 var_1 +
2467,114 95 82 90 113,36,114 5 20 50 113,8,5,28,19,13,20,27,var_0 counter_var_1 +,33,counter_var_0 var_1 +
2468,114 90 57 97 113,7,114 21 67 80 113,3,21,4,18,11,21,21,var_0 counter_var_1 +,25,counter_var_0 var_1 +
2469,114 25 72 81 113,44,114 54 40 76 113,25,25,19,14,3,17,39,var_0 counter_var_1 +,44,counter_var_0 var_1 +
2470,114 49 82 90 113,48,114 64 63 26 113,20,6,28,26,13,17,46,var_0 counter_var_1 +,34,counter_var_0 var_1 +
2471,114 88 3 86 113,25,114 82 25 20 113,1,24,24,20,3,2,21,var_0 counter_var_1 +,48,counter_var_0 var_1 +
2472,114 1 94 96 113,4,114 3 56 5 113,1,3,3,5,2,10,6,var_0 counter_var_1 +,6,counter_var_0 var_1 +
2473,114 76 75 8 113,26,114 80 27 101 113,18,22,8,8,6,4,26,var_0 counter_var_1 +,30,counter_var_0 var_1 +
2474,114 19 26 25 113,44,114 91 27 101 113,19,4,25,8,3,4,27,var_0 counter_var_1 +,29,counter_var_0 var_1 +
2475,114 32 79 58 113,30,114 75 67 80 113,3,17,27,18,10,21,21,var_0 counter_var_1 +,44,counter_var_0 var_1 +
2476,114 14 55 10 113,24,114 26 56 5 113,14,26,10,5,9,10,19,var_0 counter_var_1 +,36,counter_var_0 var_1 +
2477,114 0 13 18 113,18,114 9 67 80 113,0,9,18,18,13,21,18,var_0 counter_var_1 +,27,counter_var_0 var_1 +
2478,114 29 22 12 113,12,114 29 82 90 113,0,0,12,28,22,13,28,var_0 counter_var_1 +,12,counter_var_0 var_1 +
2479,114 85 70 77 113,42,114 69 107 28 113,27,11,15,28,1,15,55,var_0 counter_var_1 +,26,counter_var_0 var_1 +
2480,114 10 41 34 113,13,114 94 80 48 113,10,7,3,17,18,11,27,var_0 counter_var_1 +,10,counter_var_0 var_1 +
2481,114 27 22 12 113,39,114 111 30 99 113,27,24,12,6,22,7,33,var_0 counter_var_1 +,36,counter_var_0 var_1 +
2482,114 84 100 75 113,39,114 51 84 44 113,26,22,13,13,8,15,39,var_0 counter_var_1 +,35,counter_var_0 var_1 +
2483,114 15 70 77 113,30,114 82 110 108 113,15,24,15,15,1,18,30,var_0 counter_var_1 +,39,counter_var_0 var_1 +
2484,114 74 5 24 113,40,114 99 23 98 113,16,12,24,5,5,0,21,var_0 counter_var_1 +,36,counter_var_0 var_1 +
2485,114 30 36 19 113,20,114 77 13 18 113,1,19,19,18,13,13,19,var_0 counter_var_1 +,38,counter_var_0 var_1 +
2486,114 28 29 17 113,45,114 70 10 11 113,28,12,17,11,6,10,39,var_0 counter_var_1 +,29,counter_var_0 var_1 +
2487,114 87 111 79 113,17,114 44 49 32 113,0,15,17,1,19,3,1,var_0 counter_var_1 +,32,counter_var_0 var_1 +
2488,114 31 98 74 113,14,114 87 25 20 113,2,0,12,20,6,2,22,var_0 counter_var_1 +,12,counter_var_0 var_1 +
2489,114 88 61 89 113,28,114 83 85 31 113,1,25,27,0,15,16,1,var_0 counter_var_1 +,52,counter_var_0 var_1 +
2490,114 30 34 47 113,17,114 7 97 23 113,1,7,16,23,11,5,24,var_0 counter_var_1 +,23,counter_var_0 var_1 +
2491,114 86 99 92 113,58,114 37 105 111 113,28,8,30,18,7,13,46,var_0 counter_var_1 +,38,counter_var_0 var_1 +
2492,114 103 105 111 113,34,114 84 30 99 113,16,26,18,6,13,7,22,var_0 counter_var_1 +,44,counter_var_0 var_1 +
2493,114 12 53 68 113,18,114 28 6 64 113,12,28,6,2,7,6,14,var_0 counter_var_1 +,34,counter_var_0 var_1 +
2494,114 35 89 29 113,35,114 104 65 67 113,6,17,29,5,20,19,11,var_0 counter_var_1 +,46,counter_var_0 var_1 +
2495,114 12 2 84 113,34,114 89 42 46 113,12,2,22,15,2,19,27,var_0 counter_var_1 +,24,counter_var_0 var_1 +
2496,114 71 42 46 113,28,114 44 90 102 113,13,15,15,9,19,21,22,var_0 counter_var_1 +,30,counter_var_0 var_1 +
2497,114 89 43 40 113,11,114 41 106 56 113,2,12,9,25,20,14,27,var_0 counter_var_1 +,21,counter_var_0 var_1 +
2498,114 95 11 6 113,14,114 50 75 8 113,8,21,6,8,11,6,16,var_0 counter_var_1 +,27,counter_var_0 var_1 +
2499,114 44 16 21 113,36,114 43 107 28 113,15,14,21,28,16,15,43,var_0 counter_var_1 +,35,counter_var_0 var_1 +
2500,114 28 35 37 113,34,114 28 0 38 113,28,28,6,7,12,0,35,var_0 counter_var_1 +,34,counter_var_0 var_1 +
2501,114 10 86 94 113,11,114 44 44 41 113,10,15,1,10,17,21,20,var_0 counter_var_1 +,16,counter_var_0 var_1 +
2502,114 83 80 48 113,42,114 101 84 44 113,25,14,17,13,11,15,38,var_0 counter_var_1 +,31,counter_var_0 var_1 +
2503,114 41 51 42 113,23,114 84 48 95 113,12,26,11,2,5,2,14,var_0 counter_var_1 +,37,counter_var_0 var_1 +
2504,114 75 4 78 113,33,114 105 32 1 113,17,18,16,1,4,9,18,var_0 counter_var_1 +,34,counter_var_0 var_1 +
2505,114 64 51 42 113,17,114 95 90 102 113,6,8,11,9,5,21,15,var_0 counter_var_1 +,19,counter_var_0 var_1 +
2506,114 86 23 98 113,33,114 9 72 81 113,28,9,5,19,0,3,47,var_0 counter_var_1 +,14,counter_var_0 var_1 +
2507,114 101 73 73 113,25,114 28 104 4 113,14,28,11,4,4,12,18,var_0 counter_var_1 +,39,counter_var_0 var_1 +
2508,114 69 61 89 113,38,114 9 61 89 113,11,9,27,27,15,15,38,var_0 counter_var_1 +,36,counter_var_0 var_1 +
2509,114 87 52 9 113,9,114 57 107 28 113,0,28,9,28,6,15,28,var_0 counter_var_1 +,37,counter_var_0 var_1 +
2510,114 45 83 3 113,19,114 68 82 90 113,16,10,3,28,14,13,44,var_0 counter_var_1 +,13,counter_var_0 var_1 +
2511,114 34 90 102 113,14,114 73 97 23 113,5,15,9,23,21,5,28,var_0 counter_var_1 +,24,counter_var_0 var_1 +
2512,114 112 10 11 113,36,114 92 8 57 113,25,5,11,26,10,8,51,var_0 counter_var_1 +,16,counter_var_0 var_1 +
2513,114 70 20 50 113,31,114 78 50 27 113,12,20,19,27,20,4,39,var_0 counter_var_1 +,39,counter_var_0 var_1 +
2514,114 97 3 86 113,34,114 35 109 65 113,10,6,24,3,3,17,13,var_0 counter_var_1 +,30,counter_var_0 var_1 +
2515,114 57 60 63 113,29,114 69 45 103 113,28,11,1,10,14,22,38,var_0 counter_var_1 +,12,counter_var_0 var_1 +
2516,114 62 24 35 113,8,114 35 31 82 113,4,6,4,20,1,8,24,var_0 counter_var_1 +,10,counter_var_0 var_1 +
2517,114 108 7 22 113,43,114 96 64 66 113,21,9,22,4,7,18,25,var_0 counter_var_1 +,31,counter_var_0 var_1 +
2518,114 35 28 55 113,30,114 21 23 98 113,6,21,24,5,5,0,11,var_0 counter_var_1 +,45,counter_var_0 var_1 +
2519,114 45 69 104 113,27,114 18 76 54 113,16,18,11,23,0,7,39,var_0 counter_var_1 +,29,counter_var_0 var_1 +
2520,114 55 64 66 113,30,114 106 112 13 113,26,19,4,13,18,20,39,var_0 counter_var_1 +,23,counter_var_0 var_1 +
2521,114 100 89 29 113,42,114 34 81 52 113,13,5,29,21,20,12,34,var_0 counter_var_1 +,34,counter_var_0 var_1 +
2522,114 47 15 62 113,18,114 27 57 97 113,18,27,0,4,15,11,22,var_0 counter_var_1 +,27,counter_var_0 var_1 +
2523,114 73 39 36 113,20,114 50 89 29 113,15,21,5,29,16,20,44,var_0 counter_var_1 +,26,counter_var_0 var_1 +
2524,114 84 62 43 113,38,114 110 31 82 113,26,23,12,20,16,8,46,var_0 counter_var_1 +,35,counter_var_0 var_1 +
2525,114 110 94 96 113,26,114 29 48 95 113,23,0,3,2,2,2,25,var_0 counter_var_1 +,3,counter_var_0 var_1 +
2526,114 104 104 4 113,21,114 68 1 0 113,17,10,4,0,12,1,17,var_0 counter_var_1 +,14,counter_var_0 var_1 +
2527,114 30 110 108 113,16,114 68 98 74 113,1,10,15,12,18,6,13,var_0 counter_var_1 +,25,counter_var_0 var_1 +
2528,114 34 89 29 113,34,114 96 78 107 113,5,9,29,14,20,9,19,var_0 counter_var_1 +,38,counter_var_0 var_1 +
2529,114 2 58 2 113,4,114 60 35 37 113,2,2,2,6,12,12,8,var_0 counter_var_1 +,4,counter_var_0 var_1 +
2530,114 19 45 103 113,29,114 22 45 103 113,19,22,10,10,22,22,29,var_0 counter_var_1 +,32,counter_var_0 var_1 +
2531,114 27 6 64 113,29,114 55 81 52 113,27,26,2,21,6,12,48,var_0 counter_var_1 +,28,counter_var_0 var_1 +
2532,114 89 105 111 113,20,114 30 43 40 113,2,1,18,9,13,20,11,var_0 counter_var_1 +,19,counter_var_0 var_1 +
2533,114 108 25 20 113,41,114 101 16 21 113,21,14,20,21,2,16,42,var_0 counter_var_1 +,34,counter_var_0 var_1 +
2534,114 109 80 48 113,39,114 22 42 46 113,22,22,17,15,11,19,37,var_0 counter_var_1 +,39,counter_var_0 var_1 +
2535,114 34 87 60 113,34,114 7 32 1 113,5,7,29,1,18,9,6,var_0 counter_var_1 +,36,counter_var_0 var_1 +
2536,114 41 34 47 113,28,114 25 23 98 113,12,25,16,5,11,0,17,var_0 counter_var_1 +,41,counter_var_0 var_1 +
2537,114 16 74 91 113,45,114 86 65 67 113,16,28,29,5,5,19,21,var_0 counter_var_1 +,57,counter_var_0 var_1 +
2538,114 22 18 72 113,32,114 77 94 96 113,22,19,10,3,18,2,25,var_0 counter_var_1 +,29,counter_var_0 var_1 +
2539,114 79 48 95 113,23,114 18 25 20 113,21,18,2,20,2,2,41,var_0 counter_var_1 +,20,counter_var_0 var_1 +
2540,114 104 5 24 113,41,114 23 49 32 113,17,23,24,1,5,3,18,var_0 counter_var_1 +,47,counter_var_0 var_1 +
2541,114 17 41 34 113,20,114 34 20 50 113,17,5,3,19,18,20,36,var_0 counter_var_1 +,8,counter_var_0 var_1 +
2542,114 90 35 37 113,9,114 68 6 64 113,3,10,6,2,12,6,5,var_0 counter_var_1 +,16,counter_var_0 var_1 +
2543,114 111 12 83 113,45,114 61 89 29 113,24,3,21,29,12,20,53,var_0 counter_var_1 +,24,counter_var_0 var_1 +
2544,114 58 1 0 113,0,114 95 18 72 113,0,8,0,10,1,18,10,var_0 counter_var_1 +,8,counter_var_0 var_1 +
2545,114 18 56 5 113,23,114 48 74 91 113,18,19,5,29,10,5,47,var_0 counter_var_1 +,24,counter_var_0 var_1 +
2546,114 109 49 32 113,23,114 50 62 43 113,22,21,1,12,3,16,34,var_0 counter_var_1 +,22,counter_var_0 var_1 +
2547,114 99 6 64 113,14,114 27 22 12 113,12,27,2,12,6,22,24,var_0 counter_var_1 +,29,counter_var_0 var_1 +
2548,114 93 75 8 113,14,114 106 71 100 113,6,19,8,7,6,2,13,var_0 counter_var_1 +,27,counter_var_0 var_1 +
2549,114 43 6 64 113,16,114 51 102 45 113,14,22,2,14,6,10,28,var_0 counter_var_1 +,24,counter_var_0 var_1 +
2550,114 67 86 94 113,10,114 55 68 71 113,9,26,1,9,17,22,18,var_0 counter_var_1 +,27,counter_var_0 var_1 +
2551,114 80 72 81 113,41,114 16 80 48 113,22,16,19,17,3,11,39,var_0 counter_var_1 +,35,counter_var_0 var_1 +
2552,114 105 24 35 113,22,114 71 97 23 113,18,13,4,23,1,5,41,var_0 counter_var_1 +,17,counter_var_0 var_1 +
2553,114 49 79 58 113,47,114 100 94 96 113,20,13,27,3,10,2,23,var_0 counter_var_1 +,40,counter_var_0 var_1 +
2554,114 11 101 39 113,19,114 12 94 96 113,11,12,8,3,9,2,14,var_0 counter_var_1 +,20,counter_var_0 var_1 +
2555,114 73 21 49 113,33,114 87 77 69 113,15,0,18,7,21,8,22,var_0 counter_var_1 +,18,counter_var_0 var_1 +
2556,114 72 39 36 113,19,114 18 2 84 113,14,18,5,22,16,2,36,var_0 counter_var_1 +,23,counter_var_0 var_1 +
2557,114 5 61 89 113,32,114 35 48 95 113,5,6,27,2,15,2,7,var_0 counter_var_1 +,33,counter_var_0 var_1 +
2558,114 4 32 1 113,5,114 60 69 104 113,4,2,1,11,9,0,15,var_0 counter_var_1 +,3,counter_var_0 var_1 +
2559,114 16 65 67 113,21,114 59 50 27 113,16,1,5,27,19,4,43,var_0 counter_var_1 +,6,counter_var_0 var_1 +
2560,114 67 93 105 113,21,114 27 13 18 113,9,27,12,18,1,13,27,var_0 counter_var_1 +,39,counter_var_0 var_1 +
2561,114 35 109 65 113,9,114 50 13 18 113,6,21,3,18,17,13,24,var_0 counter_var_1 +,24,counter_var_0 var_1 +
2562,114 21 62 43 113,33,114 4 16 21 113,21,4,12,21,16,16,42,var_0 counter_var_1 +,16,counter_var_0 var_1 +
2563,114 18 33 14 113,32,114 36 23 98 113,18,7,14,5,10,0,23,var_0 counter_var_1 +,21,counter_var_0 var_1 +
2564,114 21 20 50 113,40,114 49 75 8 113,21,20,19,8,20,6,29,var_0 counter_var_1 +,39,counter_var_0 var_1 +
2565,114 107 109 65 113,23,114 24 84 44 113,20,24,3,13,17,15,33,var_0 counter_var_1 +,27,counter_var_0 var_1 +
2566,114 73 18 72 113,25,114 9 25 20 113,15,9,10,20,18,2,35,var_0 counter_var_1 +,19,counter_var_0 var_1 +
2567,114 102 75 8 113,23,114 7 35 37 113,15,7,8,6,6,12,21,var_0 counter_var_1 +,15,counter_var_0 var_1 +
2568,114 8 27 101 113,16,114 27 64 66 113,8,27,8,4,4,18,12,var_0 counter_var_1 +,35,counter_var_0 var_1 +
2569,114 98 87 60 113,40,114 103 36 19 113,11,16,29,19,18,13,30,var_0 counter_var_1 +,45,counter_var_0 var_1 +
2570,114 82 6 64 113,26,114 103 27 101 113,24,16,2,8,6,4,32,var_0 counter_var_1 +,18,counter_var_0 var_1 +
2571,114 66 78 107 113,22,114 105 77 69 113,8,18,14,7,9,8,15,var_0 counter_var_1 +,32,counter_var_0 var_1 +
2572,114 80 30 99 113,28,114 61 99 92 113,22,3,6,30,7,7,52,var_0 counter_var_1 +,9,counter_var_0 var_1 +
2573,114 34 10 11 113,16,114 71 16 21 113,5,13,11,21,10,16,26,var_0 counter_var_1 +,24,counter_var_0 var_1 +
2574,114 87 64 66 113,4,114 36 98 74 113,0,7,4,12,18,6,12,var_0 counter_var_1 +,11,counter_var_0 var_1 +
2575,114 47 24 35 113,22,114 59 99 92 113,18,1,4,30,1,7,48,var_0 counter_var_1 +,5,counter_var_0 var_1 +
2576,114 99 104 4 113,16,114 107 32 1 113,12,20,4,1,12,9,13,var_0 counter_var_1 +,24,counter_var_0 var_1 +
2577,114 43 80 48 113,31,114 85 9 70 113,14,27,17,8,11,9,22,var_0 counter_var_1 +,44,counter_var_0 var_1 +
2578,114 6 45 103 113,16,114 71 109 65 113,6,13,10,3,22,17,9,var_0 counter_var_1 +,23,counter_var_0 var_1 +
2579,114 69 51 42 113,22,114 10 38 59 113,11,10,11,28,5,15,39,var_0 counter_var_1 +,21,counter_var_0 var_1 +
2580,114 51 48 95 113,24,114 73 79 58 113,22,15,2,27,2,10,49,var_0 counter_var_1 +,17,counter_var_0 var_1 +
2581,114 4 16 21 113,25,114 61 69 104 113,4,3,21,11,16,0,15,var_0 counter_var_1 +,24,counter_var_0 var_1 +
2582,114 56 33 14 113,41,114 82 32 1 113,27,24,14,1,10,9,28,var_0 counter_var_1 +,38,counter_var_0 var_1 +
2583,114 82 31 82 113,44,114 17 68 71 113,24,17,20,9,8,22,33,var_0 counter_var_1 +,37,counter_var_0 var_1 +
2584,114 104 24 35 113,21,114 51 28 55 113,17,22,4,24,1,5,41,var_0 counter_var_1 +,26,counter_var_0 var_1 +
2585,114 101 48 95 113,16,114 6 47 93 113,14,6,2,0,2,1,14,var_0 counter_var_1 +,8,counter_var_0 var_1 +
2586,114 38 103 61 113,39,114 103 85 31 113,9,16,30,0,11,16,9,var_0 counter_var_1 +,46,counter_var_0 var_1 +
2587,114 107 82 90 113,48,114 73 26 25 113,20,15,28,25,13,3,45,var_0 counter_var_1 +,43,counter_var_0 var_1 +
2588,114 91 92 51 113,24,114 63 77 69 113,4,5,20,7,0,8,11,var_0 counter_var_1 +,25,counter_var_0 var_1 +
2589,114 55 84 44 113,39,114 67 6 64 113,26,9,13,2,15,6,28,var_0 counter_var_1 +,22,counter_var_0 var_1 +
2590,114 71 18 72 113,23,114 107 65 67 113,13,20,10,5,18,19,18,var_0 counter_var_1 +,30,counter_var_0 var_1 +
2591,114 87 87 60 113,29,114 47 48 95 113,0,18,29,2,18,2,2,var_0 counter_var_1 +,47,counter_var_0 var_1 +
2592,114 43 33 14 113,28,114 19 109 65 113,14,19,14,3,10,17,17,var_0 counter_var_1 +,33,counter_var_0 var_1 +
2593,114 80 78 107 113,36,114 15 68 71 113,22,15,14,9,9,22,31,var_0 counter_var_1 +,29,counter_var_0 var_1 +
2594,114 95 41 34 113,11,114 4 45 103 113,8,4,3,10,18,22,18,var_0 counter_var_1 +,7,counter_var_0 var_1 +
2595,114 29 79 58 113,27,114 82 1 0 113,0,24,27,0,10,1,0,var_0 counter_var_1 +,51,counter_var_0 var_1 +
2596,114 11 34 47 113,27,114 54 71 100 113,11,25,16,7,11,2,18,var_0 counter_var_1 +,41,counter_var_0 var_1 +
2597,114 22 92 51 113,42,114 110 101 39 113,22,23,20,8,0,9,30,var_0 counter_var_1 +,43,counter_var_0 var_1 +
2598,114 26 70 77 113,41,114 21 43 40 113,26,21,15,9,1,20,35,var_0 counter_var_1 +,36,counter_var_0 var_1 +
2599,114 49 33 14 113,34,114 109 65 67 113,20,22,14,5,10,19,25,var_0 counter_var_1 +,36,counter_var_0 var_1 +
2600,114 60 42 46 113,17,114 84 83 3 113,2,26,15,3,19,14,5,var_0 counter_var_1 +,41,counter_var_0 var_1 +
2601,114 43 41 34 113,17,114 38 63 26 113,14,9,3,26,18,17,40,var_0 counter_var_1 +,12,counter_var_0 var_1 +
2602,114 59 33 14 113,15,114 97 98 74 113,1,10,14,12,10,6,13,var_0 counter_var_1 +,24,counter_var_0 var_1 +
2603,114 96 70 77 113,24,114 59 74 91 113,9,1,15,29,1,5,38,var_0 counter_var_1 +,16,counter_var_0 var_1 +
2604,114 7 34 47 113,23,114 31 25 20 113,7,2,16,20,11,2,27,var_0 counter_var_1 +,18,counter_var_0 var_1 +
2605,114 45 111 79 113,33,114 40 19 15 113,16,11,17,15,19,19,31,var_0 counter_var_1 +,28,counter_var_0 var_1 +
2606,114 36 24 35 113,11,114 84 106 56 113,7,26,4,25,1,14,32,var_0 counter_var_1 +,30,counter_var_0 var_1 +
2607,114 6 64 66 113,10,114 82 27 101 113,6,24,4,8,18,4,14,var_0 counter_var_1 +,28,counter_var_0 var_1 +
2608,114 94 0 38 113,14,114 51 2 84 113,7,22,7,22,0,2,29,var_0 counter_var_1 +,29,counter_var_0 var_1 +
2609,114 106 72 81 113,38,114 37 45 103 113,19,8,19,10,3,22,29,var_0 counter_var_1 +,27,counter_var_0 var_1 +
2610,114 92 48 95 113,7,114 111 29 17 113,5,24,2,17,2,6,22,var_0 counter_var_1 +,26,counter_var_0 var_1 +
2611,114 48 52 9 113,28,114 29 77 69 113,19,0,9,7,6,8,26,var_0 counter_var_1 +,9,counter_var_0 var_1 +
2612,114 19 100 75 113,32,114 103 33 14 113,19,16,13,14,8,10,33,var_0 counter_var_1 +,29,counter_var_0 var_1 +
2613,114 36 102 45 113,21,114 102 66 88 113,7,15,14,26,10,20,33,var_0 counter_var_1 +,29,counter_var_0 var_1 +
2614,114 8 77 69 113,15,114 96 102 45 113,8,9,7,14,8,10,22,var_0 counter_var_1 +,16,counter_var_0 var_1 +
2615,114 33 92 51 113,24,114 9 27 101 113,4,9,20,8,0,4,12,var_0 counter_var_1 +,29,counter_var_0 var_1 +
2616,114 13 74 91 113,42,114 43 13 18 113,13,14,29,18,5,13,31,var_0 counter_var_1 +,43,counter_var_0 var_1 +
2617,114 26 40 76 113,40,114 52 59 30 113,26,23,14,30,17,13,56,var_0 counter_var_1 +,37,counter_var_0 var_1 +
2618,114 10 48 95 113,12,114 11 78 107 113,10,11,2,14,2,9,24,var_0 counter_var_1 +,13,counter_var_0 var_1 +
2619,114 29 10 11 113,11,114 108 1 0 113,0,21,11,0,10,1,0,var_0 counter_var_1 +,32,counter_var_0 var_1 +
2620,114 93 110 108 113,21,114 16 112 13 113,6,16,15,13,18,20,19,var_0 counter_var_1 +,31,counter_var_0 var_1 +
2621,114 87 90 102 113,9,114 96 53 68 113,0,9,9,6,21,7,6,var_0 counter_var_1 +,18,counter_var_0 var_1 +
2622,114 84 81 52 113,47,114 112 49 32 113,26,25,21,1,12,3,27,var_0 counter_var_1 +,46,counter_var_0 var_1 +
2623,114 77 14 33 113,21,114 12 68 71 113,19,12,2,9,14,22,28,var_0 counter_var_1 +,14,counter_var_0 var_1 +
2624,114 48 35 37 113,25,114 78 51 42 113,19,20,6,11,12,5,30,var_0 counter_var_1 +,26,counter_var_0 var_1 +
2625,114 11 109 65 113,14,114 109 93 105 113,11,22,3,12,17,1,23,var_0 counter_var_1 +,25,counter_var_0 var_1 +
2626,114 62 4 78 113,20,114 8 12 83 113,4,8,16,21,4,12,25,var_0 counter_var_1 +,24,counter_var_0 var_1 +
2627,114 77 35 37 113,25,114 60 67 80 113,19,2,6,18,12,21,37,var_0 counter_var_1 +,8,counter_var_0 var_1 +
2628,114 84 79 58 113,53,114 51 63 26 113,26,22,27,26,10,17,52,var_0 counter_var_1 +,49,counter_var_0 var_1 +
2629,114 80 25 20 113,42,114 14 80 48 113,22,14,20,17,2,11,39,var_0 counter_var_1 +,34,counter_var_0 var_1 +
2630,114 106 69 104 113,30,114 81 110 108 113,19,23,11,15,0,18,34,var_0 counter_var_1 +,34,counter_var_0 var_1 +
2631,114 52 50 27 113,50,114 5 37 110 113,23,5,27,17,4,14,40,var_0 counter_var_1 +,32,counter_var_0 var_1 +
2632,114 77 34 47 113,35,114 54 63 26 113,19,25,16,26,11,17,45,var_0 counter_var_1 +,41,counter_var_0 var_1 +
2633,114 0 35 37 113,6,114 64 87 60 113,0,6,6,29,12,18,29,var_0 counter_var_1 +,12,counter_var_0 var_1 +
2634,114 26 52 9 113,35,114 74 27 101 113,26,16,9,8,6,4,34,var_0 counter_var_1 +,25,counter_var_0 var_1 +
2635,114 9 28 55 113,33,114 49 49 32 113,9,20,24,1,5,3,10,var_0 counter_var_1 +,44,counter_var_0 var_1 +
2636,114 59 102 45 113,15,114 22 61 89 113,1,22,14,27,10,15,28,var_0 counter_var_1 +,36,counter_var_0 var_1 +
2637,114 21 94 96 113,24,114 22 5 24 113,21,22,3,24,2,5,45,var_0 counter_var_1 +,25,counter_var_0 var_1 +
2638,114 41 4 78 113,28,114 9 86 94 113,12,9,16,1,4,17,13,var_0 counter_var_1 +,25,counter_var_0 var_1 +
2639,114 103 12 83 113,37,114 111 45 103 113,16,24,21,10,12,22,26,var_0 counter_var_1 +,45,counter_var_0 var_1 +
2640,114 11 27 101 113,19,114 98 90 102 113,11,11,8,9,4,21,20,var_0 counter_var_1 +,19,counter_var_0 var_1 +
2641,114 61 36 19 113,22,114 13 77 69 113,3,13,19,7,13,8,10,var_0 counter_var_1 +,32,counter_var_0 var_1 +
2642,114 71 58 2 113,15,114 4 31 82 113,13,4,2,20,12,8,33,var_0 counter_var_1 +,6,counter_var_0 var_1 +
2643,114 40 109 65 113,14,114 97 77 69 113,11,10,3,7,17,8,18,var_0 counter_var_1 +,13,counter_var_0 var_1 +
2644,114 97 14 33 113,12,114 111 64 66 113,10,24,2,4,14,18,14,var_0 counter_var_1 +,26,counter_var_0 var_1 +
2645,114 112 85 31 113,25,114 25 5 24 113,25,25,0,24,16,5,49,var_0 counter_var_1 +,25,counter_var_0 var_1 +
2646,114 5 108 85 113,28,114 86 73 73 113,5,28,23,11,16,4,16,var_0 counter_var_1 +,51,counter_var_0 var_1 +
2647,114 11 46 87 113,36,114 58 0 38 113,11,0,25,7,0,0,18,var_0 counter_var_1 +,25,counter_var_0 var_1 +
2648,114 36 17 112 113,26,114 56 112 13 113,7,27,19,13,17,20,20,var_0 counter_var_1 +,46,counter_var_0 var_1 +
2649,114 53 67 80 113,42,114 103 94 96 113,24,16,18,3,21,2,27,var_0 counter_var_1 +,34,counter_var_0 var_1 +
2650,114 17 7 22 113,39,114 13 75 8 113,17,13,22,8,7,6,25,var_0 counter_var_1 +,35,counter_var_0 var_1 +
2651,114 60 35 37 113,8,114 51 69 104 113,2,22,6,11,12,0,13,var_0 counter_var_1 +,28,counter_var_0 var_1 +
2652,114 28 47 93 113,28,114 6 16 21 113,28,6,0,21,1,16,49,var_0 counter_var_1 +,6,counter_var_0 var_1 +
2653,114 12 87 60 113,41,114 54 85 31 113,12,25,29,0,18,16,12,var_0 counter_var_1 +,54,counter_var_0 var_1 +
2654,114 28 32 1 113,29,114 42 78 107 113,28,13,1,14,9,9,42,var_0 counter_var_1 +,14,counter_var_0 var_1 +
2655,114 24 112 13 113,37,114 69 77 69 113,24,11,13,7,20,8,31,var_0 counter_var_1 +,24,counter_var_0 var_1 +
2656,114 106 9 70 113,27,114 25 94 96 113,19,25,8,3,9,2,22,var_0 counter_var_1 +,33,counter_var_0 var_1 +
2657,114 64 62 43 113,18,114 15 62 43 113,6,15,12,12,16,16,18,var_0 counter_var_1 +,27,counter_var_0 var_1 +
2658,114 109 56 5 113,27,114 99 94 96 113,22,12,5,3,10,2,25,var_0 counter_var_1 +,17,counter_var_0 var_1 +
2659,114 40 65 67 113,16,114 68 37 110 113,11,10,5,17,19,14,28,var_0 counter_var_1 +,15,counter_var_0 var_1 +
2660,114 91 24 35 113,8,114 83 72 81 113,4,25,4,19,1,3,23,var_0 counter_var_1 +,29,counter_var_0 var_1 +
2661,114 101 59 30 113,44,114 79 60 63 113,14,21,30,1,13,14,15,var_0 counter_var_1 +,51,counter_var_0 var_1 +
2662,114 56 77 69 113,34,114 96 87 60 113,27,9,7,29,8,18,56,var_0 counter_var_1 +,16,counter_var_0 var_1 +
2663,114 58 41 34 113,3,114 34 103 61 113,0,5,3,30,18,11,30,var_0 counter_var_1 +,8,counter_var_0 var_1 +
2664,114 40 41 34 113,14,114 41 91 106 113,11,12,3,13,18,22,24,var_0 counter_var_1 +,15,counter_var_0 var_1 +
2665,114 77 46 87 113,44,114 50 9 70 113,19,21,25,8,0,9,27,var_0 counter_var_1 +,46,counter_var_0 var_1 +
2666,114 2 46 87 113,27,114 6 100 75 113,2,6,25,13,0,8,15,var_0 counter_var_1 +,31,counter_var_0 var_1 +
2667,114 79 57 97 113,25,114 80 34 47 113,21,22,4,16,11,11,37,var_0 counter_var_1 +,26,counter_var_0 var_1 +
2668,114 28 89 29 113,57,114 33 5 24 113,28,4,29,24,20,5,52,var_0 counter_var_1 +,33,counter_var_0 var_1 +
2669,114 30 72 81 113,20,114 111 108 85 113,1,24,19,23,3,16,24,var_0 counter_var_1 +,43,counter_var_0 var_1 +
2670,114 43 32 1 113,15,114 94 58 2 113,14,7,1,2,9,12,16,var_0 counter_var_1 +,8,counter_var_0 var_1 +
2671,114 105 26 25 113,43,114 23 0 38 113,18,23,25,7,3,0,25,var_0 counter_var_1 +,48,counter_var_0 var_1 +
2672,114 5 65 67 113,10,114 26 31 82 113,5,26,5,20,19,8,25,var_0 counter_var_1 +,31,counter_var_0 var_1 +
2673,114 95 94 96 113,11,114 85 59 30 113,8,27,3,30,2,13,38,var_0 counter_var_1 +,30,counter_var_0 var_1 +
2674,114 40 31 82 113,31,114 28 41 34 113,11,28,20,3,8,18,14,var_0 counter_var_1 +,48,counter_var_0 var_1 +
2675,114 9 83 3 113,12,114 39 73 73 113,9,10,3,11,14,4,20,var_0 counter_var_1 +,13,counter_var_0 var_1 +
2676,114 80 93 105 113,34,114 12 99 92 113,22,12,12,30,1,7,52,var_0 counter_var_1 +,24,counter_var_0 var_1 +
2677,114 86 93 105 113,40,114 77 53 68 113,28,19,12,6,1,7,34,var_0 counter_var_1 +,31,counter_var_0 var_1 +
2678,114 111 51 42 113,35,114 49 60 63 113,24,20,11,1,5,14,25,var_0 counter_var_1 +,31,counter_var_0 var_1 +
2679,114 52 76 54 113,46,114 47 18 72 113,23,18,23,10,7,18,33,var_0 counter_var_1 +,41,counter_var_0 var_1 +
2680,114 50 24 35 113,25,114 71 106 56 113,21,13,4,25,1,14,46,var_0 counter_var_1 +,17,counter_var_0 var_1 +
2681,114 59 56 5 113,6,114 0 102 45 113,1,0,5,14,10,10,15,var_0 counter_var_1 +,5,counter_var_0 var_1 +
2682,114 64 93 105 113,18,114 79 99 92 113,6,21,12,30,1,7,36,var_0 counter_var_1 +,33,counter_var_0 var_1 +
2683,114 22 39 36 113,27,114 25 98 74 113,22,25,5,12,16,6,34,var_0 counter_var_1 +,30,counter_var_0 var_1 +
2684,114 43 29 17 113,31,114 97 27 101 113,14,10,17,8,6,4,22,var_0 counter_var_1 +,27,counter_var_0 var_1 +
2685,114 8 34 47 113,24,114 0 54 53 113,8,0,16,22,11,8,30,var_0 counter_var_1 +,16,counter_var_0 var_1 +
2686,114 10 9 70 113,18,114 14 26 25 113,10,14,8,25,9,3,35,var_0 counter_var_1 +,22,counter_var_0 var_1 +
2687,114 93 54 53 113,28,114 43 4 78 113,6,14,22,16,8,4,22,var_0 counter_var_1 +,36,counter_var_0 var_1 +
2688,114 7 98 74 113,19,114 77 70 77 113,7,19,12,15,6,1,22,var_0 counter_var_1 +,31,counter_var_0 var_1 +
2689,114 50 40 76 113,35,114 36 33 14 113,21,7,14,14,17,10,35,var_0 counter_var_1 +,21,counter_var_0 var_1 +
2690,114 60 103 61 113,32,114 84 74 91 113,2,26,30,29,11,5,31,var_0 counter_var_1 +,56,counter_var_0 var_1 +
2691,114 33 3 86 113,28,114 11 80 48 113,4,11,24,17,3,11,21,var_0 counter_var_1 +,35,counter_var_0 var_1 +
2692,114 74 61 89 113,43,114 20 36 19 113,16,20,27,19,15,13,35,var_0 counter_var_1 +,47,counter_var_0 var_1 +
2693,114 63 52 9 113,14,114 68 9 70 113,5,10,9,8,6,9,13,var_0 counter_var_1 +,19,counter_var_0 var_1 +
2694,114 105 4 78 113,34,114 31 42 46 113,18,2,16,15,4,19,33,var_0 counter_var_1 +,18,counter_var_0 var_1 +
2695,114 89 29 17 113,19,114 83 17 112 113,2,25,17,19,6,17,21,var_0 counter_var_1 +,42,counter_var_0 var_1 +
2696,114 88 97 23 113,24,114 39 76 54 113,1,10,23,23,5,7,24,var_0 counter_var_1 +,33,counter_var_0 var_1 +
2697,114 64 107 28 113,34,114 95 30 99 113,6,8,28,6,15,7,12,var_0 counter_var_1 +,36,counter_var_0 var_1 +
2698,114 42 64 66 113,17,114 23 93 105 113,13,23,4,12,18,1,25,var_0 counter_var_1 +,27,counter_var_0 var_1 +
2699,114 59 10 11 113,12,114 98 110 108 113,1,11,11,15,10,18,16,var_0 counter_var_1 +,22,counter_var_0 var_1 +
2700,114 27 24 35 113,31,114 54 79 58 113,27,25,4,27,1,10,54,var_0 counter_var_1 +,29,counter_var_0 var_1 +
2701,114 69 17 112 113,30,114 7 65 67 113,11,7,19,5,17,19,16,var_0 counter_var_1 +,26,counter_var_0 var_1 +
2702,114 32 78 107 113,17,114 96 90 102 113,3,9,14,9,9,21,12,var_0 counter_var_1 +,23,counter_var_0 var_1 +
2703,114 95 29 17 113,25,114 7 79 58 113,8,7,17,27,6,10,35,var_0 counter_var_1 +,24,counter_var_0 var_1 +
2704,114 42 106 56 113,38,114 22 47 93 113,13,22,25,0,14,1,13,var_0 counter_var_1 +,47,counter_var_0 var_1 +
2705,114 96 8 57 113,35,114 95 95 109 113,9,8,26,16,8,3,25,var_0 counter_var_1 +,34,counter_var_0 var_1 +
2706,114 22 55 10 113,32,114 92 55 10 113,22,5,10,10,9,9,32,var_0 counter_var_1 +,15,counter_var_0 var_1 +
2707,114 84 82 90 113,54,114 112 64 66 113,26,25,28,4,13,18,30,var_0 counter_var_1 +,53,counter_var_0 var_1 +
2708,114 46 107 28 113,45,114 11 49 32 113,17,11,28,1,15,3,18,var_0 counter_var_1 +,39,counter_var_0 var_1 +
2709,114 76 84 44 113,31,114 82 39 36 113,18,24,13,5,15,16,23,var_0 counter_var_1 +,37,counter_var_0 var_1 +
2710,114 32 33 14 113,17,114 9 97 23 113,3,9,14,23,10,5,26,var_0 counter_var_1 +,23,counter_var_0 var_1 +
2711,114 14 16 21 113,35,114 11 2 84 113,14,11,21,22,16,2,36,var_0 counter_var_1 +,32,counter_var_0 var_1 +
2712,114 106 57 97 113,23,114 64 16 21 113,19,6,4,21,11,16,40,var_0 counter_var_1 +,10,counter_var_0 var_1 +
2713,114 51 105 111 113,40,114 100 87 60 113,22,13,18,29,13,18,51,var_0 counter_var_1 +,31,counter_var_0 var_1 +
2714,114 27 12 83 113,48,114 43 74 91 113,27,14,21,29,12,5,56,var_0 counter_var_1 +,35,counter_var_0 var_1 +
2715,114 45 51 42 113,27,114 62 98 74 113,16,4,11,12,5,6,28,var_0 counter_var_1 +,15,counter_var_0 var_1 +
2716,114 110 90 102 113,32,114 29 13 18 113,23,0,9,18,21,13,41,var_0 counter_var_1 +,9,counter_var_0 var_1 +
2717,114 28 99 92 113,58,114 112 54 53 113,28,25,30,22,7,8,50,var_0 counter_var_1 +,55,counter_var_0 var_1 +
2718,114 68 48 95 113,12,114 59 6 64 113,10,1,2,2,2,6,12,var_0 counter_var_1 +,3,counter_var_0 var_1 +
2719,114 2 61 89 113,29,114 82 72 81 113,2,24,27,19,15,3,21,var_0 counter_var_1 +,51,counter_var_0 var_1 +
2720,114 102 7 22 113,37,114 75 80 48 113,15,17,22,17,7,11,32,var_0 counter_var_1 +,39,counter_var_0 var_1 +
2721,114 66 68 71 113,17,114 85 22 12 113,8,27,9,12,22,22,20,var_0 counter_var_1 +,36,counter_var_0 var_1 +
2722,114 104 50 27 113,44,114 87 94 96 113,17,0,27,3,4,2,20,var_0 counter_var_1 +,27,counter_var_0 var_1 +
2723,114 53 97 23 113,47,114 41 48 95 113,24,12,23,2,5,2,26,var_0 counter_var_1 +,35,counter_var_0 var_1 +
2724,114 1 88 16 113,17,114 97 73 73 113,1,10,16,11,19,4,12,var_0 counter_var_1 +,26,counter_var_0 var_1 +
2725,114 39 39 36 113,15,114 51 88 16 113,10,22,5,16,16,19,26,var_0 counter_var_1 +,27,counter_var_0 var_1 +
2726,114 61 47 93 113,3,114 17 51 42 113,3,17,0,11,1,5,14,var_0 counter_var_1 +,17,counter_var_0 var_1 +
2727,114 105 33 14 113,32,114 46 3 86 113,18,17,14,24,10,3,42,var_0 counter_var_1 +,31,counter_var_0 var_1 +
2728,114 31 50 27 113,29,114 40 85 31 113,2,11,27,0,4,16,2,var_0 counter_var_1 +,38,counter_var_0 var_1 +
2729,114 25 53 68 113,31,114 60 105 111 113,25,2,6,18,7,13,43,var_0 counter_var_1 +,8,counter_var_0 var_1 +
2730,114 45 22 12 113,28,114 78 99 92 113,16,20,12,30,22,7,46,var_0 counter_var_1 +,32,counter_var_0 var_1 +
2731,114 12 68 71 113,21,114 41 2 84 113,12,12,9,22,22,2,34,var_0 counter_var_1 +,21,counter_var_0 var_1 +
2732,114 30 88 16 113,17,114 101 96 7 113,1,14,16,7,19,4,8,var_0 counter_var_1 +,30,counter_var_0 var_1 +
2733,114 30 46 87 113,26,114 46 61 89 113,1,17,25,27,0,15,28,var_0 counter_var_1 +,42,counter_var_0 var_1 +
2734,114 82 23 98 113,29,114 45 100 75 113,24,16,5,13,0,8,37,var_0 counter_var_1 +,21,counter_var_0 var_1 +
2735,114 83 31 82 113,45,114 102 29 17 113,25,15,20,17,8,6,42,var_0 counter_var_1 +,35,counter_var_0 var_1 +
2736,114 15 21 49 113,33,114 68 14 33 113,15,10,18,2,21,14,17,var_0 counter_var_1 +,28,counter_var_0 var_1 +
2737,114 23 76 54 113,46,114 108 37 110 113,23,21,23,17,7,14,40,var_0 counter_var_1 +,44,counter_var_0 var_1 +
2738,114 26 6 64 113,28,114 21 34 47 113,26,21,2,16,6,11,42,var_0 counter_var_1 +,23,counter_var_0 var_1 +
2739,114 23 23 98 113,28,114 77 43 40 113,23,19,5,9,0,20,32,var_0 counter_var_1 +,24,counter_var_0 var_1 +
2740,114 109 50 27 113,49,114 87 5 24 113,22,0,27,24,4,5,46,var_0 counter_var_1 +,27,counter_var_0 var_1 +
2741,114 47 31 82 113,38,114 59 8 57 113,18,1,20,26,8,8,44,var_0 counter_var_1 +,21,counter_var_0 var_1 +
2742,114 110 16 21 113,44,114 55 22 12 113,23,26,21,12,16,22,35,var_0 counter_var_1 +,47,counter_var_0 var_1 +
2743,114 29 3 86 113,24,114 21 100 75 113,0,21,24,13,3,8,13,var_0 counter_var_1 +,45,counter_var_0 var_1 +
2744,114 40 75 8 113,19,114 97 19 15 113,11,10,8,15,6,19,26,var_0 counter_var_1 +,18,counter_var_0 var_1 +
2745,114 45 80 48 113,33,114 64 108 85 113,16,6,17,23,11,16,39,var_0 counter_var_1 +,23,counter_var_0 var_1 +
2746,114 35 1 0 113,6,114 83 39 36 113,6,25,0,5,1,16,11,var_0 counter_var_1 +,25,counter_var_0 var_1 +
2747,114 95 55 10 113,18,114 36 40 76 113,8,7,10,14,9,17,22,var_0 counter_var_1 +,17,counter_var_0 var_1 +
2748,114 28 60 63 113,29,114 31 33 14 113,28,2,1,14,14,10,42,var_0 counter_var_1 +,3,counter_var_0 var_1 +
2749,114 98 46 87 113,36,114 105 84 44 113,11,18,25,13,0,15,24,var_0 counter_var_1 +,43,counter_var_0 var_1 +
2750,114 44 75 8 113,23,114 83 70 77 113,15,25,8,15,6,1,30,var_0 counter_var_1 +,33,counter_var_0 var_1 +
2751,114 109 82 90 113,50,114 92 65 67 113,22,5,28,5,13,19,27,var_0 counter_var_1 +,33,counter_var_0 var_1 +
2752,114 76 80 48 113,35,114 87 26 25 113,18,0,17,25,11,3,43,var_0 counter_var_1 +,17,counter_var_0 var_1 +
2753,114 33 20 50 113,23,114 18 46 87 113,4,18,19,25,20,0,29,var_0 counter_var_1 +,37,counter_var_0 var_1 +
2754,114 37 28 55 113,32,114 4 110 108 113,8,4,24,15,5,18,23,var_0 counter_var_1 +,28,counter_var_0 var_1 +
2755,114 45 13 18 113,34,114 95 105 111 113,16,8,18,18,13,13,34,var_0 counter_var_1 +,26,counter_var_0 var_1 +
2756,114 45 92 51 113,36,114 109 96 7 113,16,22,20,7,0,4,23,var_0 counter_var_1 +,42,counter_var_0 var_1 +
2757,114 38 57 97 113,13,114 111 53 68 113,9,24,4,6,11,7,15,var_0 counter_var_1 +,28,counter_var_0 var_1 +
2758,114 33 25 20 113,24,114 41 87 60 113,4,12,20,29,2,18,33,var_0 counter_var_1 +,32,counter_var_0 var_1 +
2759,114 55 71 100 113,33,114 46 78 107 113,26,17,7,14,2,9,40,var_0 counter_var_1 +,24,counter_var_0 var_1 +
2760,114 5 24 35 113,9,114 79 102 45 113,5,21,4,14,1,10,19,var_0 counter_var_1 +,25,counter_var_0 var_1 +
2761,114 66 24 35 113,12,114 53 104 4 113,8,24,4,4,1,12,12,var_0 counter_var_1 +,28,counter_var_0 var_1 +
2762,114 88 45 103 113,11,114 70 104 4 113,1,12,10,4,22,12,5,var_0 counter_var_1 +,22,counter_var_0 var_1 +
2763,114 79 91 106 113,34,114 18 95 109 113,21,18,13,16,22,3,37,var_0 counter_var_1 +,31,counter_var_0 var_1 +
2764,114 43 12 83 113,35,114 32 37 110 113,14,3,21,17,12,14,31,var_0 counter_var_1 +,24,counter_var_0 var_1 +
2765,114 112 18 72 113,35,114 98 44 41 113,25,11,10,10,18,21,35,var_0 counter_var_1 +,21,counter_var_0 var_1 +
2766,114 95 44 41 113,18,114 54 87 60 113,8,25,10,29,21,18,37,var_0 counter_var_1 +,35,counter_var_0 var_1 +
2767,114 49 98 74 113,32,114 76 92 51 113,20,18,12,20,6,0,40,var_0 counter_var_1 +,30,counter_var_0 var_1 +
2768,114 32 87 60 113,32,114 96 60 63 113,3,9,29,1,18,14,4,var_0 counter_var_1 +,38,counter_var_0 var_1 +
2769,114 20 39 36 113,25,114 73 71 100 113,20,15,5,7,16,2,27,var_0 counter_var_1 +,20,counter_var_0 var_1 +
2770,114 109 63 26 113,48,114 17 54 53 113,22,17,26,22,17,8,44,var_0 counter_var_1 +,43,counter_var_0 var_1 +
2771,114 21 66 88 113,47,114 111 59 30 113,21,24,26,30,20,13,51,var_0 counter_var_1 +,50,counter_var_0 var_1 +
2772,114 55 2 84 113,48,114 65 15 62 113,26,7,22,0,2,15,26,var_0 counter_var_1 +,29,counter_var_0 var_1 +
2773,114 96 12 83 113,30,114 46 107 28 113,9,17,21,28,12,15,37,var_0 counter_var_1 +,38,counter_var_0 var_1 +
2774,114 48 63 26 113,45,114 0 95 109 113,19,0,26,16,17,3,35,var_0 counter_var_1 +,26,counter_var_0 var_1 +
2775,114 1 69 104 113,12,114 74 17 112 113,1,16,11,19,0,17,20,var_0 counter_var_1 +,27,counter_var_0 var_1 +
2776,114 25 76 54 113,48,114 78 53 68 113,25,20,23,6,7,7,31,var_0 counter_var_1 +,43,counter_var_0 var_1 +
2777,114 20 41 34 113,23,114 0 75 8 113,20,0,3,8,18,6,28,var_0 counter_var_1 +,3,counter_var_0 var_1 +
2778,114 43 47 93 113,14,114 16 31 82 113,14,16,0,20,1,8,34,var_0 counter_var_1 +,16,counter_var_0 var_1 +
2779,114 40 32 1 113,12,114 52 48 95 113,11,23,1,2,9,2,13,var_0 counter_var_1 +,24,counter_var_0 var_1 +
2780,114 102 56 5 113,20,114 37 5 24 113,15,8,5,24,10,5,39,var_0 counter_var_1 +,13,counter_var_0 var_1 +
2781,114 4 25 20 113,24,114 76 61 89 113,4,18,20,27,2,15,31,var_0 counter_var_1 +,38,counter_var_0 var_1 +
2782,114 19 62 43 113,31,114 12 25 20 113,19,12,12,20,16,2,39,var_0 counter_var_1 +,24,counter_var_0 var_1 +
2783,114 69 91 106 113,24,114 104 91 106 113,11,17,13,13,22,22,24,var_0 counter_var_1 +,30,counter_var_0 var_1 +
2784,114 95 2 84 113,30,114 90 72 81 113,8,3,22,19,2,3,27,var_0 counter_var_1 +,25,counter_var_0 var_1 +
2785,114 21 49 32 113,22,114 96 80 48 113,21,9,1,17,3,11,38,var_0 counter_var_1 +,10,counter_var_0 var_1 +
2786,114 26 23 98 113,31,114 2 49 32 113,26,2,5,1,0,3,27,var_0 counter_var_1 +,7,counter_var_0 var_1 +
2787,114 27 63 26 113,53,114 1 67 80 113,27,1,26,18,17,21,45,var_0 counter_var_1 +,27,counter_var_0 var_1 +
2788,114 111 53 68 113,30,114 81 105 111 113,24,23,6,18,7,13,42,var_0 counter_var_1 +,29,counter_var_0 var_1 +
2789,114 54 18 72 113,35,114 105 108 85 113,25,18,10,23,18,16,48,var_0 counter_var_1 +,28,counter_var_0 var_1 +
2790,114 28 102 45 113,42,114 71 8 57 113,28,13,14,26,10,8,54,var_0 counter_var_1 +,27,counter_var_0 var_1 +
2791,114 106 67 80 113,37,114 76 19 15 113,19,18,18,15,21,19,34,var_0 counter_var_1 +,36,counter_var_0 var_1 +
2792,114 101 27 101 113,22,114 43 81 52 113,14,14,8,21,4,12,35,var_0 counter_var_1 +,22,counter_var_0 var_1 +
2793,114 41 76 54 113,35,114 71 100 75 113,12,13,23,13,7,8,25,var_0 counter_var_1 +,36,counter_var_0 var_1 +
2794,114 2 80 48 113,19,114 82 57 97 113,2,24,17,4,11,11,6,var_0 counter_var_1 +,41,counter_var_0 var_1 +
2795,114 81 4 78 113,39,114 6 101 39 113,23,6,16,8,4,9,31,var_0 counter_var_1 +,22,counter_var_0 var_1 +
2796,114 108 50 27 113,48,114 29 3 86 113,21,0,27,24,4,3,45,var_0 counter_var_1 +,27,counter_var_0 var_1 +
2797,114 25 46 87 113,50,114 30 40 76 113,25,1,25,14,0,17,39,var_0 counter_var_1 +,26,counter_var_0 var_1 +
2798,114 82 93 105 113,36,114 41 71 100 113,24,12,12,7,1,2,31,var_0 counter_var_1 +,24,counter_var_0 var_1 +
2799,114 18 89 29 113,47,114 70 86 94 113,18,12,29,1,20,17,19,var_0 counter_var_1 +,41,counter_var_0 var_1 +
2800,114 47 102 45 113,32,114 60 92 51 113,18,2,14,20,10,0,38,var_0 counter_var_1 +,16,counter_var_0 var_1 +
2801,114 72 109 65 113,17,114 42 108 85 113,14,13,3,23,17,16,37,var_0 counter_var_1 +,16,counter_var_0 var_1 +
2802,114 34 69 104 113,16,114 1 108 85 113,5,1,11,23,0,16,28,var_0 counter_var_1 +,12,counter_var_0 var_1 +
2803,114 97 79 58 113,37,114 59 40 76 113,10,1,27,14,10,17,24,var_0 counter_var_1 +,28,counter_var_0 var_1 +
2804,114 66 60 63 113,9,114 71 50 27 113,8,13,1,27,14,4,35,var_0 counter_var_1 +,14,counter_var_0 var_1 +
2805,114 69 43 40 113,20,114 46 2 84 113,11,17,9,22,20,2,33,var_0 counter_var_1 +,26,counter_var_0 var_1 +
2806,114 53 0 38 113,31,114 109 6 64 113,24,22,7,2,0,6,26,var_0 counter_var_1 +,29,counter_var_0 var_1 +
2807,114 75 47 93 113,17,114 57 18 72 113,17,28,0,10,1,18,27,var_0 counter_var_1 +,28,counter_var_0 var_1 +
2808,114 59 13 18 113,19,114 38 55 10 113,1,9,18,10,13,9,11,var_0 counter_var_1 +,27,counter_var_0 var_1 +
2809,114 83 46 87 113,50,114 90 47 93 113,25,3,25,0,0,1,25,var_0 counter_var_1 +,28,counter_var_0 var_1 +
2810,114 73 41 34 113,18,114 64 101 39 113,15,6,3,8,18,9,23,var_0 counter_var_1 +,9,counter_var_0 var_1 +
2811,114 82 73 73 113,35,114 47 70 77 113,24,18,11,15,4,1,39,var_0 counter_var_1 +,29,counter_var_0 var_1 +
2812,114 49 37 110 113,37,114 59 11 6 113,20,1,17,6,14,11,26,var_0 counter_var_1 +,18,counter_var_0 var_1 +
2813,114 109 60 63 113,23,114 51 83 3 113,22,22,1,3,14,14,25,var_0 counter_var_1 +,23,counter_var_0 var_1 +
2814,114 47 17 112 113,37,114 19 23 98 113,18,19,19,5,17,0,23,var_0 counter_var_1 +,38,counter_var_0 var_1 +
2815,114 87 82 90 113,28,114 94 90 102 113,0,7,28,9,13,21,9,var_0 counter_var_1 +,35,counter_var_0 var_1 +
2816,114 33 111 79 113,21,114 67 89 29 113,4,9,17,29,19,20,33,var_0 counter_var_1 +,26,counter_var_0 var_1 +
2817,114 80 105 111 113,40,114 84 89 29 113,22,26,18,29,13,20,51,var_0 counter_var_1 +,44,counter_var_0 var_1 +
2818,114 107 81 52 113,41,114 64 62 43 113,20,6,21,12,12,16,32,var_0 counter_var_1 +,27,counter_var_0 var_1 +
2819,114 90 53 68 113,9,114 96 108 85 113,3,9,6,23,7,16,26,var_0 counter_var_1 +,15,counter_var_0 var_1 +
2820,114 17 27 101 113,25,114 11 8 57 113,17,11,8,26,4,8,43,var_0 counter_var_1 +,19,counter_var_0 var_1 +
2821,114 2 53 68 113,8,114 5 26 25 113,2,5,6,25,7,3,27,var_0 counter_var_1 +,11,counter_var_0 var_1 +
2822,114 1 110 108 113,16,114 33 92 51 113,1,4,15,20,18,0,21,var_0 counter_var_1 +,19,counter_var_0 var_1 +
2823,114 91 72 81 113,23,114 7 33 14 113,4,7,19,14,3,10,18,var_0 counter_var_1 +,26,counter_var_0 var_1 +
2824,114 99 12 83 113,33,114 62 54 53 113,12,4,21,22,12,8,34,var_0 counter_var_1 +,25,counter_var_0 var_1 +
2825,114 67 95 109 113,25,114 21 63 26 113,9,21,16,26,3,17,35,var_0 counter_var_1 +,37,counter_var_0 var_1 +
2826,114 97 109 65 113,13,114 2 27 101 113,10,2,3,8,17,4,18,var_0 counter_var_1 +,5,counter_var_0 var_1 +
2827,114 46 42 46 113,32,114 78 34 47 113,17,20,15,16,19,11,33,var_0 counter_var_1 +,35,counter_var_0 var_1 +
2828,114 32 101 39 113,11,114 5 102 45 113,3,5,8,14,9,10,17,var_0 counter_var_1 +,13,counter_var_0 var_1 +
2829,114 6 69 104 113,17,114 75 37 110 113,6,17,11,17,0,14,23,var_0 counter_var_1 +,28,counter_var_0 var_1 +
2830,114 12 36 19 113,31,114 34 65 67 113,12,5,19,5,13,19,17,var_0 counter_var_1 +,24,counter_var_0 var_1 +
2831,114 23 10 11 113,34,114 107 54 53 113,23,20,11,22,10,8,45,var_0 counter_var_1 +,31,counter_var_0 var_1 +
2832,114 50 41 34 113,24,114 6 58 2 113,21,6,3,2,18,12,23,var_0 counter_var_1 +,9,counter_var_0 var_1 +
2833,114 11 36 19 113,30,114 99 103 61 113,11,12,19,30,13,11,41,var_0 counter_var_1 +,31,counter_var_0 var_1 +
2834,114 52 78 107 113,37,114 74 11 6 113,23,16,14,6,9,11,29,var_0 counter_var_1 +,30,counter_var_0 var_1 +
2835,114 10 7 22 113,32,114 62 0 38 113,10,4,22,7,7,0,17,var_0 counter_var_1 +,26,counter_var_0 var_1 +
2836,114 110 44 41 113,33,114 37 0 38 113,23,8,10,7,21,0,30,var_0 counter_var_1 +,18,counter_var_0 var_1 +
2837,114 64 112 13 113,19,114 31 48 95 113,6,2,13,2,20,2,8,var_0 counter_var_1 +,15,counter_var_0 var_1 +
2838,114 107 33 14 113,34,114 7 49 32 113,20,7,14,1,10,3,21,var_0 counter_var_1 +,21,counter_var_0 var_1 +
2839,114 41 53 68 113,18,114 41 1 0 113,12,12,6,0,7,1,12,var_0 counter_var_1 +,18,counter_var_0 var_1 +
2840,114 72 66 88 113,40,114 76 18 72 113,14,18,26,10,20,18,24,var_0 counter_var_1 +,44,counter_var_0 var_1 +
2841,114 78 67 80 113,38,114 46 46 87 113,20,17,18,25,21,0,45,var_0 counter_var_1 +,35,counter_var_0 var_1 +
2842,114 16 53 68 113,22,114 13 89 29 113,16,13,6,29,7,20,45,var_0 counter_var_1 +,19,counter_var_0 var_1 +
2843,114 103 55 10 113,26,114 76 64 66 113,16,18,10,4,9,18,20,var_0 counter_var_1 +,28,counter_var_0 var_1 +
2844,114 27 67 80 113,45,114 12 14 33 113,27,12,18,2,21,14,29,var_0 counter_var_1 +,30,counter_var_0 var_1 +
2845,114 23 65 67 113,28,114 10 110 108 113,23,10,5,15,19,18,38,var_0 counter_var_1 +,15,counter_var_0 var_1 +
2846,114 29 73 73 113,11,114 20 105 111 113,0,20,11,18,4,13,18,var_0 counter_var_1 +,31,counter_var_0 var_1 +
2847,114 102 0 38 113,22,114 24 49 32 113,15,24,7,1,0,3,16,var_0 counter_var_1 +,31,counter_var_0 var_1 +
2848,114 108 15 62 113,21,114 45 104 4 113,21,16,0,4,15,12,25,var_0 counter_var_1 +,16,counter_var_0 var_1 +
2849,114 60 67 80 113,20,114 62 111 79 113,2,4,18,17,21,19,19,var_0 counter_var_1 +,22,counter_var_0 var_1 +
2850,114 54 9 70 113,33,114 24 66 88 113,25,24,8,26,9,20,51,var_0 counter_var_1 +,32,counter_var_0 var_1 +
2851,114 45 27 101 113,24,114 30 58 2 113,16,1,8,2,4,12,18,var_0 counter_var_1 +,9,counter_var_0 var_1 +
2852,114 30 7 22 113,23,114 53 108 85 113,1,24,22,23,7,16,24,var_0 counter_var_1 +,46,counter_var_0 var_1 +
2853,114 37 109 65 113,11,114 72 25 20 113,8,14,3,20,17,2,28,var_0 counter_var_1 +,17,counter_var_0 var_1 +
2854,114 8 58 2 113,10,114 4 69 104 113,8,4,2,11,12,0,19,var_0 counter_var_1 +,6,counter_var_0 var_1 +
2855,114 49 85 31 113,20,114 28 105 111 113,20,28,0,18,16,13,38,var_0 counter_var_1 +,28,counter_var_0 var_1 +
2856,114 110 15 62 113,23,114 67 3 86 113,23,9,0,24,15,3,47,var_0 counter_var_1 +,9,counter_var_0 var_1 +
2857,114 48 37 110 113,36,114 68 90 102 113,19,10,17,9,14,21,28,var_0 counter_var_1 +,27,counter_var_0 var_1 +
2858,114 53 92 51 113,44,114 39 86 94 113,24,10,20,1,0,17,25,var_0 counter_var_1 +,30,counter_var_0 var_1 +
2859,114 57 48 95 113,30,114 73 72 81 113,28,15,2,19,2,3,47,var_0 counter_var_1 +,17,counter_var_0 var_1 +
2860,114 39 25 20 113,30,114 44 72 81 113,10,15,20,19,2,3,29,var_0 counter_var_1 +,35,counter_var_0 var_1 +
2861,114 8 7 22 113,30,114 24 69 104 113,8,24,22,11,7,0,19,var_0 counter_var_1 +,46,counter_var_0 var_1 +
2862,114 92 71 100 113,12,114 86 58 2 113,5,28,7,2,2,12,7,var_0 counter_var_1 +,35,counter_var_0 var_1 +
2863,114 86 95 109 113,44,114 2 80 48 113,28,2,16,17,3,11,45,var_0 counter_var_1 +,18,counter_var_0 var_1 +
2864,114 74 36 19 113,35,114 93 76 54 113,16,6,19,23,13,7,39,var_0 counter_var_1 +,25,counter_var_0 var_1 +
2865,114 107 3 86 113,44,114 60 14 33 113,20,2,24,2,3,14,22,var_0 counter_var_1 +,26,counter_var_0 var_1 +
2866,114 20 31 82 113,40,114 21 6 64 113,20,21,20,2,8,6,22,var_0 counter_var_1 +,41,counter_var_0 var_1 +
2867,114 101 12 83 113,35,114 41 28 55 113,14,12,21,24,12,5,38,var_0 counter_var_1 +,33,counter_var_0 var_1 +
2868,114 104 34 47 113,33,114 1 55 10 113,17,1,16,10,11,9,27,var_0 counter_var_1 +,17,counter_var_0 var_1 +
2869,114 73 43 40 113,24,114 1 74 91 113,15,1,9,29,20,5,44,var_0 counter_var_1 +,10,counter_var_0 var_1 +
2870,114 4 18 72 113,14,114 78 80 48 113,4,20,10,17,18,11,21,var_0 counter_var_1 +,30,counter_var_0 var_1 +
2871,114 105 30 99 113,24,114 70 2 84 113,18,12,6,22,7,2,40,var_0 counter_var_1 +,18,counter_var_0 var_1 +
2872,114 5 94 96 113,8,114 81 33 14 113,5,23,3,14,2,10,19,var_0 counter_var_1 +,26,counter_var_0 var_1 +
2873,114 63 1 0 113,5,114 3 28 55 113,5,3,0,24,1,5,29,var_0 counter_var_1 +,3,counter_var_0 var_1 +
2874,114 37 100 75 113,21,114 96 73 73 113,8,9,13,11,8,4,19,var_0 counter_var_1 +,22,counter_var_0 var_1 +
2875,114 95 9 70 113,16,114 85 51 42 113,8,27,8,11,9,5,19,var_0 counter_var_1 +,35,counter_var_0 var_1 +
2876,114 73 104 4 113,19,114 62 53 68 113,15,4,4,6,12,7,21,var_0 counter_var_1 +,8,counter_var_0 var_1 +
2877,114 0 25 20 113,20,114 70 13 18 113,0,12,20,18,2,13,18,var_0 counter_var_1 +,32,counter_var_0 var_1 +
2878,114 96 54 53 113,31,114 112 36 19 113,9,25,22,19,8,13,28,var_0 counter_var_1 +,47,counter_var_0 var_1 +
2879,114 0 72 81 113,19,114 59 93 105 113,0,1,19,12,3,1,12,var_0 counter_var_1 +,20,counter_var_0 var_1 +
2880,114 89 68 71 113,11,114 48 41 34 113,2,19,9,3,22,18,5,var_0 counter_var_1 +,28,counter_var_0 var_1 +
2881,114 14 20 50 113,33,114 97 83 3 113,14,10,19,3,20,14,17,var_0 counter_var_1 +,29,counter_var_0 var_1 +
2882,114 35 53 68 113,12,114 88 38 59 113,6,1,6,28,7,15,34,var_0 counter_var_1 +,7,counter_var_0 var_1 +
2883,114 33 31 82 113,24,114 1 103 61 113,4,1,20,30,8,11,34,var_0 counter_var_1 +,21,counter_var_0 var_1 +
2884,114 53 3 86 113,48,114 63 105 111 113,24,5,24,18,3,13,42,var_0 counter_var_1 +,29,counter_var_0 var_1 +
2885,114 31 52 9 113,11,114 52 61 89 113,2,23,9,27,6,15,29,var_0 counter_var_1 +,32,counter_var_0 var_1 +
2886,114 23 92 51 113,43,114 19 91 106 113,23,19,20,13,0,22,36,var_0 counter_var_1 +,39,counter_var_0 var_1 +
2887,114 82 100 75 113,37,114 58 1 0 113,24,0,13,0,8,1,24,var_0 counter_var_1 +,13,counter_var_0 var_1 +
2888,114 90 69 104 113,14,114 55 88 16 113,3,26,11,16,0,19,19,var_0 counter_var_1 +,37,counter_var_0 var_1 +
2889,114 47 56 5 113,23,114 90 20 50 113,18,3,5,19,10,20,37,var_0 counter_var_1 +,8,counter_var_0 var_1 +
2890,114 15 108 85 113,38,114 81 41 34 113,15,23,23,3,16,18,18,var_0 counter_var_1 +,46,counter_var_0 var_1 +
2891,114 95 78 107 113,22,114 0 53 68 113,8,0,14,6,9,7,14,var_0 counter_var_1 +,14,counter_var_0 var_1 +
2892,114 52 30 99 113,29,114 63 74 91 113,23,5,6,29,7,5,52,var_0 counter_var_1 +,11,counter_var_0 var_1 +
2893,114 5 0 38 113,12,114 70 23 98 113,5,12,7,5,0,0,10,var_0 counter_var_1 +,19,counter_var_0 var_1 +
2894,114 98 38 59 113,39,114 58 50 27 113,11,0,28,27,15,4,38,var_0 counter_var_1 +,28,counter_var_0 var_1 +
2895,114 102 60 63 113,16,114 79 38 59 113,15,21,1,28,14,15,43,var_0 counter_var_1 +,22,counter_var_0 var_1 +
2896,114 20 23 98 113,25,114 92 90 102 113,20,5,5,9,0,21,29,var_0 counter_var_1 +,10,counter_var_0 var_1 +
2897,114 59 44 41 113,11,114 26 104 4 113,1,26,10,4,21,12,5,var_0 counter_var_1 +,36,counter_var_0 var_1 +
2898,114 59 98 74 113,13,114 42 2 84 113,1,13,12,22,6,2,23,var_0 counter_var_1 +,25,counter_var_0 var_1 +
2899,114 72 26 25 113,39,114 33 9 70 113,14,4,25,8,3,9,22,var_0 counter_var_1 +,29,counter_var_0 var_1 +
2900,114 62 22 12 113,16,114 96 28 55 113,4,9,12,24,22,5,28,var_0 counter_var_1 +,21,counter_var_0 var_1 +
2901,114 65 45 103 113,17,114 15 98 74 113,7,15,10,12,22,6,19,var_0 counter_var_1 +,25,counter_var_0 var_1 +
2902,114 57 90 102 113,37,114 34 71 100 113,28,5,9,7,21,2,35,var_0 counter_var_1 +,14,counter_var_0 var_1 +
2903,114 51 101 39 113,30,114 47 72 81 113,22,18,8,19,9,3,41,var_0 counter_var_1 +,26,counter_var_0 var_1 +
2904,114 35 106 56 113,31,114 18 88 16 113,6,18,25,16,14,19,22,var_0 counter_var_1 +,43,counter_var_0 var_1 +
2905,114 79 94 96 113,24,114 86 44 41 113,21,28,3,10,2,21,31,var_0 counter_var_1 +,31,counter_var_0 var_1 +
2906,114 19 35 37 113,25,114 57 63 26 113,19,28,6,26,12,17,45,var_0 counter_var_1 +,34,counter_var_0 var_1 +
2907,114 94 52 9 113,16,114 104 71 100 113,7,17,9,7,6,2,14,var_0 counter_var_1 +,26,counter_var_0 var_1 +
2908,114 34 93 105 113,17,114 64 85 31 113,5,6,12,0,1,16,5,var_0 counter_var_1 +,18,counter_var_0 var_1 +
2909,114 69 19 15 113,26,114 25 24 35 113,11,25,15,4,19,1,15,var_0 counter_var_1 +,40,counter_var_0 var_1 +
2910,114 82 61 89 113,51,114 78 25 20 113,24,20,27,20,15,2,44,var_0 counter_var_1 +,47,counter_var_0 var_1 +
2911,114 68 12 83 113,31,114 97 92 51 113,10,10,21,20,12,0,30,var_0 counter_var_1 +,31,counter_var_0 var_1 +
2912,114 79 95 109 113,37,114 102 81 52 113,21,15,16,21,3,12,42,var_0 counter_var_1 +,31,counter_var_0 var_1 +
2913,114 0 110 108 113,15,114 0 63 26 113,0,0,15,26,18,17,26,var_0 counter_var_1 +,15,counter_var_0 var_1 +
2914,114 109 15 62 113,22,114 72 107 28 113,22,14,0,28,15,15,50,var_0 counter_var_1 +,14,counter_var_0 var_1 +
2915,114 42 24 35 113,17,114 3 66 88 113,13,3,4,26,1,20,39,var_0 counter_var_1 +,7,counter_var_0 var_1 +
2916,114 50 52 9 113,30,114 52 44 41 113,21,23,9,10,6,21,31,var_0 counter_var_1 +,32,counter_var_0 var_1 +
2917,114 75 71 100 113,24,114 40 26 25 113,17,11,7,25,2,3,42,var_0 counter_var_1 +,18,counter_var_0 var_1 +
2918,114 38 31 82 113,29,114 37 26 25 113,9,8,20,25,8,3,34,var_0 counter_var_1 +,28,counter_var_0 var_1 +
2919,114 87 72 81 113,19,114 110 22 12 113,0,23,19,12,3,22,12,var_0 counter_var_1 +,42,counter_var_0 var_1 +
2920,114 7 86 94 113,8,114 81 63 26 113,7,23,1,26,17,17,33,var_0 counter_var_1 +,24,counter_var_0 var_1 +
2921,114 36 84 44 113,20,114 41 18 72 113,7,12,13,10,15,18,17,var_0 counter_var_1 +,25,counter_var_0 var_1 +
2922,114 99 92 51 113,32,114 44 5 24 113,12,15,20,24,0,5,36,var_0 counter_var_1 +,35,counter_var_0 var_1 +
2923,114 22 24 35 113,26,114 21 74 91 113,22,21,4,29,1,5,51,var_0 counter_var_1 +,25,counter_var_0 var_1 +
2924,114 58 16 21 113,21,114 9 55 10 113,0,9,21,10,16,9,10,var_0 counter_var_1 +,30,counter_var_0 var_1 +
2925,114 83 108 85 113,48,114 42 26 25 113,25,13,23,25,16,3,50,var_0 counter_var_1 +,36,counter_var_0 var_1 +
2926,114 43 16 21 113,35,114 36 102 45 113,14,7,21,14,16,10,28,var_0 counter_var_1 +,28,counter_var_0 var_1 +
2927,114 59 27 101 113,9,114 87 44 41 113,1,0,8,10,4,21,11,var_0 counter_var_1 +,8,counter_var_0 var_1 +
2928,114 6 20 50 113,25,114 64 86 94 113,6,6,19,1,20,17,7,var_0 counter_var_1 +,25,counter_var_0 var_1 +
2929,114 65 109 65 113,10,114 68 7 22 113,7,10,3,22,17,7,29,var_0 counter_var_1 +,13,counter_var_0 var_1 +
2930,114 112 93 105 113,37,114 34 90 102 113,25,5,12,9,1,21,34,var_0 counter_var_1 +,17,counter_var_0 var_1 +
2931,114 40 29 17 113,28,114 104 46 87 113,11,17,17,25,6,0,36,var_0 counter_var_1 +,34,counter_var_0 var_1 +
2932,114 18 37 110 113,35,114 34 22 12 113,18,5,17,12,14,22,30,var_0 counter_var_1 +,22,counter_var_0 var_1 +
2933,114 103 11 6 113,22,114 63 88 16 113,16,5,6,16,11,19,32,var_0 counter_var_1 +,11,counter_var_0 var_1 +
2934,114 101 49 32 113,15,114 89 72 81 113,14,2,1,19,3,3,33,var_0 counter_var_1 +,3,counter_var_0 var_1 +
2935,114 35 88 16 113,22,114 50 26 25 113,6,21,16,25,19,3,31,var_0 counter_var_1 +,37,counter_var_0 var_1 +
2936,114 26 95 109 113,42,114 65 39 36 113,26,7,16,5,3,16,31,var_0 counter_var_1 +,23,counter_var_0 var_1 +
2937,114 12 94 96 113,15,114 90 69 104 113,12,3,3,11,2,0,23,var_0 counter_var_1 +,6,counter_var_0 var_1 +
2938,114 66 8 57 113,34,114 19 31 82 113,8,19,26,20,8,8,28,var_0 counter_var_1 +,45,counter_var_0 var_1 +
2939,114 64 91 106 113,19,114 44 29 17 113,6,15,13,17,22,6,23,var_0 counter_var_1 +,28,counter_var_0 var_1 +
2940,114 78 62 43 113,32,114 44 82 90 113,20,15,12,28,16,13,48,var_0 counter_var_1 +,27,counter_var_0 var_1 +
2941,114 73 74 91 113,44,114 105 86 94 113,15,18,29,1,5,17,16,var_0 counter_var_1 +,47,counter_var_0 var_1 +
2942,114 41 99 92 113,42,114 92 41 34 113,12,5,30,3,7,18,15,var_0 counter_var_1 +,35,counter_var_0 var_1 +
2943,114 110 99 92 113,53,114 1 16 21 113,23,1,30,21,7,16,44,var_0 counter_var_1 +,31,counter_var_0 var_1 +
2944,114 40 68 71 113,20,114 75 109 65 113,11,17,9,3,22,17,14,var_0 counter_var_1 +,26,counter_var_0 var_1 +
2945,114 94 64 66 113,11,114 66 84 44 113,7,8,4,13,18,15,20,var_0 counter_var_1 +,12,counter_var_0 var_1 +
2946,114 20 51 42 113,31,114 4 6 64 113,20,4,11,2,5,6,22,var_0 counter_var_1 +,15,counter_var_0 var_1 +
2947,114 1 44 41 113,11,114 82 16 21 113,1,24,10,21,21,16,22,var_0 counter_var_1 +,34,counter_var_0 var_1 +
2948,114 0 83 3 113,3,114 37 15 62 113,0,8,3,0,14,15,0,var_0 counter_var_1 +,11,counter_var_0 var_1 +
2949,114 29 82 90 113,28,114 79 88 16 113,0,21,28,16,13,19,16,var_0 counter_var_1 +,49,counter_var_0 var_1 +
2950,114 61 38 59 113,31,114 47 107 28 113,3,18,28,28,15,15,31,var_0 counter_var_1 +,46,counter_var_0 var_1 +
2951,114 101 67 80 113,32,114 34 53 68 113,14,5,18,6,21,7,20,var_0 counter_var_1 +,23,counter_var_0 var_1 +
2952,114 108 70 77 113,36,114 39 45 103 113,21,10,15,10,1,22,31,var_0 counter_var_1 +,25,counter_var_0 var_1 +
2953,114 36 40 76 113,21,114 99 31 82 113,7,12,14,20,17,8,27,var_0 counter_var_1 +,26,counter_var_0 var_1 +
2954,114 45 44 41 113,26,114 57 111 79 113,16,28,10,17,21,19,33,var_0 counter_var_1 +,38,counter_var_0 var_1 +
2955,114 87 9 70 113,8,114 2 92 51 113,0,2,8,20,9,0,20,var_0 counter_var_1 +,10,counter_var_0 var_1 +
2956,114 44 76 54 113,38,114 110 47 93 113,15,23,23,0,7,1,15,var_0 counter_var_1 +,46,counter_var_0 var_1 +
2957,114 92 108 85 113,28,114 13 68 71 113,5,13,23,9,16,22,14,var_0 counter_var_1 +,36,counter_var_0 var_1 +
2958,114 52 59 30 113,53,114 100 41 34 113,23,13,30,3,13,18,26,var_0 counter_var_1 +,43,counter_var_0 var_1 +
2959,114 1 6 64 113,3,114 45 52 9 113,1,16,2,9,6,6,10,var_0 counter_var_1 +,18,counter_var_0 var_1 +
2960,114 76 51 42 113,29,114 12 65 67 113,18,12,11,5,5,19,23,var_0 counter_var_1 +,23,counter_var_0 var_1 +
2961,114 4 36 19 113,23,114 44 35 37 113,4,15,19,6,13,12,10,var_0 counter_var_1 +,34,counter_var_0 var_1 +
2962,114 98 63 26 113,37,114 70 27 101 113,11,12,26,8,17,4,19,var_0 counter_var_1 +,38,counter_var_0 var_1 +
2963,114 105 111 79 113,35,114 88 65 67 113,18,1,17,5,19,19,23,var_0 counter_var_1 +,18,counter_var_0 var_1 +
2964,114 101 32 1 113,15,114 104 12 83 113,14,17,1,21,9,12,35,var_0 counter_var_1 +,18,counter_var_0 var_1 +
2965,114 60 88 16 113,18,114 22 49 32 113,2,22,16,1,19,3,3,var_0 counter_var_1 +,38,counter_var_0 var_1 +
2966,114 48 26 25 113,44,114 28 12 83 113,19,28,25,21,3,12,40,var_0 counter_var_1 +,53,counter_var_0 var_1 +
2967,114 96 94 96 113,12,114 50 45 103 113,9,21,3,10,2,22,19,var_0 counter_var_1 +,24,counter_var_0 var_1 +
2968,114 35 80 48 113,23,114 49 28 55 113,6,20,17,24,11,5,30,var_0 counter_var_1 +,37,counter_var_0 var_1 +
2969,114 24 87 60 113,53,114 21 27 101 113,24,21,29,8,18,4,32,var_0 counter_var_1 +,50,counter_var_0 var_1 +
2970,114 56 78 107 113,41,114 33 99 92 113,27,4,14,30,9,7,57,var_0 counter_var_1 +,18,counter_var_0 var_1 +
2971,114 36 15 62 113,7,114 46 79 58 113,7,17,0,27,15,10,34,var_0 counter_var_1 +,17,counter_var_0 var_1 +
2972,114 52 1 0 113,23,114 0 2 84 113,23,0,0,22,1,2,45,var_0 counter_var_1 +,0,counter_var_0 var_1 +
2973,114 54 86 94 113,26,114 4 92 51 113,25,4,1,20,17,0,45,var_0 counter_var_1 +,5,counter_var_0 var_1 +
2974,114 31 45 103 113,12,114 70 32 1 113,2,12,10,1,22,9,3,var_0 counter_var_1 +,22,counter_var_0 var_1 +
2975,114 67 34 47 113,25,114 50 28 55 113,9,21,16,24,11,5,33,var_0 counter_var_1 +,37,counter_var_0 var_1 +
2976,114 78 1 0 113,20,114 72 77 69 113,20,14,0,7,1,8,27,var_0 counter_var_1 +,14,counter_var_0 var_1 +
2977,114 3 41 34 113,6,114 22 21 49 113,3,22,3,18,18,21,21,var_0 counter_var_1 +,25,counter_var_0 var_1 +
2978,114 78 103 61 113,50,114 98 4 78 113,20,11,30,16,11,4,36,var_0 counter_var_1 +,41,counter_var_0 var_1 +
2979,114 63 39 36 113,10,114 75 62 43 113,5,17,5,12,16,16,17,var_0 counter_var_1 +,22,counter_var_0 var_1 +
2980,114 66 2 84 113,30,114 66 101 39 113,8,8,22,8,2,9,16,var_0 counter_var_1 +,30,counter_var_0 var_1 +
2981,114 105 31 82 113,38,114 70 36 19 113,18,12,20,19,8,13,37,var_0 counter_var_1 +,32,counter_var_0 var_1 +
2982,114 110 3 86 113,47,114 101 14 33 113,23,14,24,2,3,14,25,var_0 counter_var_1 +,38,counter_var_0 var_1 +
2983,114 32 84 44 113,16,114 40 75 8 113,3,11,13,8,15,6,11,var_0 counter_var_1 +,24,counter_var_0 var_1 +
2984,114 60 36 19 113,21,114 33 26 25 113,2,4,19,25,13,3,27,var_0 counter_var_1 +,23,counter_var_0 var_1 +
2985,114 35 54 53 113,28,114 106 11 6 113,6,19,22,6,8,11,12,var_0 counter_var_1 +,41,counter_var_0 var_1 +
2986,114 94 31 82 113,27,114 1 24 35 113,7,1,20,4,8,1,11,var_0 counter_var_1 +,21,counter_var_0 var_1 +
2987,114 4 55 10 113,14,114 48 81 52 113,4,19,10,21,9,12,25,var_0 counter_var_1 +,29,counter_var_0 var_1 +
2988,114 71 90 102 113,22,114 32 12 83 113,13,3,9,21,21,12,34,var_0 counter_var_1 +,12,counter_var_0 var_1 +
2989,114 97 86 94 113,11,114 7 16 21 113,10,7,1,21,17,16,31,var_0 counter_var_1 +,8,counter_var_0 var_1 +
2990,114 49 28 55 113,44,114 18 92 51 113,20,18,24,20,5,0,40,var_0 counter_var_1 +,42,counter_var_0 var_1 +
2991,114 93 65 67 113,11,114 48 70 77 113,6,19,5,15,19,1,21,var_0 counter_var_1 +,24,counter_var_0 var_1 +
2992,114 76 86 94 113,19,114 2 42 46 113,18,2,1,15,17,19,33,var_0 counter_var_1 +,3,counter_var_0 var_1 +
2993,114 94 10 11 113,18,114 14 72 81 113,7,14,11,19,10,3,26,var_0 counter_var_1 +,25,counter_var_0 var_1 +
2994,114 29 70 77 113,15,114 66 57 97 113,0,8,15,4,1,11,4,var_0 counter_var_1 +,23,counter_var_0 var_1 +
2995,114 2 79 58 113,29,114 71 42 46 113,2,13,27,15,10,19,17,var_0 counter_var_1 +,40,counter_var_0 var_1 +
2996,114 17 49 32 113,18,114 84 50 27 113,17,26,1,27,3,4,44,var_0 counter_var_1 +,27,counter_var_0 var_1 +
2997,114 89 99 92 113,32,114 63 51 42 113,2,5,30,11,7,5,13,var_0 counter_var_1 +,35,counter_var_0 var_1 +
2998,114 11 70 77 113,26,114 41 77 69 113,11,12,15,7,1,8,18,var_0 counter_var_1 +,27,counter_var_0 var_1 +
2999,114 110 52 9 113,32,114 13 52 9 113,23,13,9,9,6,6,32,var_0 counter_var_1 +,22,counter_var_0 var_1 +
3000,114 58 104 4 113,4,114 22 1 0 113,0,22,4,0,12,1,0,var_0 counter_var_1 +,26,counter_var_0 var_1 +
3001,114 84 109 65 113,29,114 82 3 86 113,26,24,3,24,17,3,50,var_0 counter_var_1 +,27,counter_var_0 var_1 +
3002,114 104 49 32 113,18,114 35 4 78 113,17,6,1,16,3,4,33,var_0 counter_var_1 +,7,counter_var_0 var_1 +
3003,114 52 85 31 113,23,114 90 36 19 113,23,3,0,19,16,13,42,var_0 counter_var_1 +,3,counter_var_0 var_1 +
3004,114 49 16 21 113,41,114 75 27 101 113,20,17,21,8,16,4,28,var_0 counter_var_1 +,38,counter_var_0 var_1 +
3005,114 20 65 67 113,25,114 101 112 13 113,20,14,5,13,19,20,33,var_0 counter_var_1 +,19,counter_var_0 var_1 +
3006,114 53 10 11 113,35,114 43 29 17 113,24,14,11,17,10,6,41,var_0 counter_var_1 +,25,counter_var_0 var_1 +
3007,114 27 56 5 113,32,114 51 60 63 113,27,22,5,1,10,14,28,var_0 counter_var_1 +,27,counter_var_0 var_1 +
3008,114 6 6 64 113,8,114 93 97 23 113,6,6,2,23,6,5,29,var_0 counter_var_1 +,8,counter_var_0 var_1 +
3009,114 19 41 34 113,22,114 6 56 5 113,19,6,3,5,18,10,24,var_0 counter_var_1 +,9,counter_var_0 var_1 +
3010,114 76 92 51 113,38,114 31 37 110 113,18,2,20,17,0,14,35,var_0 counter_var_1 +,22,counter_var_0 var_1 +
3011,114 92 100 75 113,18,114 23 36 19 113,5,23,13,19,8,13,24,var_0 counter_var_1 +,36,counter_var_0 var_1 +
3012,114 15 101 39 113,23,114 33 14 33 113,15,4,8,2,9,14,17,var_0 counter_var_1 +,12,counter_var_0 var_1 +
3013,114 44 22 12 113,27,114 64 8 57 113,15,6,12,26,22,8,41,var_0 counter_var_1 +,18,counter_var_0 var_1 +
3014,114 53 72 81 113,43,114 28 94 96 113,24,28,19,3,3,2,27,var_0 counter_var_1 +,47,counter_var_0 var_1 +
3015,114 17 104 4 113,21,114 12 37 110 113,17,12,4,17,12,14,34,var_0 counter_var_1 +,16,counter_var_0 var_1 +
3016,114 93 55 10 113,16,114 97 104 4 113,6,10,10,4,9,12,10,var_0 counter_var_1 +,20,counter_var_0 var_1 +
3017,114 54 64 66 113,29,114 7 36 19 113,25,7,4,19,18,13,44,var_0 counter_var_1 +,11,counter_var_0 var_1 +
3018,114 85 111 79 113,44,114 101 86 94 113,27,14,17,1,19,17,28,var_0 counter_var_1 +,31,counter_var_0 var_1 +
3019,114 93 3 86 113,30,114 17 62 43 113,6,17,24,12,3,16,18,var_0 counter_var_1 +,41,counter_var_0 var_1 +
3020,114 45 101 39 113,24,114 20 109 65 113,16,20,8,3,9,17,19,var_0 counter_var_1 +,28,counter_var_0 var_1 +
3021,114 84 57 97 113,30,114 18 38 59 113,26,18,4,28,11,15,54,var_0 counter_var_1 +,22,counter_var_0 var_1 +
3022,114 16 105 111 113,34,114 65 65 67 113,16,7,18,5,13,19,21,var_0 counter_var_1 +,25,counter_var_0 var_1 +
3023,114 28 18 72 113,38,114 30 11 6 113,28,1,10,6,18,11,34,var_0 counter_var_1 +,11,counter_var_0 var_1 +
3024,114 24 74 91 113,53,114 102 3 86 113,24,15,29,24,5,3,48,var_0 counter_var_1 +,44,counter_var_0 var_1 +
3025,114 93 60 63 113,7,114 37 4 78 113,6,8,1,16,14,4,22,var_0 counter_var_1 +,9,counter_var_0 var_1 +
3026,114 92 16 21 113,26,114 52 17 112 113,5,23,21,19,16,17,24,var_0 counter_var_1 +,44,counter_var_0 var_1 +
3027,114 68 7 22 113,32,114 67 27 101 113,10,9,22,8,7,4,18,var_0 counter_var_1 +,31,counter_var_0 var_1 +
3028,114 84 34 47 113,42,114 60 5 24 113,26,2,16,24,11,5,50,var_0 counter_var_1 +,18,counter_var_0 var_1 +
3029,114 94 50 27 113,34,114 26 106 56 113,7,26,27,25,4,14,32,var_0 counter_var_1 +,53,counter_var_0 var_1 +
3030,114 3 98 74 113,15,114 74 61 89 113,3,16,12,27,6,15,30,var_0 counter_var_1 +,28,counter_var_0 var_1 +
3031,114 32 75 8 113,11,114 7 25 20 113,3,7,8,20,6,2,23,var_0 counter_var_1 +,15,counter_var_0 var_1 +
3032,114 45 2 84 113,38,114 72 82 90 113,16,14,22,28,2,13,44,var_0 counter_var_1 +,36,counter_var_0 var_1 +
3033,114 96 74 91 113,38,114 98 45 103 113,9,11,29,10,5,22,19,var_0 counter_var_1 +,40,counter_var_0 var_1 +
3034,114 90 42 46 113,18,114 67 99 92 113,3,9,15,30,19,7,33,var_0 counter_var_1 +,24,counter_var_0 var_1 +
3035,114 26 53 68 113,32,114 41 93 105 113,26,12,6,12,7,1,38,var_0 counter_var_1 +,18,counter_var_0 var_1 +
3036,114 102 61 89 113,42,114 46 104 4 113,15,17,27,4,15,12,19,var_0 counter_var_1 +,44,counter_var_0 var_1 +
3037,114 79 76 54 113,44,114 57 9 70 113,21,28,23,8,7,9,29,var_0 counter_var_1 +,51,counter_var_0 var_1 +
3038,114 61 73 73 113,14,114 32 105 111 113,3,3,11,18,4,13,21,var_0 counter_var_1 +,14,counter_var_0 var_1 +
3039,114 111 20 50 113,43,114 8 73 73 113,24,8,19,11,20,4,35,var_0 counter_var_1 +,27,counter_var_0 var_1 +
3040,114 35 87 60 113,35,114 77 59 30 113,6,19,29,30,18,13,36,var_0 counter_var_1 +,48,counter_var_0 var_1 +
3041,114 11 15 62 113,11,114 52 29 17 113,11,23,0,17,15,6,28,var_0 counter_var_1 +,23,counter_var_0 var_1 +
3042,114 74 76 54 113,39,114 41 107 28 113,16,12,23,28,7,15,44,var_0 counter_var_1 +,35,counter_var_0 var_1 +
3043,114 106 21 49 113,37,114 62 16 21 113,19,4,18,21,21,16,40,var_0 counter_var_1 +,22,counter_var_0 var_1 +
3044,114 5 36 19 113,24,114 34 1 0 113,5,5,19,0,13,1,5,var_0 counter_var_1 +,24,counter_var_0 var_1 +
3045,114 76 105 111 113,36,114 33 24 35 113,18,4,18,4,13,1,22,var_0 counter_var_1 +,22,counter_var_0 var_1 +
3046,114 19 56 5 113,24,114 20 112 13 113,19,20,5,13,10,20,32,var_0 counter_var_1 +,25,counter_var_0 var_1 +
3047,114 3 28 55 113,27,114 29 26 25 113,3,0,24,25,5,3,28,var_0 counter_var_1 +,24,counter_var_0 var_1 +
3048,114 23 78 107 113,37,114 61 68 71 113,23,3,14,9,9,22,32,var_0 counter_var_1 +,17,counter_var_0 var_1 +
3049,114 46 14 33 113,19,114 15 94 96 113,17,15,2,3,14,2,20,var_0 counter_var_1 +,17,counter_var_0 var_1 +
3050,114 97 37 110 113,27,114 68 97 23 113,10,10,17,23,14,5,33,var_0 counter_var_1 +,27,counter_var_0 var_1 +
3051,114 43 76 54 113,37,114 80 36 19 113,14,22,23,19,7,13,33,var_0 counter_var_1 +,45,counter_var_0 var_1 +
3052,114 13 38 59 113,41,114 76 76 54 113,13,18,28,23,15,7,36,var_0 counter_var_1 +,46,counter_var_0 var_1 +
3053,114 19 66 88 113,45,114 15 18 72 113,19,15,26,10,20,18,29,var_0 counter_var_1 +,41,counter_var_0 var_1 +
3054,114 108 26 25 113,46,114 51 13 18 113,21,22,25,18,3,13,39,var_0 counter_var_1 +,47,counter_var_0 var_1 +
3055,114 79 5 24 113,45,114 63 10 11 113,21,5,24,11,5,10,32,var_0 counter_var_1 +,29,counter_var_0 var_1 +
3056,114 100 69 104 113,24,114 103 97 23 113,13,16,11,23,0,5,36,var_0 counter_var_1 +,27,counter_var_0 var_1 +
3057,114 25 98 74 113,37,114 99 86 94 113,25,12,12,1,6,17,26,var_0 counter_var_1 +,24,counter_var_0 var_1 +
3058,114 86 97 23 113,51,114 69 15 62 113,28,11,23,0,5,15,28,var_0 counter_var_1 +,34,counter_var_0 var_1 +
3059,114 19 58 2 113,21,114 74 111 79 113,19,16,2,17,12,19,36,var_0 counter_var_1 +,18,counter_var_0 var_1 +
3060,114 39 47 93 113,10,114 51 43 40 113,10,22,0,9,1,20,19,var_0 counter_var_1 +,22,counter_var_0 var_1 +
3061,114 45 23 98 113,21,114 29 0 38 113,16,0,5,7,0,0,23,var_0 counter_var_1 +,5,counter_var_0 var_1 +
3062,114 75 11 6 113,23,114 46 18 72 113,17,17,6,10,11,18,27,var_0 counter_var_1 +,23,counter_var_0 var_1 +
3063,114 64 108 85 113,29,114 52 70 77 113,6,23,23,15,16,1,21,var_0 counter_var_1 +,46,counter_var_0 var_1 +
3064,114 89 52 9 113,11,114 53 24 35 113,2,24,9,4,6,1,6,var_0 counter_var_1 +,33,counter_var_0 var_1 +
3065,114 65 102 45 113,21,114 78 33 14 113,7,20,14,14,10,10,21,var_0 counter_var_1 +,34,counter_var_0 var_1 +
3066,114 2 16 21 113,23,114 7 45 103 113,2,7,21,10,16,22,12,var_0 counter_var_1 +,28,counter_var_0 var_1 +
3067,114 91 5 24 113,28,114 48 96 7 113,4,19,24,7,5,4,11,var_0 counter_var_1 +,43,counter_var_0 var_1 +
3068,114 24 89 29 113,53,114 30 55 10 113,24,1,29,10,20,9,34,var_0 counter_var_1 +,30,counter_var_0 var_1 +
3069,114 31 62 43 113,14,114 15 95 109 113,2,15,12,16,16,3,18,var_0 counter_var_1 +,27,counter_var_0 var_1 +
3070,114 100 84 44 113,26,114 106 87 60 113,13,19,13,29,15,18,42,var_0 counter_var_1 +,32,counter_var_0 var_1 +
3071,114 17 99 92 113,47,114 8 34 47 113,17,8,30,16,7,11,33,var_0 counter_var_1 +,38,counter_var_0 var_1 +
3072,114 88 71 100 113,8,114 30 25 20 113,1,1,7,20,2,2,21,var_0 counter_var_1 +,8,counter_var_0 var_1 +
3073,114 34 14 33 113,7,114 10 97 23 113,5,10,2,23,14,5,28,var_0 counter_var_1 +,12,counter_var_0 var_1 +
3074,114 93 80 48 113,23,114 91 38 59 113,6,4,17,28,11,15,34,var_0 counter_var_1 +,21,counter_var_0 var_1 +
3075,114 25 57 97 113,29,114 1 91 106 113,25,1,4,13,11,22,38,var_0 counter_var_1 +,5,counter_var_0 var_1 +
3076,114 51 97 23 113,45,114 30 91 106 113,22,1,23,13,5,22,35,var_0 counter_var_1 +,24,counter_var_0 var_1 +
3077,114 11 59 30 113,41,114 111 44 41 113,11,24,30,10,13,21,21,var_0 counter_var_1 +,54,counter_var_0 var_1 +
3078,114 1 21 49 113,19,114 24 38 59 113,1,24,18,28,21,15,29,var_0 counter_var_1 +,42,counter_var_0 var_1 +
3079,114 78 20 50 113,39,114 25 70 77 113,20,25,19,15,20,1,35,var_0 counter_var_1 +,44,counter_var_0 var_1 +
3080,114 68 55 10 113,20,114 87 91 106 113,10,0,10,13,9,22,23,var_0 counter_var_1 +,10,counter_var_0 var_1 +
3081,114 99 22 12 113,24,114 50 94 96 113,12,21,12,3,22,2,15,var_0 counter_var_1 +,33,counter_var_0 var_1 +
3082,114 102 47 93 113,15,114 5 99 92 113,15,5,0,30,1,7,45,var_0 counter_var_1 +,5,counter_var_0 var_1 +
3083,114 24 109 65 113,27,114 112 59 30 113,24,25,3,30,17,13,54,var_0 counter_var_1 +,28,counter_var_0 var_1 +
3084,114 109 2 84 113,44,114 73 9 70 113,22,15,22,8,2,9,30,var_0 counter_var_1 +,37,counter_var_0 var_1 +
3085,114 44 8 57 113,41,114 73 30 99 113,15,15,26,6,8,7,21,var_0 counter_var_1 +,41,counter_var_0 var_1 +
3086,114 13 55 10 113,23,114 54 111 79 113,13,25,10,17,9,19,30,var_0 counter_var_1 +,35,counter_var_0 var_1 +
3087,114 110 65 67 113,28,114 30 63 26 113,23,1,5,26,19,17,49,var_0 counter_var_1 +,6,counter_var_0 var_1 +
3088,114 108 58 2 113,23,114 25 44 41 113,21,25,2,10,12,21,31,var_0 counter_var_1 +,27,counter_var_0 var_1 +
3089,114 75 24 35 113,21,114 11 14 33 113,17,11,4,2,1,14,19,var_0 counter_var_1 +,15,counter_var_0 var_1 +
3090,114 97 66 88 113,36,114 83 58 2 113,10,25,26,2,20,12,12,var_0 counter_var_1 +,51,counter_var_0 var_1 +
3091,114 79 83 3 113,24,114 61 106 56 113,21,3,3,25,14,14,46,var_0 counter_var_1 +,6,counter_var_0 var_1 +
3092,114 46 102 45 113,31,114 12 20 50 113,17,12,14,19,10,20,36,var_0 counter_var_1 +,26,counter_var_0 var_1 +
3093,114 50 14 33 113,23,114 91 59 30 113,21,4,2,30,14,13,51,var_0 counter_var_1 +,6,counter_var_0 var_1 +
3094,114 16 13 18 113,34,114 80 62 43 113,16,22,18,12,13,16,28,var_0 counter_var_1 +,40,counter_var_0 var_1 +
3095,114 30 52 9 113,10,114 24 86 94 113,1,24,9,1,6,17,2,var_0 counter_var_1 +,33,counter_var_0 var_1 +
3096,114 66 99 92 113,38,114 81 84 44 113,8,23,30,13,7,15,21,var_0 counter_var_1 +,53,counter_var_0 var_1 +
3097,114 41 108 85 113,35,114 81 89 29 113,12,23,23,29,16,20,41,var_0 counter_var_1 +,46,counter_var_0 var_1 +
3098,114 20 104 4 113,24,114 102 11 6 113,20,15,4,6,12,11,26,var_0 counter_var_1 +,19,counter_var_0 var_1 +
3099,114 46 50 27 113,44,114 102 6 64 113,17,15,27,2,4,6,19,var_0 counter_var_1 +,42,counter_var_0 var_1 +
3100,114 57 23 98 113,33,114 55 61 89 113,28,26,5,27,0,15,55,var_0 counter_var_1 +,31,counter_var_0 var_1 +
3101,114 47 87 60 113,47,114 71 21 49 113,18,13,29,18,18,21,36,var_0 counter_var_1 +,42,counter_var_0 var_1 +
3102,114 13 53 68 113,19,114 111 21 49 113,13,24,6,18,7,21,31,var_0 counter_var_1 +,30,counter_var_0 var_1 +
3103,114 47 79 58 113,45,114 59 25 20 113,18,1,27,20,10,2,38,var_0 counter_var_1 +,28,counter_var_0 var_1 +
3104,114 105 107 28 113,46,114 90 97 23 113,18,3,28,23,15,5,41,var_0 counter_var_1 +,31,counter_var_0 var_1 +
3105,114 109 5 24 113,46,114 11 31 82 113,22,11,24,20,5,8,42,var_0 counter_var_1 +,35,counter_var_0 var_1 +
3106,114 49 2 84 113,42,114 70 48 95 113,20,12,22,2,2,2,22,var_0 counter_var_1 +,34,counter_var_0 var_1 +
3107,114 5 100 75 113,18,114 8 62 43 113,5,8,13,12,8,16,17,var_0 counter_var_1 +,21,counter_var_0 var_1 +
3108,114 31 76 54 113,25,114 80 103 61 113,2,22,23,30,7,11,32,var_0 counter_var_1 +,45,counter_var_0 var_1 +
3109,114 74 103 61 113,46,114 106 29 17 113,16,19,30,17,11,6,33,var_0 counter_var_1 +,49,counter_var_0 var_1 +
3110,114 61 89 29 113,32,114 17 7 22 113,3,17,29,22,20,7,25,var_0 counter_var_1 +,46,counter_var_0 var_1 +
3111,114 9 21 49 113,27,114 48 69 104 113,9,19,18,11,21,0,20,var_0 counter_var_1 +,37,counter_var_0 var_1 +
3112,114 43 97 23 113,37,114 95 109 65 113,14,8,23,3,5,17,17,var_0 counter_var_1 +,31,counter_var_0 var_1 +
3113,114 78 35 37 113,26,114 52 110 108 113,20,23,6,15,12,18,35,var_0 counter_var_1 +,29,counter_var_0 var_1 +
3114,114 55 93 105 113,38,114 27 12 83 113,26,27,12,21,1,12,47,var_0 counter_var_1 +,39,counter_var_0 var_1 +
3115,114 22 88 16 113,38,114 15 106 56 113,22,15,16,25,19,14,47,var_0 counter_var_1 +,31,counter_var_0 var_1 +
3116,114 22 103 61 113,52,114 88 2 84 113,22,1,30,22,11,2,44,var_0 counter_var_1 +,31,counter_var_0 var_1 +
3117,114 81 47 93 113,23,114 41 109 65 113,23,12,0,3,1,17,26,var_0 counter_var_1 +,12,counter_var_0 var_1 +
3118,114 101 64 66 113,18,114 12 80 48 113,14,12,4,17,18,11,31,var_0 counter_var_1 +,16,counter_var_0 var_1 +
3119,114 71 98 74 113,25,114 101 5 24 113,13,14,12,24,6,5,37,var_0 counter_var_1 +,26,counter_var_0 var_1 +
3120,114 45 25 20 113,36,114 110 98 74 113,16,23,20,12,2,6,28,var_0 counter_var_1 +,43,counter_var_0 var_1 +
3121,114 2 78 107 113,16,114 41 62 43 113,2,12,14,12,9,16,14,var_0 counter_var_1 +,26,counter_var_0 var_1 +
3122,114 75 108 85 113,40,114 15 36 19 113,17,15,23,19,16,13,36,var_0 counter_var_1 +,38,counter_var_0 var_1 +
3123,114 17 26 25 113,42,114 32 76 54 113,17,3,25,23,3,7,40,var_0 counter_var_1 +,28,counter_var_0 var_1 +
3124,114 60 2 84 113,24,114 34 32 1 113,2,5,22,1,2,9,3,var_0 counter_var_1 +,27,counter_var_0 var_1 +
3125,114 44 54 53 113,37,114 72 76 54 113,15,14,22,23,8,7,38,var_0 counter_var_1 +,36,counter_var_0 var_1 +
3126,114 80 82 90 113,50,114 10 91 106 113,22,10,28,13,13,22,35,var_0 counter_var_1 +,38,counter_var_0 var_1 +
3127,114 86 29 17 113,45,114 21 65 67 113,28,21,17,5,6,19,33,var_0 counter_var_1 +,38,counter_var_0 var_1 +
3128,114 94 29 17 113,24,114 106 94 96 113,7,19,17,3,6,2,10,var_0 counter_var_1 +,36,counter_var_0 var_1 +
3129,114 105 95 109 113,34,114 53 32 1 113,18,24,16,1,3,9,19,var_0 counter_var_1 +,40,counter_var_0 var_1 +
3130,114 110 85 31 113,23,114 55 84 44 113,23,26,0,13,16,15,36,var_0 counter_var_1 +,26,counter_var_0 var_1 +
3131,114 36 39 36 113,12,114 102 53 68 113,7,15,5,6,16,7,13,var_0 counter_var_1 +,20,counter_var_0 var_1 +
3132,114 22 13 18 113,40,114 43 91 106 113,22,14,18,13,13,22,35,var_0 counter_var_1 +,32,counter_var_0 var_1 +
3133,114 94 18 72 113,17,114 75 81 52 113,7,17,10,21,18,12,28,var_0 counter_var_1 +,27,counter_var_0 var_1 +
3134,114 87 11 6 113,6,114 107 105 111 113,0,20,6,18,11,13,18,var_0 counter_var_1 +,26,counter_var_0 var_1 +
3135,114 67 8 57 113,35,114 47 23 98 113,9,18,26,5,8,0,14,var_0 counter_var_1 +,44,counter_var_0 var_1 +
3136,114 10 22 12 113,22,114 30 39 36 113,10,1,12,5,22,16,15,var_0 counter_var_1 +,13,counter_var_0 var_1 +
3137,114 27 75 8 113,35,114 41 58 2 113,27,12,8,2,6,12,29,var_0 counter_var_1 +,20,counter_var_0 var_1 +
3138,114 22 100 75 113,35,114 105 64 66 113,22,18,13,4,8,18,26,var_0 counter_var_1 +,31,counter_var_0 var_1 +
3139,114 75 22 12 113,29,114 104 49 32 113,17,17,12,1,22,3,18,var_0 counter_var_1 +,29,counter_var_0 var_1 +
3140,114 17 3 86 113,41,114 58 90 102 113,17,0,24,9,3,21,26,var_0 counter_var_1 +,24,counter_var_0 var_1 +
3141,114 40 6 64 113,13,114 3 95 109 113,11,3,2,16,6,3,27,var_0 counter_var_1 +,5,counter_var_0 var_1 +
3142,114 72 41 34 113,17,114 76 14 33 113,14,18,3,2,18,14,16,var_0 counter_var_1 +,21,counter_var_0 var_1 +
3143,114 49 61 89 113,47,114 85 106 56 113,20,27,27,25,15,14,45,var_0 counter_var_1 +,54,counter_var_0 var_1 +
3144,114 83 21 49 113,43,114 10 5 24 113,25,10,18,24,21,5,49,var_0 counter_var_1 +,28,counter_var_0 var_1 +
3145,114 102 68 71 113,24,114 23 106 56 113,15,23,9,25,22,14,40,var_0 counter_var_1 +,32,counter_var_0 var_1 +
3146,114 58 31 82 113,20,114 22 60 63 113,0,22,20,1,8,14,1,var_0 counter_var_1 +,42,counter_var_0 var_1 +
3147,114 90 85 31 113,3,114 25 34 47 113,3,25,0,16,16,11,19,var_0 counter_var_1 +,25,counter_var_0 var_1 +
3148,114 2 83 3 113,5,114 22 30 99 113,2,22,3,6,14,7,8,var_0 counter_var_1 +,25,counter_var_0 var_1 +
3149,114 28 93 105 113,40,114 100 89 29 113,28,13,12,29,1,20,57,var_0 counter_var_1 +,25,counter_var_0 var_1 +
3150,114 31 22 12 113,14,114 24 53 68 113,2,24,12,6,22,7,8,var_0 counter_var_1 +,36,counter_var_0 var_1 +
3151,114 12 0 38 113,19,114 99 41 34 113,12,12,7,3,0,18,15,var_0 counter_var_1 +,19,counter_var_0 var_1 +
3152,114 15 78 107 113,29,114 101 15 62 113,15,14,14,0,9,15,15,var_0 counter_var_1 +,28,counter_var_0 var_1 +
3153,114 24 98 74 113,36,114 17 96 7 113,24,17,12,7,6,4,31,var_0 counter_var_1 +,29,counter_var_0 var_1 +
3154,114 48 82 90 113,47,114 10 47 93 113,19,10,28,0,13,1,19,var_0 counter_var_1 +,38,counter_var_0 var_1 +
3155,114 103 64 66 113,20,114 10 26 25 113,16,10,4,25,18,3,41,var_0 counter_var_1 +,14,counter_var_0 var_1 +
3156,114 29 67 80 113,18,114 104 31 82 113,0,17,18,20,21,8,20,var_0 counter_var_1 +,35,counter_var_0 var_1 +
3157,114 86 75 8 113,36,114 95 29 17 113,28,8,8,17,6,6,45,var_0 counter_var_1 +,16,counter_var_0 var_1 +
3158,114 41 45 103 113,22,114 93 96 7 113,12,6,10,7,22,4,19,var_0 counter_var_1 +,16,counter_var_0 var_1 +
3159,114 95 62 43 113,20,114 48 22 12 113,8,19,12,12,16,22,20,var_0 counter_var_1 +,31,counter_var_0 var_1 +
3160,114 99 15 62 113,12,114 17 50 27 113,12,17,0,27,15,4,39,var_0 counter_var_1 +,17,counter_var_0 var_1 +
3161,114 95 30 99 113,14,114 58 47 93 113,8,0,6,0,7,1,8,var_0 counter_var_1 +,6,counter_var_0 var_1 +
3162,114 81 72 81 113,42,114 94 65 67 113,23,7,19,5,3,19,28,var_0 counter_var_1 +,26,counter_var_0 var_1 +
3163,114 65 97 23 113,30,114 13 80 48 113,7,13,23,17,5,11,24,var_0 counter_var_1 +,36,counter_var_0 var_1 +
3164,114 10 18 72 113,20,114 68 69 104 113,10,10,10,11,18,0,21,var_0 counter_var_1 +,20,counter_var_0 var_1 +
3165,114 63 95 109 113,21,114 24 46 87 113,5,24,16,25,3,0,30,var_0 counter_var_1 +,40,counter_var_0 var_1 +
3166,114 97 107 28 113,38,114 59 37 110 113,10,1,28,17,15,14,27,var_0 counter_var_1 +,29,counter_var_0 var_1 +
3167,114 100 37 110 113,30,114 82 29 17 113,13,24,17,17,14,6,30,var_0 counter_var_1 +,41,counter_var_0 var_1 +
3168,114 5 78 107 113,19,114 30 88 16 113,5,1,14,16,9,19,21,var_0 counter_var_1 +,15,counter_var_0 var_1 +
3169,114 56 96 7 113,34,114 14 54 53 113,27,14,7,22,4,8,49,var_0 counter_var_1 +,21,counter_var_0 var_1 +
3170,114 105 16 21 113,39,114 87 4 78 113,18,0,21,16,16,4,34,var_0 counter_var_1 +,21,counter_var_0 var_1 +
3171,114 93 91 106 113,19,114 32 36 19 113,6,3,13,19,22,13,25,var_0 counter_var_1 +,16,counter_var_0 var_1 +
3172,114 48 75 8 113,27,114 52 40 76 113,19,23,8,14,6,17,33,var_0 counter_var_1 +,31,counter_var_0 var_1 +
3173,114 44 105 111 113,33,114 61 84 44 113,15,3,18,13,13,15,28,var_0 counter_var_1 +,21,counter_var_0 var_1 +
3174,114 87 7 22 113,22,114 56 8 57 113,0,27,22,26,7,8,26,var_0 counter_var_1 +,49,counter_var_0 var_1 +
3175,114 28 55 10 113,38,114 59 70 77 113,28,1,10,15,9,1,43,var_0 counter_var_1 +,11,counter_var_0 var_1 +
3176,114 44 21 49 113,33,114 0 10 11 113,15,0,18,11,21,10,26,var_0 counter_var_1 +,18,counter_var_0 var_1 +
3177,114 101 17 112 113,33,114 23 55 10 113,14,23,19,10,17,9,24,var_0 counter_var_1 +,42,counter_var_0 var_1 +
3178,114 88 87 60 113,30,114 76 32 1 113,1,18,29,1,18,9,2,var_0 counter_var_1 +,47,counter_var_0 var_1 +
3179,114 103 28 55 113,40,114 106 36 19 113,16,19,24,19,5,13,35,var_0 counter_var_1 +,43,counter_var_0 var_1 +
3180,114 7 111 79 113,24,114 84 16 21 113,7,26,17,21,19,16,28,var_0 counter_var_1 +,43,counter_var_0 var_1 +
3181,114 9 6 64 113,11,114 90 87 60 113,9,3,2,29,6,18,38,var_0 counter_var_1 +,5,counter_var_0 var_1 +
3182,114 89 45 103 113,12,114 42 44 41 113,2,13,10,10,22,21,12,var_0 counter_var_1 +,23,counter_var_0 var_1 +
3183,114 13 18 72 113,23,114 5 46 87 113,13,5,10,25,18,0,38,var_0 counter_var_1 +,15,counter_var_0 var_1 +
3184,114 62 81 52 113,25,114 97 45 103 113,4,10,21,10,12,22,14,var_0 counter_var_1 +,31,counter_var_0 var_1 +
3185,114 41 107 28 113,40,114 105 17 112 113,12,18,28,19,15,17,31,var_0 counter_var_1 +,46,counter_var_0 var_1 +
3186,114 104 85 31 113,17,114 20 71 100 113,17,20,0,7,16,2,24,var_0 counter_var_1 +,20,counter_var_0 var_1 +
3187,114 68 81 52 113,31,114 75 76 54 113,10,17,21,23,12,7,33,var_0 counter_var_1 +,38,counter_var_0 var_1 +
3188,114 97 0 38 113,17,114 83 43 40 113,10,25,7,9,0,20,19,var_0 counter_var_1 +,32,counter_var_0 var_1 +
3189,114 45 20 50 113,35,114 110 69 104 113,16,23,19,11,20,0,27,var_0 counter_var_1 +,42,counter_var_0 var_1 +
3190,114 112 92 51 113,45,114 51 56 5 113,25,22,20,5,0,10,30,var_0 counter_var_1 +,42,counter_var_0 var_1 +
3191,114 112 107 28 113,53,114 78 105 111 113,25,20,28,18,15,13,43,var_0 counter_var_1 +,48,counter_var_0 var_1 +
3192,114 57 53 68 113,34,114 69 4 78 113,28,11,6,16,7,4,44,var_0 counter_var_1 +,17,counter_var_0 var_1 +
3193,114 106 111 79 113,36,114 20 54 53 113,19,20,17,22,19,8,41,var_0 counter_var_1 +,37,counter_var_0 var_1 +
3194,114 88 36 19 113,20,114 17 41 34 113,1,17,19,3,13,18,4,var_0 counter_var_1 +,36,counter_var_0 var_1 +
3195,114 109 106 56 113,47,114 12 75 8 113,22,12,25,8,14,6,30,var_0 counter_var_1 +,37,counter_var_0 var_1 +
3196,114 75 55 10 113,27,114 4 68 71 113,17,4,10,9,9,22,26,var_0 counter_var_1 +,14,counter_var_0 var_1 +
3197,114 105 100 75 113,31,114 34 57 97 113,18,5,13,4,8,11,22,var_0 counter_var_1 +,18,counter_var_0 var_1 +
3198,114 98 19 15 113,26,114 5 103 61 113,11,5,15,30,19,11,41,var_0 counter_var_1 +,20,counter_var_0 var_1 +
3199,114 87 62 43 113,12,114 79 52 9 113,0,21,12,9,16,6,9,var_0 counter_var_1 +,33,counter_var_0 var_1 +
3200,114 75 90 102 113,26,114 26 110 108 113,17,26,9,15,21,18,32,var_0 counter_var_1 +,35,counter_var_0 var_1 +
3201,114 89 62 43 113,14,114 111 111 79 113,2,24,12,17,16,19,19,var_0 counter_var_1 +,36,counter_var_0 var_1 +
3202,114 4 57 97 113,8,114 71 72 81 113,4,13,4,19,11,3,23,var_0 counter_var_1 +,17,counter_var_0 var_1 +
3203,114 111 93 105 113,36,114 66 33 14 113,24,8,12,14,1,10,38,var_0 counter_var_1 +,20,counter_var_0 var_1 +
3204,114 44 51 42 113,26,114 92 84 44 113,15,5,11,13,5,15,28,var_0 counter_var_1 +,16,counter_var_0 var_1 +
3205,114 82 1 0 113,24,114 101 108 85 113,24,14,0,23,1,16,47,var_0 counter_var_1 +,14,counter_var_0 var_1 +
3206,114 41 61 89 113,39,114 57 66 88 113,12,28,27,26,15,20,38,var_0 counter_var_1 +,55,counter_var_0 var_1 +
3207,114 63 98 74 113,17,114 16 24 35 113,5,16,12,4,6,1,9,var_0 counter_var_1 +,28,counter_var_0 var_1 +
3208,114 65 105 111 113,25,114 92 97 23 113,7,5,18,23,13,5,30,var_0 counter_var_1 +,23,counter_var_0 var_1 +
3209,114 108 112 13 113,34,114 50 58 2 113,21,21,13,2,20,12,23,var_0 counter_var_1 +,34,counter_var_0 var_1 +
3210,114 73 67 80 113,33,114 5 93 105 113,15,5,18,12,21,1,27,var_0 counter_var_1 +,23,counter_var_0 var_1 +
3211,114 24 60 63 113,25,114 70 22 12 113,24,12,1,12,14,22,36,var_0 counter_var_1 +,13,counter_var_0 var_1 +
3212,114 77 12 83 113,40,114 110 17 112 113,19,23,21,19,12,17,38,var_0 counter_var_1 +,44,counter_var_0 var_1 +
3213,114 25 36 19 113,44,114 4 24 35 113,25,4,19,4,13,1,29,var_0 counter_var_1 +,23,counter_var_0 var_1 +
3214,114 48 0 38 113,26,114 71 24 35 113,19,13,7,4,0,1,23,var_0 counter_var_1 +,20,counter_var_0 var_1 +
3215,114 27 111 79 113,44,114 52 97 23 113,27,23,17,23,19,5,50,var_0 counter_var_1 +,40,counter_var_0 var_1 +
3216,114 97 7 22 113,32,114 72 104 4 113,10,14,22,4,7,12,14,var_0 counter_var_1 +,36,counter_var_0 var_1 +
3217,114 20 86 94 113,21,114 39 97 23 113,20,10,1,23,17,5,43,var_0 counter_var_1 +,11,counter_var_0 var_1 +
3218,114 74 22 12 113,28,114 96 4 78 113,16,9,12,16,22,4,32,var_0 counter_var_1 +,21,counter_var_0 var_1 +
3219,114 38 78 107 113,23,114 25 1 0 113,9,25,14,0,9,1,9,var_0 counter_var_1 +,39,counter_var_0 var_1 +
3220,114 52 91 106 113,36,114 88 110 108 113,23,1,13,15,22,18,38,var_0 counter_var_1 +,14,counter_var_0 var_1 +
3221,114 33 42 46 113,19,114 63 13 18 113,4,5,15,18,19,13,22,var_0 counter_var_1 +,20,counter_var_0 var_1 +
3222,114 15 96 7 113,22,114 31 49 32 113,15,2,7,1,4,3,16,var_0 counter_var_1 +,9,counter_var_0 var_1 +
3223,114 53 53 68 113,30,114 33 49 32 113,24,4,6,1,7,3,25,var_0 counter_var_1 +,10,counter_var_0 var_1 +
3224,114 0 51 42 113,11,114 68 23 98 113,0,10,11,5,5,0,5,var_0 counter_var_1 +,21,counter_var_0 var_1 +
3225,114 62 88 16 113,20,114 41 4 78 113,4,12,16,16,19,4,20,var_0 counter_var_1 +,28,counter_var_0 var_1 +
3226,114 56 29 17 113,44,114 104 107 28 113,27,17,17,28,6,15,55,var_0 counter_var_1 +,34,counter_var_0 var_1 +
3227,114 105 62 43 113,30,114 97 21 49 113,18,10,12,18,16,21,36,var_0 counter_var_1 +,22,counter_var_0 var_1 +
3228,114 31 14 33 113,4,114 96 71 100 113,2,9,2,7,14,2,9,var_0 counter_var_1 +,11,counter_var_0 var_1 +
3229,114 47 50 27 113,45,114 19 83 3 113,18,19,27,3,4,14,21,var_0 counter_var_1 +,46,counter_var_0 var_1 +
3230,114 71 72 81 113,32,114 42 9 70 113,13,13,19,8,3,9,21,var_0 counter_var_1 +,32,counter_var_0 var_1 +
3231,114 96 47 93 113,9,114 18 27 101 113,9,18,0,8,1,4,17,var_0 counter_var_1 +,18,counter_var_0 var_1 +
3232,114 14 2 84 113,36,114 34 40 76 113,14,5,22,14,2,17,28,var_0 counter_var_1 +,27,counter_var_0 var_1 +
3233,114 13 82 90 113,41,114 79 56 5 113,13,21,28,5,13,10,18,var_0 counter_var_1 +,49,counter_var_0 var_1 +
3234,114 80 47 93 113,22,114 111 16 21 113,22,24,0,21,1,16,43,var_0 counter_var_1 +,24,counter_var_0 var_1 +
3235,114 20 90 102 113,29,114 81 96 7 113,20,23,9,7,21,4,27,var_0 counter_var_1 +,32,counter_var_0 var_1 +
3236,114 26 15 62 113,26,114 89 9 70 113,26,2,0,8,15,9,34,var_0 counter_var_1 +,2,counter_var_0 var_1 +
3237,114 25 75 8 113,33,114 110 62 43 113,25,23,8,12,6,16,37,var_0 counter_var_1 +,31,counter_var_0 var_1 +
3238,114 43 27 101 113,22,114 39 84 44 113,14,10,8,13,4,15,27,var_0 counter_var_1 +,18,counter_var_0 var_1 +
3239,114 16 102 45 113,30,114 23 83 3 113,16,23,14,3,10,14,19,var_0 counter_var_1 +,37,counter_var_0 var_1 +
3240,114 46 36 19 113,36,114 96 21 49 113,17,9,19,18,13,21,35,var_0 counter_var_1 +,28,counter_var_0 var_1 +
3241,114 74 58 2 113,18,114 74 5 24 113,16,16,2,24,12,5,40,var_0 counter_var_1 +,18,counter_var_0 var_1 +
3242,114 20 54 53 113,42,114 0 40 76 113,20,0,22,14,8,17,34,var_0 counter_var_1 +,22,counter_var_0 var_1 +
3243,114 43 50 27 113,41,114 76 26 25 113,14,18,27,25,4,3,39,var_0 counter_var_1 +,45,counter_var_0 var_1 +
3244,114 32 51 42 113,14,114 58 96 7 113,3,0,11,7,5,4,10,var_0 counter_var_1 +,11,counter_var_0 var_1 +
3245,114 73 105 111 113,33,114 112 84 44 113,15,25,18,13,13,15,28,var_0 counter_var_1 +,43,counter_var_0 var_1 +
3246,114 7 32 1 113,8,114 43 50 27 113,7,14,1,27,9,4,34,var_0 counter_var_1 +,15,counter_var_0 var_1 +
3247,114 24 55 10 113,34,114 26 108 85 113,24,26,10,23,9,16,47,var_0 counter_var_1 +,36,counter_var_0 var_1 +
3248,114 58 23 98 113,5,114 73 98 74 113,0,15,5,12,0,6,12,var_0 counter_var_1 +,20,counter_var_0 var_1 +
3249,114 60 25 20 113,22,114 18 44 41 113,2,18,20,10,2,21,12,var_0 counter_var_1 +,38,counter_var_0 var_1 +
3250,114 0 85 31 113,0,114 99 71 100 113,0,12,0,7,16,2,7,var_0 counter_var_1 +,12,counter_var_0 var_1 +
3251,114 40 16 21 113,32,114 50 10 11 113,11,21,21,11,16,10,22,var_0 counter_var_1 +,42,counter_var_0 var_1 +
3252,114 24 90 102 113,33,114 18 32 1 113,24,18,9,1,21,9,25,var_0 counter_var_1 +,27,counter_var_0 var_1 +
3253,114 106 48 95 113,21,114 24 109 65 113,19,24,2,3,2,17,22,var_0 counter_var_1 +,26,counter_var_0 var_1 +
3254,114 69 6 64 113,13,114 102 110 108 113,11,15,2,15,6,18,26,var_0 counter_var_1 +,17,counter_var_0 var_1 +
3255,114 29 18 72 113,10,114 104 64 66 113,0,17,10,4,18,18,4,var_0 counter_var_1 +,27,counter_var_0 var_1 +
3256,114 3 39 36 113,8,114 27 31 82 113,3,27,5,20,16,8,23,var_0 counter_var_1 +,32,counter_var_0 var_1 +
3257,114 87 102 45 113,14,114 11 10 11 113,0,11,14,11,10,10,11,var_0 counter_var_1 +,25,counter_var_0 var_1 +
3258,114 6 101 39 113,14,114 57 51 42 113,6,28,8,11,9,5,17,var_0 counter_var_1 +,36,counter_var_0 var_1 +
3259,114 55 39 36 113,31,114 69 49 32 113,26,11,5,1,16,3,27,var_0 counter_var_1 +,16,counter_var_0 var_1 +
3260,114 41 105 111 113,30,114 54 31 82 113,12,25,18,20,13,8,32,var_0 counter_var_1 +,43,counter_var_0 var_1 +
3261,114 4 0 38 113,11,114 53 12 83 113,4,24,7,21,0,12,25,var_0 counter_var_1 +,31,counter_var_0 var_1 +
3262,114 104 65 67 113,22,114 106 27 101 113,17,19,5,8,19,4,25,var_0 counter_var_1 +,24,counter_var_0 var_1 +
3263,114 109 7 22 113,44,114 36 36 19 113,22,7,22,19,7,13,41,var_0 counter_var_1 +,29,counter_var_0 var_1 +
3264,114 81 103 61 113,53,114 40 27 101 113,23,11,30,8,11,4,31,var_0 counter_var_1 +,41,counter_var_0 var_1 +
3265,114 62 83 3 113,7,114 17 65 67 113,4,17,3,5,14,19,9,var_0 counter_var_1 +,20,counter_var_0 var_1 +
3266,114 93 82 90 113,34,114 108 83 3 113,6,21,28,3,13,14,9,var_0 counter_var_1 +,49,counter_var_0 var_1 +
3267,114 81 112 13 113,36,114 103 63 26 113,23,16,13,26,20,17,49,var_0 counter_var_1 +,29,counter_var_0 var_1 +
3268,114 99 36 19 113,31,114 59 48 95 113,12,1,19,2,13,2,14,var_0 counter_var_1 +,20,counter_var_0 var_1 +
3269,114 70 30 99 113,18,114 5 98 74 113,12,5,6,12,7,6,24,var_0 counter_var_1 +,11,counter_var_0 var_1 +
3270,114 4 101 39 113,12,114 84 79 58 113,4,26,8,27,9,10,31,var_0 counter_var_1 +,34,counter_var_0 var_1 +
3271,114 60 72 81 113,21,114 77 26 25 113,2,19,19,25,3,3,27,var_0 counter_var_1 +,38,counter_var_0 var_1 +
3272,114 111 87 60 113,53,114 36 1 0 113,24,7,29,0,18,1,24,var_0 counter_var_1 +,36,counter_var_0 var_1 +
3273,114 80 52 9 113,31,114 49 80 48 113,22,20,9,17,6,11,39,var_0 counter_var_1 +,29,counter_var_0 var_1 +
3274,114 31 59 30 113,32,114 42 52 9 113,2,13,30,9,13,6,11,var_0 counter_var_1 +,43,counter_var_0 var_1 +
3275,114 2 109 65 113,5,114 57 106 56 113,2,28,3,25,17,14,27,var_0 counter_var_1 +,31,counter_var_0 var_1 +
3276,114 106 90 102 113,28,114 33 22 12 113,19,4,9,12,21,22,31,var_0 counter_var_1 +,13,counter_var_0 var_1 +
3277,114 111 52 9 113,33,114 72 69 104 113,24,14,9,11,6,0,35,var_0 counter_var_1 +,23,counter_var_0 var_1 +
3278,114 48 89 29 113,48,114 8 59 30 113,19,8,29,30,20,13,49,var_0 counter_var_1 +,37,counter_var_0 var_1 +
3279,114 9 85 31 113,9,114 93 69 104 113,9,6,0,11,16,0,20,var_0 counter_var_1 +,6,counter_var_0 var_1 +
3280,114 79 37 110 113,38,114 109 87 60 113,21,22,17,29,14,18,50,var_0 counter_var_1 +,39,counter_var_0 var_1 +
3281,114 1 79 58 113,28,114 34 21 49 113,1,5,27,18,10,21,19,var_0 counter_var_1 +,32,counter_var_0 var_1 +
3282,114 42 16 21 113,34,114 88 8 57 113,13,1,21,26,16,8,39,var_0 counter_var_1 +,22,counter_var_0 var_1 +
3283,114 100 104 4 113,17,114 94 84 44 113,13,7,4,13,12,15,26,var_0 counter_var_1 +,11,counter_var_0 var_1 +
3284,114 74 111 79 113,33,114 85 99 92 113,16,27,17,30,19,7,46,var_0 counter_var_1 +,44,counter_var_0 var_1 +
3285,114 98 36 19 113,30,114 11 47 93 113,11,11,19,0,13,1,11,var_0 counter_var_1 +,30,counter_var_0 var_1 +
3286,114 87 29 17 113,17,114 25 28 55 113,0,25,17,24,6,5,24,var_0 counter_var_1 +,42,counter_var_0 var_1 +
3287,114 22 86 94 113,23,114 11 0 38 113,22,11,1,7,17,0,29,var_0 counter_var_1 +,12,counter_var_0 var_1 +
3288,114 13 21 49 113,31,114 102 50 27 113,13,15,18,27,21,4,40,var_0 counter_var_1 +,33,counter_var_0 var_1 +
3289,114 4 59 30 113,34,114 37 97 23 113,4,8,30,23,13,5,27,var_0 counter_var_1 +,38,counter_var_0 var_1 +
3290,114 33 93 105 113,16,114 3 70 77 113,4,3,12,15,1,1,19,var_0 counter_var_1 +,15,counter_var_0 var_1 +
3291,114 15 59 30 113,45,114 81 94 96 113,15,23,30,3,13,2,18,var_0 counter_var_1 +,53,counter_var_0 var_1 +
3292,114 52 20 50 113,42,114 27 103 61 113,23,27,19,30,20,11,53,var_0 counter_var_1 +,46,counter_var_0 var_1 +
3293,114 8 46 87 113,33,114 56 107 28 113,8,27,25,28,0,15,36,var_0 counter_var_1 +,52,counter_var_0 var_1 +
3294,114 1 38 59 113,29,114 95 24 35 113,1,8,28,4,15,1,5,var_0 counter_var_1 +,36,counter_var_0 var_1 +
3295,114 82 32 1 113,25,114 107 93 105 113,24,20,1,12,9,1,36,var_0 counter_var_1 +,21,counter_var_0 var_1 +
3296,114 37 4 78 113,24,114 112 11 6 113,8,25,16,6,4,11,14,var_0 counter_var_1 +,41,counter_var_0 var_1 +
3297,114 78 77 69 113,27,114 43 106 56 113,20,14,7,25,8,14,45,var_0 counter_var_1 +,21,counter_var_0 var_1 +
3298,114 97 62 43 113,22,114 110 52 9 113,10,23,12,9,16,6,19,var_0 counter_var_1 +,35,counter_var_0 var_1 +
3299,114 51 21 49 113,40,114 12 109 65 113,22,12,18,3,21,17,25,var_0 counter_var_1 +,30,counter_var_0 var_1 +
3300,114 81 85 31 113,23,114 64 111 79 113,23,6,0,17,16,19,40,var_0 counter_var_1 +,6,counter_var_0 var_1 +
3301,114 21 84 44 113,34,114 103 68 71 113,21,16,13,9,15,22,30,var_0 counter_var_1 +,29,counter_var_0 var_1 +
3302,114 110 4 78 113,39,114 103 110 108 113,23,16,16,15,4,18,38,var_0 counter_var_1 +,32,counter_var_0 var_1 +
3303,114 50 1 0 113,21,114 45 14 33 113,21,16,0,2,1,14,23,var_0 counter_var_1 +,16,counter_var_0 var_1 +
3304,114 77 45 103 113,29,114 67 77 69 113,19,9,10,7,22,8,26,var_0 counter_var_1 +,19,counter_var_0 var_1 +
3305,114 35 52 9 113,15,114 36 18 72 113,6,7,9,10,6,18,16,var_0 counter_var_1 +,16,counter_var_0 var_1 +
3306,114 68 36 19 113,29,114 39 65 67 113,10,10,19,5,13,19,15,var_0 counter_var_1 +,29,counter_var_0 var_1 +
3307,114 14 67 80 113,32,114 103 95 109 113,14,16,18,16,21,3,30,var_0 counter_var_1 +,34,counter_var_0 var_1 +
3308,114 5 14 33 113,7,114 50 43 40 113,5,21,2,9,14,20,14,var_0 counter_var_1 +,23,counter_var_0 var_1 +
3309,114 27 93 105 113,39,114 52 103 61 113,27,23,12,30,1,11,57,var_0 counter_var_1 +,35,counter_var_0 var_1 +
3310,114 86 48 95 113,30,114 83 111 79 113,28,25,2,17,2,19,45,var_0 counter_var_1 +,27,counter_var_0 var_1 +
3311,114 38 12 83 113,30,114 21 33 14 113,9,21,21,14,12,10,23,var_0 counter_var_1 +,42,counter_var_0 var_1 +
3312,114 1 58 2 113,3,114 107 39 36 113,1,20,2,5,12,16,6,var_0 counter_var_1 +,22,counter_var_0 var_1 +
3313,114 57 22 12 113,40,114 104 2 84 113,28,17,12,22,22,2,50,var_0 counter_var_1 +,29,counter_var_0 var_1 +
3314,114 65 106 56 113,32,114 17 88 16 113,7,17,25,16,14,19,23,var_0 counter_var_1 +,42,counter_var_0 var_1 +
3315,114 36 66 88 113,33,114 104 14 33 113,7,17,26,2,20,14,9,var_0 counter_var_1 +,43,counter_var_0 var_1 +
3316,114 66 101 39 113,16,114 90 81 52 113,8,3,8,21,9,12,29,var_0 counter_var_1 +,11,counter_var_0 var_1 +
3317,114 58 76 54 113,23,114 2 59 30 113,0,2,23,30,7,13,30,var_0 counter_var_1 +,25,counter_var_0 var_1 +
3318,114 18 0 38 113,25,114 55 101 39 113,18,26,7,8,0,9,26,var_0 counter_var_1 +,33,counter_var_0 var_1 +
3319,114 35 27 101 113,14,114 31 102 45 113,6,2,8,14,4,10,20,var_0 counter_var_1 +,10,counter_var_0 var_1 +
3320,114 61 30 99 113,9,114 81 99 92 113,3,23,6,30,7,7,33,var_0 counter_var_1 +,29,counter_var_0 var_1 +
3321,114 55 41 34 113,29,114 19 74 91 113,26,19,3,29,18,5,55,var_0 counter_var_1 +,22,counter_var_0 var_1 +
3322,114 85 23 98 113,32,114 33 54 53 113,27,4,5,22,0,8,49,var_0 counter_var_1 +,9,counter_var_0 var_1 +
3323,114 93 40 76 113,20,114 34 51 42 113,6,5,14,11,17,5,17,var_0 counter_var_1 +,19,counter_var_0 var_1 +
3324,114 41 68 71 113,21,114 47 53 68 113,12,18,9,6,22,7,18,var_0 counter_var_1 +,27,counter_var_0 var_1 +
3325,114 26 73 73 113,37,114 104 67 80 113,26,17,11,18,4,21,44,var_0 counter_var_1 +,28,counter_var_0 var_1 +
3326,114 36 81 52 113,28,114 52 15 62 113,7,23,21,0,12,15,7,var_0 counter_var_1 +,44,counter_var_0 var_1 +
3327,114 107 63 26 113,46,114 57 1 0 113,20,28,26,0,17,1,20,var_0 counter_var_1 +,54,counter_var_0 var_1 +
3328,114 109 74 91 113,51,114 1 60 63 113,22,1,29,1,5,14,23,var_0 counter_var_1 +,30,counter_var_0 var_1 +
3329,114 38 95 109 113,25,114 105 110 108 113,9,18,16,15,3,18,24,var_0 counter_var_1 +,34,counter_var_0 var_1 +
3330,114 96 84 44 113,22,114 96 105 111 113,9,9,13,18,15,13,27,var_0 counter_var_1 +,22,counter_var_0 var_1 +
3331,114 54 79 58 113,52,114 106 72 81 113,25,19,27,19,10,3,44,var_0 counter_var_1 +,46,counter_var_0 var_1 +
3332,114 21 77 69 113,28,114 102 18 72 113,21,15,7,10,8,18,31,var_0 counter_var_1 +,22,counter_var_0 var_1 +
3333,114 98 41 34 113,14,114 96 81 52 113,11,9,3,21,18,12,32,var_0 counter_var_1 +,12,counter_var_0 var_1 +
3334,114 11 5 24 113,35,114 48 7 22 113,11,19,24,22,5,7,33,var_0 counter_var_1 +,43,counter_var_0 var_1 +
3335,114 81 76 54 113,46,114 23 40 76 113,23,23,23,14,7,17,37,var_0 counter_var_1 +,46,counter_var_0 var_1 +
3336,114 42 62 43 113,25,114 7 86 94 113,13,7,12,1,16,17,14,var_0 counter_var_1 +,19,counter_var_0 var_1 +
3337,114 34 42 46 113,20,114 34 0 38 113,5,5,15,7,19,0,12,var_0 counter_var_1 +,20,counter_var_0 var_1 +
3338,114 26 89 29 113,55,114 74 52 9 113,26,16,29,9,20,6,35,var_0 counter_var_1 +,45,counter_var_0 var_1 +
3339,114 0 93 105 113,12,114 78 15 62 113,0,20,12,0,1,15,0,var_0 counter_var_1 +,32,counter_var_0 var_1 +
3340,114 106 46 87 113,44,114 69 70 77 113,19,11,25,15,0,1,34,var_0 counter_var_1 +,36,counter_var_0 var_1 +
3341,114 33 82 90 113,32,114 51 111 79 113,4,22,28,17,13,19,21,var_0 counter_var_1 +,50,counter_var_0 var_1 +
3342,114 35 102 45 113,20,114 52 101 39 113,6,23,14,8,10,9,14,var_0 counter_var_1 +,37,counter_var_0 var_1 +
3343,114 78 112 13 113,33,114 111 99 92 113,20,24,13,30,20,7,50,var_0 counter_var_1 +,37,counter_var_0 var_1 +
3344,114 100 100 75 113,26,114 38 27 101 113,13,9,13,8,8,4,21,var_0 counter_var_1 +,22,counter_var_0 var_1 +
3345,114 59 40 76 113,15,114 0 23 98 113,1,0,14,5,17,0,6,var_0 counter_var_1 +,14,counter_var_0 var_1 +
3346,114 76 54 53 113,40,114 34 60 63 113,18,5,22,1,8,14,19,var_0 counter_var_1 +,27,counter_var_0 var_1 +
3347,114 45 70 77 113,31,114 4 59 30 113,16,4,15,30,1,13,46,var_0 counter_var_1 +,19,counter_var_0 var_1 +
3348,114 109 57 97 113,26,114 100 88 16 113,22,13,4,16,11,19,38,var_0 counter_var_1 +,17,counter_var_0 var_1 +
3349,114 35 103 61 113,36,114 107 77 69 113,6,20,30,7,11,8,13,var_0 counter_var_1 +,50,counter_var_0 var_1 +
3350,114 49 48 95 113,22,114 52 105 111 113,20,23,2,18,2,13,38,var_0 counter_var_1 +,25,counter_var_0 var_1 +
3351,114 105 46 87 113,43,114 20 23 98 113,18,20,25,5,0,0,23,var_0 counter_var_1 +,45,counter_var_0 var_1 +
3352,114 6 63 26 113,32,114 4 78 107 113,6,4,26,14,17,9,20,var_0 counter_var_1 +,30,counter_var_0 var_1 +
3353,114 74 1 0 113,16,114 63 33 14 113,16,5,0,14,1,10,30,var_0 counter_var_1 +,5,counter_var_0 var_1 +
3354,114 36 62 43 113,19,114 67 66 88 113,7,9,12,26,16,20,33,var_0 counter_var_1 +,21,counter_var_0 var_1 +
3355,114 49 107 28 113,48,114 103 64 66 113,20,16,28,4,15,18,24,var_0 counter_var_1 +,44,counter_var_0 var_1 +
3356,114 51 80 48 113,39,114 67 83 3 113,22,9,17,3,11,14,25,var_0 counter_var_1 +,26,counter_var_0 var_1 +
3357,114 91 32 1 113,5,114 60 18 72 113,4,2,1,10,9,18,14,var_0 counter_var_1 +,3,counter_var_0 var_1 +
3358,114 24 40 76 113,38,114 14 69 104 113,24,14,14,11,17,0,35,var_0 counter_var_1 +,28,counter_var_0 var_1 +
3359,114 44 29 17 113,32,114 91 98 74 113,15,4,17,12,6,6,27,var_0 counter_var_1 +,21,counter_var_0 var_1 +
3360,114 70 72 81 113,31,114 60 52 9 113,12,2,19,9,3,6,21,var_0 counter_var_1 +,21,counter_var_0 var_1 +
3361,114 19 11 6 113,25,114 63 38 59 113,19,5,6,28,11,15,47,var_0 counter_var_1 +,11,counter_var_0 var_1 +
3362,114 41 44 41 113,22,114 46 76 54 113,12,17,10,23,21,7,35,var_0 counter_var_1 +,27,counter_var_0 var_1 +
3363,114 39 65 67 113,15,114 25 38 59 113,10,25,5,28,19,15,38,var_0 counter_var_1 +,30,counter_var_0 var_1 +
3364,114 34 75 8 113,13,114 57 108 85 113,5,28,8,23,6,16,28,var_0 counter_var_1 +,36,counter_var_0 var_1 +
3365,114 38 13 18 113,27,114 97 20 50 113,9,10,18,19,13,20,28,var_0 counter_var_1 +,28,counter_var_0 var_1 +
3366,114 5 18 72 113,15,114 28 52 9 113,5,28,10,9,18,6,14,var_0 counter_var_1 +,38,counter_var_0 var_1 +
3367,114 24 81 52 113,45,114 85 53 68 113,24,27,21,6,12,7,30,var_0 counter_var_1 +,48,counter_var_0 var_1 +
3368,114 49 99 92 113,50,114 65 80 48 113,20,7,30,17,7,11,37,var_0 counter_var_1 +,37,counter_var_0 var_1 +
3369,114 74 40 76 113,30,114 14 57 97 113,16,14,14,4,17,11,20,var_0 counter_var_1 +,28,counter_var_0 var_1 +
3370,114 75 83 3 113,20,114 83 67 80 113,17,25,3,18,14,21,35,var_0 counter_var_1 +,28,counter_var_0 var_1 +
3371,114 58 3 86 113,24,114 110 34 47 113,0,23,24,16,3,11,16,var_0 counter_var_1 +,47,counter_var_0 var_1 +
3372,114 102 83 3 113,18,114 83 11 6 113,15,25,3,6,14,11,21,var_0 counter_var_1 +,28,counter_var_0 var_1 +
3373,114 12 28 55 113,36,114 12 33 14 113,12,12,24,14,5,10,26,var_0 counter_var_1 +,36,counter_var_0 var_1 +
3374,114 103 100 75 113,29,114 62 40 76 113,16,4,13,14,8,17,30,var_0 counter_var_1 +,17,counter_var_0 var_1 +
3375,114 18 48 95 113,20,114 71 38 59 113,18,13,2,28,2,15,46,var_0 counter_var_1 +,15,counter_var_0 var_1 +
3376,114 41 20 50 113,31,114 77 77 69 113,12,19,19,7,20,8,19,var_0 counter_var_1 +,38,counter_var_0 var_1 +
3377,114 88 60 63 113,2,114 111 33 14 113,1,24,1,14,14,10,15,var_0 counter_var_1 +,25,counter_var_0 var_1 +
3378,114 111 18 72 113,34,114 9 9 70 113,24,9,10,8,18,9,32,var_0 counter_var_1 +,19,counter_var_0 var_1 +
3379,114 37 1 0 113,8,114 21 92 51 113,8,21,0,20,1,0,28,var_0 counter_var_1 +,21,counter_var_0 var_1 +
3380,114 53 25 20 113,44,114 72 37 110 113,24,14,20,17,2,14,41,var_0 counter_var_1 +,34,counter_var_0 var_1 +
3381,114 29 56 5 113,5,114 41 20 50 113,0,12,5,19,10,20,19,var_0 counter_var_1 +,17,counter_var_0 var_1 +
3382,114 11 3 86 113,35,114 58 34 47 113,11,0,24,16,3,11,27,var_0 counter_var_1 +,24,counter_var_0 var_1 +
3383,114 76 42 46 113,33,114 101 60 63 113,18,14,15,1,19,14,19,var_0 counter_var_1 +,29,counter_var_0 var_1 +
3384,114 78 109 65 113,23,114 102 106 56 113,20,15,3,25,17,14,45,var_0 counter_var_1 +,18,counter_var_0 var_1 +
3385,114 56 68 71 113,36,114 17 109 65 113,27,17,9,3,22,17,30,var_0 counter_var_1 +,26,counter_var_0 var_1 +
3386,114 86 47 93 113,28,114 72 88 16 113,28,14,0,16,1,19,44,var_0 counter_var_1 +,14,counter_var_0 var_1 +
3387,114 81 46 87 113,48,114 85 21 49 113,23,27,25,18,0,21,41,var_0 counter_var_1 +,52,counter_var_0 var_1 +
3388,114 13 77 69 113,20,114 90 37 110 113,13,3,7,17,8,14,30,var_0 counter_var_1 +,10,counter_var_0 var_1 +
3389,114 57 46 87 113,53,114 100 37 110 113,28,13,25,17,0,14,45,var_0 counter_var_1 +,38,counter_var_0 var_1 +
3390,114 10 64 66 113,14,114 3 50 27 113,10,3,4,27,18,4,37,var_0 counter_var_1 +,7,counter_var_0 var_1 +
3391,114 44 6 64 113,17,114 14 109 65 113,15,14,2,3,6,17,18,var_0 counter_var_1 +,16,counter_var_0 var_1 +
3392,114 76 24 35 113,22,114 100 63 26 113,18,13,4,26,1,17,44,var_0 counter_var_1 +,17,counter_var_0 var_1 +
3393,114 45 26 25 113,41,114 64 65 67 113,16,6,25,5,3,19,21,var_0 counter_var_1 +,31,counter_var_0 var_1 +
3394,114 74 94 96 113,19,114 13 6 64 113,16,13,3,2,2,6,18,var_0 counter_var_1 +,16,counter_var_0 var_1 +
3395,114 30 54 53 113,23,114 91 8 57 113,1,4,22,26,8,8,27,var_0 counter_var_1 +,26,counter_var_0 var_1 +
3396,114 35 31 82 113,26,114 79 29 17 113,6,21,20,17,8,6,23,var_0 counter_var_1 +,41,counter_var_0 var_1 +
3397,114 78 55 10 113,30,114 91 43 40 113,20,4,10,9,9,20,29,var_0 counter_var_1 +,14,counter_var_0 var_1 +
3398,114 102 16 21 113,36,114 5 41 34 113,15,5,21,3,16,18,18,var_0 counter_var_1 +,26,counter_var_0 var_1 +
3399,114 38 84 44 113,22,114 3 108 85 113,9,3,13,23,15,16,32,var_0 counter_var_1 +,16,counter_var_0 var_1 +
3400,114 17 73 73 113,28,114 36 45 103 113,17,7,11,10,4,22,27,var_0 counter_var_1 +,18,counter_var_0 var_1 +
3401,114 17 32 1 113,18,114 60 83 3 113,17,2,1,3,9,14,20,var_0 counter_var_1 +,3,counter_var_0 var_1 +
3402,114 109 11 6 113,28,114 27 1 0 113,22,27,6,0,11,1,22,var_0 counter_var_1 +,33,counter_var_0 var_1 +
3403,114 70 27 101 113,20,114 41 27 101 113,12,12,8,8,4,4,20,var_0 counter_var_1 +,20,counter_var_0 var_1 +
3404,114 69 97 23 113,34,114 14 70 77 113,11,14,23,15,5,1,26,var_0 counter_var_1 +,37,counter_var_0 var_1 +
3405,114 67 64 66 113,13,114 24 81 52 113,9,24,4,21,18,12,30,var_0 counter_var_1 +,28,counter_var_0 var_1 +
3406,114 86 70 77 113,43,114 66 71 100 113,28,8,15,7,1,2,35,var_0 counter_var_1 +,23,counter_var_0 var_1 +
3407,114 56 109 65 113,30,114 75 102 45 113,27,17,3,14,17,10,41,var_0 counter_var_1 +,20,counter_var_0 var_1 +
3408,114 104 82 90 113,45,114 87 103 61 113,17,0,28,30,13,11,47,var_0 counter_var_1 +,28,counter_var_0 var_1 +
3409,114 9 41 34 113,12,114 105 79 58 113,9,18,3,27,18,10,36,var_0 counter_var_1 +,21,counter_var_0 var_1 +
3410,114 107 53 68 113,26,114 23 59 30 113,20,23,6,30,7,13,50,var_0 counter_var_1 +,29,counter_var_0 var_1 +
3411,114 37 40 76 113,22,114 61 38 59 113,8,3,14,28,17,15,36,var_0 counter_var_1 +,17,counter_var_0 var_1 +
3412,114 107 95 109 113,36,114 86 90 102 113,20,28,16,9,3,21,29,var_0 counter_var_1 +,44,counter_var_0 var_1 +
3413,114 105 42 46 113,33,114 42 88 16 113,18,13,15,16,19,19,34,var_0 counter_var_1 +,28,counter_var_0 var_1 +
3414,114 74 88 16 113,32,114 62 78 107 113,16,4,16,14,19,9,30,var_0 counter_var_1 +,20,counter_var_0 var_1 +
3415,114 103 9 70 113,24,114 111 37 110 113,16,24,8,17,9,14,33,var_0 counter_var_1 +,32,counter_var_0 var_1 +
3416,114 106 54 53 113,41,114 88 10 11 113,19,1,22,11,8,10,30,var_0 counter_var_1 +,23,counter_var_0 var_1 +
3417,114 29 41 34 113,3,114 103 62 43 113,0,16,3,12,18,16,12,var_0 counter_var_1 +,19,counter_var_0 var_1 +
3418,114 65 62 43 113,19,114 1 109 65 113,7,1,12,3,16,17,10,var_0 counter_var_1 +,13,counter_var_0 var_1 +
3419,114 76 39 36 113,23,114 10 71 100 113,18,10,5,7,16,2,25,var_0 counter_var_1 +,15,counter_var_0 var_1 +
3420,114 97 18 72 113,20,114 26 68 71 113,10,26,10,9,18,22,19,var_0 counter_var_1 +,36,counter_var_0 var_1 +
3421,114 5 4 78 113,21,114 87 106 56 113,5,0,16,25,4,14,30,var_0 counter_var_1 +,16,counter_var_0 var_1 +
3422,114 86 67 80 113,46,114 58 3 86 113,28,0,18,24,21,3,52,var_0 counter_var_1 +,18,counter_var_0 var_1 +
3423,114 6 54 53 113,28,114 74 13 18 113,6,16,22,18,8,13,24,var_0 counter_var_1 +,38,counter_var_0 var_1 +
3424,114 87 86 94 113,1,114 8 93 105 113,0,8,1,12,17,1,12,var_0 counter_var_1 +,9,counter_var_0 var_1 +
3425,114 85 74 91 113,56,114 24 92 51 113,27,24,29,20,5,0,47,var_0 counter_var_1 +,53,counter_var_0 var_1 +
3426,114 71 32 1 113,14,114 24 70 77 113,13,24,1,15,9,1,28,var_0 counter_var_1 +,25,counter_var_0 var_1 +
3427,114 66 112 13 113,21,114 2 26 25 113,8,2,13,25,20,3,33,var_0 counter_var_1 +,15,counter_var_0 var_1 +
3428,114 65 98 74 113,19,114 110 73 73 113,7,23,12,11,6,4,18,var_0 counter_var_1 +,35,counter_var_0 var_1 +
3429,114 21 112 13 113,34,114 92 10 11 113,21,5,13,11,20,10,32,var_0 counter_var_1 +,18,counter_var_0 var_1 +
3430,114 87 54 53 113,22,114 16 64 66 113,0,16,22,4,8,18,4,var_0 counter_var_1 +,38,counter_var_0 var_1 +
3431,114 60 60 63 113,3,114 66 64 66 113,2,8,1,4,14,18,6,var_0 counter_var_1 +,9,counter_var_0 var_1 +
3432,114 92 45 103 113,15,114 10 22 12 113,5,10,10,12,22,22,17,var_0 counter_var_1 +,20,counter_var_0 var_1 +
3433,114 0 41 34 113,3,114 40 54 53 113,0,11,3,22,18,8,22,var_0 counter_var_1 +,14,counter_var_0 var_1 +
3434,114 96 76 54 113,32,114 110 38 59 113,9,23,23,28,7,15,37,var_0 counter_var_1 +,46,counter_var_0 var_1 +
3435,114 102 14 33 113,17,114 40 83 3 113,15,11,2,3,14,14,18,var_0 counter_var_1 +,13,counter_var_0 var_1 +
3436,114 50 38 59 113,49,114 20 91 106 113,21,20,28,13,15,22,34,var_0 counter_var_1 +,48,counter_var_0 var_1 +
3437,114 7 107 28 113,35,114 63 7 22 113,7,5,28,22,15,7,29,var_0 counter_var_1 +,33,counter_var_0 var_1 +
3438,114 19 78 107 113,33,114 41 12 83 113,19,12,14,21,9,12,40,var_0 counter_var_1 +,26,counter_var_0 var_1 +
3439,114 78 27 101 113,28,114 47 77 69 113,20,18,8,7,4,8,27,var_0 counter_var_1 +,26,counter_var_0 var_1 +
3440,114 84 36 19 113,45,114 52 22 12 113,26,23,19,12,13,22,38,var_0 counter_var_1 +,42,counter_var_0 var_1 +
3441,114 102 6 64 113,17,114 34 26 25 113,15,5,2,25,6,3,40,var_0 counter_var_1 +,7,counter_var_0 var_1 +
3442,114 105 76 54 113,41,114 94 46 87 113,18,7,23,25,7,0,43,var_0 counter_var_1 +,30,counter_var_0 var_1 +
3443,114 51 70 77 113,37,114 31 64 66 113,22,2,15,4,1,18,26,var_0 counter_var_1 +,17,counter_var_0 var_1 +
3444,114 52 51 42 113,34,114 45 111 79 113,23,16,11,17,5,19,40,var_0 counter_var_1 +,27,counter_var_0 var_1 +
3445,114 111 80 48 113,41,114 37 52 9 113,24,8,17,9,11,6,33,var_0 counter_var_1 +,25,counter_var_0 var_1 +
3446,114 109 85 31 113,22,114 104 54 53 113,22,17,0,22,16,8,44,var_0 counter_var_1 +,17,counter_var_0 var_1 +
3447,114 43 84 44 113,27,114 106 68 71 113,14,19,13,9,15,22,23,var_0 counter_var_1 +,32,counter_var_0 var_1 +
3448,114 57 36 19 113,47,114 26 47 93 113,28,26,19,0,13,1,28,var_0 counter_var_1 +,45,counter_var_0 var_1 +
3449,114 2 7 22 113,24,114 65 64 66 113,2,7,22,4,7,18,6,var_0 counter_var_1 +,29,counter_var_0 var_1 +
3450,114 92 83 3 113,8,114 86 17 112 113,5,28,3,19,14,17,24,var_0 counter_var_1 +,31,counter_var_0 var_1 +
3451,114 17 23 98 113,22,114 94 82 90 113,17,7,5,28,0,13,45,var_0 counter_var_1 +,12,counter_var_0 var_1 +
3452,114 54 111 79 113,42,114 20 55 10 113,25,20,17,10,19,9,35,var_0 counter_var_1 +,37,counter_var_0 var_1 +
3453,114 101 106 56 113,39,114 91 16 21 113,14,4,25,21,14,16,35,var_0 counter_var_1 +,29,counter_var_0 var_1 +
3454,114 71 24 35 113,17,114 98 11 6 113,13,11,4,6,1,11,19,var_0 counter_var_1 +,15,counter_var_0 var_1 +
3455,114 32 24 35 113,7,114 90 8 57 113,3,3,4,26,1,8,29,var_0 counter_var_1 +,7,counter_var_0 var_1 +
3456,114 13 30 99 113,19,114 0 86 94 113,13,0,6,1,7,17,14,var_0 counter_var_1 +,6,counter_var_0 var_1 +
3457,114 89 1 0 113,2,114 112 42 46 113,2,25,0,15,1,19,17,var_0 counter_var_1 +,25,counter_var_0 var_1 +
3458,114 23 3 86 113,47,114 42 112 13 113,23,13,24,13,3,20,36,var_0 counter_var_1 +,37,counter_var_0 var_1 +
3459,114 100 82 90 113,41,114 102 78 107 113,13,15,28,14,13,9,27,var_0 counter_var_1 +,43,counter_var_0 var_1 +
3460,114 77 76 54 113,42,114 79 30 99 113,19,21,23,6,7,7,25,var_0 counter_var_1 +,44,counter_var_0 var_1 +
3461,114 31 47 93 113,2,114 8 69 104 113,2,8,0,11,1,0,13,var_0 counter_var_1 +,8,counter_var_0 var_1 +
3462,114 36 76 54 113,30,114 96 43 40 113,7,9,23,9,7,20,16,var_0 counter_var_1 +,32,counter_var_0 var_1 +
3463,114 106 80 48 113,36,114 7 85 31 113,19,7,17,0,11,16,19,var_0 counter_var_1 +,24,counter_var_0 var_1 +
3464,114 83 1 0 113,25,114 80 84 44 113,25,22,0,13,1,15,38,var_0 counter_var_1 +,22,counter_var_0 var_1 +
3465,114 93 88 16 113,22,114 10 30 99 113,6,10,16,6,19,7,12,var_0 counter_var_1 +,26,counter_var_0 var_1 +
3466,114 14 33 14 113,28,114 22 94 96 113,14,22,14,3,10,2,17,var_0 counter_var_1 +,36,counter_var_0 var_1 +
3467,114 99 53 68 113,18,114 9 107 28 113,12,9,6,28,7,15,40,var_0 counter_var_1 +,15,counter_var_0 var_1 +
3468,114 13 5 24 113,37,114 27 17 112 113,13,27,24,19,5,17,32,var_0 counter_var_1 +,51,counter_var_0 var_1 +
3469,114 10 91 106 113,23,114 96 62 43 113,10,9,13,12,22,16,22,var_0 counter_var_1 +,22,counter_var_0 var_1 +
3470,114 3 55 10 113,13,114 19 59 30 113,3,19,10,30,9,13,33,var_0 counter_var_1 +,29,counter_var_0 var_1 +
3471,114 96 93 105 113,21,114 87 78 107 113,9,0,12,14,1,9,23,var_0 counter_var_1 +,12,counter_var_0 var_1 +
3472,114 15 31 82 113,35,114 30 53 68 113,15,1,20,6,8,7,21,var_0 counter_var_1 +,21,counter_var_0 var_1 +
3473,114 41 57 97 113,16,114 97 110 108 113,12,10,4,15,11,18,27,var_0 counter_var_1 +,14,counter_var_0 var_1 +
3474,114 55 98 74 113,38,114 48 27 101 113,26,19,12,8,6,4,34,var_0 counter_var_1 +,31,counter_var_0 var_1 +
3475,114 64 21 49 113,24,114 10 0 38 113,6,10,18,7,21,0,13,var_0 counter_var_1 +,28,counter_var_0 var_1 +
3476,114 13 110 108 113,28,114 58 23 98 113,13,0,15,5,18,0,18,var_0 counter_var_1 +,15,counter_var_0 var_1 +
3477,114 9 58 2 113,11,114 4 37 110 113,9,4,2,17,12,14,26,var_0 counter_var_1 +,6,counter_var_0 var_1 +
3478,114 58 49 32 113,1,114 112 83 3 113,0,25,1,3,3,14,3,var_0 counter_var_1 +,26,counter_var_0 var_1 +
3479,114 61 92 51 113,23,114 36 21 49 113,3,7,20,18,0,21,21,var_0 counter_var_1 +,27,counter_var_0 var_1 +
3480,114 19 110 108 113,34,114 51 40 76 113,19,22,15,14,18,17,33,var_0 counter_var_1 +,37,counter_var_0 var_1 +
3481,114 87 99 92 113,30,114 66 0 38 113,0,8,30,7,7,0,7,var_0 counter_var_1 +,38,counter_var_0 var_1 +
3482,114 103 35 37 113,22,114 111 93 105 113,16,24,6,12,12,1,28,var_0 counter_var_1 +,30,counter_var_0 var_1 +
3483,114 83 63 26 113,51,114 28 1 0 113,25,28,26,0,17,1,25,var_0 counter_var_1 +,54,counter_var_0 var_1 +
3484,114 2 102 45 113,16,114 17 91 106 113,2,17,14,13,10,22,15,var_0 counter_var_1 +,31,counter_var_0 var_1 +
3485,114 5 99 92 113,35,114 14 87 60 113,5,14,30,29,7,18,34,var_0 counter_var_1 +,44,counter_var_0 var_1 +
3486,114 60 5 24 113,26,114 88 111 79 113,2,1,24,17,5,19,19,var_0 counter_var_1 +,25,counter_var_0 var_1 +
3487,114 31 66 88 113,28,114 81 0 38 113,2,23,26,7,20,0,9,var_0 counter_var_1 +,49,counter_var_0 var_1 +
3488,114 93 98 74 113,18,114 25 112 13 113,6,25,12,13,6,20,19,var_0 counter_var_1 +,37,counter_var_0 var_1 +
3489,114 19 1 0 113,19,114 35 28 55 113,19,6,0,24,1,5,43,var_0 counter_var_1 +,6,counter_var_0 var_1 +
3490,114 87 107 28 113,28,114 33 96 7 113,0,4,28,7,15,4,7,var_0 counter_var_1 +,32,counter_var_0 var_1 +
3491,114 102 28 55 113,39,114 94 41 34 113,15,7,24,3,5,18,18,var_0 counter_var_1 +,31,counter_var_0 var_1 +
3492,114 8 81 52 113,29,114 95 97 23 113,8,8,21,23,12,5,31,var_0 counter_var_1 +,29,counter_var_0 var_1 +
3493,114 15 97 23 113,38,114 54 44 41 113,15,25,23,10,5,21,25,var_0 counter_var_1 +,48,counter_var_0 var_1 +
3494,114 38 66 88 113,35,114 94 15 62 113,9,7,26,0,20,15,9,var_0 counter_var_1 +,33,counter_var_0 var_1 +
3495,114 2 88 16 113,18,114 112 43 40 113,2,25,16,9,19,20,11,var_0 counter_var_1 +,41,counter_var_0 var_1 +
3496,114 86 84 44 113,41,114 95 40 76 113,28,8,13,14,15,17,42,var_0 counter_var_1 +,21,counter_var_0 var_1 +
3497,114 108 17 112 113,40,114 74 84 44 113,21,16,19,13,17,15,34,var_0 counter_var_1 +,35,counter_var_0 var_1 +
3498,114 2 87 60 113,31,114 79 22 12 113,2,21,29,12,18,22,14,var_0 counter_var_1 +,50,counter_var_0 var_1 +
3499,114 83 110 108 113,40,114 30 47 93 113,25,1,15,0,18,1,25,var_0 counter_var_1 +,16,counter_var_0 var_1 +
3500,114 82 7 22 113,46,114 35 73 73 113,24,6,22,11,7,4,35,var_0 counter_var_1 +,28,counter_var_0 var_1 +
3501,114 6 79 58 113,33,114 86 15 62 113,6,28,27,0,10,15,6,var_0 counter_var_1 +,55,counter_var_0 var_1 +
3502,114 29 74 91 113,29,114 80 1 0 113,0,22,29,0,5,1,0,var_0 counter_var_1 +,51,counter_var_0 var_1 +
3503,114 64 15 62 113,6,114 12 59 30 113,6,12,0,30,15,13,36,var_0 counter_var_1 +,12,counter_var_0 var_1 +
3504,114 60 62 43 113,14,114 82 38 59 113,2,24,12,28,16,15,30,var_0 counter_var_1 +,36,counter_var_0 var_1 +
3505,114 91 97 23 113,27,114 92 72 81 113,4,5,23,19,5,3,23,var_0 counter_var_1 +,28,counter_var_0 var_1 +
3506,114 73 47 93 113,15,114 96 85 31 113,15,9,0,0,1,16,15,var_0 counter_var_1 +,9,counter_var_0 var_1 +
3507,114 66 18 72 113,18,114 78 20 50 113,8,20,10,19,18,20,27,var_0 counter_var_1 +,30,counter_var_0 var_1 +
3508,114 38 0 38 113,16,114 98 99 92 113,9,11,7,30,0,7,39,var_0 counter_var_1 +,18,counter_var_0 var_1 +
3509,114 76 0 38 113,25,114 2 38 59 113,18,2,7,28,0,15,46,var_0 counter_var_1 +,9,counter_var_0 var_1 +
3510,114 5 53 68 113,11,114 91 36 19 113,5,4,6,19,7,13,24,var_0 counter_var_1 +,10,counter_var_0 var_1 +
3511,114 41 49 32 113,13,114 43 12 83 113,12,14,1,21,3,12,33,var_0 counter_var_1 +,15,counter_var_0 var_1 +
3512,114 26 5 24 113,50,114 54 100 75 113,26,25,24,13,5,8,39,var_0 counter_var_1 +,49,counter_var_0 var_1 +
3513,114 9 94 96 113,12,114 99 96 7 113,9,12,3,7,2,4,16,var_0 counter_var_1 +,15,counter_var_0 var_1 +
3514,114 81 73 73 113,34,114 43 30 99 113,23,14,11,6,4,7,29,var_0 counter_var_1 +,25,counter_var_0 var_1 +
3515,114 26 29 17 113,43,114 43 34 47 113,26,14,17,16,6,11,42,var_0 counter_var_1 +,31,counter_var_0 var_1 +
3516,114 1 85 31 113,1,114 3 15 62 113,1,3,0,0,16,15,1,var_0 counter_var_1 +,3,counter_var_0 var_1 +
3517,114 51 3 86 113,46,114 84 32 1 113,22,26,24,1,3,9,23,var_0 counter_var_1 +,50,counter_var_0 var_1 +
3518,114 50 85 31 113,21,114 83 64 66 113,21,25,0,4,16,18,25,var_0 counter_var_1 +,25,counter_var_0 var_1 +
3519,114 78 76 54 113,43,114 29 6 64 113,20,0,23,2,7,6,22,var_0 counter_var_1 +,23,counter_var_0 var_1 +
3520,114 90 14 33 113,5,114 36 84 44 113,3,7,2,13,14,15,16,var_0 counter_var_1 +,9,counter_var_0 var_1 +
3521,114 105 12 83 113,39,114 110 100 75 113,18,23,21,13,12,8,31,var_0 counter_var_1 +,44,counter_var_0 var_1 +
3522,114 79 112 13 113,34,114 104 72 81 113,21,17,13,19,20,3,40,var_0 counter_var_1 +,30,counter_var_0 var_1 +
3523,114 41 1 0 113,12,114 32 41 34 113,12,3,0,3,1,18,15,var_0 counter_var_1 +,3,counter_var_0 var_1 +
3524,114 64 22 12 113,18,114 0 67 80 113,6,0,12,18,22,21,24,var_0 counter_var_1 +,12,counter_var_0 var_1 +
3525,114 33 38 59 113,32,114 93 74 91 113,4,6,28,29,15,5,33,var_0 counter_var_1 +,34,counter_var_0 var_1 +
3526,114 88 55 10 113,11,114 51 86 94 113,1,22,10,1,9,17,2,var_0 counter_var_1 +,32,counter_var_0 var_1 +
3527,114 62 86 94 113,5,114 6 90 102 113,4,6,1,9,17,21,13,var_0 counter_var_1 +,7,counter_var_0 var_1 +
3528,114 30 65 67 113,6,114 93 46 87 113,1,6,5,25,19,0,26,var_0 counter_var_1 +,11,counter_var_0 var_1 +
3529,114 93 102 45 113,20,114 85 68 71 113,6,27,14,9,10,22,15,var_0 counter_var_1 +,41,counter_var_0 var_1 +
3530,114 112 57 97 113,29,114 99 58 2 113,25,12,4,2,11,12,27,var_0 counter_var_1 +,16,counter_var_0 var_1 +
3531,114 51 59 30 113,52,114 55 2 84 113,22,26,30,22,13,2,44,var_0 counter_var_1 +,56,counter_var_0 var_1 +
3532,114 76 48 95 113,20,114 43 108 85 113,18,14,2,23,2,16,41,var_0 counter_var_1 +,16,counter_var_0 var_1 +
3533,114 30 16 21 113,22,114 4 22 12 113,1,4,21,12,16,22,13,var_0 counter_var_1 +,25,counter_var_0 var_1 +
3534,114 25 33 14 113,39,114 106 96 7 113,25,19,14,7,10,4,32,var_0 counter_var_1 +,33,counter_var_0 var_1 +
3535,114 109 53 68 113,28,114 70 37 110 113,22,12,6,17,7,14,39,var_0 counter_var_1 +,18,counter_var_0 var_1 +
3536,114 109 91 106 113,35,114 11 110 108 113,22,11,13,15,22,18,37,var_0 counter_var_1 +,24,counter_var_0 var_1 +
3537,114 10 95 109 113,26,114 96 86 94 113,10,9,16,1,3,17,11,var_0 counter_var_1 +,25,counter_var_0 var_1 +
3538,114 4 13 18 113,22,114 2 89 29 113,4,2,18,29,13,20,33,var_0 counter_var_1 +,20,counter_var_0 var_1 +
3539,114 50 20 50 113,40,114 67 68 71 113,21,9,19,9,20,22,30,var_0 counter_var_1 +,28,counter_var_0 var_1 +
3540,114 75 70 77 113,32,114 31 80 48 113,17,2,15,17,1,11,34,var_0 counter_var_1 +,17,counter_var_0 var_1 +
3541,114 36 31 82 113,27,114 60 80 48 113,7,2,20,17,8,11,24,var_0 counter_var_1 +,22,counter_var_0 var_1 +
3542,114 98 68 71 113,20,114 69 46 87 113,11,11,9,25,22,0,36,var_0 counter_var_1 +,20,counter_var_0 var_1 +
3543,114 82 87 60 113,53,114 94 69 104 113,24,7,29,11,18,0,35,var_0 counter_var_1 +,36,counter_var_0 var_1 +
3544,114 83 29 17 113,42,114 19 5 24 113,25,19,17,24,6,5,49,var_0 counter_var_1 +,36,counter_var_0 var_1 +
3545,114 78 75 8 113,28,114 76 111 79 113,20,18,8,17,6,19,37,var_0 counter_var_1 +,26,counter_var_0 var_1 +
3546,114 80 67 80 113,40,114 20 92 51 113,22,20,18,20,21,0,42,var_0 counter_var_1 +,38,counter_var_0 var_1 +
3547,114 95 104 4 113,12,114 53 23 98 113,8,24,4,5,12,0,13,var_0 counter_var_1 +,28,counter_var_0 var_1 +
3548,114 80 104 4 113,26,114 39 14 33 113,22,10,4,2,12,14,24,var_0 counter_var_1 +,14,counter_var_0 var_1 +
3549,114 64 8 57 113,32,114 24 85 31 113,6,24,26,0,8,16,6,var_0 counter_var_1 +,50,counter_var_0 var_1 +
3550,114 98 32 1 113,12,114 107 72 81 113,11,20,1,19,9,3,30,var_0 counter_var_1 +,21,counter_var_0 var_1 +
3551,114 89 89 29 113,31,114 36 97 23 113,2,7,29,23,20,5,25,var_0 counter_var_1 +,36,counter_var_0 var_1 +
3552,114 68 77 69 113,17,114 0 64 66 113,10,0,7,4,8,18,14,var_0 counter_var_1 +,7,counter_var_0 var_1 +
3553,114 98 43 40 113,20,114 50 24 35 113,11,21,9,4,20,1,15,var_0 counter_var_1 +,30,counter_var_0 var_1 +
3554,114 27 107 28 113,55,114 29 41 34 113,27,0,28,3,15,18,30,var_0 counter_var_1 +,28,counter_var_0 var_1 +
3555,114 56 37 110 113,44,114 24 67 80 113,27,24,17,18,14,21,45,var_0 counter_var_1 +,41,counter_var_0 var_1 +
3556,114 80 80 48 113,39,114 35 42 46 113,22,6,17,15,11,19,37,var_0 counter_var_1 +,23,counter_var_0 var_1 +
3557,114 30 0 38 113,8,114 104 88 16 113,1,17,7,16,0,19,17,var_0 counter_var_1 +,24,counter_var_0 var_1 +
3558,114 101 43 40 113,23,114 4 64 66 113,14,4,9,4,20,18,18,var_0 counter_var_1 +,13,counter_var_0 var_1 +
3559,114 96 22 12 113,21,114 77 87 60 113,9,19,12,29,22,18,38,var_0 counter_var_1 +,31,counter_var_0 var_1 +
3560,114 35 76 54 113,29,114 39 20 50 113,6,10,23,19,7,20,25,var_0 counter_var_1 +,33,counter_var_0 var_1 +
3561,114 58 88 16 113,16,114 68 100 75 113,0,10,16,13,19,8,13,var_0 counter_var_1 +,26,counter_var_0 var_1 +
3562,114 84 86 94 113,27,114 35 7 22 113,26,6,1,22,17,7,48,var_0 counter_var_1 +,7,counter_var_0 var_1 +
3563,114 82 21 49 113,42,114 36 108 85 113,24,7,18,23,21,16,47,var_0 counter_var_1 +,25,counter_var_0 var_1 +
3564,114 46 75 8 113,25,114 105 47 93 113,17,18,8,0,6,1,17,var_0 counter_var_1 +,26,counter_var_0 var_1 +
3565,114 74 2 84 113,38,114 89 75 8 113,16,2,22,8,2,6,24,var_0 counter_var_1 +,24,counter_var_0 var_1 +
3566,114 98 20 50 113,30,114 68 11 6 113,11,10,19,6,20,11,17,var_0 counter_var_1 +,29,counter_var_0 var_1 +
3567,114 64 72 81 113,25,114 2 102 45 113,6,2,19,14,3,10,20,var_0 counter_var_1 +,21,counter_var_0 var_1 +
3568,114 110 59 30 113,53,114 28 56 5 113,23,28,30,5,13,10,28,var_0 counter_var_1 +,58,counter_var_0 var_1 +
3569,114 4 71 100 113,11,114 39 33 14 113,4,10,7,14,2,10,18,var_0 counter_var_1 +,17,counter_var_0 var_1 +
3570,114 1 103 61 113,31,114 111 24 35 113,1,24,30,4,11,1,5,var_0 counter_var_1 +,54,counter_var_0 var_1 +
3571,114 107 31 82 113,40,114 97 82 90 113,20,10,20,28,8,13,48,var_0 counter_var_1 +,30,counter_var_0 var_1 +
3572,114 48 3 86 113,43,114 83 6 64 113,19,25,24,2,3,6,21,var_0 counter_var_1 +,49,counter_var_0 var_1 +
3573,114 57 64 66 113,32,114 74 8 57 113,28,16,4,26,18,8,54,var_0 counter_var_1 +,20,counter_var_0 var_1 +
3574,114 4 42 46 113,19,114 22 74 91 113,4,22,15,29,19,5,33,var_0 counter_var_1 +,37,counter_var_0 var_1 +
3575,114 89 80 48 113,19,114 102 36 19 113,2,15,17,19,11,13,21,var_0 counter_var_1 +,32,counter_var_0 var_1 +
3576,114 105 37 110 113,35,114 110 105 111 113,18,23,17,18,14,13,36,var_0 counter_var_1 +,40,counter_var_0 var_1 +
3577,114 20 10 11 113,31,114 52 92 51 113,20,23,11,20,10,0,40,var_0 counter_var_1 +,34,counter_var_0 var_1 +
3578,114 103 107 28 113,44,114 103 76 54 113,16,16,28,23,15,7,39,var_0 counter_var_1 +,44,counter_var_0 var_1 +
3579,114 22 84 44 113,35,114 95 81 52 113,22,8,13,21,15,12,43,var_0 counter_var_1 +,21,counter_var_0 var_1 +
3580,114 36 94 96 113,10,114 29 65 67 113,7,0,3,5,2,19,12,var_0 counter_var_1 +,3,counter_var_0 var_1 +
3581,114 49 65 67 113,25,114 1 20 50 113,20,1,5,19,19,20,39,var_0 counter_var_1 +,6,counter_var_0 var_1 +
3582,114 58 93 105 113,12,114 58 29 17 113,0,0,12,17,1,6,17,var_0 counter_var_1 +,12,counter_var_0 var_1 +
3583,114 104 23 98 113,22,114 106 110 108 113,17,19,5,15,0,18,32,var_0 counter_var_1 +,24,counter_var_0 var_1 +
3584,114 25 50 27 113,52,114 97 62 43 113,25,10,27,12,4,16,37,var_0 counter_var_1 +,37,counter_var_0 var_1 +
3585,114 74 69 104 113,27,114 76 70 77 113,16,18,11,15,0,1,31,var_0 counter_var_1 +,29,counter_var_0 var_1 +
3586,114 67 84 44 113,22,114 69 112 13 113,9,11,13,13,15,20,22,var_0 counter_var_1 +,24,counter_var_0 var_1 +
3587,114 25 22 12 113,37,114 99 18 72 113,25,12,12,10,22,18,35,var_0 counter_var_1 +,24,counter_var_0 var_1 +
3588,114 1 68 71 113,10,114 103 79 58 113,1,16,9,27,22,10,28,var_0 counter_var_1 +,25,counter_var_0 var_1 +
3589,114 95 54 53 113,30,114 89 50 27 113,8,2,22,27,8,4,35,var_0 counter_var_1 +,24,counter_var_0 var_1 +
3590,114 109 81 52 113,43,114 109 39 36 113,22,22,21,5,12,16,27,var_0 counter_var_1 +,43,counter_var_0 var_1 +
3591,114 0 17 112 113,19,114 4 100 75 113,0,4,19,13,17,8,13,var_0 counter_var_1 +,23,counter_var_0 var_1 +
3592,114 45 8 57 113,42,114 54 24 35 113,16,25,26,4,8,1,20,var_0 counter_var_1 +,51,counter_var_0 var_1 +
3593,114 57 111 79 113,45,114 12 55 10 113,28,12,17,10,19,9,38,var_0 counter_var_1 +,29,counter_var_0 var_1 +
3594,114 11 69 104 113,22,114 72 54 53 113,11,14,11,22,0,8,33,var_0 counter_var_1 +,25,counter_var_0 var_1 +
3595,114 58 13 18 113,18,114 62 66 88 113,0,4,18,26,13,20,26,var_0 counter_var_1 +,22,counter_var_0 var_1 +
3596,114 41 48 95 113,14,114 32 17 112 113,12,3,2,19,2,17,31,var_0 counter_var_1 +,5,counter_var_0 var_1 +
3597,114 2 77 69 113,9,114 78 1 0 113,2,20,7,0,8,1,2,var_0 counter_var_1 +,27,counter_var_0 var_1 +
3598,114 54 102 45 113,39,114 18 80 48 113,25,18,14,17,10,11,42,var_0 counter_var_1 +,32,counter_var_0 var_1 +
3599,114 14 110 108 113,29,114 80 70 77 113,14,22,15,15,18,1,29,var_0 counter_var_1 +,37,counter_var_0 var_1 +
3600,114 12 110 108 113,27,114 103 53 68 113,12,16,15,6,18,7,18,var_0 counter_var_1 +,31,counter_var_0 var_1 +
3601,114 58 98 74 113,12,114 5 35 37 113,0,5,12,6,6,12,6,var_0 counter_var_1 +,17,counter_var_0 var_1 +
3602,114 7 68 71 113,16,114 22 20 50 113,7,22,9,19,22,20,26,var_0 counter_var_1 +,31,counter_var_0 var_1 +
3603,114 31 70 77 113,17,114 7 1 0 113,2,7,15,0,1,1,2,var_0 counter_var_1 +,22,counter_var_0 var_1 +
3604,114 111 76 54 113,47,114 99 81 52 113,24,12,23,21,7,12,45,var_0 counter_var_1 +,35,counter_var_0 var_1 +
3605,114 81 15 62 113,23,114 37 104 4 113,23,8,0,4,15,12,27,var_0 counter_var_1 +,8,counter_var_0 var_1 +
3606,114 13 62 43 113,25,114 38 81 52 113,13,9,12,21,16,12,34,var_0 counter_var_1 +,21,counter_var_0 var_1 +
3607,114 55 112 13 113,39,114 89 86 94 113,26,2,13,1,20,17,27,var_0 counter_var_1 +,15,counter_var_0 var_1 +
3608,114 45 53 68 113,22,114 26 17 112 113,16,26,6,19,7,17,35,var_0 counter_var_1 +,32,counter_var_0 var_1 +
3609,114 55 54 53 113,48,114 11 3 86 113,26,11,22,24,8,3,50,var_0 counter_var_1 +,33,counter_var_0 var_1 +
3610,114 93 104 4 113,10,114 54 84 44 113,6,25,4,13,12,15,19,var_0 counter_var_1 +,29,counter_var_0 var_1 +
3611,114 46 79 58 113,44,114 35 89 29 113,17,6,27,29,10,20,46,var_0 counter_var_1 +,33,counter_var_0 var_1 +
3612,114 4 35 37 113,10,114 86 32 1 113,4,28,6,1,12,9,5,var_0 counter_var_1 +,34,counter_var_0 var_1 +
3613,114 93 87 60 113,35,114 53 75 8 113,6,24,29,8,18,6,14,var_0 counter_var_1 +,53,counter_var_0 var_1 +
3614,114 87 96 7 113,7,114 80 59 30 113,0,22,7,30,4,13,30,var_0 counter_var_1 +,29,counter_var_0 var_1 +
3615,114 58 15 62 113,0,114 41 97 23 113,0,12,0,23,15,5,23,var_0 counter_var_1 +,12,counter_var_0 var_1 +
3616,114 92 97 23 113,28,114 96 34 47 113,5,9,23,16,5,11,21,var_0 counter_var_1 +,32,counter_var_0 var_1 +
3617,114 111 22 12 113,36,114 65 92 51 113,24,7,12,20,22,0,44,var_0 counter_var_1 +,19,counter_var_0 var_1 +
3618,114 39 60 63 113,11,114 38 7 22 113,10,9,1,22,14,7,32,var_0 counter_var_1 +,10,counter_var_0 var_1 +
3619,114 87 28 55 113,24,114 75 106 56 113,0,17,24,25,5,14,25,var_0 counter_var_1 +,41,counter_var_0 var_1 +
3620,114 48 65 67 113,24,114 77 88 16 113,19,19,5,16,19,19,35,var_0 counter_var_1 +,24,counter_var_0 var_1 +
3621,114 89 71 100 113,9,114 89 58 2 113,2,2,7,2,2,12,4,var_0 counter_var_1 +,9,counter_var_0 var_1 +
3622,114 81 84 44 113,36,114 8 67 80 113,23,8,13,18,15,21,41,var_0 counter_var_1 +,21,counter_var_0 var_1 +
3623,114 104 103 61 113,47,114 58 45 103 113,17,0,30,10,11,22,27,var_0 counter_var_1 +,30,counter_var_0 var_1 +
3624,114 73 20 50 113,34,114 52 90 102 113,15,23,19,9,20,21,24,var_0 counter_var_1 +,42,counter_var_0 var_1 +
3625,114 101 72 81 113,33,114 13 100 75 113,14,13,19,13,3,8,27,var_0 counter_var_1 +,32,counter_var_0 var_1 +
3626,114 31 41 34 113,5,114 106 79 58 113,2,19,3,27,18,10,29,var_0 counter_var_1 +,22,counter_var_0 var_1 +
3627,114 105 58 2 113,20,114 108 73 73 113,18,21,2,11,12,4,29,var_0 counter_var_1 +,23,counter_var_0 var_1 +
3628,114 51 27 101 113,30,114 110 21 49 113,22,23,8,18,4,21,40,var_0 counter_var_1 +,31,counter_var_0 var_1 +
3629,114 63 3 86 113,29,114 59 30 99 113,5,1,24,6,3,7,11,var_0 counter_var_1 +,25,counter_var_0 var_1 +
3630,114 40 22 12 113,23,114 5 7 22 113,11,5,12,22,22,7,33,var_0 counter_var_1 +,17,counter_var_0 var_1 +
3631,114 71 26 25 113,38,114 21 1 0 113,13,21,25,0,3,1,13,var_0 counter_var_1 +,46,counter_var_0 var_1 +
3632,114 112 39 36 113,30,114 92 6 64 113,25,5,5,2,16,6,27,var_0 counter_var_1 +,10,counter_var_0 var_1 +
3633,114 81 64 66 113,27,114 100 3 86 113,23,13,4,24,18,3,47,var_0 counter_var_1 +,17,counter_var_0 var_1 +
3634,114 42 0 38 113,20,114 63 30 99 113,13,5,7,6,0,7,19,var_0 counter_var_1 +,12,counter_var_0 var_1 +
3635,114 72 100 75 113,27,114 77 74 91 113,14,19,13,29,8,5,43,var_0 counter_var_1 +,32,counter_var_0 var_1 +
3636,114 69 104 4 113,15,114 66 91 106 113,11,8,4,13,12,22,24,var_0 counter_var_1 +,12,counter_var_0 var_1 +
3637,114 19 86 94 113,20,114 22 76 54 113,19,22,1,23,17,7,42,var_0 counter_var_1 +,23,counter_var_0 var_1 +
3638,114 56 42 46 113,42,114 63 49 32 113,27,5,15,1,19,3,28,var_0 counter_var_1 +,20,counter_var_0 var_1 +
3639,114 47 6 64 113,20,114 21 54 53 113,18,21,2,22,6,8,40,var_0 counter_var_1 +,23,counter_var_0 var_1 +
3640,114 12 62 43 113,24,114 46 52 9 113,12,17,12,9,16,6,21,var_0 counter_var_1 +,29,counter_var_0 var_1 +
3641,114 26 83 3 113,29,114 5 94 96 113,26,5,3,3,14,2,29,var_0 counter_var_1 +,8,counter_var_0 var_1 +
3642,114 95 79 58 113,35,114 4 13 18 113,8,4,27,18,10,13,26,var_0 counter_var_1 +,31,counter_var_0 var_1 +
3643,114 44 98 74 113,27,114 73 3 86 113,15,15,12,24,6,3,39,var_0 counter_var_1 +,27,counter_var_0 var_1 +
3644,114 36 20 50 113,26,114 48 36 19 113,7,19,19,19,20,13,26,var_0 counter_var_1 +,38,counter_var_0 var_1 +
3645,114 47 44 41 113,28,114 98 73 73 113,18,11,10,11,21,4,29,var_0 counter_var_1 +,21,counter_var_0 var_1 +
3646,114 72 86 94 113,15,114 95 94 96 113,14,8,1,3,17,2,17,var_0 counter_var_1 +,9,counter_var_0 var_1 +
3647,114 38 106 56 113,34,114 110 53 68 113,9,23,25,6,14,7,15,var_0 counter_var_1 +,48,counter_var_0 var_1 +
3648,114 25 42 46 113,40,114 76 43 40 113,25,18,15,9,19,20,34,var_0 counter_var_1 +,33,counter_var_0 var_1 +
3649,114 59 55 10 113,11,114 35 11 6 113,1,6,10,6,9,11,7,var_0 counter_var_1 +,16,counter_var_0 var_1 +
3650,114 76 69 104 113,29,114 90 18 72 113,18,3,11,10,0,18,28,var_0 counter_var_1 +,14,counter_var_0 var_1 +
3651,114 90 60 63 113,4,114 110 20 50 113,3,23,1,19,14,20,22,var_0 counter_var_1 +,24,counter_var_0 var_1 +
3652,114 16 14 33 113,18,114 62 77 69 113,16,4,2,7,14,8,23,var_0 counter_var_1 +,6,counter_var_0 var_1 +
3653,114 48 12 83 113,40,114 107 103 61 113,19,20,21,30,12,11,49,var_0 counter_var_1 +,41,counter_var_0 var_1 +
3654,114 64 9 70 113,14,114 25 107 28 113,6,25,8,28,9,15,34,var_0 counter_var_1 +,33,counter_var_0 var_1 +
3655,114 80 20 50 113,41,114 89 57 97 113,22,2,19,4,20,11,26,var_0 counter_var_1 +,21,counter_var_0 var_1 +
3656,114 42 86 94 113,14,114 50 109 65 113,13,21,1,3,17,17,16,var_0 counter_var_1 +,22,counter_var_0 var_1 +
3657,114 53 55 10 113,34,114 36 90 102 113,24,7,10,9,9,21,33,var_0 counter_var_1 +,17,counter_var_0 var_1 +
3658,114 32 0 38 113,10,114 66 103 61 113,3,8,7,30,0,11,33,var_0 counter_var_1 +,15,counter_var_0 var_1 +
3659,114 100 61 89 113,40,114 50 85 31 113,13,21,27,0,15,16,13,var_0 counter_var_1 +,48,counter_var_0 var_1 +
3660,114 83 12 83 113,46,114 22 62 43 113,25,22,21,12,12,16,37,var_0 counter_var_1 +,43,counter_var_0 var_1 +
3661,114 22 9 70 113,30,114 27 28 55 113,22,27,8,24,9,5,46,var_0 counter_var_1 +,35,counter_var_0 var_1 +
3662,114 2 41 34 113,5,114 70 88 16 113,2,12,3,16,18,19,18,var_0 counter_var_1 +,15,counter_var_0 var_1 +
3663,114 19 104 4 113,23,114 97 99 92 113,19,10,4,30,12,7,49,var_0 counter_var_1 +,14,counter_var_0 var_1 +
3664,114 77 73 73 113,30,114 28 30 99 113,19,28,11,6,4,7,25,var_0 counter_var_1 +,39,counter_var_0 var_1 +
3665,114 5 79 58 113,32,114 43 79 58 113,5,14,27,27,10,10,32,var_0 counter_var_1 +,41,counter_var_0 var_1 +
3666,114 73 62 43 113,27,114 18 97 23 113,15,18,12,23,16,5,38,var_0 counter_var_1 +,30,counter_var_0 var_1 +
3667,114 112 105 111 113,43,114 2 82 90 113,25,2,18,28,13,13,53,var_0 counter_var_1 +,20,counter_var_0 var_1 +
3668,114 75 109 65 113,20,114 21 102 45 113,17,21,3,14,17,10,31,var_0 counter_var_1 +,24,counter_var_0 var_1 +
3669,114 100 109 65 113,16,114 68 84 44 113,13,10,3,13,17,15,26,var_0 counter_var_1 +,13,counter_var_0 var_1 +
3670,114 4 54 53 113,26,114 97 31 82 113,4,10,22,20,8,8,24,var_0 counter_var_1 +,32,counter_var_0 var_1 +
3671,114 63 33 14 113,19,114 81 38 59 113,5,23,14,28,10,15,33,var_0 counter_var_1 +,37,counter_var_0 var_1 +
3672,114 102 26 25 113,40,114 46 1 0 113,15,17,25,0,3,1,15,var_0 counter_var_1 +,42,counter_var_0 var_1 +
3673,114 79 28 55 113,45,114 88 98 74 113,21,1,24,12,5,6,33,var_0 counter_var_1 +,25,counter_var_0 var_1 +
3674,114 51 10 11 113,33,114 35 112 13 113,22,6,11,13,10,20,35,var_0 counter_var_1 +,17,counter_var_0 var_1 +
3675,114 23 104 4 113,27,114 76 59 30 113,23,18,4,30,12,13,53,var_0 counter_var_1 +,22,counter_var_0 var_1 +
3676,114 100 48 95 113,15,114 103 45 103 113,13,16,2,10,2,22,23,var_0 counter_var_1 +,18,counter_var_0 var_1 +
3677,114 108 45 103 113,31,114 96 98 74 113,21,9,10,12,22,6,33,var_0 counter_var_1 +,19,counter_var_0 var_1 +
3678,114 39 35 37 113,16,114 86 3 86 113,10,28,6,24,12,3,34,var_0 counter_var_1 +,34,counter_var_0 var_1 +
3679,114 4 107 28 113,32,114 41 68 71 113,4,12,28,9,15,22,13,var_0 counter_var_1 +,40,counter_var_0 var_1 +
3680,114 85 14 33 113,29,114 9 99 92 113,27,9,2,30,14,7,57,var_0 counter_var_1 +,11,counter_var_0 var_1 +
3681,114 28 23 98 113,33,114 56 46 87 113,28,27,5,25,0,0,53,var_0 counter_var_1 +,32,counter_var_0 var_1 +
3682,114 8 98 74 113,20,114 75 45 103 113,8,17,12,10,6,22,18,var_0 counter_var_1 +,29,counter_var_0 var_1 +
3683,114 71 43 40 113,22,114 2 108 85 113,13,2,9,23,20,16,36,var_0 counter_var_1 +,11,counter_var_0 var_1 +
3684,114 25 109 65 113,28,114 83 27 101 113,25,25,3,8,17,4,33,var_0 counter_var_1 +,28,counter_var_0 var_1 +
3685,114 66 30 99 113,14,114 111 61 89 113,8,24,6,27,7,15,35,var_0 counter_var_1 +,30,counter_var_0 var_1 +
3686,114 28 87 60 113,57,114 53 62 43 113,28,24,29,12,18,16,40,var_0 counter_var_1 +,53,counter_var_0 var_1 +
3687,114 3 102 45 113,17,114 51 61 89 113,3,22,14,27,10,15,30,var_0 counter_var_1 +,36,counter_var_0 var_1 +
3688,114 8 0 38 113,15,114 26 28 55 113,8,26,7,24,0,5,32,var_0 counter_var_1 +,33,counter_var_0 var_1 +
3689,114 50 4 78 113,37,114 81 74 91 113,21,23,16,29,4,5,50,var_0 counter_var_1 +,39,counter_var_0 var_1 +
3690,114 91 78 107 113,18,114 10 103 61 113,4,10,14,30,9,11,34,var_0 counter_var_1 +,24,counter_var_0 var_1 +
3691,114 12 54 53 113,34,114 72 1 0 113,12,14,22,0,8,1,12,var_0 counter_var_1 +,36,counter_var_0 var_1 +
3692,114 76 28 55 113,42,114 81 107 28 113,18,23,24,28,5,15,46,var_0 counter_var_1 +,47,counter_var_0 var_1 +
3693,114 82 12 83 113,45,114 29 37 110 113,24,0,21,17,12,14,41,var_0 counter_var_1 +,21,counter_var_0 var_1 +
3694,114 99 65 67 113,17,114 87 47 93 113,12,0,5,0,19,1,12,var_0 counter_var_1 +,5,counter_var_0 var_1 +
3695,114 49 68 71 113,29,114 40 38 59 113,20,11,9,28,22,15,48,var_0 counter_var_1 +,20,counter_var_0 var_1 +
3696,114 89 37 110 113,19,114 19 40 76 113,2,19,17,14,14,17,16,var_0 counter_var_1 +,36,counter_var_0 var_1 +
3697,114 59 12 83 113,22,114 38 94 96 113,1,9,21,3,12,2,4,var_0 counter_var_1 +,30,counter_var_0 var_1 +
3698,114 80 81 52 113,43,114 106 47 93 113,22,19,21,0,12,1,22,var_0 counter_var_1 +,40,counter_var_0 var_1 +
3699,114 26 54 53 113,48,114 65 5 24 113,26,7,22,24,8,5,50,var_0 counter_var_1 +,29,counter_var_0 var_1 +
3700,114 91 21 49 113,22,114 54 97 23 113,4,25,18,23,21,5,27,var_0 counter_var_1 +,43,counter_var_0 var_1 +
3701,114 90 109 65 113,6,114 83 37 110 113,3,25,3,17,17,14,20,var_0 counter_var_1 +,28,counter_var_0 var_1 +
3702,114 60 48 95 113,4,114 82 2 84 113,2,24,2,22,2,2,24,var_0 counter_var_1 +,26,counter_var_0 var_1 +
3703,114 100 20 50 113,32,114 79 84 44 113,13,21,19,13,20,15,26,var_0 counter_var_1 +,40,counter_var_0 var_1 +
3704,114 79 7 22 113,43,114 14 83 3 113,21,14,22,3,7,14,24,var_0 counter_var_1 +,36,counter_var_0 var_1 +
3705,114 59 78 107 113,15,114 20 99 92 113,1,20,14,30,9,7,31,var_0 counter_var_1 +,34,counter_var_0 var_1 +
3706,114 6 19 15 113,21,114 108 69 104 113,6,21,15,11,19,0,17,var_0 counter_var_1 +,36,counter_var_0 var_1 +
3707,114 1 71 100 113,8,114 48 28 55 113,1,19,7,24,2,5,25,var_0 counter_var_1 +,26,counter_var_0 var_1 +
3708,114 91 25 20 113,24,114 7 94 96 113,4,7,20,3,2,2,7,var_0 counter_var_1 +,27,counter_var_0 var_1 +
3709,114 26 33 14 113,40,114 79 112 13 113,26,21,14,13,10,20,39,var_0 counter_var_1 +,35,counter_var_0 var_1 +
3710,114 85 13 18 113,45,114 26 57 97 113,27,26,18,4,13,11,31,var_0 counter_var_1 +,44,counter_var_0 var_1 +
3711,114 95 71 100 113,15,114 79 0 38 113,8,21,7,7,2,0,15,var_0 counter_var_1 +,28,counter_var_0 var_1 +
3712,114 40 23 98 113,16,114 79 111 79 113,11,21,5,17,0,19,28,var_0 counter_var_1 +,26,counter_var_0 var_1 +
3713,114 82 30 99 113,30,114 111 9 70 113,24,24,6,8,7,9,32,var_0 counter_var_1 +,30,counter_var_0 var_1 +
3714,114 54 59 30 113,55,114 65 106 56 113,25,7,30,25,13,14,50,var_0 counter_var_1 +,37,counter_var_0 var_1 +
3715,114 102 19 15 113,30,114 73 69 104 113,15,15,15,11,19,0,26,var_0 counter_var_1 +,30,counter_var_0 var_1 +
3716,114 1 17 112 113,20,114 98 1 0 113,1,11,19,0,17,1,1,var_0 counter_var_1 +,30,counter_var_0 var_1 +
3717,114 70 22 12 113,24,114 81 59 30 113,12,23,12,30,22,13,42,var_0 counter_var_1 +,35,counter_var_0 var_1 +
3718,114 16 68 71 113,25,114 78 40 76 113,16,20,9,14,22,17,30,var_0 counter_var_1 +,29,counter_var_0 var_1 +
3719,114 29 2 84 113,22,114 88 94 96 113,0,1,22,3,2,2,3,var_0 counter_var_1 +,23,counter_var_0 var_1 +
3720,114 12 101 39 113,20,114 67 78 107 113,12,9,8,14,9,9,26,var_0 counter_var_1 +,17,counter_var_0 var_1 +
3721,114 8 39 36 113,13,114 78 112 13 113,8,20,5,13,16,20,21,var_0 counter_var_1 +,25,counter_var_0 var_1 +
3722,114 79 106 56 113,46,114 61 65 67 113,21,3,25,5,14,19,26,var_0 counter_var_1 +,28,counter_var_0 var_1 +
3723,114 58 52 9 113,9,114 94 76 54 113,0,7,9,23,6,7,23,var_0 counter_var_1 +,16,counter_var_0 var_1 +
3724,114 105 21 49 113,36,114 36 32 1 113,18,7,18,1,21,9,19,var_0 counter_var_1 +,25,counter_var_0 var_1 +
3725,114 96 87 60 113,38,114 98 56 5 113,9,11,29,5,18,10,14,var_0 counter_var_1 +,40,counter_var_0 var_1 +
3726,114 38 87 60 113,38,114 103 23 98 113,9,16,29,5,18,0,14,var_0 counter_var_1 +,45,counter_var_0 var_1 +
3727,114 84 56 5 113,31,114 102 86 94 113,26,15,5,1,10,17,27,var_0 counter_var_1 +,20,counter_var_0 var_1 +
3728,114 66 49 32 113,9,114 6 106 56 113,8,6,1,25,3,14,33,var_0 counter_var_1 +,7,counter_var_0 var_1 +
3729,114 83 105 111 113,43,114 103 80 48 113,25,16,18,17,13,11,42,var_0 counter_var_1 +,34,counter_var_0 var_1 +
3730,114 62 78 107 113,18,114 94 62 43 113,4,7,14,12,9,16,16,var_0 counter_var_1 +,21,counter_var_0 var_1 +
3731,114 41 8 57 113,38,114 91 63 26 113,12,4,26,26,8,17,38,var_0 counter_var_1 +,30,counter_var_0 var_1 +
3732,114 6 49 32 113,7,114 15 64 66 113,6,15,1,4,3,18,10,var_0 counter_var_1 +,16,counter_var_0 var_1 +
3733,114 17 60 63 113,18,114 25 17 112 113,17,25,1,19,14,17,36,var_0 counter_var_1 +,26,counter_var_0 var_1 +
3734,114 11 8 57 113,37,114 48 109 65 113,11,19,26,3,8,17,14,var_0 counter_var_1 +,45,counter_var_0 var_1 +
3735,114 66 76 54 113,31,114 37 108 85 113,8,8,23,23,7,16,31,var_0 counter_var_1 +,31,counter_var_0 var_1 +
3736,114 108 82 90 113,49,114 65 38 59 113,21,7,28,28,13,15,49,var_0 counter_var_1 +,35,counter_var_0 var_1 +
3737,114 109 95 109 113,38,114 6 53 68 113,22,6,16,6,3,7,28,var_0 counter_var_1 +,22,counter_var_0 var_1 +
3738,114 90 80 48 113,20,114 95 106 56 113,3,8,17,25,11,14,28,var_0 counter_var_1 +,25,counter_var_0 var_1 +
3739,114 7 74 91 113,36,114 77 99 92 113,7,19,29,30,5,7,37,var_0 counter_var_1 +,48,counter_var_0 var_1 +
3740,114 38 70 77 113,24,114 108 76 54 113,9,21,15,23,1,7,32,var_0 counter_var_1 +,36,counter_var_0 var_1 +
3741,114 62 21 49 113,22,114 18 106 56 113,4,18,18,25,21,14,29,var_0 counter_var_1 +,36,counter_var_0 var_1 +
3742,114 80 59 30 113,52,114 60 64 66 113,22,2,30,4,13,18,26,var_0 counter_var_1 +,32,counter_var_0 var_1 +
3743,114 86 18 72 113,38,114 54 2 84 113,28,25,10,22,18,2,50,var_0 counter_var_1 +,35,counter_var_0 var_1 +
3744,114 62 87 60 113,33,114 21 20 50 113,4,21,29,19,18,20,23,var_0 counter_var_1 +,50,counter_var_0 var_1 +
3745,114 78 91 106 113,33,114 69 52 9 113,20,11,13,9,22,6,29,var_0 counter_var_1 +,24,counter_var_0 var_1 +
3746,114 103 27 101 113,24,114 10 31 82 113,16,10,8,20,4,8,36,var_0 counter_var_1 +,18,counter_var_0 var_1 +
3747,114 39 112 13 113,23,114 63 12 83 113,10,5,13,21,20,12,31,var_0 counter_var_1 +,18,counter_var_0 var_1 +
3748,114 108 105 111 113,39,114 78 7 22 113,21,20,18,22,13,7,43,var_0 counter_var_1 +,38,counter_var_0 var_1 +
3749,114 38 7 22 113,31,114 100 9 70 113,9,13,22,8,7,9,17,var_0 counter_var_1 +,35,counter_var_0 var_1 +
3750,114 64 0 38 113,13,114 5 68 71 113,6,5,7,9,0,22,15,var_0 counter_var_1 +,12,counter_var_0 var_1 +
3751,114 22 74 91 113,51,114 105 76 54 113,22,18,29,23,5,7,45,var_0 counter_var_1 +,47,counter_var_0 var_1 +
3752,114 59 57 97 113,5,114 7 107 28 113,1,7,4,28,11,15,29,var_0 counter_var_1 +,11,counter_var_0 var_1 +
3753,114 35 51 42 113,17,114 81 98 74 113,6,23,11,12,5,6,18,var_0 counter_var_1 +,34,counter_var_0 var_1 +
3754,114 21 60 63 113,22,114 67 85 31 113,21,9,1,0,14,16,21,var_0 counter_var_1 +,10,counter_var_0 var_1 +
3755,114 110 104 4 113,27,114 69 60 63 113,23,11,4,1,12,14,24,var_0 counter_var_1 +,15,counter_var_0 var_1 +
3756,114 106 19 15 113,34,114 72 108 85 113,19,14,15,23,19,16,42,var_0 counter_var_1 +,29,counter_var_0 var_1 +
3757,114 43 26 25 113,39,114 107 20 50 113,14,20,25,19,3,20,33,var_0 counter_var_1 +,45,counter_var_0 var_1 +
3758,114 24 20 50 113,43,114 62 22 12 113,24,4,19,12,20,22,36,var_0 counter_var_1 +,23,counter_var_0 var_1 +
3759,114 41 28 55 113,36,114 105 14 33 113,12,18,24,2,5,14,14,var_0 counter_var_1 +,42,counter_var_0 var_1 +
3760,114 69 21 49 113,29,114 57 103 61 113,11,28,18,30,21,11,41,var_0 counter_var_1 +,46,counter_var_0 var_1 +
3761,114 100 1 0 113,13,114 40 72 81 113,13,11,0,19,1,3,32,var_0 counter_var_1 +,11,counter_var_0 var_1 +
3762,114 70 106 56 113,37,114 67 107 28 113,12,9,25,28,14,15,40,var_0 counter_var_1 +,34,counter_var_0 var_1 +
3763,114 36 74 91 113,36,114 29 66 88 113,7,0,29,26,5,20,33,var_0 counter_var_1 +,29,counter_var_0 var_1 +
3764,114 96 7 22 113,31,114 4 90 102 113,9,4,22,9,7,21,18,var_0 counter_var_1 +,26,counter_var_0 var_1 +
3765,114 21 72 81 113,40,114 90 14 33 113,21,3,19,2,3,14,23,var_0 counter_var_1 +,22,counter_var_0 var_1 +
3766,114 7 93 105 113,19,114 90 76 54 113,7,3,12,23,1,7,30,var_0 counter_var_1 +,15,counter_var_0 var_1 +
3767,114 72 80 48 113,31,114 36 43 40 113,14,7,17,9,11,20,23,var_0 counter_var_1 +,24,counter_var_0 var_1 +
3768,114 62 92 51 113,24,114 73 109 65 113,4,15,20,3,0,17,7,var_0 counter_var_1 +,35,counter_var_0 var_1 +
3769,114 44 100 75 113,28,114 98 64 66 113,15,11,13,4,8,18,19,var_0 counter_var_1 +,24,counter_var_0 var_1 +
3770,114 81 20 50 113,42,114 96 100 75 113,23,9,19,13,20,8,36,var_0 counter_var_1 +,28,counter_var_0 var_1 +
3771,114 93 39 36 113,11,114 111 60 63 113,6,24,5,1,16,14,7,var_0 counter_var_1 +,29,counter_var_0 var_1 +
3772,114 87 23 98 113,5,114 92 5 24 113,0,5,5,24,0,5,24,var_0 counter_var_1 +,10,counter_var_0 var_1 +
3773,114 34 77 69 113,12,114 5 87 60 113,5,5,7,29,8,18,34,var_0 counter_var_1 +,12,counter_var_0 var_1 +
3774,114 9 101 39 113,17,114 7 39 36 113,9,7,8,5,9,16,14,var_0 counter_var_1 +,15,counter_var_0 var_1 +
3775,114 96 43 40 113,18,114 49 63 26 113,9,20,9,26,20,17,35,var_0 counter_var_1 +,29,counter_var_0 var_1 +
3776,114 40 56 5 113,16,114 94 79 58 113,11,7,5,27,10,10,38,var_0 counter_var_1 +,12,counter_var_0 var_1 +
3777,114 38 49 32 113,10,114 94 63 26 113,9,7,1,26,3,17,35,var_0 counter_var_1 +,8,counter_var_0 var_1 +
3778,114 88 80 48 113,18,114 23 102 45 113,1,23,17,14,11,10,15,var_0 counter_var_1 +,40,counter_var_0 var_1 +
3779,114 68 46 87 113,35,114 36 78 107 113,10,7,25,14,0,9,24,var_0 counter_var_1 +,32,counter_var_0 var_1 +
3780,114 112 68 71 113,34,114 13 94 96 113,25,13,9,3,22,2,28,var_0 counter_var_1 +,22,counter_var_0 var_1 +
3781,114 34 4 78 113,21,114 38 90 102 113,5,9,16,9,4,21,14,var_0 counter_var_1 +,25,counter_var_0 var_1 +
3782,114 99 30 99 113,18,114 25 85 31 113,12,25,6,0,7,16,12,var_0 counter_var_1 +,31,counter_var_0 var_1 +
3783,114 70 79 58 113,39,114 40 13 18 113,12,11,27,18,10,13,30,var_0 counter_var_1 +,38,counter_var_0 var_1 +
3784,114 23 103 61 113,53,114 79 41 34 113,23,21,30,3,11,18,26,var_0 counter_var_1 +,51,counter_var_0 var_1 +
3785,114 88 70 77 113,16,114 112 34 47 113,1,25,15,16,1,11,17,var_0 counter_var_1 +,40,counter_var_0 var_1 +
3786,114 26 49 32 113,27,114 60 23 98 113,26,2,1,5,3,0,31,var_0 counter_var_1 +,3,counter_var_0 var_1 +
3787,114 84 85 31 113,26,114 80 41 34 113,26,22,0,3,16,18,29,var_0 counter_var_1 +,22,counter_var_0 var_1 +
3788,114 93 26 25 113,31,114 110 77 69 113,6,23,25,7,3,8,13,var_0 counter_var_1 +,48,counter_var_0 var_1 +
3789,114 97 83 3 113,13,114 38 108 85 113,10,9,3,23,14,16,33,var_0 counter_var_1 +,12,counter_var_0 var_1 +
3790,114 106 37 110 113,36,114 0 109 65 113,19,0,17,3,14,17,22,var_0 counter_var_1 +,17,counter_var_0 var_1 +
3791,114 13 23 98 113,18,114 105 40 76 113,13,18,5,14,0,17,27,var_0 counter_var_1 +,23,counter_var_0 var_1 +
3792,114 48 66 88 113,45,114 81 82 90 113,19,23,26,28,20,13,47,var_0 counter_var_1 +,49,counter_var_0 var_1 +
3793,114 6 17 112 113,25,114 1 77 69 113,6,1,19,7,17,8,13,var_0 counter_var_1 +,20,counter_var_0 var_1 +
3794,114 65 75 8 113,15,114 73 61 89 113,7,15,8,27,6,15,34,var_0 counter_var_1 +,23,counter_var_0 var_1 +
3795,114 40 102 45 113,25,114 40 82 90 113,11,11,14,28,10,13,39,var_0 counter_var_1 +,25,counter_var_0 var_1 +
3796,114 13 75 8 113,21,114 10 34 47 113,13,10,8,16,6,11,29,var_0 counter_var_1 +,18,counter_var_0 var_1 +
3797,114 91 49 32 113,5,114 2 96 7 113,4,2,1,7,3,4,11,var_0 counter_var_1 +,3,counter_var_0 var_1 +
3798,114 58 87 60 113,29,114 19 38 59 113,0,19,29,28,18,15,28,var_0 counter_var_1 +,48,counter_var_0 var_1 +
3799,114 42 51 42 113,24,114 106 58 2 113,13,19,11,2,5,12,15,var_0 counter_var_1 +,30,counter_var_0 var_1 +
3800,114 1 1 0 113,1,114 60 49 32 113,1,2,0,1,1,3,2,var_0 counter_var_1 +,2,counter_var_0 var_1 +
3801,114 95 35 37 113,14,114 55 58 2 113,8,26,6,2,12,12,10,var_0 counter_var_1 +,32,counter_var_0 var_1 +
3802,114 108 77 69 113,28,114 101 69 104 113,21,14,7,11,8,0,32,var_0 counter_var_1 +,21,counter_var_0 var_1 +
3803,114 106 71 100 113,26,114 67 9 70 113,19,9,7,8,2,9,27,var_0 counter_var_1 +,16,counter_var_0 var_1 +
3804,114 64 95 109 113,22,114 40 103 61 113,6,11,16,30,3,11,36,var_0 counter_var_1 +,27,counter_var_0 var_1 +
3805,114 3 66 88 113,29,114 37 12 83 113,3,8,26,21,20,12,24,var_0 counter_var_1 +,34,counter_var_0 var_1 +
3806,114 103 102 45 113,30,114 78 74 91 113,16,20,14,29,10,5,45,var_0 counter_var_1 +,34,counter_var_0 var_1 +
3807,114 2 93 105 113,14,114 56 78 107 113,2,27,12,14,1,9,16,var_0 counter_var_1 +,39,counter_var_0 var_1 +
3808,114 77 101 39 113,27,114 79 2 84 113,19,21,8,22,9,2,41,var_0 counter_var_1 +,29,counter_var_0 var_1 +
3809,114 57 112 13 113,41,114 56 62 43 113,28,27,13,12,20,16,40,var_0 counter_var_1 +,40,counter_var_0 var_1 +
3810,114 41 29 17 113,29,114 64 100 75 113,12,6,17,13,6,8,25,var_0 counter_var_1 +,23,counter_var_0 var_1 +
3811,114 10 94 96 113,13,114 42 3 86 113,10,13,3,24,2,3,34,var_0 counter_var_1 +,16,counter_var_0 var_1 +
3812,114 32 62 43 113,15,114 6 45 103 113,3,6,12,10,16,22,13,var_0 counter_var_1 +,18,counter_var_0 var_1 +
3813,114 63 53 68 113,11,114 99 5 24 113,5,12,6,24,7,5,29,var_0 counter_var_1 +,18,counter_var_0 var_1 +
3814,114 43 10 11 113,25,114 99 35 37 113,14,12,11,6,10,12,20,var_0 counter_var_1 +,23,counter_var_0 var_1 +
3815,114 32 105 111 113,21,114 58 17 112 113,3,0,18,19,13,17,22,var_0 counter_var_1 +,18,counter_var_0 var_1 +
3816,114 2 37 110 113,19,114 85 102 45 113,2,27,17,14,14,10,16,var_0 counter_var_1 +,44,counter_var_0 var_1 +
3817,114 19 68 71 113,28,114 2 58 2 113,19,2,9,2,22,12,21,var_0 counter_var_1 +,11,counter_var_0 var_1 +
3818,114 23 106 56 113,48,114 24 79 58 113,23,24,25,27,14,10,50,var_0 counter_var_1 +,49,counter_var_0 var_1 +
3819,114 18 103 61 113,48,114 82 74 91 113,18,24,30,29,11,5,47,var_0 counter_var_1 +,54,counter_var_0 var_1 +
3820,114 71 36 19 113,32,114 3 27 101 113,13,3,19,8,13,4,21,var_0 counter_var_1 +,22,counter_var_0 var_1 +
3821,114 109 35 37 113,28,114 54 30 99 113,22,25,6,6,12,7,28,var_0 counter_var_1 +,31,counter_var_0 var_1 +
3822,114 49 62 43 113,32,114 104 29 17 113,20,17,12,17,16,6,37,var_0 counter_var_1 +,29,counter_var_0 var_1 +
3823,114 26 87 60 113,55,114 61 19 15 113,26,3,29,15,18,19,41,var_0 counter_var_1 +,32,counter_var_0 var_1 +
3824,114 79 62 43 113,33,114 57 10 11 113,21,28,12,11,16,10,32,var_0 counter_var_1 +,40,counter_var_0 var_1 +
3825,114 44 12 83 113,36,114 105 54 53 113,15,18,21,22,12,8,37,var_0 counter_var_1 +,39,counter_var_0 var_1 +
3826,114 24 86 94 113,25,114 54 68 71 113,24,25,1,9,17,22,33,var_0 counter_var_1 +,26,counter_var_0 var_1 +
3827,114 1 16 21 113,22,114 15 8 57 113,1,15,21,26,16,8,27,var_0 counter_var_1 +,36,counter_var_0 var_1 +
3828,114 17 94 96 113,20,114 25 56 5 113,17,25,3,5,2,10,22,var_0 counter_var_1 +,28,counter_var_0 var_1 +
3829,114 9 24 35 113,13,114 58 10 11 113,9,0,4,11,1,10,20,var_0 counter_var_1 +,4,counter_var_0 var_1 +
3830,114 27 15 62 113,27,114 105 103 61 113,27,18,0,30,15,11,57,var_0 counter_var_1 +,18,counter_var_0 var_1 +
3831,114 86 0 38 113,35,114 71 81 52 113,28,13,7,21,0,12,49,var_0 counter_var_1 +,20,counter_var_0 var_1 +
3832,114 0 101 39 113,8,114 66 45 103 113,0,8,8,10,9,22,10,var_0 counter_var_1 +,16,counter_var_0 var_1 +
3833,114 104 87 60 113,46,114 111 55 10 113,17,24,29,10,18,9,27,var_0 counter_var_1 +,53,counter_var_0 var_1 +
3834,114 15 76 54 113,38,114 41 96 7 113,15,12,23,7,7,4,22,var_0 counter_var_1 +,35,counter_var_0 var_1 +
3835,114 106 38 59 113,47,114 105 111 79 113,19,18,28,17,15,19,36,var_0 counter_var_1 +,46,counter_var_0 var_1 +
3836,114 105 101 39 113,26,114 79 69 104 113,18,21,8,11,9,0,29,var_0 counter_var_1 +,29,counter_var_0 var_1 +
3837,114 63 65 67 113,10,114 44 100 75 113,5,15,5,13,19,8,18,var_0 counter_var_1 +,20,counter_var_0 var_1 +
3838,114 107 41 34 113,23,114 25 99 92 113,20,25,3,30,18,7,50,var_0 counter_var_1 +,28,counter_var_0 var_1 +
3839,114 43 92 51 113,34,114 100 67 80 113,14,13,20,18,0,21,32,var_0 counter_var_1 +,33,counter_var_0 var_1 +
3840,114 94 102 45 113,21,114 60 4 78 113,7,2,14,16,10,4,23,var_0 counter_var_1 +,16,counter_var_0 var_1 +
3841,114 79 63 26 113,47,114 57 75 8 113,21,28,26,8,17,6,29,var_0 counter_var_1 +,54,counter_var_0 var_1 +
3842,114 96 36 19 113,28,114 81 106 56 113,9,23,19,25,13,14,34,var_0 counter_var_1 +,42,counter_var_0 var_1 +
3843,114 84 49 32 113,27,114 7 38 59 113,26,7,1,28,3,15,54,var_0 counter_var_1 +,8,counter_var_0 var_1 +
3844,114 37 51 42 113,19,114 89 34 47 113,8,2,11,16,5,11,24,var_0 counter_var_1 +,13,counter_var_0 var_1 +
3845,114 9 35 37 113,15,114 78 78 107 113,9,20,6,14,12,9,23,var_0 counter_var_1 +,26,counter_var_0 var_1 +
3846,114 55 104 4 113,30,114 50 20 50 113,26,21,4,19,12,20,45,var_0 counter_var_1 +,25,counter_var_0 var_1 +
3847,114 57 75 8 113,36,114 19 71 100 113,28,19,8,7,6,2,35,var_0 counter_var_1 +,27,counter_var_0 var_1 +
3848,114 85 52 9 113,36,114 58 43 40 113,27,0,9,9,6,20,36,var_0 counter_var_1 +,9,counter_var_0 var_1 +
3849,114 76 52 9 113,27,114 4 104 4 113,18,4,9,4,6,12,22,var_0 counter_var_1 +,13,counter_var_0 var_1 +
3850,114 26 17 112 113,45,114 79 50 27 113,26,21,19,27,17,4,53,var_0 counter_var_1 +,40,counter_var_0 var_1 +
3851,114 87 26 25 113,25,114 15 1 0 113,0,15,25,0,3,1,0,var_0 counter_var_1 +,40,counter_var_0 var_1 +
3852,114 28 30 99 113,34,114 104 76 54 113,28,17,6,23,7,7,51,var_0 counter_var_1 +,23,counter_var_0 var_1 +
3853,114 14 86 94 113,15,114 31 19 15 113,14,2,1,15,17,19,29,var_0 counter_var_1 +,3,counter_var_0 var_1 +
3854,114 5 103 61 113,35,114 24 3 86 113,5,24,30,24,11,3,29,var_0 counter_var_1 +,54,counter_var_0 var_1 +
3855,114 108 22 12 113,33,114 11 43 40 113,21,11,12,9,22,20,30,var_0 counter_var_1 +,23,counter_var_0 var_1 +
3856,114 55 24 35 113,30,114 18 85 31 113,26,18,4,0,1,16,26,var_0 counter_var_1 +,22,counter_var_0 var_1 +
3857,114 24 69 104 113,35,114 10 105 111 113,24,10,11,18,0,13,42,var_0 counter_var_1 +,21,counter_var_0 var_1 +
3858,114 12 66 88 113,38,114 103 83 3 113,12,16,26,3,20,14,15,var_0 counter_var_1 +,42,counter_var_0 var_1 +
3859,114 111 16 21 113,45,114 39 77 69 113,24,10,21,7,16,8,31,var_0 counter_var_1 +,31,counter_var_0 var_1 +
3860,114 68 9 70 113,18,114 14 112 13 113,10,14,8,13,9,20,23,var_0 counter_var_1 +,22,counter_var_0 var_1 +
3861,114 15 9 70 113,23,114 84 49 32 113,15,26,8,1,9,3,16,var_0 counter_var_1 +,34,counter_var_0 var_1 +
3862,114 76 22 12 113,30,114 70 7 22 113,18,12,12,22,22,7,40,var_0 counter_var_1 +,24,counter_var_0 var_1 +
3863,114 28 53 68 113,34,114 35 96 7 113,28,6,6,7,7,4,35,var_0 counter_var_1 +,12,counter_var_0 var_1 +
3864,114 83 49 32 113,26,114 30 66 88 113,25,1,1,26,3,20,51,var_0 counter_var_1 +,2,counter_var_0 var_1 +
3865,114 62 53 68 113,10,114 20 42 46 113,4,20,6,15,7,19,19,var_0 counter_var_1 +,26,counter_var_0 var_1 +
3866,114 12 107 28 113,40,114 70 91 106 113,12,12,28,13,15,22,25,var_0 counter_var_1 +,40,counter_var_0 var_1 +
3867,114 45 16 21 113,37,114 79 82 90 113,16,21,21,28,16,13,44,var_0 counter_var_1 +,42,counter_var_0 var_1 +
3868,114 21 57 97 113,25,114 13 29 17 113,21,13,4,17,11,6,38,var_0 counter_var_1 +,17,counter_var_0 var_1 +
3869,114 84 91 106 113,39,114 24 61 89 113,26,24,13,27,22,15,53,var_0 counter_var_1 +,37,counter_var_0 var_1 +
3870,114 73 12 83 113,36,114 39 52 9 113,15,10,21,9,12,6,24,var_0 counter_var_1 +,31,counter_var_0 var_1 +
3871,114 26 81 52 113,47,114 76 44 41 113,26,18,21,10,12,21,36,var_0 counter_var_1 +,39,counter_var_0 var_1 +
3872,114 102 20 50 113,34,114 15 91 106 113,15,15,19,13,20,22,28,var_0 counter_var_1 +,34,counter_var_0 var_1 +
3873,114 72 71 100 113,21,114 33 97 23 113,14,4,7,23,2,5,37,var_0 counter_var_1 +,11,counter_var_0 var_1 +
3874,114 67 45 103 113,19,114 59 26 25 113,9,1,10,25,22,3,34,var_0 counter_var_1 +,11,counter_var_0 var_1 +
3875,114 27 53 68 113,33,114 57 23 98 113,27,28,6,5,7,0,32,var_0 counter_var_1 +,34,counter_var_0 var_1 +
3876,114 74 15 62 113,16,114 69 41 34 113,16,11,0,3,15,18,19,var_0 counter_var_1 +,11,counter_var_0 var_1 +
3877,114 91 15 62 113,4,114 79 33 14 113,4,21,0,14,15,10,18,var_0 counter_var_1 +,21,counter_var_0 var_1 +
3878,114 54 97 23 113,48,114 55 65 67 113,25,26,23,5,5,19,30,var_0 counter_var_1 +,49,counter_var_0 var_1 +
3879,114 7 3 86 113,31,114 91 24 35 113,7,4,24,4,3,1,11,var_0 counter_var_1 +,28,counter_var_0 var_1 +
3880,114 13 106 56 113,38,114 37 50 27 113,13,8,25,27,14,4,40,var_0 counter_var_1 +,33,counter_var_0 var_1 +
3881,114 104 55 10 113,27,114 84 64 66 113,17,26,10,4,9,18,21,var_0 counter_var_1 +,36,counter_var_0 var_1 +
3882,114 19 28 55 113,43,114 93 23 98 113,19,6,24,5,5,0,24,var_0 counter_var_1 +,30,counter_var_0 var_1 +
3883,114 24 48 95 113,26,114 24 111 79 113,24,24,2,17,2,19,41,var_0 counter_var_1 +,26,counter_var_0 var_1 +
3884,114 30 86 94 113,2,114 36 75 8 113,1,7,1,8,17,6,9,var_0 counter_var_1 +,8,counter_var_0 var_1 +
3885,114 43 2 84 113,36,114 90 101 39 113,14,3,22,8,2,9,22,var_0 counter_var_1 +,25,counter_var_0 var_1 +
3886,114 51 6 64 113,24,114 24 21 49 113,22,24,2,18,6,21,40,var_0 counter_var_1 +,26,counter_var_0 var_1 +
3887,114 105 14 33 113,20,114 107 53 68 113,18,20,2,6,14,7,24,var_0 counter_var_1 +,22,counter_var_0 var_1 +
3888,114 67 0 38 113,16,114 94 43 40 113,9,7,7,9,0,20,18,var_0 counter_var_1 +,14,counter_var_0 var_1 +
3889,114 17 46 87 113,42,114 45 65 67 113,17,16,25,5,0,19,22,var_0 counter_var_1 +,41,counter_var_0 var_1 +
3890,114 1 97 23 113,24,114 27 68 71 113,1,27,23,9,5,22,10,var_0 counter_var_1 +,50,counter_var_0 var_1 +
3891,114 55 89 29 113,55,114 45 42 46 113,26,16,29,15,20,19,41,var_0 counter_var_1 +,45,counter_var_0 var_1 +
3892,114 49 111 79 113,37,114 26 39 36 113,20,26,17,5,19,16,25,var_0 counter_var_1 +,43,counter_var_0 var_1 +
3893,114 105 93 105 113,30,114 36 14 33 113,18,7,12,2,1,14,20,var_0 counter_var_1 +,19,counter_var_0 var_1 +
3894,114 102 67 80 113,33,114 74 3 86 113,15,16,18,24,21,3,39,var_0 counter_var_1 +,34,counter_var_0 var_1 +
3895,114 105 65 67 113,23,114 55 41 34 113,18,26,5,3,19,18,21,var_0 counter_var_1 +,31,counter_var_0 var_1 +
3896,114 54 17 112 113,44,114 81 8 57 113,25,23,19,26,17,8,51,var_0 counter_var_1 +,42,counter_var_0 var_1 +
3897,114 6 7 22 113,28,114 37 109 65 113,6,8,22,3,7,17,9,var_0 counter_var_1 +,30,counter_var_0 var_1 +
3898,114 24 68 71 113,33,114 46 57 97 113,24,17,9,4,22,11,28,var_0 counter_var_1 +,26,counter_var_0 var_1 +
3899,114 41 63 26 113,38,114 63 66 88 113,12,5,26,26,17,20,38,var_0 counter_var_1 +,31,counter_var_0 var_1 +
3900,114 102 21 49 113,33,114 89 54 53 113,15,2,18,22,21,8,37,var_0 counter_var_1 +,20,counter_var_0 var_1 +
3901,114 27 33 14 113,41,114 106 69 104 113,27,19,14,11,10,0,38,var_0 counter_var_1 +,33,counter_var_0 var_1 +
3902,114 73 30 99 113,21,114 17 81 52 113,15,17,6,21,7,12,36,var_0 counter_var_1 +,23,counter_var_0 var_1 +
3903,114 70 90 102 113,21,114 15 54 53 113,12,15,9,22,21,8,34,var_0 counter_var_1 +,24,counter_var_0 var_1 +
3904,114 81 74 91 113,52,114 63 91 106 113,23,5,29,13,5,22,36,var_0 counter_var_1 +,34,counter_var_0 var_1 +
3905,114 69 22 12 113,23,114 12 6 64 113,11,12,12,2,22,6,13,var_0 counter_var_1 +,24,counter_var_0 var_1 +
3906,114 38 62 43 113,21,114 33 53 68 113,9,4,12,6,16,7,15,var_0 counter_var_1 +,16,counter_var_0 var_1 +
3907,114 7 104 4 113,11,114 74 86 94 113,7,16,4,1,12,17,8,var_0 counter_var_1 +,20,counter_var_0 var_1 +
3908,114 17 63 26 113,43,114 99 51 42 113,17,12,26,11,17,5,28,var_0 counter_var_1 +,38,counter_var_0 var_1 +
3909,114 49 20 50 113,39,114 62 35 37 113,20,4,19,6,20,12,26,var_0 counter_var_1 +,23,counter_var_0 var_1 +
3910,114 38 52 9 113,18,114 64 107 28 113,9,6,9,28,6,15,37,var_0 counter_var_1 +,15,counter_var_0 var_1 +
3911,114 53 56 5 113,29,114 59 100 75 113,24,1,5,13,10,8,37,var_0 counter_var_1 +,6,counter_var_0 var_1 +
3912,114 75 49 32 113,18,114 46 58 2 113,17,17,1,2,3,12,19,var_0 counter_var_1 +,18,counter_var_0 var_1 +
3913,114 41 100 75 113,25,114 93 78 107 113,12,6,13,14,8,9,26,var_0 counter_var_1 +,19,counter_var_0 var_1 +
3914,114 30 76 54 113,24,114 16 28 55 113,1,16,23,24,7,5,25,var_0 counter_var_1 +,39,counter_var_0 var_1 +
3915,114 24 67 80 113,42,114 109 55 10 113,24,22,18,10,21,9,34,var_0 counter_var_1 +,40,counter_var_0 var_1 +
3916,114 94 85 31 113,7,114 57 76 54 113,7,28,0,23,16,7,30,var_0 counter_var_1 +,28,counter_var_0 var_1 +
3917,114 12 83 3 113,15,114 18 77 69 113,12,18,3,7,14,8,19,var_0 counter_var_1 +,21,counter_var_0 var_1 +
3918,114 34 72 81 113,24,114 50 60 63 113,5,21,19,1,3,14,6,var_0 counter_var_1 +,40,counter_var_0 var_1 +
3919,114 40 62 43 113,23,114 49 4 78 113,11,20,12,16,16,4,27,var_0 counter_var_1 +,32,counter_var_0 var_1 +
3920,114 74 77 69 113,23,114 85 95 109 113,16,27,7,16,8,3,32,var_0 counter_var_1 +,34,counter_var_0 var_1 +
3921,114 45 85 31 113,16,114 3 72 81 113,16,3,0,19,16,3,35,var_0 counter_var_1 +,3,counter_var_0 var_1 +
3922,114 1 51 42 113,12,114 65 69 104 113,1,7,11,11,5,0,12,var_0 counter_var_1 +,18,counter_var_0 var_1 +
3923,114 85 109 65 113,30,114 93 57 97 113,27,6,3,4,17,11,31,var_0 counter_var_1 +,9,counter_var_0 var_1 +
3924,114 101 103 61 113,44,114 28 65 67 113,14,28,30,5,11,19,19,var_0 counter_var_1 +,58,counter_var_0 var_1 +
3925,114 104 76 54 113,40,114 78 90 102 113,17,20,23,9,7,21,26,var_0 counter_var_1 +,43,counter_var_0 var_1 +
3926,114 100 112 13 113,26,114 88 35 37 113,13,1,13,6,20,12,19,var_0 counter_var_1 +,14,counter_var_0 var_1 +
3927,114 62 18 72 113,14,114 62 93 105 113,4,4,10,12,18,1,16,var_0 counter_var_1 +,14,counter_var_0 var_1 +
3928,114 77 47 93 113,19,114 48 52 9 113,19,19,0,9,1,6,28,var_0 counter_var_1 +,19,counter_var_0 var_1 +
3929,114 104 13 18 113,35,114 16 73 73 113,17,16,18,11,13,4,28,var_0 counter_var_1 +,34,counter_var_0 var_1 +
3930,114 23 45 103 113,33,114 36 65 67 113,23,7,10,5,22,19,28,var_0 counter_var_1 +,17,counter_var_0 var_1 +
3931,114 74 112 13 113,29,114 17 101 39 113,16,17,13,8,20,9,24,var_0 counter_var_1 +,30,counter_var_0 var_1 +
3932,114 37 16 21 113,29,114 23 109 65 113,8,23,21,3,16,17,11,var_0 counter_var_1 +,44,counter_var_0 var_1 +
3933,114 27 62 43 113,39,114 46 38 59 113,27,17,12,28,16,15,55,var_0 counter_var_1 +,29,counter_var_0 var_1 +
3934,114 55 12 83 113,47,114 75 8 57 113,26,17,21,26,12,8,52,var_0 counter_var_1 +,38,counter_var_0 var_1 +
3935,114 71 55 10 113,23,114 26 23 98 113,13,26,10,5,9,0,18,var_0 counter_var_1 +,36,counter_var_0 var_1 +
3936,114 109 38 59 113,50,114 50 18 72 113,22,21,28,10,15,18,32,var_0 counter_var_1 +,49,counter_var_0 var_1 +
3937,114 51 28 55 113,46,114 57 15 62 113,22,28,24,0,5,15,22,var_0 counter_var_1 +,52,counter_var_0 var_1 +
3938,114 11 83 3 113,14,114 103 84 44 113,11,16,3,13,14,15,24,var_0 counter_var_1 +,19,counter_var_0 var_1 +
3939,114 31 77 69 113,9,114 37 56 5 113,2,8,7,5,8,10,7,var_0 counter_var_1 +,15,counter_var_0 var_1 +
3940,114 48 10 11 113,30,114 20 107 28 113,19,20,11,28,10,15,47,var_0 counter_var_1 +,31,counter_var_0 var_1 +
3941,114 43 101 39 113,22,114 92 46 87 113,14,5,8,25,9,0,39,var_0 counter_var_1 +,13,counter_var_0 var_1 +
3942,114 90 5 24 113,27,114 43 86 94 113,3,14,24,1,5,17,4,var_0 counter_var_1 +,38,counter_var_0 var_1 +
3943,114 55 11 6 113,32,114 27 4 78 113,26,27,6,16,11,4,42,var_0 counter_var_1 +,33,counter_var_0 var_1 +
3944,114 35 18 72 113,16,114 50 38 59 113,6,21,10,28,18,15,34,var_0 counter_var_1 +,31,counter_var_0 var_1 +
3945,114 30 104 4 113,5,114 44 23 98 113,1,15,4,5,12,0,6,var_0 counter_var_1 +,19,counter_var_0 var_1 +
3946,114 5 71 100 113,12,114 68 26 25 113,5,10,7,25,2,3,30,var_0 counter_var_1 +,17,counter_var_0 var_1 +
3947,114 1 31 82 113,21,114 1 49 32 113,1,1,20,1,8,3,2,var_0 counter_var_1 +,21,counter_var_0 var_1 +
3948,114 8 36 19 113,27,114 25 40 76 113,8,25,19,14,13,17,22,var_0 counter_var_1 +,44,counter_var_0 var_1 +
3949,114 84 28 55 113,50,114 77 68 71 113,26,19,24,9,5,22,35,var_0 counter_var_1 +,43,counter_var_0 var_1 +
3950,114 104 81 52 113,38,114 90 21 49 113,17,3,21,18,12,21,35,var_0 counter_var_1 +,24,counter_var_0 var_1 +
3951,114 42 97 23 113,36,114 23 30 99 113,13,23,23,6,5,7,19,var_0 counter_var_1 +,46,counter_var_0 var_1 +
3952,114 5 29 17 113,22,114 74 56 5 113,5,16,17,5,6,10,10,var_0 counter_var_1 +,33,counter_var_0 var_1 +
3953,114 31 100 75 113,15,114 91 83 3 113,2,4,13,3,8,14,5,var_0 counter_var_1 +,17,counter_var_0 var_1 +
3954,114 31 9 70 113,10,114 77 100 75 113,2,19,8,13,9,8,15,var_0 counter_var_1 +,27,counter_var_0 var_1 +
3955,114 66 64 66 113,12,114 17 53 68 113,8,17,4,6,18,7,14,var_0 counter_var_1 +,21,counter_var_0 var_1 +
3956,114 112 44 41 113,35,114 80 80 48 113,25,22,10,17,21,11,42,var_0 counter_var_1 +,32,counter_var_0 var_1 +
3957,114 11 45 103 113,21,114 32 98 74 113,11,3,10,12,22,6,23,var_0 counter_var_1 +,13,counter_var_0 var_1 +
3958,114 88 101 39 113,9,114 58 57 97 113,1,0,8,4,9,11,5,var_0 counter_var_1 +,8,counter_var_0 var_1 +
3959,114 103 39 36 113,21,114 17 48 95 113,16,17,5,2,16,2,18,var_0 counter_var_1 +,22,counter_var_0 var_1 +
3960,114 49 63 26 113,46,114 53 22 12 113,20,24,26,12,17,22,32,var_0 counter_var_1 +,50,counter_var_0 var_1 +
3961,114 5 83 3 113,8,114 83 74 91 113,5,25,3,29,14,5,34,var_0 counter_var_1 +,28,counter_var_0 var_1 +
3962,114 50 44 41 113,31,114 35 6 64 113,21,6,10,2,21,6,23,var_0 counter_var_1 +,16,counter_var_0 var_1 +
3963,114 56 85 31 113,27,114 71 52 9 113,27,13,0,9,16,6,36,var_0 counter_var_1 +,13,counter_var_0 var_1 +
3964,114 29 54 53 113,22,114 45 43 40 113,0,16,22,9,8,20,9,var_0 counter_var_1 +,38,counter_var_0 var_1 +
3965,114 63 79 58 113,32,114 81 30 99 113,5,23,27,6,10,7,11,var_0 counter_var_1 +,50,counter_var_0 var_1 +
3966,114 64 77 69 113,13,114 104 86 94 113,6,17,7,1,8,17,7,var_0 counter_var_1 +,24,counter_var_0 var_1 +
3967,114 73 110 108 113,30,114 0 31 82 113,15,0,15,20,18,8,35,var_0 counter_var_1 +,15,counter_var_0 var_1 +
3968,114 1 63 26 113,27,114 91 44 41 113,1,4,26,10,17,21,11,var_0 counter_var_1 +,30,counter_var_0 var_1 +
3969,114 111 8 57 113,50,114 106 35 37 113,24,19,26,6,8,12,30,var_0 counter_var_1 +,45,counter_var_0 var_1 +
3970,114 27 105 111 113,45,114 6 62 43 113,27,6,18,12,13,16,39,var_0 counter_var_1 +,24,counter_var_0 var_1 +
3971,114 75 37 110 113,34,114 85 4 78 113,17,27,17,16,14,4,33,var_0 counter_var_1 +,44,counter_var_0 var_1 +
3972,114 15 99 92 113,45,114 63 52 9 113,15,5,30,9,7,6,24,var_0 counter_var_1 +,35,counter_var_0 var_1 +
3973,114 18 23 98 113,23,114 38 48 95 113,18,9,5,2,0,2,20,var_0 counter_var_1 +,14,counter_var_0 var_1 +
3974,114 107 88 16 113,36,114 95 8 57 113,20,8,16,26,19,8,46,var_0 counter_var_1 +,24,counter_var_0 var_1 +
3975,114 35 101 39 113,14,114 80 87 60 113,6,22,8,29,9,18,35,var_0 counter_var_1 +,30,counter_var_0 var_1 +
3976,114 1 2 84 113,23,114 100 59 30 113,1,13,22,30,2,13,31,var_0 counter_var_1 +,35,counter_var_0 var_1 +
3977,114 2 50 27 113,29,114 24 56 5 113,2,24,27,5,4,10,7,var_0 counter_var_1 +,51,counter_var_0 var_1 +
3978,114 12 11 6 113,18,114 77 69 104 113,12,19,6,11,11,0,23,var_0 counter_var_1 +,25,counter_var_0 var_1 +
3979,114 64 25 20 113,26,114 3 31 82 113,6,3,20,20,2,8,26,var_0 counter_var_1 +,23,counter_var_0 var_1 +
3980,114 13 45 103 113,23,114 24 98 74 113,13,24,10,12,22,6,25,var_0 counter_var_1 +,34,counter_var_0 var_1 +
3981,114 58 32 1 113,1,114 69 37 110 113,0,11,1,17,9,14,17,var_0 counter_var_1 +,12,counter_var_0 var_1 +
3982,114 46 84 44 113,30,114 67 94 96 113,17,9,13,3,15,2,20,var_0 counter_var_1 +,22,counter_var_0 var_1 +
3983,114 66 80 48 113,25,114 90 27 101 113,8,3,17,8,11,4,16,var_0 counter_var_1 +,20,counter_var_0 var_1 +
3984,114 87 35 37 113,6,114 15 0 38 113,0,15,6,7,12,0,7,var_0 counter_var_1 +,21,counter_var_0 var_1 +
3985,114 20 79 58 113,47,114 47 33 14 113,20,18,27,14,10,10,34,var_0 counter_var_1 +,45,counter_var_0 var_1 +
3986,114 92 40 76 113,19,114 48 56 5 113,5,19,14,5,17,10,10,var_0 counter_var_1 +,33,counter_var_0 var_1 +
3987,114 55 1 0 113,26,114 46 4 78 113,26,17,0,16,1,4,42,var_0 counter_var_1 +,17,counter_var_0 var_1 +
3988,114 108 106 56 113,46,114 88 29 17 113,21,1,25,17,14,6,38,var_0 counter_var_1 +,26,counter_var_0 var_1 +
3989,114 20 67 80 113,38,114 40 44 41 113,20,11,18,10,21,21,30,var_0 counter_var_1 +,29,counter_var_0 var_1 +
3990,114 111 90 102 113,33,114 103 56 5 113,24,16,9,5,21,10,29,var_0 counter_var_1 +,25,counter_var_0 var_1 +
3991,114 8 102 45 113,22,114 3 26 25 113,8,3,14,25,10,3,33,var_0 counter_var_1 +,17,counter_var_0 var_1 +
3992,114 48 33 14 113,33,114 95 34 47 113,19,8,14,16,10,11,35,var_0 counter_var_1 +,22,counter_var_0 var_1 +
3993,114 72 83 3 113,17,114 35 1 0 113,14,6,3,0,14,1,14,var_0 counter_var_1 +,9,counter_var_0 var_1 +
3994,114 3 63 26 113,29,114 46 9 70 113,3,17,26,8,17,9,11,var_0 counter_var_1 +,43,counter_var_0 var_1 +
3995,114 31 20 50 113,21,114 97 38 59 113,2,10,19,28,20,15,30,var_0 counter_var_1 +,29,counter_var_0 var_1 +
3996,114 32 61 89 113,30,114 64 48 95 113,3,6,27,2,15,2,5,var_0 counter_var_1 +,33,counter_var_0 var_1 +
3997,114 102 64 66 113,19,114 55 73 73 113,15,26,4,11,18,4,26,var_0 counter_var_1 +,30,counter_var_0 var_1 +
3998,114 2 26 25 113,27,114 17 52 9 113,2,17,25,9,3,6,11,var_0 counter_var_1 +,42,counter_var_0 var_1 +
3999,114 24 65 67 113,29,114 31 20 50 113,24,2,5,19,19,20,43,var_0 counter_var_1 +,7,counter_var_0 var_1 +
4000,114 44 71 100 113,22,114 93 100 75 113,15,6,7,13,2,8,28,var_0 counter_var_1 +,13,counter_var_0 var_1 +
4001,114 47 22 12 113,30,114 108 11 6 113,18,21,12,6,22,11,24,var_0 counter_var_1 +,33,counter_var_0 var_1 +
4002,114 104 92 51 113,37,114 98 85 31 113,17,11,20,0,0,16,17,var_0 counter_var_1 +,31,counter_var_0 var_1 +
4003,114 2 0 38 113,9,114 81 32 1 113,2,23,7,1,0,9,3,var_0 counter_var_1 +,30,counter_var_0 var_1 +
4004,114 112 28 55 113,49,114 5 65 67 113,25,5,24,5,5,19,30,var_0 counter_var_1 +,29,counter_var_0 var_1 +
4005,114 87 34 47 113,16,114 48 61 89 113,0,19,16,27,11,15,27,var_0 counter_var_1 +,35,counter_var_0 var_1 +
4006,114 9 26 25 113,34,114 68 73 73 113,9,10,25,11,3,4,20,var_0 counter_var_1 +,35,counter_var_0 var_1 +
4007,114 41 96 7 113,19,114 48 9 70 113,12,19,7,8,4,9,20,var_0 counter_var_1 +,26,counter_var_0 var_1 +
4008,114 0 80 48 113,17,114 7 50 27 113,0,7,17,27,11,4,27,var_0 counter_var_1 +,24,counter_var_0 var_1 +
4009,114 59 68 71 113,10,114 48 85 31 113,1,19,9,0,22,16,1,var_0 counter_var_1 +,28,counter_var_0 var_1 +
4010,114 33 87 60 113,33,114 5 101 39 113,4,5,29,8,18,9,12,var_0 counter_var_1 +,34,counter_var_0 var_1 +
4011,114 19 107 28 113,47,114 46 31 82 113,19,17,28,20,15,8,39,var_0 counter_var_1 +,45,counter_var_0 var_1 +
4012,114 90 34 47 113,19,114 81 102 45 113,3,23,16,14,11,10,17,var_0 counter_var_1 +,39,counter_var_0 var_1 +
4013,114 31 102 45 113,16,114 49 62 43 113,2,20,14,12,10,16,14,var_0 counter_var_1 +,34,counter_var_0 var_1 +
4014,114 33 97 23 113,27,114 103 77 69 113,4,16,23,7,5,8,11,var_0 counter_var_1 +,39,counter_var_0 var_1 +
4015,114 5 81 52 113,26,114 36 111 79 113,5,7,21,17,12,19,22,var_0 counter_var_1 +,28,counter_var_0 var_1 +
4016,114 101 40 76 113,28,114 26 112 13 113,14,26,14,13,17,20,27,var_0 counter_var_1 +,40,counter_var_0 var_1 +
4017,114 57 16 21 113,49,114 111 52 9 113,28,24,21,9,16,6,37,var_0 counter_var_1 +,45,counter_var_0 var_1 +
4018,114 71 76 54 113,36,114 58 35 37 113,13,0,23,6,7,12,19,var_0 counter_var_1 +,23,counter_var_0 var_1 +
4019,114 32 53 68 113,9,114 32 33 14 113,3,3,6,14,7,10,17,var_0 counter_var_1 +,9,counter_var_0 var_1 +
4020,114 70 89 29 113,41,114 107 71 100 113,12,20,29,7,20,2,19,var_0 counter_var_1 +,49,counter_var_0 var_1 +
4021,114 80 31 82 113,42,114 89 92 51 113,22,2,20,20,8,0,42,var_0 counter_var_1 +,22,counter_var_0 var_1 +
4022,114 111 106 56 113,49,114 66 79 58 113,24,8,25,27,14,10,51,var_0 counter_var_1 +,33,counter_var_0 var_1 +
4023,114 8 1 0 113,8,114 20 75 8 113,8,20,0,8,1,6,16,var_0 counter_var_1 +,20,counter_var_0 var_1 +
4024,114 35 97 23 113,29,114 59 1 0 113,6,1,23,0,5,1,6,var_0 counter_var_1 +,24,counter_var_0 var_1 +
4025,114 56 47 93 113,27,114 67 88 16 113,27,9,0,16,1,19,43,var_0 counter_var_1 +,9,counter_var_0 var_1 +
4026,114 76 26 25 113,43,114 8 64 66 113,18,8,25,4,3,18,22,var_0 counter_var_1 +,33,counter_var_0 var_1 +
4027,114 5 50 27 113,32,114 98 72 81 113,5,11,27,19,4,3,24,var_0 counter_var_1 +,38,counter_var_0 var_1 +
4028,114 67 106 56 113,34,114 16 1 0 113,9,16,25,0,14,1,9,var_0 counter_var_1 +,41,counter_var_0 var_1 +
4029,114 34 46 87 113,30,114 1 10 11 113,5,1,25,11,0,10,16,var_0 counter_var_1 +,26,counter_var_0 var_1 +
4030,114 110 100 75 113,36,114 59 20 50 113,23,1,13,19,8,20,42,var_0 counter_var_1 +,14,counter_var_0 var_1 +
4031,114 22 25 20 113,42,114 43 55 10 113,22,14,20,10,2,9,32,var_0 counter_var_1 +,34,counter_var_0 var_1 +
4032,114 45 68 71 113,25,114 86 100 75 113,16,28,9,13,22,8,29,var_0 counter_var_1 +,37,counter_var_0 var_1 +
4033,114 104 30 99 113,23,114 31 106 56 113,17,2,6,25,7,14,42,var_0 counter_var_1 +,8,counter_var_0 var_1 +
4034,114 52 42 46 113,38,114 3 101 39 113,23,3,15,8,19,9,31,var_0 counter_var_1 +,18,counter_var_0 var_1 +
4035,114 89 51 42 113,13,114 27 19 15 113,2,27,11,15,5,19,17,var_0 counter_var_1 +,38,counter_var_0 var_1 +
4036,114 108 85 31 113,21,114 66 69 104 113,21,8,0,11,16,0,32,var_0 counter_var_1 +,8,counter_var_0 var_1 +
4037,114 71 92 51 113,33,114 23 95 109 113,13,23,20,16,0,3,29,var_0 counter_var_1 +,43,counter_var_0 var_1 +
4038,114 39 42 46 113,25,114 92 109 65 113,10,5,15,3,19,17,13,var_0 counter_var_1 +,20,counter_var_0 var_1 +
4039,114 93 20 50 113,25,114 37 85 31 113,6,8,19,0,20,16,6,var_0 counter_var_1 +,27,counter_var_0 var_1 +
4040,114 110 70 77 113,38,114 58 77 69 113,23,0,15,7,1,8,30,var_0 counter_var_1 +,15,counter_var_0 var_1 +
4041,114 20 17 112 113,39,114 8 83 3 113,20,8,19,3,17,14,23,var_0 counter_var_1 +,27,counter_var_0 var_1 +
4042,114 49 104 4 113,24,114 22 73 73 113,20,22,4,11,12,4,31,var_0 counter_var_1 +,26,counter_var_0 var_1 +
4043,114 38 18 72 113,19,114 88 70 77 113,9,1,10,15,18,1,24,var_0 counter_var_1 +,11,counter_var_0 var_1 +
4044,114 55 61 89 113,53,114 20 43 40 113,26,20,27,9,15,20,35,var_0 counter_var_1 +,47,counter_var_0 var_1 +
4045,114 70 19 15 113,27,114 41 69 104 113,12,12,15,11,19,0,23,var_0 counter_var_1 +,27,counter_var_0 var_1 +
4046,114 27 28 55 113,51,114 70 98 74 113,27,12,24,12,5,6,39,var_0 counter_var_1 +,36,counter_var_0 var_1 +
4047,114 20 93 105 113,32,114 30 9 70 113,20,1,12,8,1,9,28,var_0 counter_var_1 +,13,counter_var_0 var_1 +
4048,114 107 47 93 113,20,114 112 104 4 113,20,25,0,4,1,12,24,var_0 counter_var_1 +,25,counter_var_0 var_1 +
4049,114 8 111 79 113,25,114 27 50 27 113,8,27,17,27,19,4,35,var_0 counter_var_1 +,44,counter_var_0 var_1 +
4050,114 15 6 64 113,17,114 1 104 4 113,15,1,2,4,6,12,19,var_0 counter_var_1 +,3,counter_var_0 var_1 +
4051,114 105 11 6 113,24,114 83 49 32 113,18,25,6,1,11,3,19,var_0 counter_var_1 +,31,counter_var_0 var_1 +
4052,114 88 5 24 113,25,114 76 20 50 113,1,18,24,19,5,20,20,var_0 counter_var_1 +,42,counter_var_0 var_1 +
4053,114 46 78 107 113,31,114 73 39 36 113,17,15,14,5,9,16,22,var_0 counter_var_1 +,29,counter_var_0 var_1 +
4054,114 40 27 101 113,19,114 6 10 11 113,11,6,8,11,4,10,22,var_0 counter_var_1 +,14,counter_var_0 var_1 +
4055,114 66 51 42 113,19,114 34 30 99 113,8,5,11,6,5,7,14,var_0 counter_var_1 +,16,counter_var_0 var_1 +
4056,114 92 60 63 113,6,114 108 14 33 113,5,21,1,2,14,14,7,var_0 counter_var_1 +,22,counter_var_0 var_1 +
4057,114 112 91 106 113,38,114 74 25 20 113,25,16,13,20,22,2,45,var_0 counter_var_1 +,29,counter_var_0 var_1 +
4058,114 56 7 22 113,49,114 58 14 33 113,27,0,22,2,7,14,29,var_0 counter_var_1 +,22,counter_var_0 var_1 +
4059,114 106 5 24 113,43,114 108 30 99 113,19,21,24,6,5,7,25,var_0 counter_var_1 +,45,counter_var_0 var_1 +
4060,114 64 90 102 113,15,114 26 74 91 113,6,26,9,29,21,5,35,var_0 counter_var_1 +,35,counter_var_0 var_1 +
4061,114 35 26 25 113,31,114 35 29 17 113,6,6,25,17,3,6,23,var_0 counter_var_1 +,31,counter_var_0 var_1 +
4062,114 104 100 75 113,30,114 81 95 109 113,17,23,13,16,8,3,33,var_0 counter_var_1 +,36,counter_var_0 var_1 +
4063,114 69 60 63 113,12,114 6 40 76 113,11,6,1,14,14,17,25,var_0 counter_var_1 +,7,counter_var_0 var_1 +
4064,114 112 51 42 113,36,114 103 92 51 113,25,16,11,20,5,0,45,var_0 counter_var_1 +,27,counter_var_0 var_1 +
4065,114 19 90 102 113,28,114 72 12 83 113,19,14,9,21,21,12,40,var_0 counter_var_1 +,23,counter_var_0 var_1 +
4066,114 52 79 58 113,50,114 46 23 98 113,23,17,27,5,10,0,28,var_0 counter_var_1 +,44,counter_var_0 var_1 +
4067,114 58 70 77 113,15,114 99 26 25 113,0,12,15,25,1,3,25,var_0 counter_var_1 +,27,counter_var_0 var_1 +
4068,114 46 24 35 113,21,114 105 81 52 113,17,18,4,21,1,12,38,var_0 counter_var_1 +,22,counter_var_0 var_1 +
4069,114 6 90 102 113,15,114 59 83 3 113,6,1,9,3,21,14,9,var_0 counter_var_1 +,10,counter_var_0 var_1 +
4070,114 45 63 26 113,42,114 2 99 92 113,16,2,26,30,17,7,46,var_0 counter_var_1 +,28,counter_var_0 var_1 +
4071,114 22 76 54 113,45,114 12 87 60 113,22,12,23,29,7,18,51,var_0 counter_var_1 +,35,counter_var_0 var_1 +
4072,114 43 14 33 113,16,114 93 62 43 113,14,6,2,12,14,16,26,var_0 counter_var_1 +,8,counter_var_0 var_1 +
4073,114 30 95 109 113,17,114 22 102 45 113,1,22,16,14,3,10,15,var_0 counter_var_1 +,38,counter_var_0 var_1 +
4074,114 105 82 90 113,46,114 73 53 68 113,18,15,28,6,13,7,24,var_0 counter_var_1 +,43,counter_var_0 var_1 +
4075,114 67 50 27 113,36,114 91 48 95 113,9,4,27,2,4,2,11,var_0 counter_var_1 +,31,counter_var_0 var_1 +
4076,114 88 74 91 113,30,114 14 101 39 113,1,14,29,8,5,9,9,var_0 counter_var_1 +,43,counter_var_0 var_1 +
4077,114 20 111 79 113,37,114 73 17 112 113,20,15,17,19,19,17,39,var_0 counter_var_1 +,32,counter_var_0 var_1 +
4078,114 60 104 4 113,6,114 43 66 88 113,2,14,4,26,12,20,28,var_0 counter_var_1 +,18,counter_var_0 var_1 +
4079,114 76 56 5 113,23,114 15 84 44 113,18,15,5,13,10,15,31,var_0 counter_var_1 +,20,counter_var_0 var_1 +
4080,114 3 75 8 113,11,114 25 9 70 113,3,25,8,8,6,9,11,var_0 counter_var_1 +,33,counter_var_0 var_1 +
4081,114 15 91 106 113,28,114 18 10 11 113,15,18,13,11,22,10,26,var_0 counter_var_1 +,31,counter_var_0 var_1 +
4082,114 75 58 2 113,19,114 16 35 37 113,17,16,2,6,12,12,23,var_0 counter_var_1 +,18,counter_var_0 var_1 +
4083,114 30 24 35 113,5,114 44 86 94 113,1,15,4,1,1,17,2,var_0 counter_var_1 +,19,counter_var_0 var_1 +
4084,114 43 69 104 113,25,114 90 17 112 113,14,3,11,19,0,17,33,var_0 counter_var_1 +,14,counter_var_0 var_1 +
4085,114 82 28 55 113,48,114 30 93 105 113,24,1,24,12,5,1,36,var_0 counter_var_1 +,25,counter_var_0 var_1 +
4086,114 8 72 81 113,27,114 64 14 33 113,8,6,19,2,3,14,10,var_0 counter_var_1 +,25,counter_var_0 var_1 +
4087,114 67 99 92 113,39,114 66 2 84 113,9,8,30,22,7,2,31,var_0 counter_var_1 +,38,counter_var_0 var_1 +
4088,114 78 9 70 113,28,114 109 75 8 113,20,22,8,8,9,6,28,var_0 counter_var_1 +,30,counter_var_0 var_1 +
4089,114 13 19 15 113,28,114 39 55 10 113,13,10,15,10,19,9,23,var_0 counter_var_1 +,25,counter_var_0 var_1 +
4090,114 112 60 63 113,26,114 10 85 31 113,25,10,1,0,14,16,25,var_0 counter_var_1 +,11,counter_var_0 var_1 +
4091,114 111 84 44 113,37,114 62 18 72 113,24,4,13,10,15,18,34,var_0 counter_var_1 +,17,counter_var_0 var_1 +
4092,114 92 6 64 113,7,114 50 81 52 113,5,21,2,21,6,12,26,var_0 counter_var_1 +,23,counter_var_0 var_1 +
4093,114 56 35 37 113,33,114 9 70 77 113,27,9,6,15,12,1,42,var_0 counter_var_1 +,15,counter_var_0 var_1 +
4094,114 73 37 110 113,32,114 92 38 59 113,15,5,17,28,14,15,43,var_0 counter_var_1 +,22,counter_var_0 var_1 +
4095,114 77 6 64 113,21,114 86 27 101 113,19,28,2,8,6,4,27,var_0 counter_var_1 +,30,counter_var_0 var_1 +
4096,114 22 105 111 113,40,114 96 14 33 113,22,9,18,2,13,14,24,var_0 counter_var_1 +,27,counter_var_0 var_1 +
4097,114 58 18 72 113,10,114 58 87 60 113,0,0,10,29,18,18,29,var_0 counter_var_1 +,10,counter_var_0 var_1 +
4098,114 7 36 19 113,26,114 2 69 104 113,7,2,19,11,13,0,18,var_0 counter_var_1 +,21,counter_var_0 var_1 +
4099,114 77 107 28 113,47,114 66 100 75 113,19,8,28,13,15,8,32,var_0 counter_var_1 +,36,counter_var_0 var_1 +
4100,114 77 18 72 113,29,114 17 103 61 113,19,17,10,30,18,11,49,var_0 counter_var_1 +,27,counter_var_0 var_1 +
4101,114 111 71 100 113,31,114 101 106 56 113,24,14,7,25,2,14,49,var_0 counter_var_1 +,21,counter_var_0 var_1 +
4102,114 7 26 25 113,32,114 4 102 45 113,7,4,25,14,3,10,21,var_0 counter_var_1 +,29,counter_var_0 var_1 +
4103,114 14 11 6 113,20,114 6 104 4 113,14,6,6,4,11,12,18,var_0 counter_var_1 +,12,counter_var_0 var_1 +
4104,114 16 3 86 113,40,114 58 27 101 113,16,0,24,8,3,4,24,var_0 counter_var_1 +,24,counter_var_0 var_1 +
4105,114 23 24 35 113,27,114 106 17 112 113,23,19,4,19,1,17,42,var_0 counter_var_1 +,23,counter_var_0 var_1 +
4106,114 112 27 101 113,33,114 60 65 67 113,25,2,8,5,4,19,30,var_0 counter_var_1 +,10,counter_var_0 var_1 +
4107,114 38 97 23 113,32,114 35 19 15 113,9,6,23,15,5,19,24,var_0 counter_var_1 +,29,counter_var_0 var_1 +
4108,114 80 37 110 113,39,114 42 41 34 113,22,13,17,3,14,18,25,var_0 counter_var_1 +,30,counter_var_0 var_1 +
4109,114 101 104 4 113,18,114 53 92 51 113,14,24,4,20,12,0,34,var_0 counter_var_1 +,28,counter_var_0 var_1 +
4110,114 26 35 37 113,32,114 98 70 77 113,26,11,6,15,12,1,41,var_0 counter_var_1 +,17,counter_var_0 var_1 +
4111,114 47 32 1 113,19,114 80 22 12 113,18,22,1,12,9,22,30,var_0 counter_var_1 +,23,counter_var_0 var_1 +
4112,114 72 68 71 113,23,114 55 28 55 113,14,26,9,24,22,5,38,var_0 counter_var_1 +,35,counter_var_0 var_1 +
4113,114 77 108 85 113,42,114 78 92 51 113,19,20,23,20,16,0,39,var_0 counter_var_1 +,43,counter_var_0 var_1 +
4114,114 78 28 55 113,44,114 7 11 6 113,20,7,24,6,5,11,26,var_0 counter_var_1 +,31,counter_var_0 var_1 +
4115,114 50 105 111 113,39,114 34 3 86 113,21,5,18,24,13,3,45,var_0 counter_var_1 +,23,counter_var_0 var_1 +
4116,114 68 26 25 113,35,114 26 14 33 113,10,26,25,2,3,14,12,var_0 counter_var_1 +,51,counter_var_0 var_1 +
4117,114 13 20 50 113,32,114 4 53 68 113,13,4,19,6,20,7,19,var_0 counter_var_1 +,23,counter_var_0 var_1 +
4118,114 89 23 98 113,7,114 68 20 50 113,2,10,5,19,0,20,21,var_0 counter_var_1 +,15,counter_var_0 var_1 +
4119,114 32 80 48 113,20,114 79 74 91 113,3,21,17,29,11,5,32,var_0 counter_var_1 +,38,counter_var_0 var_1 +
4120,114 64 35 37 113,12,114 31 72 81 113,6,2,6,19,12,3,25,var_0 counter_var_1 +,8,counter_var_0 var_1 +
4121,114 1 96 7 113,8,114 62 5 24 113,1,4,7,24,4,5,25,var_0 counter_var_1 +,11,counter_var_0 var_1 +
4122,114 8 93 105 113,20,114 1 47 93 113,8,1,12,0,1,1,8,var_0 counter_var_1 +,13,counter_var_0 var_1 +
4123,114 21 50 27 113,48,114 101 19 15 113,21,14,27,15,4,19,36,var_0 counter_var_1 +,41,counter_var_0 var_1 +
4124,114 59 66 88 113,27,114 85 76 54 113,1,27,26,23,20,7,24,var_0 counter_var_1 +,53,counter_var_0 var_1 +
4125,114 31 44 41 113,12,114 98 37 110 113,2,11,10,17,21,14,19,var_0 counter_var_1 +,21,counter_var_0 var_1 +
4126,114 44 68 71 113,24,114 1 38 59 113,15,1,9,28,22,15,43,var_0 counter_var_1 +,10,counter_var_0 var_1 +
4127,114 32 8 57 113,29,114 77 83 3 113,3,19,26,3,8,14,6,var_0 counter_var_1 +,45,counter_var_0 var_1 +
4128,114 98 16 21 113,32,114 56 1 0 113,11,27,21,0,16,1,11,var_0 counter_var_1 +,48,counter_var_0 var_1 +
4129,114 60 45 103 113,12,114 71 56 5 113,2,13,10,5,22,10,7,var_0 counter_var_1 +,23,counter_var_0 var_1 +
4130,114 41 47 93 113,12,114 30 4 78 113,12,1,0,16,1,4,28,var_0 counter_var_1 +,1,counter_var_0 var_1 +
4131,114 100 4 78 113,29,114 42 62 43 113,13,13,16,12,4,16,25,var_0 counter_var_1 +,29,counter_var_0 var_1 +
4132,114 76 63 26 113,44,114 43 41 34 113,18,14,26,3,17,18,21,var_0 counter_var_1 +,40,counter_var_0 var_1 +
4133,114 65 68 71 113,16,114 49 57 97 113,7,20,9,4,22,11,11,var_0 counter_var_1 +,29,counter_var_0 var_1 +
4134,114 2 62 43 113,14,114 93 25 20 113,2,6,12,20,16,2,22,var_0 counter_var_1 +,18,counter_var_0 var_1 +
4135,114 54 47 93 113,25,114 48 67 80 113,25,19,0,18,1,21,43,var_0 counter_var_1 +,19,counter_var_0 var_1 +
4136,114 108 48 95 113,23,114 69 16 21 113,21,11,2,21,2,16,42,var_0 counter_var_1 +,13,counter_var_0 var_1 +
4137,114 40 4 78 113,27,114 39 110 108 113,11,10,16,15,4,18,26,var_0 counter_var_1 +,26,counter_var_0 var_1 +
4138,114 23 81 52 113,44,114 13 32 1 113,23,13,21,1,12,9,24,var_0 counter_var_1 +,34,counter_var_0 var_1 +
4139,114 50 18 72 113,31,114 99 109 65 113,21,12,10,3,18,17,24,var_0 counter_var_1 +,22,counter_var_0 var_1 +
4140,114 34 2 84 113,27,114 6 69 104 113,5,6,22,11,2,0,16,var_0 counter_var_1 +,28,counter_var_0 var_1 +
4141,114 1 56 5 113,6,114 25 15 62 113,1,25,5,0,10,15,1,var_0 counter_var_1 +,30,counter_var_0 var_1 +
4142,114 55 60 63 113,27,114 28 73 73 113,26,28,1,11,14,4,37,var_0 counter_var_1 +,29,counter_var_0 var_1 +
4143,114 68 78 107 113,24,114 39 108 85 113,10,10,14,23,9,16,33,var_0 counter_var_1 +,24,counter_var_0 var_1 +
4144,114 85 16 21 113,48,114 72 42 46 113,27,14,21,15,16,19,42,var_0 counter_var_1 +,35,counter_var_0 var_1 +
4145,114 53 104 4 113,28,114 31 110 108 113,24,2,4,15,12,18,39,var_0 counter_var_1 +,6,counter_var_0 var_1 +
4146,114 69 94 96 113,14,114 12 12 83 113,11,12,3,21,2,12,32,var_0 counter_var_1 +,15,counter_var_0 var_1 +
4147,114 60 76 54 113,25,114 85 91 106 113,2,27,23,13,7,22,15,var_0 counter_var_1 +,50,counter_var_0 var_1 +
4148,114 73 102 45 113,29,114 58 97 23 113,15,0,14,23,10,5,38,var_0 counter_var_1 +,14,counter_var_0 var_1 +
4149,114 54 50 27 113,52,114 71 26 25 113,25,13,27,25,4,3,50,var_0 counter_var_1 +,40,counter_var_0 var_1 +
4150,114 51 29 17 113,39,114 10 57 97 113,22,10,17,4,6,11,26,var_0 counter_var_1 +,27,counter_var_0 var_1 +
4151,114 30 29 17 113,18,114 37 53 68 113,1,8,17,6,6,7,7,var_0 counter_var_1 +,25,counter_var_0 var_1 +
4152,114 1 95 109 113,17,114 23 3 86 113,1,23,16,24,3,3,25,var_0 counter_var_1 +,39,counter_var_0 var_1 +
4153,114 33 58 2 113,6,114 112 6 64 113,4,25,2,2,12,6,6,var_0 counter_var_1 +,27,counter_var_0 var_1 +
4154,114 71 6 64 113,15,114 58 75 8 113,13,0,2,8,6,6,21,var_0 counter_var_1 +,2,counter_var_0 var_1 +
4155,114 3 96 7 113,10,114 72 49 32 113,3,14,7,1,4,3,4,var_0 counter_var_1 +,21,counter_var_0 var_1 +
4156,114 55 96 7 113,33,114 16 86 94 113,26,16,7,1,4,17,27,var_0 counter_var_1 +,23,counter_var_0 var_1 +
4157,114 16 18 72 113,26,114 80 2 84 113,16,22,10,22,18,2,38,var_0 counter_var_1 +,32,counter_var_0 var_1 +
4158,114 17 38 59 113,45,114 86 30 99 113,17,28,28,6,15,7,23,var_0 counter_var_1 +,56,counter_var_0 var_1 +
4159,114 50 15 62 113,21,114 2 28 55 113,21,2,0,24,15,5,45,var_0 counter_var_1 +,2,counter_var_0 var_1 +
4160,114 61 16 21 113,24,114 53 61 89 113,3,24,21,27,16,15,30,var_0 counter_var_1 +,45,counter_var_0 var_1 +
4161,114 40 79 58 113,38,114 77 20 50 113,11,19,27,19,10,20,30,var_0 counter_var_1 +,46,counter_var_0 var_1 +
4162,114 48 38 59 113,47,114 32 47 93 113,19,3,28,0,15,1,19,var_0 counter_var_1 +,31,counter_var_0 var_1 +
4163,114 22 108 85 113,45,114 22 40 76 113,22,22,23,14,16,17,36,var_0 counter_var_1 +,45,counter_var_0 var_1 +
4164,114 22 58 2 113,24,114 95 80 48 113,22,8,2,17,12,11,39,var_0 counter_var_1 +,10,counter_var_0 var_1 +
4165,114 47 11 6 113,24,114 75 12 83 113,18,17,6,21,11,12,39,var_0 counter_var_1 +,23,counter_var_0 var_1 +
4166,114 112 46 87 113,50,114 89 103 61 113,25,2,25,30,0,11,55,var_0 counter_var_1 +,27,counter_var_0 var_1 +
4167,114 67 57 97 113,13,114 43 102 45 113,9,14,4,14,11,10,23,var_0 counter_var_1 +,18,counter_var_0 var_1 +
4168,114 14 23 98 113,19,114 11 102 45 113,14,11,5,14,0,10,28,var_0 counter_var_1 +,16,counter_var_0 var_1 +
4169,114 100 15 62 113,13,114 75 19 15 113,13,17,0,15,15,19,28,var_0 counter_var_1 +,17,counter_var_0 var_1 +
4170,114 36 8 57 113,33,114 96 79 58 113,7,9,26,27,8,10,34,var_0 counter_var_1 +,35,counter_var_0 var_1 +
4171,114 111 73 73 113,35,114 63 85 31 113,24,5,11,0,4,16,24,var_0 counter_var_1 +,16,counter_var_0 var_1 +
4172,114 29 62 43 113,12,114 66 85 31 113,0,8,12,0,16,16,0,var_0 counter_var_1 +,20,counter_var_0 var_1 +
4173,114 91 12 83 113,25,114 59 46 87 113,4,1,21,25,12,0,29,var_0 counter_var_1 +,22,counter_var_0 var_1 +
4174,114 74 25 20 113,36,114 18 82 90 113,16,18,20,28,2,13,44,var_0 counter_var_1 +,38,counter_var_0 var_1 +
4175,114 104 22 12 113,29,114 46 12 83 113,17,17,12,21,22,12,38,var_0 counter_var_1 +,29,counter_var_0 var_1 +
4176,114 12 20 50 113,31,114 48 35 37 113,12,19,19,6,20,12,18,var_0 counter_var_1 +,38,counter_var_0 var_1 +
4177,114 6 50 27 113,33,114 46 11 6 113,6,17,27,6,4,11,12,var_0 counter_var_1 +,44,counter_var_0 var_1 +
4178,114 0 55 10 113,10,114 86 36 19 113,0,28,10,19,9,13,19,var_0 counter_var_1 +,38,counter_var_0 var_1 +
4179,114 56 1 0 113,27,114 18 21 49 113,27,18,0,18,1,21,45,var_0 counter_var_1 +,18,counter_var_0 var_1 +
4180,114 26 42 46 113,41,114 107 27 101 113,26,20,15,8,19,4,34,var_0 counter_var_1 +,35,counter_var_0 var_1 +
4181,114 77 24 35 113,23,114 103 61 89 113,19,16,4,27,1,15,46,var_0 counter_var_1 +,20,counter_var_0 var_1 +
4182,114 0 68 71 113,9,114 57 0 38 113,0,28,9,7,22,0,7,var_0 counter_var_1 +,37,counter_var_0 var_1 +
4183,114 103 2 84 113,38,114 60 108 85 113,16,2,22,23,2,16,39,var_0 counter_var_1 +,24,counter_var_0 var_1 +
4184,114 68 22 12 113,22,114 102 107 28 113,10,15,12,28,22,15,38,var_0 counter_var_1 +,27,counter_var_0 var_1 +
4185,114 81 108 85 113,46,114 57 11 6 113,23,28,23,6,16,11,29,var_0 counter_var_1 +,51,counter_var_0 var_1 +
4186,114 44 70 77 113,30,114 31 46 87 113,15,2,15,25,1,0,40,var_0 counter_var_1 +,17,counter_var_0 var_1 +
4187,114 98 56 5 113,16,114 25 91 106 113,11,25,5,13,10,22,24,var_0 counter_var_1 +,30,counter_var_0 var_1 +
4188,114 34 36 19 113,24,114 37 110 108 113,5,8,19,15,13,18,20,var_0 counter_var_1 +,27,counter_var_0 var_1 +
4189,114 34 34 47 113,21,114 99 52 9 113,5,12,16,9,11,6,14,var_0 counter_var_1 +,28,counter_var_0 var_1 +
4190,114 49 83 3 113,23,114 66 61 89 113,20,8,3,27,14,15,47,var_0 counter_var_1 +,11,counter_var_0 var_1 +
4191,114 102 46 87 113,40,114 73 51 42 113,15,15,25,11,0,5,26,var_0 counter_var_1 +,40,counter_var_0 var_1 +
4192,114 16 100 75 113,29,114 101 56 5 113,16,14,13,5,8,10,21,var_0 counter_var_1 +,27,counter_var_0 var_1 +
4193,114 5 84 44 113,18,114 8 97 23 113,5,8,13,23,15,5,28,var_0 counter_var_1 +,21,counter_var_0 var_1 +
4194,114 2 35 37 113,8,114 40 84 44 113,2,11,6,13,12,15,15,var_0 counter_var_1 +,17,counter_var_0 var_1 +
4195,114 78 44 41 113,30,114 0 90 102 113,20,0,10,9,21,21,29,var_0 counter_var_1 +,10,counter_var_0 var_1 +
4196,114 2 97 23 113,25,114 32 81 52 113,2,3,23,21,5,12,23,var_0 counter_var_1 +,26,counter_var_0 var_1 +
4197,114 54 12 83 113,46,114 74 64 66 113,25,16,21,4,12,18,29,var_0 counter_var_1 +,37,counter_var_0 var_1 +
4198,114 85 101 39 113,35,114 9 19 15 113,27,9,8,15,9,19,42,var_0 counter_var_1 +,17,counter_var_0 var_1 +
4199,114 26 13 18 113,44,114 99 1 0 113,26,12,18,0,13,1,26,var_0 counter_var_1 +,30,counter_var_0 var_1 +
4200,114 21 70 77 113,36,114 63 34 47 113,21,5,15,16,1,11,37,var_0 counter_var_1 +,20,counter_var_0 var_1 +
4201,114 17 93 105 113,29,114 46 29 17 113,17,17,12,17,1,6,34,var_0 counter_var_1 +,29,counter_var_0 var_1 +
4202,114 100 39 36 113,18,114 72 81 52 113,13,14,5,21,16,12,34,var_0 counter_var_1 +,19,counter_var_0 var_1 +
4203,114 87 50 27 113,27,114 5 32 1 113,0,5,27,1,4,9,1,var_0 counter_var_1 +,32,counter_var_0 var_1 +
4204,114 93 83 3 113,9,114 90 98 74 113,6,3,3,12,14,6,18,var_0 counter_var_1 +,6,counter_var_0 var_1 +
4205,114 80 4 78 113,38,114 35 95 109 113,22,6,16,16,4,3,38,var_0 counter_var_1 +,22,counter_var_0 var_1 +
4206,114 8 82 90 113,36,114 31 30 99 113,8,2,28,6,13,7,14,var_0 counter_var_1 +,30,counter_var_0 var_1 +
4207,114 65 111 79 113,24,114 110 42 46 113,7,23,17,15,19,19,22,var_0 counter_var_1 +,40,counter_var_0 var_1 +
4208,114 72 6 64 113,16,114 39 78 107 113,14,10,2,14,6,9,28,var_0 counter_var_1 +,12,counter_var_0 var_1 +
4209,114 96 24 35 113,13,114 35 64 66 113,9,6,4,4,1,18,13,var_0 counter_var_1 +,10,counter_var_0 var_1 +
4210,114 28 5 24 113,52,114 89 22 12 113,28,2,24,12,5,22,40,var_0 counter_var_1 +,26,counter_var_0 var_1 +
4211,114 96 65 67 113,14,114 89 74 91 113,9,2,5,29,19,5,38,var_0 counter_var_1 +,7,counter_var_0 var_1 +
4212,114 11 14 33 113,13,114 13 102 45 113,11,13,2,14,14,10,25,var_0 counter_var_1 +,15,counter_var_0 var_1 +
4213,114 111 28 55 113,48,114 40 5 24 113,24,11,24,24,5,5,48,var_0 counter_var_1 +,35,counter_var_0 var_1 +
4214,114 112 47 93 113,25,114 77 9 70 113,25,19,0,8,1,9,33,var_0 counter_var_1 +,19,counter_var_0 var_1 +
4215,114 53 68 71 113,33,114 53 82 90 113,24,24,9,28,22,13,52,var_0 counter_var_1 +,33,counter_var_0 var_1 +
4216,114 101 15 62 113,14,114 43 6 64 113,14,14,0,2,15,6,16,var_0 counter_var_1 +,14,counter_var_0 var_1 +
4217,114 30 5 24 113,25,114 61 54 53 113,1,3,24,22,5,8,23,var_0 counter_var_1 +,27,counter_var_0 var_1 +
4218,114 25 43 40 113,34,114 91 1 0 113,25,4,9,0,20,1,25,var_0 counter_var_1 +,13,counter_var_0 var_1 +
4219,114 57 99 92 113,58,114 31 16 21 113,28,2,30,21,7,16,49,var_0 counter_var_1 +,32,counter_var_0 var_1 +
4220,114 52 66 88 113,49,114 97 61 89 113,23,10,26,27,20,15,50,var_0 counter_var_1 +,36,counter_var_0 var_1 +
4221,114 19 111 79 113,36,114 95 84 44 113,19,8,17,13,19,15,32,var_0 counter_var_1 +,25,counter_var_0 var_1 +
4222,114 88 56 5 113,6,114 112 97 23 113,1,25,5,23,10,5,24,var_0 counter_var_1 +,30,counter_var_0 var_1 +
4223,114 49 19 15 113,35,114 16 84 44 113,20,16,15,13,19,15,33,var_0 counter_var_1 +,31,counter_var_0 var_1 +
4224,114 74 30 99 113,22,114 61 112 13 113,16,3,6,13,7,20,29,var_0 counter_var_1 +,9,counter_var_0 var_1 +
4225,114 107 110 108 113,35,114 64 19 15 113,20,6,15,15,18,19,35,var_0 counter_var_1 +,21,counter_var_0 var_1 +
4226,114 4 85 31 113,4,114 109 43 40 113,4,22,0,9,16,20,13,var_0 counter_var_1 +,22,counter_var_0 var_1 +
4227,114 93 41 34 113,9,114 41 10 11 113,6,12,3,11,18,10,17,var_0 counter_var_1 +,15,counter_var_0 var_1 +
4228,114 91 104 4 113,8,114 71 60 63 113,4,13,4,1,12,14,5,var_0 counter_var_1 +,17,counter_var_0 var_1 +
4229,114 14 59 30 113,44,114 21 110 108 113,14,21,30,15,13,18,29,var_0 counter_var_1 +,51,counter_var_0 var_1 +
4230,114 13 79 58 113,40,114 39 25 20 113,13,10,27,20,10,2,33,var_0 counter_var_1 +,37,counter_var_0 var_1 +
4231,114 14 18 72 113,24,114 28 55 10 113,14,28,10,10,18,9,24,var_0 counter_var_1 +,38,counter_var_0 var_1 +
4232,114 106 52 9 113,28,114 95 28 55 113,19,8,9,24,6,5,43,var_0 counter_var_1 +,17,counter_var_0 var_1 +
4233,114 26 4 78 113,42,114 70 3 86 113,26,12,16,24,4,3,50,var_0 counter_var_1 +,28,counter_var_0 var_1 +
4234,114 65 36 19 113,26,114 69 87 60 113,7,11,19,29,13,18,36,var_0 counter_var_1 +,30,counter_var_0 var_1 +
4235,114 22 61 89 113,49,114 86 23 98 113,22,28,27,5,15,0,27,var_0 counter_var_1 +,55,counter_var_0 var_1 +
4236,114 24 22 12 113,36,114 73 76 54 113,24,15,12,23,22,7,47,var_0 counter_var_1 +,27,counter_var_0 var_1 +
4237,114 90 98 74 113,15,114 29 42 46 113,3,0,12,15,6,19,18,var_0 counter_var_1 +,12,counter_var_0 var_1 +
4238,114 59 14 33 113,3,114 61 92 51 113,1,3,2,20,14,0,21,var_0 counter_var_1 +,5,counter_var_0 var_1 +
4239,114 105 106 56 113,43,114 71 10 11 113,18,13,25,11,14,10,29,var_0 counter_var_1 +,38,counter_var_0 var_1 +
4240,114 25 18 72 113,35,114 54 22 12 113,25,25,10,12,18,22,37,var_0 counter_var_1 +,35,counter_var_0 var_1 +
4241,114 91 107 28 113,32,114 0 3 86 113,4,0,28,24,15,3,28,var_0 counter_var_1 +,28,counter_var_0 var_1 +
4242,114 9 96 7 113,16,114 92 99 92 113,9,5,7,30,4,7,39,var_0 counter_var_1 +,12,counter_var_0 var_1 +
4243,114 87 70 77 113,15,114 14 45 103 113,0,14,15,10,1,22,10,var_0 counter_var_1 +,29,counter_var_0 var_1 +
4244,114 78 93 105 113,32,114 57 91 106 113,20,28,12,13,1,22,33,var_0 counter_var_1 +,40,counter_var_0 var_1 +
4245,114 37 108 85 113,31,114 65 32 1 113,8,7,23,1,16,9,9,var_0 counter_var_1 +,30,counter_var_0 var_1 +
4246,114 45 84 44 113,29,114 55 47 93 113,16,26,13,0,15,1,16,var_0 counter_var_1 +,39,counter_var_0 var_1 +
4247,114 29 36 19 113,19,114 84 86 94 113,0,26,19,1,13,17,1,var_0 counter_var_1 +,45,counter_var_0 var_1 +
4248,114 88 21 49 113,19,114 93 55 10 113,1,6,18,10,21,9,11,var_0 counter_var_1 +,24,counter_var_0 var_1 +
4249,114 88 57 97 113,5,114 43 26 25 113,1,14,4,25,11,3,26,var_0 counter_var_1 +,18,counter_var_0 var_1 +
4250,114 64 40 76 113,20,114 28 59 30 113,6,28,14,30,17,13,36,var_0 counter_var_1 +,42,counter_var_0 var_1 +
4251,114 70 24 35 113,16,114 77 15 62 113,12,19,4,0,1,15,12,var_0 counter_var_1 +,23,counter_var_0 var_1 +
4252,114 94 86 94 113,8,114 53 84 44 113,7,24,1,13,17,15,20,var_0 counter_var_1 +,25,counter_var_0 var_1 +
4253,114 31 78 107 113,16,114 8 50 27 113,2,8,14,27,9,4,29,var_0 counter_var_1 +,22,counter_var_0 var_1 +
4254,114 26 16 21 113,47,114 10 48 95 113,26,10,21,2,16,2,28,var_0 counter_var_1 +,31,counter_var_0 var_1 +
4255,114 38 6 64 113,11,114 97 79 58 113,9,10,2,27,6,10,36,var_0 counter_var_1 +,12,counter_var_0 var_1 +
4256,114 58 27 101 113,8,114 71 31 82 113,0,13,8,20,4,8,20,var_0 counter_var_1 +,21,counter_var_0 var_1 +
4257,114 22 90 102 113,31,114 49 31 82 113,22,20,9,20,21,8,42,var_0 counter_var_1 +,29,counter_var_0 var_1 +
4258,114 11 48 95 113,13,114 84 34 47 113,11,26,2,16,2,11,27,var_0 counter_var_1 +,28,counter_var_0 var_1 +
4259,114 104 89 29 113,46,114 69 69 104 113,17,11,29,11,20,0,28,var_0 counter_var_1 +,40,counter_var_0 var_1 +
4260,114 111 27 101 113,32,114 73 52 9 113,24,15,8,9,4,6,33,var_0 counter_var_1 +,23,counter_var_0 var_1 +
4261,114 11 37 110 113,28,114 104 68 71 113,11,17,17,9,14,22,20,var_0 counter_var_1 +,34,counter_var_0 var_1 +
4262,114 98 79 58 113,38,114 94 68 71 113,11,7,27,9,10,22,20,var_0 counter_var_1 +,34,counter_var_0 var_1 +
4263,114 88 54 53 113,23,114 7 3 86 113,1,7,22,24,8,3,25,var_0 counter_var_1 +,29,counter_var_0 var_1 +
4264,114 36 70 77 113,22,114 73 47 93 113,7,15,15,0,1,1,7,var_0 counter_var_1 +,30,counter_var_0 var_1 +
4265,114 67 12 83 113,30,114 57 79 58 113,9,28,21,27,12,10,36,var_0 counter_var_1 +,49,counter_var_0 var_1 +
4266,114 8 16 21 113,29,114 32 18 72 113,8,3,21,10,16,18,18,var_0 counter_var_1 +,24,counter_var_0 var_1 +
4267,114 106 50 27 113,46,114 25 50 27 113,19,25,27,27,4,4,46,var_0 counter_var_1 +,52,counter_var_0 var_1 +
4268,114 15 88 16 113,31,114 34 76 54 113,15,5,16,23,19,7,38,var_0 counter_var_1 +,21,counter_var_0 var_1 +
4269,114 69 10 11 113,22,114 31 69 104 113,11,2,11,11,10,0,22,var_0 counter_var_1 +,13,counter_var_0 var_1 +
4270,114 53 13 18 113,42,114 95 35 37 113,24,8,18,6,13,12,30,var_0 counter_var_1 +,26,counter_var_0 var_1 +
4271,114 68 112 13 113,23,114 9 28 55 113,10,9,13,24,20,5,34,var_0 counter_var_1 +,22,counter_var_0 var_1 +
4272,114 71 77 69 113,20,114 74 51 42 113,13,16,7,11,8,5,24,var_0 counter_var_1 +,23,counter_var_0 var_1 +
4273,114 25 12 83 113,46,114 45 45 103 113,25,16,21,10,12,22,35,var_0 counter_var_1 +,37,counter_var_0 var_1 +
4274,114 111 77 69 113,31,114 100 60 63 113,24,13,7,1,8,14,25,var_0 counter_var_1 +,20,counter_var_0 var_1 +
4275,114 75 10 11 113,28,114 32 82 90 113,17,3,11,28,10,13,45,var_0 counter_var_1 +,14,counter_var_0 var_1 +
4276,114 65 77 69 113,14,114 43 105 111 113,7,14,7,18,8,13,25,var_0 counter_var_1 +,21,counter_var_0 var_1 +
4277,114 98 23 98 113,16,114 0 94 96 113,11,0,5,3,0,2,14,var_0 counter_var_1 +,5,counter_var_0 var_1 +
4278,114 15 77 69 113,22,114 83 81 52 113,15,25,7,21,8,12,36,var_0 counter_var_1 +,32,counter_var_0 var_1 +
4279,114 71 102 45 113,27,114 16 13 18 113,13,16,14,18,10,13,31,var_0 counter_var_1 +,30,counter_var_0 var_1 +
4280,114 41 103 61 113,42,114 14 60 63 113,12,14,30,1,11,14,13,var_0 counter_var_1 +,44,counter_var_0 var_1 +
4281,114 92 58 2 113,7,114 43 112 13 113,5,14,2,13,12,20,18,var_0 counter_var_1 +,16,counter_var_0 var_1 +
4282,114 13 112 13 113,26,114 74 21 49 113,13,16,13,18,20,21,31,var_0 counter_var_1 +,29,counter_var_0 var_1 +
4283,114 7 89 29 113,36,114 17 107 28 113,7,17,29,28,20,15,35,var_0 counter_var_1 +,46,counter_var_0 var_1 +
4284,114 21 8 57 113,47,114 22 105 111 113,21,22,26,18,8,13,39,var_0 counter_var_1 +,48,counter_var_0 var_1 +
4285,114 32 81 52 113,24,114 55 24 35 113,3,26,21,4,12,1,7,var_0 counter_var_1 +,47,counter_var_0 var_1 +
4286,114 60 41 34 113,5,114 105 46 87 113,2,18,3,25,18,0,27,var_0 counter_var_1 +,21,counter_var_0 var_1 +
4287,114 53 32 1 113,25,114 28 106 56 113,24,28,1,25,9,14,49,var_0 counter_var_1 +,29,counter_var_0 var_1 +
4288,114 83 26 25 113,50,114 13 14 33 113,25,13,25,2,3,14,27,var_0 counter_var_1 +,38,counter_var_0 var_1 +
4289,114 22 51 42 113,33,114 22 34 47 113,22,22,11,16,5,11,38,var_0 counter_var_1 +,33,counter_var_0 var_1 +
4290,114 68 72 81 113,29,114 79 18 72 113,10,21,19,10,3,18,20,var_0 counter_var_1 +,40,counter_var_0 var_1 +
4291,114 35 74 91 113,35,114 105 70 77 113,6,18,29,15,5,1,21,var_0 counter_var_1 +,47,counter_var_0 var_1 +
4292,114 80 73 73 113,33,114 103 109 65 113,22,16,11,3,4,17,25,var_0 counter_var_1 +,27,counter_var_0 var_1 +
4293,114 76 77 69 113,25,114 97 91 106 113,18,10,7,13,8,22,31,var_0 counter_var_1 +,17,counter_var_0 var_1 +
4294,114 11 93 105 113,23,114 32 84 44 113,11,3,12,13,1,15,24,var_0 counter_var_1 +,15,counter_var_0 var_1 +
4295,114 63 31 82 113,25,114 11 93 105 113,5,11,20,12,8,1,17,var_0 counter_var_1 +,31,counter_var_0 var_1 +
4296,114 14 76 54 113,37,114 16 57 97 113,14,16,23,4,7,11,18,var_0 counter_var_1 +,39,counter_var_0 var_1 +
4297,114 18 67 80 113,36,114 33 112 13 113,18,4,18,13,21,20,31,var_0 counter_var_1 +,22,counter_var_0 var_1 +
4298,114 19 101 39 113,27,114 19 75 8 113,19,19,8,8,9,6,27,var_0 counter_var_1 +,27,counter_var_0 var_1 +
4299,114 106 36 19 113,38,114 2 77 69 113,19,2,19,7,13,8,26,var_0 counter_var_1 +,21,counter_var_0 var_1 +
4300,114 40 21 49 113,29,114 92 27 101 113,11,5,18,8,21,4,19,var_0 counter_var_1 +,23,counter_var_0 var_1 +
4301,114 94 103 61 113,37,114 62 106 56 113,7,4,30,25,11,14,32,var_0 counter_var_1 +,34,counter_var_0 var_1 +
4302,114 89 78 107 113,16,114 86 104 4 113,2,28,14,4,9,12,6,var_0 counter_var_1 +,42,counter_var_0 var_1 +
4303,114 94 26 25 113,32,114 19 89 29 113,7,19,25,29,3,20,36,var_0 counter_var_1 +,44,counter_var_0 var_1 +
4304,114 100 78 107 113,27,114 91 95 109 113,13,4,14,16,9,3,29,var_0 counter_var_1 +,18,counter_var_0 var_1 +
4305,114 55 23 98 113,31,114 73 64 66 113,26,15,5,4,0,18,30,var_0 counter_var_1 +,20,counter_var_0 var_1 +
4306,114 11 65 67 113,16,114 63 65 67 113,11,5,5,5,19,19,16,var_0 counter_var_1 +,10,counter_var_0 var_1 +
4307,114 26 47 93 113,26,114 4 30 99 113,26,4,0,6,1,7,32,var_0 counter_var_1 +,4,counter_var_0 var_1 +
4308,114 58 59 30 113,30,114 55 76 54 113,0,26,30,23,13,7,23,var_0 counter_var_1 +,56,counter_var_0 var_1 +
4309,114 19 22 12 113,31,114 3 38 59 113,19,3,12,28,22,15,47,var_0 counter_var_1 +,15,counter_var_0 var_1 +
4310,114 22 43 40 113,31,114 62 31 82 113,22,4,9,20,20,8,42,var_0 counter_var_1 +,13,counter_var_0 var_1 +
4311,114 82 111 79 113,41,114 18 13 18 113,24,18,17,18,19,13,42,var_0 counter_var_1 +,35,counter_var_0 var_1 +
4312,114 100 24 35 113,17,114 32 71 100 113,13,3,4,7,1,2,20,var_0 counter_var_1 +,7,counter_var_0 var_1 +
4313,114 112 37 110 113,42,114 4 17 112 113,25,4,17,19,14,17,44,var_0 counter_var_1 +,21,counter_var_0 var_1 +
4314,114 50 96 7 113,28,114 65 60 63 113,21,7,7,1,4,14,22,var_0 counter_var_1 +,14,counter_var_0 var_1 +
4315,114 99 90 102 113,21,114 91 19 15 113,12,4,9,15,21,19,27,var_0 counter_var_1 +,13,counter_var_0 var_1 +
4316,114 61 12 83 113,24,114 44 84 44 113,3,15,21,13,12,15,16,var_0 counter_var_1 +,36,counter_var_0 var_1 +
4317,114 19 61 89 113,46,114 33 37 110 113,19,4,27,17,15,14,36,var_0 counter_var_1 +,31,counter_var_0 var_1 +
4318,114 30 78 107 113,15,114 93 26 25 113,1,6,14,25,9,3,26,var_0 counter_var_1 +,20,counter_var_0 var_1 +
4319,114 56 89 29 113,56,114 35 106 56 113,27,6,29,25,20,14,52,var_0 counter_var_1 +,35,counter_var_0 var_1 +
4320,114 60 23 98 113,7,114 98 20 50 113,2,11,5,19,0,20,21,var_0 counter_var_1 +,16,counter_var_0 var_1 +
4321,114 103 72 81 113,35,114 36 49 32 113,16,7,19,1,3,3,17,var_0 counter_var_1 +,26,counter_var_0 var_1 +
4322,114 80 88 16 113,38,114 57 83 3 113,22,28,16,3,19,14,25,var_0 counter_var_1 +,44,counter_var_0 var_1 +
4323,114 22 65 67 113,27,114 111 35 37 113,22,24,5,6,19,12,28,var_0 counter_var_1 +,29,counter_var_0 var_1 +
4324,114 71 96 7 113,20,114 56 64 66 113,13,27,7,4,4,18,17,var_0 counter_var_1 +,34,counter_var_0 var_1 +
4325,114 12 48 95 113,14,114 112 93 105 113,12,25,2,12,2,1,24,var_0 counter_var_1 +,27,counter_var_0 var_1 +
4326,114 103 84 44 113,29,114 4 93 105 113,16,4,13,12,15,1,28,var_0 counter_var_1 +,17,counter_var_0 var_1 +
4327,114 98 111 79 113,28,114 101 10 11 113,11,14,17,11,19,10,22,var_0 counter_var_1 +,31,counter_var_0 var_1 +
4328,114 46 28 55 113,41,114 14 74 91 113,17,14,24,29,5,5,46,var_0 counter_var_1 +,38,counter_var_0 var_1 +
4329,114 59 71 100 113,8,114 14 13 18 113,1,14,7,18,2,13,19,var_0 counter_var_1 +,21,counter_var_0 var_1 +
4330,114 17 103 61 113,47,114 78 97 23 113,17,20,30,23,11,5,40,var_0 counter_var_1 +,50,counter_var_0 var_1 +
4331,114 105 92 51 113,38,114 1 12 83 113,18,1,20,21,0,12,39,var_0 counter_var_1 +,21,counter_var_0 var_1 +
4332,114 111 91 106 113,37,114 55 1 0 113,24,26,13,0,22,1,24,var_0 counter_var_1 +,39,counter_var_0 var_1 +
4333,114 60 29 17 113,19,114 46 0 38 113,2,17,17,7,6,0,9,var_0 counter_var_1 +,34,counter_var_0 var_1 +
4334,114 56 71 100 113,34,114 50 69 104 113,27,21,7,11,2,0,38,var_0 counter_var_1 +,28,counter_var_0 var_1 +
4335,114 10 20 50 113,29,114 0 14 33 113,10,0,19,2,20,14,12,var_0 counter_var_1 +,19,counter_var_0 var_1 +
4336,114 57 77 69 113,35,114 21 0 38 113,28,21,7,7,8,0,35,var_0 counter_var_1 +,28,counter_var_0 var_1 +
4337,114 110 42 46 113,38,114 61 15 62 113,23,3,15,0,19,15,23,var_0 counter_var_1 +,18,counter_var_0 var_1 +
4338,114 98 105 111 113,29,114 51 3 86 113,11,22,18,24,13,3,35,var_0 counter_var_1 +,40,counter_var_0 var_1 +
4339,114 30 51 42 113,12,114 26 97 23 113,1,26,11,23,5,5,24,var_0 counter_var_1 +,37,counter_var_0 var_1 +
4340,114 95 36 19 113,27,114 43 68 71 113,8,14,19,9,13,22,17,var_0 counter_var_1 +,33,counter_var_0 var_1 +
4341,114 65 21 49 113,25,114 72 47 93 113,7,14,18,0,21,1,7,var_0 counter_var_1 +,32,counter_var_0 var_1 +
4342,114 96 103 61 113,39,114 82 58 2 113,9,24,30,2,11,12,11,var_0 counter_var_1 +,54,counter_var_0 var_1 +
4343,114 18 38 59 113,46,114 102 27 101 113,18,15,28,8,15,4,26,var_0 counter_var_1 +,43,counter_var_0 var_1 +
4344,114 56 80 48 113,44,114 44 112 13 113,27,15,17,13,11,20,40,var_0 counter_var_1 +,32,counter_var_0 var_1 +
4345,114 45 12 83 113,37,114 10 77 69 113,16,10,21,7,12,8,23,var_0 counter_var_1 +,31,counter_var_0 var_1 +
4346,114 75 21 49 113,35,114 108 75 8 113,17,21,18,8,21,6,25,var_0 counter_var_1 +,39,counter_var_0 var_1 +
4347,114 96 42 46 113,24,114 100 49 32 113,9,13,15,1,19,3,10,var_0 counter_var_1 +,28,counter_var_0 var_1 +
4348,114 86 106 56 113,53,114 90 58 2 113,28,3,25,2,14,12,30,var_0 counter_var_1 +,28,counter_var_0 var_1 +
4349,114 23 58 2 113,25,114 101 25 20 113,23,14,2,20,12,2,43,var_0 counter_var_1 +,16,counter_var_0 var_1 +
4350,114 94 96 7 113,14,114 83 56 5 113,7,25,7,5,4,10,12,var_0 counter_var_1 +,32,counter_var_0 var_1 +
4351,114 36 18 72 113,17,114 23 38 59 113,7,23,10,28,18,15,35,var_0 counter_var_1 +,33,counter_var_0 var_1 +
4352,114 19 25 20 113,39,114 29 11 6 113,19,0,20,6,2,11,25,var_0 counter_var_1 +,20,counter_var_0 var_1 +
4353,114 3 70 77 113,18,114 82 59 30 113,3,24,15,30,1,13,33,var_0 counter_var_1 +,39,counter_var_0 var_1 +
4354,114 2 21 49 113,20,114 108 102 45 113,2,21,18,14,21,10,16,var_0 counter_var_1 +,39,counter_var_0 var_1 +
4355,114 35 6 64 113,8,114 15 71 100 113,6,15,2,7,6,2,13,var_0 counter_var_1 +,17,counter_var_0 var_1 +
4356,114 110 40 76 113,37,114 25 84 44 113,23,25,14,13,17,15,36,var_0 counter_var_1 +,39,counter_var_0 var_1 +
4357,114 59 34 47 113,17,114 89 28 55 113,1,2,16,24,11,5,25,var_0 counter_var_1 +,18,counter_var_0 var_1 +
4358,114 44 65 67 113,20,114 78 11 6 113,15,20,5,6,19,11,21,var_0 counter_var_1 +,25,counter_var_0 var_1 +
4359,114 71 99 92 113,43,114 50 92 51 113,13,21,30,20,7,0,33,var_0 counter_var_1 +,51,counter_var_0 var_1 +
4360,114 23 108 85 113,46,114 20 12 83 113,23,20,23,21,16,12,44,var_0 counter_var_1 +,43,counter_var_0 var_1 +
4361,114 72 97 23 113,37,114 98 67 80 113,14,11,23,18,5,21,32,var_0 counter_var_1 +,34,counter_var_0 var_1 +
4362,114 102 102 45 113,29,114 37 77 69 113,15,8,14,7,10,8,22,var_0 counter_var_1 +,22,counter_var_0 var_1 +
4363,114 74 17 112 113,35,114 104 38 59 113,16,17,19,28,17,15,44,var_0 counter_var_1 +,36,counter_var_0 var_1 +
4364,114 89 101 39 113,10,114 78 6 64 113,2,20,8,2,9,6,4,var_0 counter_var_1 +,28,counter_var_0 var_1 +
4365,114 13 98 74 113,25,114 90 79 58 113,13,3,12,27,6,10,40,var_0 counter_var_1 +,15,counter_var_0 var_1 +
4366,114 94 36 19 113,26,114 20 78 107 113,7,20,19,14,13,9,21,var_0 counter_var_1 +,39,counter_var_0 var_1 +
4367,114 96 92 51 113,29,114 39 83 3 113,9,10,20,3,0,14,12,var_0 counter_var_1 +,30,counter_var_0 var_1 +
4368,114 89 103 61 113,32,114 4 57 97 113,2,4,30,4,11,11,6,var_0 counter_var_1 +,34,counter_var_0 var_1 +
4369,114 71 19 15 113,28,114 94 70 77 113,13,7,15,15,19,1,28,var_0 counter_var_1 +,22,counter_var_0 var_1 +
4370,114 35 40 76 113,20,114 105 83 3 113,6,18,14,3,17,14,9,var_0 counter_var_1 +,32,counter_var_0 var_1 +
4371,114 34 105 111 113,23,114 85 62 43 113,5,27,18,12,13,16,17,var_0 counter_var_1 +,45,counter_var_0 var_1 +
4372,114 35 63 26 113,32,114 92 48 95 113,6,5,26,2,17,2,8,var_0 counter_var_1 +,31,counter_var_0 var_1 +
4373,114 67 29 17 113,26,114 6 65 67 113,9,6,17,5,6,19,14,var_0 counter_var_1 +,23,counter_var_0 var_1 +
4374,114 16 98 74 113,28,114 63 37 110 113,16,5,12,17,6,14,33,var_0 counter_var_1 +,17,counter_var_0 var_1 +
4375,114 6 96 7 113,13,114 6 4 78 113,6,6,7,16,4,4,22,var_0 counter_var_1 +,13,counter_var_0 var_1 +
4376,114 58 46 87 113,25,114 14 77 69 113,0,14,25,7,0,8,7,var_0 counter_var_1 +,39,counter_var_0 var_1 +
4377,114 90 49 32 113,4,114 79 37 110 113,3,21,1,17,3,14,20,var_0 counter_var_1 +,22,counter_var_0 var_1 +
4378,114 90 99 92 113,33,114 32 23 98 113,3,3,30,5,7,0,8,var_0 counter_var_1 +,33,counter_var_0 var_1 +
4379,114 62 74 91 113,33,114 19 105 111 113,4,19,29,18,5,13,22,var_0 counter_var_1 +,48,counter_var_0 var_1 +
4380,114 107 38 59 113,48,114 37 27 101 113,20,8,28,8,15,4,28,var_0 counter_var_1 +,36,counter_var_0 var_1 +
4381,114 30 97 23 113,24,114 50 16 21 113,1,21,23,21,5,16,22,var_0 counter_var_1 +,44,counter_var_0 var_1 +
4382,114 48 59 30 113,49,114 63 22 12 113,19,5,30,12,13,22,31,var_0 counter_var_1 +,35,counter_var_0 var_1 +
4383,114 13 31 82 113,33,114 62 14 33 113,13,4,20,2,8,14,15,var_0 counter_var_1 +,24,counter_var_0 var_1 +
4384,114 76 38 59 113,46,114 111 96 7 113,18,24,28,7,15,4,25,var_0 counter_var_1 +,52,counter_var_0 var_1 +
4385,114 74 13 18 113,34,114 94 56 5 113,16,7,18,5,13,10,21,var_0 counter_var_1 +,25,counter_var_0 var_1 +
4386,114 81 13 18 113,41,114 12 8 57 113,23,12,18,26,13,8,49,var_0 counter_var_1 +,30,counter_var_0 var_1 +
4387,114 95 23 98 113,13,114 57 44 41 113,8,28,5,10,0,21,18,var_0 counter_var_1 +,33,counter_var_0 var_1 +
4388,114 90 0 38 113,10,114 108 19 15 113,3,21,7,15,0,19,18,var_0 counter_var_1 +,28,counter_var_0 var_1 +
4389,114 92 50 27 113,32,114 93 47 93 113,5,6,27,0,4,1,5,var_0 counter_var_1 +,33,counter_var_0 var_1 +
4390,114 39 66 88 113,36,114 64 99 92 113,10,6,26,30,20,7,40,var_0 counter_var_1 +,32,counter_var_0 var_1 +
4391,114 43 59 30 113,44,114 66 28 55 113,14,8,30,24,13,5,38,var_0 counter_var_1 +,38,counter_var_0 var_1 +
4392,114 50 5 24 113,45,114 106 38 59 113,21,19,24,28,5,15,49,var_0 counter_var_1 +,43,counter_var_0 var_1 +
4393,114 77 71 100 113,26,114 13 87 60 113,19,13,7,29,2,18,48,var_0 counter_var_1 +,20,counter_var_0 var_1 +
4394,114 108 84 44 113,34,114 27 8 57 113,21,27,13,26,15,8,47,var_0 counter_var_1 +,40,counter_var_0 var_1 +
4395,114 74 60 63 113,17,114 73 4 78 113,16,15,1,16,14,4,32,var_0 counter_var_1 +,16,counter_var_0 var_1 +
4396,114 7 76 54 113,30,114 55 6 64 113,7,26,23,2,7,6,9,var_0 counter_var_1 +,49,counter_var_0 var_1 +
4397,114 29 97 23 113,23,114 105 63 26 113,0,18,23,26,5,17,26,var_0 counter_var_1 +,41,counter_var_0 var_1 +
4398,114 28 108 85 113,51,114 91 39 36 113,28,4,23,5,16,16,33,var_0 counter_var_1 +,27,counter_var_0 var_1 +
4399,114 40 71 100 113,18,114 6 102 45 113,11,6,7,14,2,10,25,var_0 counter_var_1 +,13,counter_var_0 var_1 +
4400,114 28 9 70 113,36,114 103 75 8 113,28,16,8,8,9,6,36,var_0 counter_var_1 +,24,counter_var_0 var_1 +
4401,114 33 34 47 113,20,114 48 33 14 113,4,19,16,14,11,10,18,var_0 counter_var_1 +,35,counter_var_0 var_1 +
4402,114 51 15 62 113,22,114 71 64 66 113,22,13,0,4,15,18,26,var_0 counter_var_1 +,13,counter_var_0 var_1 +
4403,114 45 71 100 113,23,114 27 96 7 113,16,27,7,7,2,4,23,var_0 counter_var_1 +,34,counter_var_0 var_1 +
4404,114 61 37 110 113,20,114 22 100 75 113,3,22,17,13,14,8,16,var_0 counter_var_1 +,39,counter_var_0 var_1 +
4405,114 42 76 54 113,36,114 84 26 25 113,13,26,23,25,7,3,38,var_0 counter_var_1 +,49,counter_var_0 var_1 +
4406,114 97 17 112 113,29,114 85 112 13 113,10,27,19,13,17,20,23,var_0 counter_var_1 +,46,counter_var_0 var_1 +
4407,114 66 70 77 113,23,114 43 64 66 113,8,14,15,4,1,18,12,var_0 counter_var_1 +,29,counter_var_0 var_1 +
4408,114 22 8 57 113,48,114 97 75 8 113,22,10,26,8,8,6,30,var_0 counter_var_1 +,36,counter_var_0 var_1 +
4409,114 16 78 107 113,30,114 63 32 1 113,16,5,14,1,9,9,17,var_0 counter_var_1 +,19,counter_var_0 var_1 +
4410,114 0 32 1 113,1,114 100 21 49 113,0,13,1,18,9,21,18,var_0 counter_var_1 +,14,counter_var_0 var_1 +
4411,114 46 72 81 113,36,114 46 88 16 113,17,17,19,16,3,19,33,var_0 counter_var_1 +,36,counter_var_0 var_1 +
4412,114 42 73 73 113,24,114 21 80 48 113,13,21,11,17,4,11,30,var_0 counter_var_1 +,32,counter_var_0 var_1 +
4413,114 65 99 92 113,37,114 23 57 97 113,7,23,30,4,7,11,11,var_0 counter_var_1 +,53,counter_var_0 var_1 +
4414,114 33 107 28 113,32,114 55 43 40 113,4,26,28,9,15,20,13,var_0 counter_var_1 +,54,counter_var_0 var_1 +
4415,114 98 95 109 113,27,114 55 52 9 113,11,26,16,9,3,6,20,var_0 counter_var_1 +,42,counter_var_0 var_1 +
4416,114 43 49 32 113,15,114 1 42 46 113,14,1,1,15,3,19,29,var_0 counter_var_1 +,2,counter_var_0 var_1 +
4417,114 82 89 29 113,53,114 49 26 25 113,24,20,29,25,20,3,49,var_0 counter_var_1 +,49,counter_var_0 var_1 +
4418,114 56 39 36 113,32,114 73 1 0 113,27,15,5,0,16,1,27,var_0 counter_var_1 +,20,counter_var_0 var_1 +
4419,114 40 61 89 113,38,114 26 105 111 113,11,26,27,18,15,13,29,var_0 counter_var_1 +,53,counter_var_0 var_1 +
4420,114 64 70 77 113,21,114 77 46 87 113,6,19,15,25,1,0,31,var_0 counter_var_1 +,34,counter_var_0 var_1 +
4421,114 29 76 54 113,23,114 69 110 108 113,0,11,23,15,7,18,15,var_0 counter_var_1 +,34,counter_var_0 var_1 +
4422,114 67 60 63 113,10,114 50 103 61 113,9,21,1,30,14,11,39,var_0 counter_var_1 +,22,counter_var_0 var_1 +
4423,114 19 29 17 113,36,114 105 91 106 113,19,18,17,13,6,22,32,var_0 counter_var_1 +,35,counter_var_0 var_1 +
4424,114 35 5 24 113,30,114 58 112 13 113,6,0,24,13,5,20,19,var_0 counter_var_1 +,24,counter_var_0 var_1 +
4425,114 68 52 9 113,19,114 88 89 29 113,10,1,9,29,6,20,39,var_0 counter_var_1 +,10,counter_var_0 var_1 +
4426,114 39 107 28 113,38,114 22 50 27 113,10,22,28,27,15,4,37,var_0 counter_var_1 +,50,counter_var_0 var_1 +
4427,114 76 5 24 113,42,114 44 75 8 113,18,15,24,8,5,6,26,var_0 counter_var_1 +,39,counter_var_0 var_1 +
4428,114 91 90 102 113,13,114 19 4 78 113,4,19,9,16,21,4,20,var_0 counter_var_1 +,28,counter_var_0 var_1 +
4429,114 62 52 9 113,13,114 56 65 67 113,4,27,9,5,6,19,9,var_0 counter_var_1 +,36,counter_var_0 var_1 +
4430,114 76 9 70 113,26,114 18 45 103 113,18,18,8,10,9,22,28,var_0 counter_var_1 +,26,counter_var_0 var_1 +
4431,114 85 34 47 113,43,114 44 73 73 113,27,15,16,11,11,4,38,var_0 counter_var_1 +,31,counter_var_0 var_1 +
4432,114 43 34 47 113,30,114 112 88 16 113,14,25,16,16,11,19,30,var_0 counter_var_1 +,41,counter_var_0 var_1 +
4433,114 23 50 27 113,50,114 106 67 80 113,23,19,27,18,4,21,41,var_0 counter_var_1 +,46,counter_var_0 var_1 +
4434,114 85 75 8 113,35,114 106 46 87 113,27,19,8,25,6,0,52,var_0 counter_var_1 +,27,counter_var_0 var_1 +
4435,114 33 106 56 113,29,114 30 37 110 113,4,1,25,17,14,14,21,var_0 counter_var_1 +,26,counter_var_0 var_1 +
4436,114 92 10 11 113,16,114 70 81 52 113,5,12,11,21,10,12,26,var_0 counter_var_1 +,23,counter_var_0 var_1 +
4437,114 67 40 76 113,23,114 28 34 47 113,9,28,14,16,17,11,25,var_0 counter_var_1 +,42,counter_var_0 var_1 +
4438,114 48 105 111 113,37,114 100 22 12 113,19,13,18,12,13,22,31,var_0 counter_var_1 +,31,counter_var_0 var_1 +
4439,114 21 34 47 113,37,114 45 60 63 113,21,16,16,1,11,14,22,var_0 counter_var_1 +,32,counter_var_0 var_1 +
4440,114 83 103 61 113,55,114 0 17 112 113,25,0,30,19,11,17,44,var_0 counter_var_1 +,30,counter_var_0 var_1 +
4441,114 28 26 25 113,53,114 3 41 34 113,28,3,25,3,3,18,31,var_0 counter_var_1 +,28,counter_var_0 var_1 +
4442,114 4 65 67 113,9,114 30 105 111 113,4,1,5,18,19,13,22,var_0 counter_var_1 +,6,counter_var_0 var_1 +
4443,114 4 58 2 113,6,114 55 64 66 113,4,26,2,4,12,18,8,var_0 counter_var_1 +,28,counter_var_0 var_1 +
4444,114 99 44 41 113,22,114 90 104 4 113,12,3,10,4,21,12,16,var_0 counter_var_1 +,13,counter_var_0 var_1 +
4445,114 105 32 1 113,19,114 103 71 100 113,18,16,1,7,9,2,25,var_0 counter_var_1 +,17,counter_var_0 var_1 +
4446,114 37 72 81 113,27,114 86 55 10 113,8,28,19,10,3,9,18,var_0 counter_var_1 +,47,counter_var_0 var_1 +
4447,114 36 3 86 113,31,114 93 10 11 113,7,6,24,11,3,10,18,var_0 counter_var_1 +,30,counter_var_0 var_1 +
4448,114 59 77 69 113,8,114 13 59 30 113,1,13,7,30,8,13,31,var_0 counter_var_1 +,20,counter_var_0 var_1 +
4449,114 45 109 65 113,19,114 51 19 15 113,16,22,3,15,17,19,31,var_0 counter_var_1 +,25,counter_var_0 var_1 +
4450,114 7 37 110 113,24,114 104 66 88 113,7,17,17,26,14,20,33,var_0 counter_var_1 +,34,counter_var_0 var_1 +
4451,114 40 107 28 113,39,114 44 93 105 113,11,15,28,12,15,1,23,var_0 counter_var_1 +,43,counter_var_0 var_1 +
4452,114 82 106 56 113,49,114 26 27 101 113,24,26,25,8,14,4,32,var_0 counter_var_1 +,51,counter_var_0 var_1 +
4453,114 17 16 21 113,38,114 18 24 35 113,17,18,21,4,16,1,21,var_0 counter_var_1 +,39,counter_var_0 var_1 +
4454,114 25 64 66 113,29,114 72 48 95 113,25,14,4,2,18,2,27,var_0 counter_var_1 +,18,counter_var_0 var_1 +
4455,114 18 84 44 113,31,114 109 45 103 113,18,22,13,10,15,22,28,var_0 counter_var_1 +,35,counter_var_0 var_1 +
4456,114 85 10 11 113,38,114 71 41 34 113,27,13,11,3,10,18,30,var_0 counter_var_1 +,24,counter_var_0 var_1 +
4457,114 43 17 112 113,33,114 105 21 49 113,14,18,19,18,17,21,32,var_0 counter_var_1 +,37,counter_var_0 var_1 +
4458,114 56 79 58 113,54,114 35 52 9 113,27,6,27,9,10,6,36,var_0 counter_var_1 +,33,counter_var_0 var_1 +
4459,114 56 32 1 113,28,114 60 44 41 113,27,2,1,10,9,21,37,var_0 counter_var_1 +,3,counter_var_0 var_1 +
4460,114 62 46 87 113,29,114 38 35 37 113,4,9,25,6,0,12,10,var_0 counter_var_1 +,34,counter_var_0 var_1 +
4461,114 103 104 4 113,20,114 105 78 107 113,16,18,4,14,12,9,30,var_0 counter_var_1 +,22,counter_var_0 var_1 +
4462,114 36 79 58 113,34,114 69 20 50 113,7,11,27,19,10,20,26,var_0 counter_var_1 +,38,counter_var_0 var_1 +
4463,114 54 110 108 113,40,114 74 112 13 113,25,16,15,13,18,20,38,var_0 counter_var_1 +,31,counter_var_0 var_1 +
4464,114 11 6 64 113,13,114 94 22 12 113,11,7,2,12,6,22,23,var_0 counter_var_1 +,9,counter_var_0 var_1 +
4465,114 13 80 48 113,30,114 29 56 5 113,13,0,17,5,11,10,18,var_0 counter_var_1 +,17,counter_var_0 var_1 +
4466,114 94 108 85 113,30,114 3 2 84 113,7,3,23,22,16,2,29,var_0 counter_var_1 +,26,counter_var_0 var_1 +
4467,114 71 37 110 113,30,114 31 53 68 113,13,2,17,6,14,7,19,var_0 counter_var_1 +,19,counter_var_0 var_1 +
4468,114 99 1 0 113,12,114 57 58 2 113,12,28,0,2,1,12,14,var_0 counter_var_1 +,28,counter_var_0 var_1 +
4469,114 38 92 51 113,29,114 19 60 63 113,9,19,20,1,0,14,10,var_0 counter_var_1 +,39,counter_var_0 var_1 +
4470,114 83 50 27 113,52,114 78 67 80 113,25,20,27,18,4,21,43,var_0 counter_var_1 +,47,counter_var_0 var_1 +
4471,114 102 50 27 113,42,114 19 6 64 113,15,19,27,2,4,6,17,var_0 counter_var_1 +,46,counter_var_0 var_1 +
4472,114 72 82 90 113,42,114 13 67 80 113,14,13,28,18,13,21,32,var_0 counter_var_1 +,41,counter_var_0 var_1 +
4473,114 78 68 71 113,29,114 36 2 84 113,20,7,9,22,22,2,42,var_0 counter_var_1 +,16,counter_var_0 var_1 +
4474,114 110 66 88 113,49,114 100 61 89 113,23,13,26,27,20,15,50,var_0 counter_var_1 +,39,counter_var_0 var_1 +
4475,114 38 85 31 113,9,114 29 96 7 113,9,0,0,7,16,4,16,var_0 counter_var_1 +,0,counter_var_0 var_1 +
4476,114 106 43 40 113,28,114 20 102 45 113,19,20,9,14,20,10,33,var_0 counter_var_1 +,29,counter_var_0 var_1 +
4477,114 47 86 94 113,19,114 29 73 73 113,18,0,1,11,17,4,29,var_0 counter_var_1 +,1,counter_var_0 var_1 +
4478,114 75 40 76 113,31,114 15 41 34 113,17,15,14,3,17,18,20,var_0 counter_var_1 +,29,counter_var_0 var_1 +
4479,114 3 67 80 113,21,114 98 18 72 113,3,11,18,10,21,18,13,var_0 counter_var_1 +,29,counter_var_0 var_1 +
4480,114 98 13 18 113,29,114 63 107 28 113,11,5,18,28,13,15,39,var_0 counter_var_1 +,23,counter_var_0 var_1 +
4481,114 5 58 2 113,7,114 57 53 68 113,5,28,2,6,12,7,11,var_0 counter_var_1 +,30,counter_var_0 var_1 +
4482,114 75 48 95 113,19,114 35 25 20 113,17,6,2,20,2,2,37,var_0 counter_var_1 +,8,counter_var_0 var_1 +
4483,114 95 10 11 113,19,114 13 106 56 113,8,13,11,25,10,14,33,var_0 counter_var_1 +,24,counter_var_0 var_1 +
4484,114 101 7 22 113,36,114 3 29 17 113,14,3,22,17,7,6,31,var_0 counter_var_1 +,25,counter_var_0 var_1 +
4485,114 106 22 12 113,31,114 35 91 106 113,19,6,12,13,22,22,32,var_0 counter_var_1 +,18,counter_var_0 var_1 +
4486,114 85 94 96 113,30,114 105 73 73 113,27,18,3,11,2,4,38,var_0 counter_var_1 +,21,counter_var_0 var_1 +
4487,114 106 100 75 113,32,114 57 17 112 113,19,28,13,19,8,17,38,var_0 counter_var_1 +,41,counter_var_0 var_1 +
4488,114 9 37 110 113,26,114 46 65 67 113,9,17,17,5,14,19,14,var_0 counter_var_1 +,34,counter_var_0 var_1 +
4489,114 78 52 9 113,29,114 46 93 105 113,20,17,9,12,6,1,32,var_0 counter_var_1 +,26,counter_var_0 var_1 +
4490,114 68 111 79 113,27,114 112 32 1 113,10,25,17,1,19,9,11,var_0 counter_var_1 +,42,counter_var_0 var_1 +
4491,114 35 83 3 113,9,114 76 74 91 113,6,18,3,29,14,5,35,var_0 counter_var_1 +,21,counter_var_0 var_1 +
4492,114 56 3 86 113,51,114 62 81 52 113,27,4,24,21,3,12,48,var_0 counter_var_1 +,28,counter_var_0 var_1 +
4493,114 93 27 101 113,14,114 55 37 110 113,6,26,8,17,4,14,23,var_0 counter_var_1 +,34,counter_var_0 var_1 +
4494,114 1 24 35 113,5,114 74 72 81 113,1,16,4,19,1,3,20,var_0 counter_var_1 +,20,counter_var_0 var_1 +
4495,114 6 67 80 113,24,114 43 27 101 113,6,14,18,8,21,4,14,var_0 counter_var_1 +,32,counter_var_0 var_1 +
4496,114 65 81 52 113,28,114 88 81 52 113,7,1,21,21,12,12,28,var_0 counter_var_1 +,22,counter_var_0 var_1 +
4497,114 112 72 81 113,44,114 92 79 58 113,25,5,19,27,3,10,52,var_0 counter_var_1 +,24,counter_var_0 var_1 +
4498,114 85 53 68 113,33,114 95 38 59 113,27,8,6,28,7,15,55,var_0 counter_var_1 +,14,counter_var_0 var_1 +
4499,114 5 46 87 113,30,114 59 44 41 113,5,1,25,10,0,21,15,var_0 counter_var_1 +,26,counter_var_0 var_1 +
4500,114 97 75 8 113,18,114 9 29 17 113,10,9,8,17,6,6,27,var_0 counter_var_1 +,17,counter_var_0 var_1 +
4501,114 84 33 14 113,40,114 84 51 42 113,26,26,14,11,10,5,37,var_0 counter_var_1 +,40,counter_var_0 var_1 +
4502,114 19 47 93 113,19,114 94 29 17 113,19,7,0,17,1,6,36,var_0 counter_var_1 +,7,counter_var_0 var_1 +
4503,114 41 9 70 113,20,114 101 22 12 113,12,14,8,12,9,22,24,var_0 counter_var_1 +,22,counter_var_0 var_1 +
4504,114 107 40 76 113,34,114 85 46 87 113,20,27,14,25,17,0,45,var_0 counter_var_1 +,41,counter_var_0 var_1 +
4505,114 82 67 80 113,42,114 71 78 107 113,24,13,18,14,21,9,38,var_0 counter_var_1 +,31,counter_var_0 var_1 +
4506,114 37 88 16 113,24,114 85 66 88 113,8,27,16,26,19,20,34,var_0 counter_var_1 +,43,counter_var_0 var_1 +
4507,114 4 98 74 113,16,114 0 79 58 113,4,0,12,27,6,10,31,var_0 counter_var_1 +,12,counter_var_0 var_1 +
4508,114 15 7 22 113,37,114 3 58 2 113,15,3,22,2,7,12,17,var_0 counter_var_1 +,25,counter_var_0 var_1 +
4509,114 51 82 90 113,50,114 79 15 62 113,22,21,28,0,13,15,22,var_0 counter_var_1 +,49,counter_var_0 var_1 +
4510,114 99 41 34 113,15,114 4 51 42 113,12,4,3,11,18,5,23,var_0 counter_var_1 +,7,counter_var_0 var_1 +
4511,114 15 46 87 113,40,114 33 88 16 113,15,4,25,16,0,19,31,var_0 counter_var_1 +,29,counter_var_0 var_1 +
4512,114 33 98 74 113,16,114 51 7 22 113,4,22,12,22,6,7,26,var_0 counter_var_1 +,34,counter_var_0 var_1 +
4513,114 17 98 74 113,29,114 44 30 99 113,17,15,12,6,6,7,23,var_0 counter_var_1 +,27,counter_var_0 var_1 +
4514,114 102 58 2 113,17,114 44 99 92 113,15,15,2,30,12,7,45,var_0 counter_var_1 +,17,counter_var_0 var_1 +
4515,114 88 63 26 113,27,114 92 25 20 113,1,5,26,20,17,2,21,var_0 counter_var_1 +,31,counter_var_0 var_1 +
4516,114 77 97 23 113,42,114 23 43 40 113,19,23,23,9,5,20,28,var_0 counter_var_1 +,46,counter_var_0 var_1 +
4517,114 21 90 102 113,30,114 84 45 103 113,21,26,9,10,21,22,31,var_0 counter_var_1 +,35,counter_var_0 var_1 +
4518,114 13 33 14 113,27,114 5 0 38 113,13,5,14,7,10,0,20,var_0 counter_var_1 +,19,counter_var_0 var_1 +
4519,114 17 68 71 113,26,114 61 83 3 113,17,3,9,3,22,14,20,var_0 counter_var_1 +,12,counter_var_0 var_1 +
4520,114 9 11 6 113,15,114 50 46 87 113,9,21,6,25,11,0,34,var_0 counter_var_1 +,27,counter_var_0 var_1 +
4521,114 67 1 0 113,9,114 37 31 82 113,9,8,0,20,1,8,29,var_0 counter_var_1 +,8,counter_var_0 var_1 +
4522,114 0 29 17 113,17,114 57 62 43 113,0,28,17,12,6,16,12,var_0 counter_var_1 +,45,counter_var_0 var_1 +
4523,114 104 72 81 113,36,114 26 58 2 113,17,26,19,2,3,12,19,var_0 counter_var_1 +,45,counter_var_0 var_1 +
4524,114 86 78 107 113,42,114 79 67 80 113,28,21,14,18,9,21,46,var_0 counter_var_1 +,35,counter_var_0 var_1 +
4525,114 91 80 48 113,21,114 95 1 0 113,4,8,17,0,11,1,4,var_0 counter_var_1 +,25,counter_var_0 var_1 +
4526,114 54 89 29 113,54,114 28 51 42 113,25,28,29,11,20,5,36,var_0 counter_var_1 +,57,counter_var_0 var_1 +
4527,114 112 43 40 113,34,114 93 6 64 113,25,6,9,2,20,6,27,var_0 counter_var_1 +,15,counter_var_0 var_1 +
4528,114 73 84 44 113,28,114 38 64 66 113,15,9,13,4,15,18,19,var_0 counter_var_1 +,22,counter_var_0 var_1 +
4529,114 98 71 100 113,18,114 7 109 65 113,11,7,7,3,2,17,14,var_0 counter_var_1 +,14,counter_var_0 var_1 +
4530,114 81 79 58 113,50,114 96 26 25 113,23,9,27,25,10,3,48,var_0 counter_var_1 +,36,counter_var_0 var_1 +
4531,114 77 15 62 113,19,114 112 60 63 113,19,25,0,1,15,14,20,var_0 counter_var_1 +,25,counter_var_0 var_1 +
4532,114 56 62 43 113,39,114 8 35 37 113,27,8,12,6,16,12,33,var_0 counter_var_1 +,20,counter_var_0 var_1 +
4533,114 74 64 66 113,20,114 78 46 87 113,16,20,4,25,18,0,41,var_0 counter_var_1 +,24,counter_var_0 var_1 +
4534,114 111 46 87 113,49,114 11 83 3 113,24,11,25,3,0,14,27,var_0 counter_var_1 +,36,counter_var_0 var_1 +
4535,114 90 44 41 113,13,114 66 107 28 113,3,8,10,28,21,15,31,var_0 counter_var_1 +,18,counter_var_0 var_1 +
4536,114 72 17 112 113,33,114 73 29 17 113,14,15,19,17,17,6,31,var_0 counter_var_1 +,34,counter_var_0 var_1 +
4537,114 23 28 55 113,47,114 98 40 76 113,23,11,24,14,5,17,37,var_0 counter_var_1 +,35,counter_var_0 var_1 +
4538,114 107 100 75 113,33,114 46 25 20 113,20,17,13,20,8,2,40,var_0 counter_var_1 +,30,counter_var_0 var_1 +
4539,114 6 80 48 113,23,114 41 83 3 113,6,12,17,3,11,14,9,var_0 counter_var_1 +,29,counter_var_0 var_1 +
4540,114 71 65 67 113,18,114 70 106 56 113,13,12,5,25,19,14,38,var_0 counter_var_1 +,17,counter_var_0 var_1 +
4541,114 112 87 60 113,54,114 94 4 78 113,25,7,29,16,18,4,41,var_0 counter_var_1 +,36,counter_var_0 var_1 +
4542,114 39 41 34 113,13,114 45 76 54 113,10,16,3,23,18,7,33,var_0 counter_var_1 +,19,counter_var_0 var_1 +
4543,114 16 0 38 113,23,114 42 18 72 113,16,13,7,10,0,18,26,var_0 counter_var_1 +,20,counter_var_0 var_1 +
4544,114 45 15 62 113,16,114 10 76 54 113,16,10,0,23,15,7,39,var_0 counter_var_1 +,10,counter_var_0 var_1 +
4545,114 83 94 96 113,28,114 13 79 58 113,25,13,3,27,2,10,52,var_0 counter_var_1 +,16,counter_var_0 var_1 +
4546,114 97 39 36 113,15,114 68 43 40 113,10,10,5,9,16,20,19,var_0 counter_var_1 +,15,counter_var_0 var_1 +
4547,114 10 45 103 113,20,114 1 28 55 113,10,1,10,24,22,5,34,var_0 counter_var_1 +,11,counter_var_0 var_1 +
4548,114 19 64 66 113,23,114 94 51 42 113,19,7,4,11,18,5,30,var_0 counter_var_1 +,11,counter_var_0 var_1 +
4549,114 12 77 69 113,19,114 109 9 70 113,12,22,7,8,8,9,20,var_0 counter_var_1 +,29,counter_var_0 var_1 +
4550,114 23 77 69 113,30,114 12 52 9 113,23,12,7,9,8,6,32,var_0 counter_var_1 +,19,counter_var_0 var_1 +
4551,114 7 94 96 113,10,114 80 21 49 113,7,22,3,18,2,21,25,var_0 counter_var_1 +,25,counter_var_0 var_1 +
4552,114 9 55 10 113,19,114 95 76 54 113,9,8,10,23,9,7,32,var_0 counter_var_1 +,18,counter_var_0 var_1 +
4553,114 0 54 53 113,22,114 4 107 28 113,0,4,22,28,8,15,28,var_0 counter_var_1 +,26,counter_var_0 var_1 +
4554,114 91 69 104 113,15,114 42 46 87 113,4,13,11,25,0,0,29,var_0 counter_var_1 +,24,counter_var_0 var_1 +
4555,114 84 44 41 113,36,114 79 26 25 113,26,21,10,25,21,3,51,var_0 counter_var_1 +,31,counter_var_0 var_1 +
4556,114 40 93 105 113,23,114 24 45 103 113,11,24,12,10,1,22,21,var_0 counter_var_1 +,36,counter_var_0 var_1 +
4557,114 67 44 41 113,19,114 56 96 7 113,9,27,10,7,21,4,16,var_0 counter_var_1 +,37,counter_var_0 var_1 +
4558,114 44 86 94 113,16,114 84 82 90 113,15,26,1,28,17,13,43,var_0 counter_var_1 +,27,counter_var_0 var_1 +
4559,114 31 95 109 113,18,114 7 88 16 113,2,7,16,16,3,19,18,var_0 counter_var_1 +,23,counter_var_0 var_1 +
4560,114 25 84 44 113,38,114 6 25 20 113,25,6,13,20,15,2,45,var_0 counter_var_1 +,19,counter_var_0 var_1 +
4561,114 75 45 103 113,27,114 18 8 57 113,17,18,10,26,22,8,43,var_0 counter_var_1 +,28,counter_var_0 var_1 +
4562,114 11 17 112 113,30,114 92 14 33 113,11,5,19,2,17,14,13,var_0 counter_var_1 +,24,counter_var_0 var_1 +
4563,114 42 33 14 113,27,114 30 52 9 113,13,1,14,9,10,6,22,var_0 counter_var_1 +,15,counter_var_0 var_1 +
4564,114 8 3 86 113,32,114 72 85 31 113,8,14,24,0,3,16,8,var_0 counter_var_1 +,38,counter_var_0 var_1 +
4565,114 86 12 83 113,49,114 98 15 62 113,28,11,21,0,12,15,28,var_0 counter_var_1 +,32,counter_var_0 var_1 +
4566,114 51 87 60 113,51,114 88 107 28 113,22,1,29,28,18,15,50,var_0 counter_var_1 +,30,counter_var_0 var_1 +
4567,114 58 2 84 113,22,114 15 107 28 113,0,15,22,28,2,15,28,var_0 counter_var_1 +,37,counter_var_0 var_1 +
4568,114 21 4 78 113,37,114 92 102 45 113,21,5,16,14,4,10,35,var_0 counter_var_1 +,21,counter_var_0 var_1 +
4569,114 54 2 84 113,47,114 101 2 84 113,25,14,22,22,2,2,47,var_0 counter_var_1 +,36,counter_var_0 var_1 +
4570,114 92 106 56 113,30,114 31 75 8 113,5,2,25,8,14,6,13,var_0 counter_var_1 +,27,counter_var_0 var_1 +
4571,114 6 27 101 113,14,114 105 6 64 113,6,18,8,2,4,6,8,var_0 counter_var_1 +,26,counter_var_0 var_1 +
4572,114 9 76 54 113,32,114 55 32 1 113,9,26,23,1,7,9,10,var_0 counter_var_1 +,49,counter_var_0 var_1 +
4573,114 51 58 2 113,24,114 49 69 104 113,22,20,2,11,12,0,33,var_0 counter_var_1 +,22,counter_var_0 var_1 +
4574,114 69 102 45 113,25,114 22 108 85 113,11,22,14,23,10,16,34,var_0 counter_var_1 +,36,counter_var_0 var_1 +
4575,114 27 51 42 113,38,114 97 24 35 113,27,10,11,4,5,1,31,var_0 counter_var_1 +,21,counter_var_0 var_1 +
4576,114 94 27 101 113,15,114 83 57 97 113,7,25,8,4,4,11,11,var_0 counter_var_1 +,33,counter_var_0 var_1 +
4577,114 64 63 26 113,32,114 18 36 19 113,6,18,26,19,17,13,25,var_0 counter_var_1 +,44,counter_var_0 var_1 +
4578,114 40 77 69 113,18,114 26 69 104 113,11,26,7,11,8,0,22,var_0 counter_var_1 +,33,counter_var_0 var_1 +
4579,114 1 20 50 113,20,114 23 15 62 113,1,23,19,0,20,15,1,var_0 counter_var_1 +,42,counter_var_0 var_1 +
4580,114 71 62 43 113,25,114 63 17 112 113,13,5,12,19,16,17,32,var_0 counter_var_1 +,17,counter_var_0 var_1 +
4581,114 66 66 88 113,34,114 107 84 44 113,8,20,26,13,20,15,21,var_0 counter_var_1 +,46,counter_var_0 var_1 +
4582,114 30 74 91 113,30,114 55 82 90 113,1,26,29,28,5,13,29,var_0 counter_var_1 +,55,counter_var_0 var_1 +
4583,114 61 33 14 113,17,114 56 5 24 113,3,27,14,24,10,5,27,var_0 counter_var_1 +,41,counter_var_0 var_1 +
4584,114 72 19 15 113,29,114 38 40 76 113,14,9,15,14,19,17,28,var_0 counter_var_1 +,24,counter_var_0 var_1 +
4585,114 77 17 112 113,38,114 1 4 78 113,19,1,19,16,17,4,35,var_0 counter_var_1 +,20,counter_var_0 var_1 +
4586,114 37 83 3 113,11,114 60 89 29 113,8,2,3,29,14,20,37,var_0 counter_var_1 +,5,counter_var_0 var_1 +
4587,114 52 17 112 113,42,114 57 88 16 113,23,28,19,16,17,19,39,var_0 counter_var_1 +,47,counter_var_0 var_1 +
4588,114 17 65 67 113,22,114 15 49 32 113,17,15,5,1,19,3,18,var_0 counter_var_1 +,20,counter_var_0 var_1 +
4589,114 36 75 8 113,15,114 9 17 112 113,7,9,8,19,6,17,26,var_0 counter_var_1 +,17,counter_var_0 var_1 +
4590,114 58 44 41 113,10,114 53 56 5 113,0,24,10,5,21,10,5,var_0 counter_var_1 +,34,counter_var_0 var_1 +
4591,114 66 32 1 113,9,114 68 112 13 113,8,10,1,13,9,20,21,var_0 counter_var_1 +,11,counter_var_0 var_1 +
4592,114 29 71 100 113,7,114 77 106 56 113,0,19,7,25,2,14,25,var_0 counter_var_1 +,26,counter_var_0 var_1 +
4593,114 39 106 56 113,35,114 38 52 9 113,10,9,25,9,14,6,19,var_0 counter_var_1 +,34,counter_var_0 var_1 +
4594,114 70 56 5 113,17,114 45 95 109 113,12,16,5,16,10,3,28,var_0 counter_var_1 +,21,counter_var_0 var_1 +
4595,114 99 0 38 113,19,114 49 93 105 113,12,20,7,12,0,1,24,var_0 counter_var_1 +,27,counter_var_0 var_1 +
4596,114 67 111 79 113,26,114 69 48 95 113,9,11,17,2,19,2,11,var_0 counter_var_1 +,28,counter_var_0 var_1 +
4597,114 103 19 15 113,31,114 0 57 97 113,16,0,15,4,19,11,20,var_0 counter_var_1 +,15,counter_var_0 var_1 +
4598,114 0 15 62 113,0,114 101 47 93 113,0,14,0,0,15,1,0,var_0 counter_var_1 +,14,counter_var_0 var_1 +
4599,114 56 11 6 113,33,114 84 19 15 113,27,26,6,15,11,19,42,var_0 counter_var_1 +,32,counter_var_0 var_1 +
4600,114 44 78 107 113,29,114 37 7 22 113,15,8,14,22,9,7,37,var_0 counter_var_1 +,22,counter_var_0 var_1 +
4601,114 0 76 54 113,23,114 43 72 81 113,0,14,23,19,7,3,19,var_0 counter_var_1 +,37,counter_var_0 var_1 +
4602,114 102 105 111 113,33,114 76 13 18 113,15,18,18,18,13,13,33,var_0 counter_var_1 +,36,counter_var_0 var_1 +
4603,114 50 64 66 113,25,114 98 95 109 113,21,11,4,16,18,3,37,var_0 counter_var_1 +,15,counter_var_0 var_1 +
4604,114 81 33 14 113,37,114 105 59 30 113,23,18,14,30,10,13,53,var_0 counter_var_1 +,32,counter_var_0 var_1 +
4605,114 56 112 13 113,40,114 75 68 71 113,27,17,13,9,20,22,36,var_0 counter_var_1 +,30,counter_var_0 var_1 +
4606,114 57 6 64 113,30,114 83 15 62 113,28,25,2,0,6,15,28,var_0 counter_var_1 +,27,counter_var_0 var_1 +
4607,114 39 43 40 113,19,114 26 51 42 113,10,26,9,11,20,5,21,var_0 counter_var_1 +,35,counter_var_0 var_1 +
4608,114 80 17 112 113,41,114 103 104 4 113,22,16,19,4,17,12,26,var_0 counter_var_1 +,35,counter_var_0 var_1 +
4609,114 107 111 79 113,37,114 57 33 14 113,20,28,17,14,19,10,34,var_0 counter_var_1 +,45,counter_var_0 var_1 +
4610,114 52 109 65 113,26,114 43 73 73 113,23,14,3,11,17,4,34,var_0 counter_var_1 +,17,counter_var_0 var_1 +
4611,114 68 2 84 113,32,114 64 5 24 113,10,6,22,24,2,5,34,var_0 counter_var_1 +,28,counter_var_0 var_1 +
4612,114 79 46 87 113,46,114 106 43 40 113,21,19,25,9,0,20,30,var_0 counter_var_1 +,44,counter_var_0 var_1 +
4613,114 29 50 27 113,27,114 41 13 18 113,0,12,27,18,4,13,18,var_0 counter_var_1 +,39,counter_var_0 var_1 +
4614,114 25 102 45 113,39,114 69 51 42 113,25,11,14,11,10,5,36,var_0 counter_var_1 +,25,counter_var_0 var_1 +
4615,114 82 95 109 113,40,114 20 26 25 113,24,20,16,25,3,3,49,var_0 counter_var_1 +,36,counter_var_0 var_1 +
4616,114 81 92 51 113,43,114 34 25 20 113,23,5,20,20,0,2,43,var_0 counter_var_1 +,25,counter_var_0 var_1 +
4617,114 95 32 1 113,9,114 101 97 23 113,8,14,1,23,9,5,31,var_0 counter_var_1 +,15,counter_var_0 var_1 +
4618,114 88 41 34 113,4,114 2 101 39 113,1,2,3,8,18,9,9,var_0 counter_var_1 +,5,counter_var_0 var_1 +
4619,114 83 4 78 113,41,114 9 21 49 113,25,9,16,18,4,21,43,var_0 counter_var_1 +,25,counter_var_0 var_1 +
4620,114 40 59 30 113,41,114 10 107 28 113,11,10,30,28,13,15,39,var_0 counter_var_1 +,40,counter_var_0 var_1 +
4621,114 82 14 33 113,26,114 31 27 101 113,24,2,2,8,14,4,32,var_0 counter_var_1 +,4,counter_var_0 var_1 +
4622,114 108 98 74 113,33,114 85 39 36 113,21,27,12,5,6,16,26,var_0 counter_var_1 +,39,counter_var_0 var_1 +
4623,114 44 42 46 113,30,114 105 93 105 113,15,18,15,12,19,1,27,var_0 counter_var_1 +,33,counter_var_0 var_1 +
4624,114 111 31 82 113,44,114 1 32 1 113,24,1,20,1,8,9,25,var_0 counter_var_1 +,21,counter_var_0 var_1 +
4625,114 35 12 83 113,27,114 20 16 21 113,6,20,21,21,12,16,27,var_0 counter_var_1 +,41,counter_var_0 var_1 +
4626,114 106 83 3 113,22,114 96 13 18 113,19,9,3,18,14,13,37,var_0 counter_var_1 +,12,counter_var_0 var_1 +
4627,114 67 17 112 113,28,114 98 61 89 113,9,11,19,27,17,15,36,var_0 counter_var_1 +,30,counter_var_0 var_1 +
4628,114 51 38 59 113,50,114 6 75 8 113,22,6,28,8,15,6,30,var_0 counter_var_1 +,34,counter_var_0 var_1 +
4629,114 42 66 88 113,39,114 30 99 92 113,13,1,26,30,20,7,43,var_0 counter_var_1 +,27,counter_var_0 var_1 +
4630,114 90 54 53 113,25,114 87 45 103 113,3,0,22,10,8,22,13,var_0 counter_var_1 +,22,counter_var_0 var_1 +
4631,114 92 24 35 113,9,114 55 35 37 113,5,26,4,6,1,12,11,var_0 counter_var_1 +,30,counter_var_0 var_1 +
4632,114 72 20 50 113,33,114 85 73 73 113,14,27,19,11,20,4,25,var_0 counter_var_1 +,46,counter_var_0 var_1 +
4633,114 95 90 102 113,17,114 53 33 14 113,8,24,9,14,21,10,22,var_0 counter_var_1 +,33,counter_var_0 var_1 +
4634,114 73 79 58 113,42,114 68 109 65 113,15,10,27,3,10,17,18,var_0 counter_var_1 +,37,counter_var_0 var_1 +
4635,114 97 40 76 113,24,114 67 64 66 113,10,9,14,4,17,18,14,var_0 counter_var_1 +,23,counter_var_0 var_1 +
4636,114 111 49 32 113,25,114 100 96 7 113,24,13,1,7,3,4,31,var_0 counter_var_1 +,14,counter_var_0 var_1 +
4637,114 80 107 28 113,50,114 29 79 58 113,22,0,28,27,15,10,49,var_0 counter_var_1 +,28,counter_var_0 var_1 +
4638,114 11 68 71 113,20,114 50 96 7 113,11,21,9,7,22,4,18,var_0 counter_var_1 +,30,counter_var_0 var_1 +
4639,114 15 87 60 113,44,114 108 44 41 113,15,21,29,10,18,21,25,var_0 counter_var_1 +,50,counter_var_0 var_1 +
4640,114 87 68 71 113,9,114 95 33 14 113,0,8,9,14,22,10,14,var_0 counter_var_1 +,17,counter_var_0 var_1 +
4641,114 62 70 77 113,19,114 4 61 89 113,4,4,15,27,1,15,31,var_0 counter_var_1 +,19,counter_var_0 var_1 +
4642,114 102 84 44 113,28,114 23 97 23 113,15,23,13,23,15,5,38,var_0 counter_var_1 +,36,counter_var_0 var_1 +
4643,114 9 72 81 113,28,114 63 18 72 113,9,5,19,10,3,18,19,var_0 counter_var_1 +,24,counter_var_0 var_1 +
4644,114 14 93 105 113,26,114 9 75 8 113,14,9,12,8,1,6,22,var_0 counter_var_1 +,21,counter_var_0 var_1 +
4645,114 109 46 87 113,47,114 75 72 81 113,22,17,25,19,0,3,41,var_0 counter_var_1 +,42,counter_var_0 var_1 +
4646,114 94 8 57 113,33,114 23 94 96 113,7,23,26,3,8,2,10,var_0 counter_var_1 +,49,counter_var_0 var_1 +
4647,114 47 92 51 113,38,114 34 46 87 113,18,5,20,25,0,0,43,var_0 counter_var_1 +,25,counter_var_0 var_1 +
4648,114 46 34 47 113,33,114 73 62 43 113,17,15,16,12,11,16,29,var_0 counter_var_1 +,31,counter_var_0 var_1 +
4649,114 103 40 76 113,30,114 33 78 107 113,16,4,14,14,17,9,30,var_0 counter_var_1 +,18,counter_var_0 var_1 +
4650,114 78 36 19 113,39,114 29 78 107 113,20,0,19,14,13,9,34,var_0 counter_var_1 +,19,counter_var_0 var_1 +
4651,114 21 88 16 113,37,114 3 32 1 113,21,3,16,1,19,9,22,var_0 counter_var_1 +,19,counter_var_0 var_1 +
4652,114 18 4 78 113,34,114 20 51 42 113,18,20,16,11,4,5,29,var_0 counter_var_1 +,36,counter_var_0 var_1 +
4653,114 35 21 49 113,24,114 97 88 16 113,6,10,18,16,21,19,22,var_0 counter_var_1 +,28,counter_var_0 var_1 +
4654,114 14 25 20 113,34,114 23 68 71 113,14,23,20,9,2,22,23,var_0 counter_var_1 +,43,counter_var_0 var_1 +
4655,114 35 43 40 113,15,114 35 37 110 113,6,6,9,17,20,14,23,var_0 counter_var_1 +,15,counter_var_0 var_1 +
4656,114 101 51 42 113,25,114 26 21 49 113,14,26,11,18,5,21,32,var_0 counter_var_1 +,37,counter_var_0 var_1 +
4657,114 12 27 101 113,20,114 50 4 78 113,12,21,8,16,4,4,28,var_0 counter_var_1 +,29,counter_var_0 var_1 +
4658,114 36 25 20 113,27,114 12 82 90 113,7,12,20,28,2,13,35,var_0 counter_var_1 +,32,counter_var_0 var_1 +
4659,114 107 86 94 113,21,114 38 65 67 113,20,9,1,5,17,19,25,var_0 counter_var_1 +,10,counter_var_0 var_1 +
4660,114 22 67 80 113,40,114 84 12 83 113,22,26,18,21,21,12,43,var_0 counter_var_1 +,44,counter_var_0 var_1 +
4661,114 49 77 69 113,27,114 5 22 12 113,20,5,7,12,8,22,32,var_0 counter_var_1 +,12,counter_var_0 var_1 +
4662,114 107 83 3 113,23,114 80 104 4 113,20,22,3,4,14,12,24,var_0 counter_var_1 +,25,counter_var_0 var_1 +
4663,114 60 9 70 113,10,114 2 75 8 113,2,2,8,8,9,6,10,var_0 counter_var_1 +,10,counter_var_0 var_1 +
4664,114 91 111 79 113,21,114 12 54 53 113,4,12,17,22,19,8,26,var_0 counter_var_1 +,29,counter_var_0 var_1 +
4665,114 79 6 64 113,23,114 2 34 47 113,21,2,2,16,6,11,37,var_0 counter_var_1 +,4,counter_var_0 var_1 +
4666,114 21 18 72 113,31,114 112 87 60 113,21,25,10,29,18,18,50,var_0 counter_var_1 +,35,counter_var_0 var_1 +
4667,114 65 6 64 113,9,114 83 102 45 113,7,25,2,14,6,10,21,var_0 counter_var_1 +,27,counter_var_0 var_1 +
4668,114 32 34 47 113,19,114 24 80 48 113,3,24,16,17,11,11,20,var_0 counter_var_1 +,40,counter_var_0 var_1 +
4669,114 65 64 66 113,11,114 98 51 42 113,7,11,4,11,18,5,18,var_0 counter_var_1 +,15,counter_var_0 var_1 +
4670,114 37 21 49 113,26,114 77 111 79 113,8,19,18,17,21,19,25,var_0 counter_var_1 +,37,counter_var_0 var_1 +
4671,114 108 66 88 113,47,114 80 45 103 113,21,22,26,10,20,22,31,var_0 counter_var_1 +,48,counter_var_0 var_1 +
4672,114 78 51 42 113,31,114 96 103 61 113,20,9,11,30,5,11,50,var_0 counter_var_1 +,20,counter_var_0 var_1 +
4673,114 69 4 78 113,27,114 49 12 83 113,11,20,16,21,4,12,32,var_0 counter_var_1 +,36,counter_var_0 var_1 +
4674,114 65 63 26 113,33,114 41 110 108 113,7,12,26,15,17,18,22,var_0 counter_var_1 +,38,counter_var_0 var_1 +
4675,114 84 89 29 113,55,114 72 58 2 113,26,14,29,2,20,12,28,var_0 counter_var_1 +,43,counter_var_0 var_1 +
4676,114 112 6 64 113,27,114 48 93 105 113,25,19,2,12,6,1,37,var_0 counter_var_1 +,21,counter_var_0 var_1 +
4677,114 106 45 103 113,29,114 108 9 70 113,19,21,10,8,22,9,27,var_0 counter_var_1 +,31,counter_var_0 var_1 +
4678,114 80 85 31 113,22,114 111 41 34 113,22,24,0,3,16,18,25,var_0 counter_var_1 +,24,counter_var_0 var_1 +
4679,114 49 18 72 113,30,114 78 45 103 113,20,20,10,10,18,22,30,var_0 counter_var_1 +,30,counter_var_0 var_1 +
4680,114 74 3 86 113,40,114 22 69 104 113,16,22,24,11,3,0,27,var_0 counter_var_1 +,46,counter_var_0 var_1 +
4681,114 72 21 49 113,32,114 81 28 55 113,14,23,18,24,21,5,38,var_0 counter_var_1 +,41,counter_var_0 var_1 +
4682,114 71 4 78 113,29,114 95 27 101 113,13,8,16,8,4,4,21,var_0 counter_var_1 +,24,counter_var_0 var_1 +
4683,114 56 82 90 113,55,114 67 31 82 113,27,9,28,20,13,8,47,var_0 counter_var_1 +,37,counter_var_0 var_1 +
4684,114 58 66 88 113,26,114 66 25 20 113,0,8,26,20,20,2,20,var_0 counter_var_1 +,34,counter_var_0 var_1 +
4685,114 63 96 7 113,12,114 21 69 104 113,5,21,7,11,4,0,16,var_0 counter_var_1 +,28,counter_var_0 var_1 +
4686,114 84 38 59 113,54,114 22 87 60 113,26,22,28,29,15,18,55,var_0 counter_var_1 +,50,counter_var_0 var_1 +
4687,114 105 54 53 113,40,114 27 75 8 113,18,27,22,8,8,6,26,var_0 counter_var_1 +,49,counter_var_0 var_1 +
4688,114 108 94 96 113,24,114 66 99 92 113,21,8,3,30,2,7,51,var_0 counter_var_1 +,11,counter_var_0 var_1 +
4689,114 99 23 98 113,17,114 46 26 25 113,12,17,5,25,0,3,37,var_0 counter_var_1 +,22,counter_var_0 var_1 +
4690,114 100 68 71 113,22,114 89 69 104 113,13,2,9,11,22,0,24,var_0 counter_var_1 +,11,counter_var_0 var_1 +
4691,114 7 90 102 113,16,114 103 107 28 113,7,16,9,28,21,15,35,var_0 counter_var_1 +,25,counter_var_0 var_1 +
4692,114 100 111 79 113,30,114 108 77 69 113,13,21,17,7,19,8,20,var_0 counter_var_1 +,38,counter_var_0 var_1 +
4693,114 56 75 8 113,35,114 93 33 14 113,27,6,8,14,6,10,41,var_0 counter_var_1 +,14,counter_var_0 var_1 +
4694,114 111 69 104 113,35,114 1 30 99 113,24,1,11,6,0,7,30,var_0 counter_var_1 +,12,counter_var_0 var_1 +
4695,114 75 91 106 113,30,114 93 101 39 113,17,6,13,8,22,9,25,var_0 counter_var_1 +,19,counter_var_0 var_1 +
4696,114 0 112 13 113,13,114 42 100 75 113,0,13,13,13,20,8,13,var_0 counter_var_1 +,26,counter_var_0 var_1 +
4697,114 16 38 59 113,44,114 97 33 14 113,16,10,28,14,15,10,30,var_0 counter_var_1 +,38,counter_var_0 var_1 +
4698,114 82 99 92 113,54,114 39 5 24 113,24,10,30,24,7,5,48,var_0 counter_var_1 +,40,counter_var_0 var_1 +
4699,114 94 9 70 113,15,114 29 110 108 113,7,0,8,15,9,18,22,var_0 counter_var_1 +,8,counter_var_0 var_1 +
4700,114 19 102 45 113,33,114 49 11 6 113,19,20,14,6,10,11,25,var_0 counter_var_1 +,34,counter_var_0 var_1 +
4701,114 27 46 87 113,52,114 57 31 82 113,27,28,25,20,0,8,47,var_0 counter_var_1 +,53,counter_var_0 var_1 +
4702,114 65 54 53 113,29,114 81 49 32 113,7,23,22,1,8,3,8,var_0 counter_var_1 +,45,counter_var_0 var_1 +
4703,114 68 93 105 113,22,114 85 88 16 113,10,27,12,16,1,19,26,var_0 counter_var_1 +,39,counter_var_0 var_1 +
4704,114 23 96 7 113,30,114 18 7 22 113,23,18,7,22,4,7,45,var_0 counter_var_1 +,25,counter_var_0 var_1 +
4705,114 24 107 28 113,52,114 6 27 101 113,24,6,28,8,15,4,32,var_0 counter_var_1 +,34,counter_var_0 var_1 +
4706,114 3 100 75 113,16,114 22 82 90 113,3,22,13,28,8,13,31,var_0 counter_var_1 +,35,counter_var_0 var_1 +
4707,114 47 18 72 113,28,114 69 81 52 113,18,11,10,21,18,12,39,var_0 counter_var_1 +,21,counter_var_0 var_1 +
4708,114 31 64 66 113,6,114 8 60 63 113,2,8,4,1,18,14,3,var_0 counter_var_1 +,12,counter_var_0 var_1 +
4709,114 19 84 44 113,32,114 18 112 13 113,19,18,13,13,15,20,32,var_0 counter_var_1 +,31,counter_var_0 var_1 +
4710,114 55 8 57 113,52,114 49 10 11 113,26,20,26,11,8,10,37,var_0 counter_var_1 +,46,counter_var_0 var_1 +
4711,114 107 62 43 113,32,114 43 111 79 113,20,14,12,17,16,19,37,var_0 counter_var_1 +,26,counter_var_0 var_1 +
4712,114 102 3 86 113,39,114 3 22 12 113,15,3,24,12,3,22,27,var_0 counter_var_1 +,27,counter_var_0 var_1 +
4713,114 89 21 49 113,20,114 112 77 69 113,2,25,18,7,21,8,9,var_0 counter_var_1 +,43,counter_var_0 var_1 +
4714,114 70 10 11 113,23,114 77 66 88 113,12,19,11,26,10,20,38,var_0 counter_var_1 +,30,counter_var_0 var_1 +
4715,114 66 31 82 113,28,114 94 31 82 113,8,7,20,20,8,8,28,var_0 counter_var_1 +,27,counter_var_0 var_1 +
4716,114 91 19 15 113,19,114 63 20 50 113,4,5,15,19,19,20,23,var_0 counter_var_1 +,20,counter_var_0 var_1 +
4717,114 42 20 50 113,32,114 72 52 9 113,13,14,19,9,20,6,22,var_0 counter_var_1 +,33,counter_var_0 var_1 +
4718,114 83 79 58 113,52,114 108 31 82 113,25,21,27,20,10,8,45,var_0 counter_var_1 +,48,counter_var_0 var_1 +
4719,114 84 110 108 113,41,114 109 97 23 113,26,22,15,23,18,5,49,var_0 counter_var_1 +,37,counter_var_0 var_1 +
4720,114 68 8 57 113,36,114 41 47 93 113,10,12,26,0,8,1,10,var_0 counter_var_1 +,38,counter_var_0 var_1 +
4721,114 46 76 54 113,40,114 18 84 44 113,17,18,23,13,7,15,30,var_0 counter_var_1 +,41,counter_var_0 var_1 +
4722,114 2 1 0 113,2,114 39 69 104 113,2,10,0,11,1,0,13,var_0 counter_var_1 +,10,counter_var_0 var_1 +
4723,114 65 46 87 113,32,114 85 42 46 113,7,27,25,15,0,19,22,var_0 counter_var_1 +,52,counter_var_0 var_1 +
4724,114 24 15 62 113,24,114 68 110 108 113,24,10,0,15,15,18,39,var_0 counter_var_1 +,10,counter_var_0 var_1 +
4725,114 104 43 40 113,26,114 60 75 8 113,17,2,9,8,20,6,25,var_0 counter_var_1 +,11,counter_var_0 var_1 +
4726,114 51 34 47 113,38,114 43 78 107 113,22,14,16,14,11,9,36,var_0 counter_var_1 +,30,counter_var_0 var_1 +
4727,114 98 73 73 113,22,114 1 88 16 113,11,1,11,16,4,19,27,var_0 counter_var_1 +,12,counter_var_0 var_1 +
4728,114 85 71 100 113,34,114 42 58 2 113,27,13,7,2,2,12,29,var_0 counter_var_1 +,20,counter_var_0 var_1 +
4729,114 37 49 32 113,9,114 65 91 106 113,8,7,1,13,3,22,21,var_0 counter_var_1 +,8,counter_var_0 var_1 +
4730,114 86 37 110 113,45,114 62 68 71 113,28,4,17,9,14,22,37,var_0 counter_var_1 +,21,counter_var_0 var_1 +
4731,114 7 30 99 113,13,114 45 23 98 113,7,16,6,5,7,0,12,var_0 counter_var_1 +,22,counter_var_0 var_1 +
4732,114 86 65 67 113,33,114 67 32 1 113,28,9,5,1,19,9,29,var_0 counter_var_1 +,14,counter_var_0 var_1 +
4733,114 87 65 67 113,5,114 82 17 112 113,0,24,5,19,19,17,19,var_0 counter_var_1 +,29,counter_var_0 var_1 +
4734,114 7 42 46 113,22,114 70 90 102 113,7,12,15,9,19,21,16,var_0 counter_var_1 +,27,counter_var_0 var_1 +
4735,114 46 83 3 113,20,114 91 22 12 113,17,4,3,12,14,22,29,var_0 counter_var_1 +,7,counter_var_0 var_1 +
4736,114 17 8 57 113,43,114 28 43 40 113,17,28,26,9,8,20,26,var_0 counter_var_1 +,54,counter_var_0 var_1 +
4737,114 36 30 99 113,13,114 106 86 94 113,7,19,6,1,7,17,8,var_0 counter_var_1 +,25,counter_var_0 var_1 +
4738,114 104 53 68 113,23,114 21 81 52 113,17,21,6,21,7,12,38,var_0 counter_var_1 +,27,counter_var_0 var_1 +
4739,114 0 81 52 113,21,114 91 71 100 113,0,4,21,7,12,2,7,var_0 counter_var_1 +,25,counter_var_0 var_1 +
4740,114 104 80 48 113,34,114 54 34 47 113,17,25,17,16,11,11,33,var_0 counter_var_1 +,42,counter_var_0 var_1 +
4741,114 65 59 30 113,37,114 79 17 112 113,7,21,30,19,13,17,26,var_0 counter_var_1 +,51,counter_var_0 var_1 +
4742,114 76 30 99 113,24,114 21 42 46 113,18,21,6,15,7,19,33,var_0 counter_var_1 +,27,counter_var_0 var_1 +
4743,114 67 28 55 113,33,114 50 56 5 113,9,21,24,5,5,10,14,var_0 counter_var_1 +,45,counter_var_0 var_1 +
4744,114 81 1 0 113,23,114 29 105 111 113,23,0,0,18,1,13,41,var_0 counter_var_1 +,0,counter_var_0 var_1 +
4745,114 17 77 69 113,24,114 78 35 37 113,17,20,7,6,8,12,23,var_0 counter_var_1 +,27,counter_var_0 var_1 +
4746,114 74 96 7 113,23,114 16 11 6 113,16,16,7,6,4,11,22,var_0 counter_var_1 +,23,counter_var_0 var_1 +
4747,114 37 11 6 113,14,114 77 7 22 113,8,19,6,22,11,7,30,var_0 counter_var_1 +,25,counter_var_0 var_1 +
4748,114 62 91 106 113,17,114 86 67 80 113,4,28,13,18,22,21,22,var_0 counter_var_1 +,41,counter_var_0 var_1 +
4749,114 71 109 65 113,16,114 0 99 92 113,13,0,3,30,17,7,43,var_0 counter_var_1 +,3,counter_var_0 var_1 +
4750,114 37 77 69 113,15,114 45 22 12 113,8,16,7,12,8,22,20,var_0 counter_var_1 +,23,counter_var_0 var_1 +
4751,114 37 111 79 113,25,114 60 93 105 113,8,2,17,12,19,1,20,var_0 counter_var_1 +,19,counter_var_0 var_1 +
4752,114 26 30 99 113,32,114 38 26 25 113,26,9,6,25,7,3,51,var_0 counter_var_1 +,15,counter_var_0 var_1 +
4753,114 25 59 30 113,55,114 14 15 62 113,25,14,30,0,13,15,25,var_0 counter_var_1 +,44,counter_var_0 var_1 +
4754,114 19 6 64 113,21,114 51 103 61 113,19,22,2,30,6,11,49,var_0 counter_var_1 +,24,counter_var_0 var_1 +
4755,114 0 56 5 113,5,114 33 81 52 113,0,4,5,21,10,12,21,var_0 counter_var_1 +,9,counter_var_0 var_1 +
4756,114 25 111 79 113,42,114 102 2 84 113,25,15,17,22,19,2,47,var_0 counter_var_1 +,32,counter_var_0 var_1 +
4757,114 40 1 0 113,11,114 20 53 68 113,11,20,0,6,1,7,17,var_0 counter_var_1 +,20,counter_var_0 var_1 +
4758,114 14 78 107 113,28,114 27 14 33 113,14,27,14,2,9,14,16,var_0 counter_var_1 +,41,counter_var_0 var_1 +
4759,114 44 81 52 113,36,114 38 62 43 113,15,9,21,12,12,16,27,var_0 counter_var_1 +,30,counter_var_0 var_1 +
4760,114 107 105 111 113,38,114 107 6 64 113,20,20,18,2,13,6,22,var_0 counter_var_1 +,38,counter_var_0 var_1 +
4761,114 57 0 38 113,35,114 108 24 35 113,28,21,7,4,0,1,32,var_0 counter_var_1 +,28,counter_var_0 var_1 +
4762,114 73 8 57 113,41,114 63 96 7 113,15,5,26,7,8,4,22,var_0 counter_var_1 +,31,counter_var_0 var_1 +
4763,114 93 53 68 113,12,114 85 72 81 113,6,27,6,19,7,3,25,var_0 counter_var_1 +,33,counter_var_0 var_1 +
4764,114 57 21 49 113,46,114 27 37 110 113,28,27,18,17,21,14,45,var_0 counter_var_1 +,45,counter_var_0 var_1 +
4765,114 101 60 63 113,15,114 16 5 24 113,14,16,1,24,14,5,38,var_0 counter_var_1 +,17,counter_var_0 var_1 +
4766,114 65 33 14 113,21,114 56 24 35 113,7,27,14,4,10,1,11,var_0 counter_var_1 +,41,counter_var_0 var_1 +
4767,114 14 17 112 113,33,114 38 87 60 113,14,9,19,29,17,18,43,var_0 counter_var_1 +,28,counter_var_0 var_1 +
4768,114 95 33 14 113,22,114 96 5 24 113,8,9,14,24,10,5,32,var_0 counter_var_1 +,23,counter_var_0 var_1 +
4769,114 18 7 22 113,40,114 2 95 109 113,18,2,22,16,7,3,34,var_0 counter_var_1 +,24,counter_var_0 var_1 +
4770,114 58 80 48 113,17,114 86 63 26 113,0,28,17,26,11,17,26,var_0 counter_var_1 +,45,counter_var_0 var_1 +
4771,114 54 95 109 113,41,114 6 109 65 113,25,6,16,3,3,17,28,var_0 counter_var_1 +,22,counter_var_0 var_1 +
4772,114 82 79 58 113,51,114 37 100 75 113,24,8,27,13,10,8,37,var_0 counter_var_1 +,35,counter_var_0 var_1 +
4773,114 69 0 38 113,18,114 18 35 37 113,11,18,7,6,0,12,17,var_0 counter_var_1 +,25,counter_var_0 var_1 +
4774,114 25 0 38 113,32,114 106 54 53 113,25,19,7,22,0,8,47,var_0 counter_var_1 +,26,counter_var_0 var_1 +
4775,114 44 32 1 113,16,114 45 2 84 113,15,16,1,22,9,2,37,var_0 counter_var_1 +,17,counter_var_0 var_1 +
4776,114 55 17 112 113,45,114 11 39 36 113,26,11,19,5,17,16,31,var_0 counter_var_1 +,30,counter_var_0 var_1 +
4777,114 84 50 27 113,53,114 45 51 42 113,26,16,27,11,4,5,37,var_0 counter_var_1 +,43,counter_var_0 var_1 +
4778,114 75 9 70 113,25,114 13 112 13 113,17,13,8,13,9,20,30,var_0 counter_var_1 +,21,counter_var_0 var_1 +
4779,114 107 24 35 113,24,114 21 35 37 113,20,21,4,6,1,12,26,var_0 counter_var_1 +,25,counter_var_0 var_1 +
4780,114 57 40 76 113,42,114 109 10 11 113,28,22,14,11,17,10,39,var_0 counter_var_1 +,36,counter_var_0 var_1 +
4781,114 81 63 26 113,49,114 34 18 72 113,23,5,26,10,17,18,33,var_0 counter_var_1 +,31,counter_var_0 var_1 +
4782,114 16 32 1 113,17,114 86 59 30 113,16,28,1,30,9,13,46,var_0 counter_var_1 +,29,counter_var_0 var_1 +
4783,114 1 70 77 113,16,114 59 33 14 113,1,1,15,14,1,10,15,var_0 counter_var_1 +,16,counter_var_0 var_1 +
4784,114 34 59 30 113,35,114 63 23 98 113,5,5,30,5,13,0,10,var_0 counter_var_1 +,35,counter_var_0 var_1 +
4785,114 57 81 52 113,49,114 67 70 77 113,28,9,21,15,12,1,43,var_0 counter_var_1 +,30,counter_var_0 var_1 +
4786,114 17 20 50 113,36,114 35 102 45 113,17,6,19,14,20,10,31,var_0 counter_var_1 +,25,counter_var_0 var_1 +
4787,114 30 63 26 113,27,114 66 109 65 113,1,8,26,3,17,17,4,var_0 counter_var_1 +,34,counter_var_0 var_1 +
4788,114 90 110 108 113,18,114 95 48 95 113,3,8,15,2,18,2,5,var_0 counter_var_1 +,23,counter_var_0 var_1 +
4789,114 83 28 55 113,49,114 63 5 24 113,25,5,24,24,5,5,49,var_0 counter_var_1 +,29,counter_var_0 var_1 +
4790,114 30 105 111 113,19,114 5 88 16 113,1,5,18,16,13,19,17,var_0 counter_var_1 +,23,counter_var_0 var_1 +
4791,114 44 39 36 113,20,114 76 52 9 113,15,18,5,9,16,6,24,var_0 counter_var_1 +,23,counter_var_0 var_1 +
4792,114 27 47 93 113,27,114 20 30 99 113,27,20,0,6,1,7,33,var_0 counter_var_1 +,20,counter_var_0 var_1 +
4793,114 16 16 21 113,37,114 4 81 52 113,16,4,21,21,16,12,37,var_0 counter_var_1 +,25,counter_var_0 var_1 +
4794,114 84 93 105 113,38,114 15 24 35 113,26,15,12,4,1,1,30,var_0 counter_var_1 +,27,counter_var_0 var_1 +
4795,114 101 80 48 113,31,114 89 100 75 113,14,2,17,13,11,8,27,var_0 counter_var_1 +,19,counter_var_0 var_1 +
4796,114 49 108 85 113,43,114 20 60 63 113,20,20,23,1,16,14,21,var_0 counter_var_1 +,43,counter_var_0 var_1 +
4797,114 78 54 53 113,42,114 13 90 102 113,20,13,22,9,8,21,29,var_0 counter_var_1 +,35,counter_var_0 var_1 +
4798,114 100 49 32 113,14,114 57 24 35 113,13,28,1,4,3,1,17,var_0 counter_var_1 +,29,counter_var_0 var_1 +
4799,114 23 105 111 113,41,114 97 78 107 113,23,10,18,14,13,9,37,var_0 counter_var_1 +,28,counter_var_0 var_1 +
4800,114 2 90 102 113,11,114 49 72 81 113,2,20,9,19,21,3,21,var_0 counter_var_1 +,29,counter_var_0 var_1 +
4801,114 70 74 91 113,41,114 65 99 92 113,12,7,29,30,5,7,42,var_0 counter_var_1 +,36,counter_var_0 var_1 +
4802,114 92 27 101 113,13,114 41 78 107 113,5,12,8,14,4,9,19,var_0 counter_var_1 +,20,counter_var_0 var_1 +
4803,114 38 22 12 113,21,114 24 26 25 113,9,24,12,25,22,3,34,var_0 counter_var_1 +,36,counter_var_0 var_1 +
4804,114 71 33 14 113,27,114 20 4 78 113,13,20,14,16,10,4,29,var_0 counter_var_1 +,34,counter_var_0 var_1 +
4805,114 88 58 2 113,3,114 5 64 66 113,1,5,2,4,12,18,5,var_0 counter_var_1 +,7,counter_var_0 var_1 +
4806,114 17 5 24 113,41,114 100 52 9 113,17,13,24,9,5,6,26,var_0 counter_var_1 +,37,counter_var_0 var_1 +
4807,114 100 67 80 113,31,114 19 14 33 113,13,19,18,2,21,14,15,var_0 counter_var_1 +,37,counter_var_0 var_1 +
4808,114 98 15 62 113,11,114 64 40 76 113,11,6,0,14,15,17,25,var_0 counter_var_1 +,6,counter_var_0 var_1 +
4809,114 69 8 57 113,37,114 12 15 62 113,11,12,26,0,8,15,11,var_0 counter_var_1 +,38,counter_var_0 var_1 +
4810,114 18 88 16 113,34,114 85 5 24 113,18,27,16,24,19,5,42,var_0 counter_var_1 +,43,counter_var_0 var_1 +
4811,114 29 48 95 113,2,114 36 91 106 113,0,7,2,13,2,22,13,var_0 counter_var_1 +,9,counter_var_0 var_1 +
4812,114 91 37 110 113,21,114 99 60 63 113,4,12,17,1,14,14,5,var_0 counter_var_1 +,29,counter_var_0 var_1 +
4813,114 58 8 57 113,26,114 56 20 50 113,0,27,26,19,8,20,19,var_0 counter_var_1 +,53,counter_var_0 var_1 +
4814,114 94 43 40 113,16,114 97 36 19 113,7,10,9,19,20,13,26,var_0 counter_var_1 +,19,counter_var_0 var_1 +
4815,114 4 111 79 113,21,114 73 86 94 113,4,15,17,1,19,17,5,var_0 counter_var_1 +,32,counter_var_0 var_1 +
4816,114 39 38 59 113,38,114 100 10 11 113,10,13,28,11,15,10,21,var_0 counter_var_1 +,41,counter_var_0 var_1 +
4817,114 23 27 101 113,31,114 56 60 63 113,23,27,8,1,4,14,24,var_0 counter_var_1 +,35,counter_var_0 var_1 +
4818,114 33 101 39 113,12,114 82 40 76 113,4,24,8,14,9,17,18,var_0 counter_var_1 +,32,counter_var_0 var_1 +
4819,114 55 37 110 113,43,114 22 88 16 113,26,22,17,16,14,19,42,var_0 counter_var_1 +,39,counter_var_0 var_1 +
4820,114 1 5 24 113,25,114 22 19 15 113,1,22,24,15,5,19,16,var_0 counter_var_1 +,46,counter_var_0 var_1 +
4821,114 59 43 40 113,10,114 76 9 70 113,1,18,9,8,20,9,9,var_0 counter_var_1 +,27,counter_var_0 var_1 +
4822,114 107 98 74 113,32,114 9 68 71 113,20,9,12,9,6,22,29,var_0 counter_var_1 +,21,counter_var_0 var_1 +
4823,114 104 68 71 113,26,114 57 71 100 113,17,28,9,7,22,2,24,var_0 counter_var_1 +,37,counter_var_0 var_1 +
4824,114 85 17 112 113,46,114 93 35 37 113,27,6,19,6,17,12,33,var_0 counter_var_1 +,25,counter_var_0 var_1 +
4825,114 36 6 64 113,9,114 91 60 63 113,7,4,2,1,6,14,8,var_0 counter_var_1 +,6,counter_var_0 var_1 +
4826,114 16 11 6 113,22,114 76 12 83 113,16,18,6,21,11,12,37,var_0 counter_var_1 +,24,counter_var_0 var_1 +
4827,114 101 85 31 113,14,114 57 37 110 113,14,28,0,17,16,14,31,var_0 counter_var_1 +,28,counter_var_0 var_1 +
4828,114 80 100 75 113,35,114 4 105 111 113,22,4,13,18,8,13,40,var_0 counter_var_1 +,17,counter_var_0 var_1 +
4829,114 38 53 68 113,15,114 25 69 104 113,9,25,6,11,7,0,20,var_0 counter_var_1 +,31,counter_var_0 var_1 +
4830,114 32 23 98 113,8,114 3 40 76 113,3,3,5,14,0,17,17,var_0 counter_var_1 +,8,counter_var_0 var_1 +
4831,114 44 13 18 113,33,114 53 30 99 113,15,24,18,6,13,7,21,var_0 counter_var_1 +,42,counter_var_0 var_1 +
4832,114 43 30 99 113,20,114 55 67 80 113,14,26,6,18,7,21,32,var_0 counter_var_1 +,32,counter_var_0 var_1 +
4833,114 10 35 37 113,16,114 94 109 65 113,10,7,6,3,12,17,13,var_0 counter_var_1 +,13,counter_var_0 var_1 +
4834,114 45 5 24 113,40,114 67 76 54 113,16,9,24,23,5,7,39,var_0 counter_var_1 +,33,counter_var_0 var_1 +
4835,114 33 41 34 113,7,114 23 21 49 113,4,23,3,18,18,21,22,var_0 counter_var_1 +,26,counter_var_0 var_1 +
4836,114 76 90 102 113,27,114 88 93 105 113,18,1,9,12,21,1,30,var_0 counter_var_1 +,10,counter_var_0 var_1 +
4837,114 70 1 0 113,12,114 75 13 18 113,12,17,0,18,1,13,30,var_0 counter_var_1 +,17,counter_var_0 var_1 +
4838,114 80 94 96 113,25,114 2 74 91 113,22,2,3,29,2,5,51,var_0 counter_var_1 +,5,counter_var_0 var_1 +
4839,114 94 28 55 113,31,114 26 34 47 113,7,26,24,16,5,11,23,var_0 counter_var_1 +,50,counter_var_0 var_1 +
4840,114 53 20 50 113,43,114 46 98 74 113,24,17,19,12,20,6,36,var_0 counter_var_1 +,36,counter_var_0 var_1 +
4841,114 78 30 99 113,26,114 21 87 60 113,20,21,6,29,7,18,49,var_0 counter_var_1 +,27,counter_var_0 var_1 +
4842,114 42 46 87 113,38,114 11 105 111 113,13,11,25,18,0,13,31,var_0 counter_var_1 +,36,counter_var_0 var_1 +
4843,114 98 67 80 113,29,114 14 1 0 113,11,14,18,0,21,1,11,var_0 counter_var_1 +,32,counter_var_0 var_1 +
4844,114 95 17 112 113,27,114 17 104 4 113,8,17,19,4,17,12,12,var_0 counter_var_1 +,36,counter_var_0 var_1 +
4845,114 101 6 64 113,16,114 70 50 27 113,14,12,2,27,6,4,41,var_0 counter_var_1 +,14,counter_var_0 var_1 +
4846,114 106 40 76 113,33,114 78 68 71 113,19,20,14,9,17,22,28,var_0 counter_var_1 +,34,counter_var_0 var_1 +
4847,114 18 53 68 113,24,114 15 89 29 113,18,15,6,29,7,20,47,var_0 counter_var_1 +,21,counter_var_0 var_1 +
4848,114 48 99 92 113,49,114 34 109 65 113,19,5,30,3,7,17,22,var_0 counter_var_1 +,35,counter_var_0 var_1 +
4849,114 110 47 93 113,23,114 23 69 104 113,23,23,0,11,1,0,34,var_0 counter_var_1 +,23,counter_var_0 var_1 +
4850,114 10 30 99 113,16,114 27 93 105 113,10,27,6,12,7,1,22,var_0 counter_var_1 +,33,counter_var_0 var_1 +
4851,114 75 80 48 113,34,114 101 82 90 113,17,14,17,28,11,13,45,var_0 counter_var_1 +,31,counter_var_0 var_1 +
4852,114 74 20 50 113,35,114 93 56 5 113,16,6,19,5,20,10,21,var_0 counter_var_1 +,25,counter_var_0 var_1 +
4853,114 37 106 56 113,33,114 84 7 22 113,8,26,25,22,14,7,30,var_0 counter_var_1 +,51,counter_var_0 var_1 +
4854,114 23 63 26 113,49,114 104 111 79 113,23,17,26,17,17,19,40,var_0 counter_var_1 +,43,counter_var_0 var_1 +
4855,114 33 19 15 113,19,114 104 85 31 113,4,17,15,0,19,16,4,var_0 counter_var_1 +,32,counter_var_0 var_1 +
4856,114 48 50 27 113,46,114 48 23 98 113,19,19,27,5,4,0,24,var_0 counter_var_1 +,46,counter_var_0 var_1 +
4857,114 110 63 26 113,49,114 93 88 16 113,23,6,26,16,17,19,39,var_0 counter_var_1 +,32,counter_var_0 var_1 +
4858,114 80 6 64 113,24,114 25 58 2 113,22,25,2,2,6,12,24,var_0 counter_var_1 +,27,counter_var_0 var_1 +
4859,114 54 8 57 113,51,114 38 67 80 113,25,9,26,18,8,21,43,var_0 counter_var_1 +,35,counter_var_0 var_1 +
4860,114 28 82 90 113,56,114 86 103 61 113,28,28,28,30,13,11,58,var_0 counter_var_1 +,56,counter_var_0 var_1 +
4861,114 34 112 13 113,18,114 1 57 97 113,5,1,13,4,20,11,9,var_0 counter_var_1 +,14,counter_var_0 var_1 +
4862,114 4 61 89 113,31,114 72 15 62 113,4,14,27,0,15,15,4,var_0 counter_var_1 +,41,counter_var_0 var_1 +
4863,114 4 112 13 113,17,114 12 0 38 113,4,12,13,7,20,0,11,var_0 counter_var_1 +,25,counter_var_0 var_1 +
4864,114 49 36 19 113,39,114 95 66 88 113,20,8,19,26,13,20,46,var_0 counter_var_1 +,27,counter_var_0 var_1 +
4865,114 18 75 8 113,26,114 82 99 92 113,18,24,8,30,6,7,48,var_0 counter_var_1 +,32,counter_var_0 var_1 +
4866,114 39 67 80 113,28,114 5 34 47 113,10,5,18,16,21,11,26,var_0 counter_var_1 +,23,counter_var_0 var_1 +
4867,114 21 46 87 113,46,114 50 34 47 113,21,21,25,16,0,11,37,var_0 counter_var_1 +,46,counter_var_0 var_1 +
4868,114 26 107 28 113,54,114 48 47 93 113,26,19,28,0,15,1,26,var_0 counter_var_1 +,47,counter_var_0 var_1 +
4869,114 42 72 81 113,32,114 17 5 24 113,13,17,19,24,3,5,37,var_0 counter_var_1 +,36,counter_var_0 var_1 +
4870,114 80 43 40 113,31,114 94 99 92 113,22,7,9,30,20,7,52,var_0 counter_var_1 +,16,counter_var_0 var_1 +
4871,114 38 47 93 113,9,114 52 98 74 113,9,23,0,12,1,6,21,var_0 counter_var_1 +,23,counter_var_0 var_1 +
4872,114 93 12 83 113,27,114 109 18 72 113,6,22,21,10,12,18,16,var_0 counter_var_1 +,43,counter_var_0 var_1 +
4873,114 91 16 21 113,25,114 106 21 49 113,4,19,21,18,16,21,22,var_0 counter_var_1 +,40,counter_var_0 var_1 +
4874,114 40 42 46 113,26,114 95 3 86 113,11,8,15,24,19,3,35,var_0 counter_var_1 +,23,counter_var_0 var_1 +
4875,114 101 77 69 113,21,114 4 109 65 113,14,4,7,3,8,17,17,var_0 counter_var_1 +,11,counter_var_0 var_1 +
4876,114 16 42 46 113,31,114 66 20 50 113,16,8,15,19,19,20,35,var_0 counter_var_1 +,23,counter_var_0 var_1 +
4877,114 94 109 65 113,10,114 73 105 111 113,7,15,3,18,17,13,25,var_0 counter_var_1 +,18,counter_var_0 var_1 +
4878,114 34 11 6 113,11,114 86 110 108 113,5,28,6,15,11,18,20,var_0 counter_var_1 +,34,counter_var_0 var_1 +
4879,114 58 50 27 113,27,114 74 76 54 113,0,16,27,23,4,7,23,var_0 counter_var_1 +,43,counter_var_0 var_1 +
4880,114 44 109 65 113,18,114 91 6 64 113,15,4,3,2,17,6,17,var_0 counter_var_1 +,7,counter_var_0 var_1 +
4881,114 25 83 3 113,28,114 108 98 74 113,25,21,3,12,14,6,37,var_0 counter_var_1 +,24,counter_var_0 var_1 +
4882,114 16 1 0 113,16,114 81 23 98 113,16,23,0,5,1,0,21,var_0 counter_var_1 +,23,counter_var_0 var_1 +
4883,114 53 15 62 113,24,114 22 24 35 113,24,22,0,4,15,1,28,var_0 counter_var_1 +,22,counter_var_0 var_1 +
4884,114 85 43 40 113,36,114 103 73 73 113,27,16,9,11,20,4,38,var_0 counter_var_1 +,25,counter_var_0 var_1 +
4885,114 82 49 32 113,25,114 70 39 36 113,24,12,1,5,3,16,29,var_0 counter_var_1 +,13,counter_var_0 var_1 +
4886,114 49 89 29 113,49,114 96 18 72 113,20,9,29,10,20,18,30,var_0 counter_var_1 +,38,counter_var_0 var_1 +
4887,114 4 103 61 113,34,114 81 14 33 113,4,23,30,2,11,14,6,var_0 counter_var_1 +,53,counter_var_0 var_1 +
4888,114 14 102 45 113,28,114 108 70 77 113,14,21,14,15,10,1,29,var_0 counter_var_1 +,35,counter_var_0 var_1 +
4889,114 60 77 69 113,9,114 32 109 65 113,2,3,7,3,8,17,5,var_0 counter_var_1 +,10,counter_var_0 var_1 +
4890,114 43 23 98 113,19,114 47 25 20 113,14,18,5,20,0,2,34,var_0 counter_var_1 +,23,counter_var_0 var_1 +
4891,114 20 81 52 113,41,114 101 73 73 113,20,14,21,11,12,4,31,var_0 counter_var_1 +,35,counter_var_0 var_1 +
4892,114 55 70 77 113,41,114 40 95 109 113,26,11,15,16,1,3,42,var_0 counter_var_1 +,26,counter_var_0 var_1 +
4893,114 71 27 101 113,21,114 68 36 19 113,13,10,8,19,4,13,32,var_0 counter_var_1 +,18,counter_var_0 var_1 +
4894,114 28 17 112 113,47,114 4 49 32 113,28,4,19,1,17,3,29,var_0 counter_var_1 +,23,counter_var_0 var_1 +
4895,114 15 53 68 113,21,114 0 50 27 113,15,0,6,27,7,4,42,var_0 counter_var_1 +,6,counter_var_0 var_1 +
4896,114 42 104 4 113,17,114 0 69 104 113,13,0,4,11,12,0,24,var_0 counter_var_1 +,4,counter_var_0 var_1 +
4897,114 83 0 38 113,32,114 81 44 41 113,25,23,7,10,0,21,35,var_0 counter_var_1 +,30,counter_var_0 var_1 +
4898,114 104 6 64 113,19,114 80 95 109 113,17,22,2,16,6,3,33,var_0 counter_var_1 +,24,counter_var_0 var_1 +
4899,114 95 70 77 113,23,114 78 3 86 113,8,20,15,24,1,3,32,var_0 counter_var_1 +,35,counter_var_0 var_1 +
4900,114 23 40 76 113,37,114 77 71 100 113,23,19,14,7,17,2,30,var_0 counter_var_1 +,33,counter_var_0 var_1 +
4901,114 10 108 85 113,33,114 69 2 84 113,10,11,23,22,16,2,32,var_0 counter_var_1 +,34,counter_var_0 var_1 +
4902,114 17 102 45 113,31,114 10 89 29 113,17,10,14,29,10,20,46,var_0 counter_var_1 +,24,counter_var_0 var_1 +
4903,114 59 63 26 113,27,114 39 4 78 113,1,10,26,16,17,4,17,var_0 counter_var_1 +,36,counter_var_0 var_1 +
4904,114 108 81 52 113,42,114 98 17 112 113,21,11,21,19,12,17,40,var_0 counter_var_1 +,32,counter_var_0 var_1 +
4905,114 94 82 90 113,35,114 94 49 32 113,7,7,28,1,13,3,8,var_0 counter_var_1 +,35,counter_var_0 var_1 +
4906,114 59 32 1 113,2,114 17 10 11 113,1,17,1,11,9,10,12,var_0 counter_var_1 +,18,counter_var_0 var_1 +
4907,114 69 46 87 113,36,114 94 92 51 113,11,7,25,20,0,0,31,var_0 counter_var_1 +,32,counter_var_0 var_1 +
4908,114 9 82 90 113,37,114 6 33 14 113,9,6,28,14,13,10,23,var_0 counter_var_1 +,34,counter_var_0 var_1 +
4909,114 64 81 52 113,27,114 41 34 47 113,6,12,21,16,12,11,22,var_0 counter_var_1 +,33,counter_var_0 var_1 +
4910,114 48 71 100 113,26,114 91 67 80 113,19,4,7,18,2,21,37,var_0 counter_var_1 +,11,counter_var_0 var_1 +
4911,114 82 98 74 113,36,114 73 70 77 113,24,15,12,15,6,1,39,var_0 counter_var_1 +,27,counter_var_0 var_1 +
4912,114 66 67 80 113,26,114 20 24 35 113,8,20,18,4,21,1,12,var_0 counter_var_1 +,38,counter_var_0 var_1 +
4913,114 14 70 77 113,29,114 58 105 111 113,14,0,15,18,1,13,32,var_0 counter_var_1 +,15,counter_var_0 var_1 +
4914,114 95 76 54 113,31,114 56 110 108 113,8,27,23,15,7,18,23,var_0 counter_var_1 +,50,counter_var_0 var_1 +
4915,114 36 72 81 113,26,114 41 95 109 113,7,12,19,16,3,3,23,var_0 counter_var_1 +,31,counter_var_0 var_1 +
4916,114 92 93 105 113,17,114 34 63 26 113,5,5,12,26,1,17,31,var_0 counter_var_1 +,17,counter_var_0 var_1 +
4917,114 64 67 80 113,24,114 44 91 106 113,6,15,18,13,21,22,19,var_0 counter_var_1 +,33,counter_var_0 var_1 +
4918,114 24 45 103 113,34,114 73 21 49 113,24,15,10,18,22,21,42,var_0 counter_var_1 +,25,counter_var_0 var_1 +
4919,114 96 15 62 113,9,114 3 107 28 113,9,3,0,28,15,15,37,var_0 counter_var_1 +,3,counter_var_0 var_1 +
4920,114 16 112 13 113,29,114 32 9 70 113,16,3,13,8,20,9,24,var_0 counter_var_1 +,16,counter_var_0 var_1 +
4921,114 108 74 91 113,50,114 31 22 12 113,21,2,29,12,5,22,33,var_0 counter_var_1 +,31,counter_var_0 var_1 +
4922,114 96 35 37 113,15,114 107 83 3 113,9,20,6,3,12,14,12,var_0 counter_var_1 +,26,counter_var_0 var_1 +
4923,114 62 30 99 113,10,114 18 108 85 113,4,18,6,23,7,16,27,var_0 counter_var_1 +,24,counter_var_0 var_1 +
4924,114 20 32 1 113,21,114 74 28 55 113,20,16,1,24,9,5,44,var_0 counter_var_1 +,17,counter_var_0 var_1 +
4925,114 26 27 101 113,34,114 10 11 6 113,26,10,8,6,4,11,32,var_0 counter_var_1 +,18,counter_var_0 var_1 +
4926,114 47 36 19 113,37,114 60 1 0 113,18,2,19,0,13,1,18,var_0 counter_var_1 +,21,counter_var_0 var_1 +
4927,114 66 6 64 113,10,114 111 87 60 113,8,24,2,29,6,18,37,var_0 counter_var_1 +,26,counter_var_0 var_1 +
4928,114 26 86 94 113,27,114 83 79 58 113,26,25,1,27,17,10,53,var_0 counter_var_1 +,26,counter_var_0 var_1 +
4929,114 42 68 71 113,22,114 4 111 79 113,13,4,9,17,22,19,30,var_0 counter_var_1 +,13,counter_var_0 var_1 +
4930,114 90 38 59 113,31,114 3 18 72 113,3,3,28,10,15,18,13,var_0 counter_var_1 +,31,counter_var_0 var_1 +
4931,114 106 74 91 113,48,114 85 63 26 113,19,27,29,26,5,17,45,var_0 counter_var_1 +,56,counter_var_0 var_1 +
4932,114 5 27 101 113,13,114 66 42 46 113,5,8,8,15,4,19,20,var_0 counter_var_1 +,16,counter_var_0 var_1 +
4933,114 68 49 32 113,11,114 15 46 87 113,10,15,1,25,3,0,35,var_0 counter_var_1 +,16,counter_var_0 var_1 +
4934,114 58 19 15 113,15,114 38 99 92 113,0,9,15,30,19,7,30,var_0 counter_var_1 +,24,counter_var_0 var_1 +
4935,114 105 15 62 113,18,114 51 64 66 113,18,22,0,4,15,18,22,var_0 counter_var_1 +,22,counter_var_0 var_1 +
4936,114 53 102 45 113,38,114 6 80 48 113,24,6,14,17,10,11,41,var_0 counter_var_1 +,20,counter_var_0 var_1 +
4937,114 20 4 78 113,36,114 76 82 90 113,20,18,16,28,4,13,48,var_0 counter_var_1 +,34,counter_var_0 var_1 +
4938,114 77 42 46 113,34,114 110 95 109 113,19,23,15,16,19,3,35,var_0 counter_var_1 +,38,counter_var_0 var_1 +
4939,114 4 22 12 113,16,114 80 85 31 113,4,22,12,0,22,16,4,var_0 counter_var_1 +,34,counter_var_0 var_1 +
4940,114 6 103 61 113,36,114 39 46 87 113,6,10,30,25,11,0,31,var_0 counter_var_1 +,40,counter_var_0 var_1 +
4941,114 53 79 58 113,51,114 8 51 42 113,24,8,27,11,10,5,35,var_0 counter_var_1 +,35,counter_var_0 var_1 +
4942,114 27 29 17 113,44,114 47 2 84 113,27,18,17,22,6,2,49,var_0 counter_var_1 +,35,counter_var_0 var_1 +
4943,114 25 7 22 113,47,114 23 64 66 113,25,23,22,4,7,18,29,var_0 counter_var_1 +,45,counter_var_0 var_1 +
4944,114 85 82 90 113,55,114 107 98 74 113,27,20,28,12,13,6,39,var_0 counter_var_1 +,48,counter_var_0 var_1 +
4945,114 12 6 64 113,14,114 62 6 64 113,12,4,2,2,6,6,14,var_0 counter_var_1 +,6,counter_var_0 var_1 +
4946,114 104 29 17 113,34,114 51 101 39 113,17,22,17,8,6,9,25,var_0 counter_var_1 +,39,counter_var_0 var_1 +
4947,114 50 58 2 113,23,114 12 30 99 113,21,12,2,6,12,7,27,var_0 counter_var_1 +,14,counter_var_0 var_1 +
4948,114 42 52 9 113,22,114 66 43 40 113,13,8,9,9,6,20,22,var_0 counter_var_1 +,17,counter_var_0 var_1 +
4949,114 38 64 66 113,13,114 9 79 58 113,9,9,4,27,18,10,36,var_0 counter_var_1 +,13,counter_var_0 var_1 +
4950,114 91 63 26 113,30,114 75 43 40 113,4,17,26,9,17,20,13,var_0 counter_var_1 +,43,counter_var_0 var_1 +
4951,114 75 100 75 113,30,114 31 83 3 113,17,2,13,3,8,14,20,var_0 counter_var_1 +,15,counter_var_0 var_1 +
4952,114 38 28 55 113,33,114 29 100 75 113,9,0,24,13,5,8,22,var_0 counter_var_1 +,24,counter_var_0 var_1 +
4953,114 93 37 110 113,23,114 41 94 96 113,6,12,17,3,14,2,9,var_0 counter_var_1 +,29,counter_var_0 var_1 +
4954,114 104 51 42 113,28,114 76 79 58 113,17,18,11,27,5,10,44,var_0 counter_var_1 +,29,counter_var_0 var_1 +
4955,114 0 37 110 113,17,114 111 70 77 113,0,24,17,15,14,1,15,var_0 counter_var_1 +,41,counter_var_0 var_1 +
4956,114 54 112 13 113,38,114 64 59 30 113,25,6,13,30,20,13,55,var_0 counter_var_1 +,19,counter_var_0 var_1 +
4957,114 57 34 47 113,44,114 75 103 61 113,28,17,16,30,11,11,58,var_0 counter_var_1 +,33,counter_var_0 var_1 +
4958,114 28 79 58 113,55,114 93 60 63 113,28,6,27,1,10,14,29,var_0 counter_var_1 +,33,counter_var_0 var_1 +
4959,114 24 10 11 113,35,114 40 24 35 113,24,11,11,4,10,1,28,var_0 counter_var_1 +,22,counter_var_0 var_1 +
4960,114 18 85 31 113,18,114 107 104 4 113,18,20,0,4,16,12,22,var_0 counter_var_1 +,20,counter_var_0 var_1 +
4961,114 47 33 14 113,32,114 58 32 1 113,18,0,14,1,10,9,19,var_0 counter_var_1 +,14,counter_var_0 var_1 +
4962,114 42 58 2 113,15,114 41 63 26 113,13,12,2,26,12,17,39,var_0 counter_var_1 +,14,counter_var_0 var_1 +
4963,114 23 20 50 113,42,114 32 26 25 113,23,3,19,25,20,3,48,var_0 counter_var_1 +,22,counter_var_0 var_1 +
4964,114 12 15 62 113,12,114 35 85 31 113,12,6,0,0,15,16,12,var_0 counter_var_1 +,6,counter_var_0 var_1 +
4965,114 112 100 75 113,38,114 104 30 99 113,25,17,13,6,8,7,31,var_0 counter_var_1 +,30,counter_var_0 var_1 +
4966,114 25 66 88 113,51,114 50 2 84 113,25,21,26,22,20,2,47,var_0 counter_var_1 +,47,counter_var_0 var_1 +
4967,114 82 102 45 113,38,114 105 74 91 113,24,18,14,29,10,5,53,var_0 counter_var_1 +,32,counter_var_0 var_1 +
4968,114 43 55 10 113,24,114 57 13 18 113,14,28,10,18,9,13,32,var_0 counter_var_1 +,38,counter_var_0 var_1 +
4969,114 64 31 82 113,26,114 91 23 98 113,6,4,20,5,8,0,11,var_0 counter_var_1 +,24,counter_var_0 var_1 +
4970,114 95 42 46 113,23,114 2 88 16 113,8,2,15,16,19,19,24,var_0 counter_var_1 +,17,counter_var_0 var_1 +
4971,114 90 92 51 113,23,114 71 23 98 113,3,13,20,5,0,0,8,var_0 counter_var_1 +,33,counter_var_0 var_1 +
4972,114 70 87 60 113,41,114 53 79 58 113,12,24,29,27,18,10,39,var_0 counter_var_1 +,53,counter_var_0 var_1 +
4973,114 94 15 62 113,7,114 37 3 86 113,7,8,0,24,15,3,31,var_0 counter_var_1 +,8,counter_var_0 var_1 +
4974,114 48 92 51 113,39,114 30 10 11 113,19,1,20,11,0,10,30,var_0 counter_var_1 +,21,counter_var_0 var_1 +
4975,114 58 65 67 113,5,114 103 93 105 113,0,16,5,12,19,1,12,var_0 counter_var_1 +,21,counter_var_0 var_1 +
4976,114 22 57 97 113,26,114 51 23 98 113,22,22,4,5,11,0,27,var_0 counter_var_1 +,26,counter_var_0 var_1 +
4977,114 30 101 39 113,9,114 49 107 28 113,1,20,8,28,9,15,29,var_0 counter_var_1 +,28,counter_var_0 var_1 +
4978,114 72 52 9 113,23,114 36 73 73 113,14,7,9,11,6,4,25,var_0 counter_var_1 +,16,counter_var_0 var_1 +
4979,114 80 103 61 113,52,114 43 100 75 113,22,14,30,13,11,8,35,var_0 counter_var_1 +,44,counter_var_0 var_1 +
4980,114 52 32 1 113,24,114 23 20 50 113,23,23,1,19,9,20,42,var_0 counter_var_1 +,24,counter_var_0 var_1 +
4981,114 18 31 82 113,38,114 84 98 74 113,18,26,20,12,8,6,30,var_0 counter_var_1 +,46,counter_var_0 var_1 +
4982,114 91 77 69 113,11,114 31 60 63 113,4,2,7,1,8,14,5,var_0 counter_var_1 +,9,counter_var_0 var_1 +
4983,114 74 67 80 113,34,114 44 107 28 113,16,15,18,28,21,15,44,var_0 counter_var_1 +,33,counter_var_0 var_1 +
4984,114 31 8 57 113,28,114 30 42 46 113,2,1,26,15,8,19,17,var_0 counter_var_1 +,27,counter_var_0 var_1 +
4985,114 27 27 101 113,35,114 35 41 34 113,27,6,8,3,4,18,30,var_0 counter_var_1 +,14,counter_var_0 var_1 +
4986,114 111 66 88 113,50,114 1 101 39 113,24,1,26,8,20,9,32,var_0 counter_var_1 +,27,counter_var_0 var_1 +
4987,114 105 39 36 113,23,114 60 37 110 113,18,2,5,17,16,14,35,var_0 counter_var_1 +,7,counter_var_0 var_1 +
4988,114 1 29 17 113,18,114 40 101 39 113,1,11,17,8,6,9,9,var_0 counter_var_1 +,28,counter_var_0 var_1 +
4989,114 82 43 40 113,33,114 79 76 54 113,24,21,9,23,20,7,47,var_0 counter_var_1 +,30,counter_var_0 var_1 +
4990,114 33 2 84 113,26,114 11 59 30 113,4,11,22,30,2,13,34,var_0 counter_var_1 +,33,counter_var_0 var_1 +
4991,114 93 96 7 113,13,114 42 22 12 113,6,13,7,12,4,22,18,var_0 counter_var_1 +,20,counter_var_0 var_1 +
4992,114 32 56 5 113,8,114 43 38 59 113,3,14,5,28,10,15,31,var_0 counter_var_1 +,19,counter_var_0 var_1 +
4993,114 56 46 87 113,52,114 65 55 10 113,27,7,25,10,0,9,37,var_0 counter_var_1 +,32,counter_var_0 var_1 +
4994,114 31 75 8 113,10,114 59 82 90 113,2,1,8,28,6,13,30,var_0 counter_var_1 +,9,counter_var_0 var_1 +
4995,114 48 28 55 113,43,114 78 95 109 113,19,20,24,16,5,3,35,var_0 counter_var_1 +,44,counter_var_0 var_1 +
4996,114 88 38 59 113,29,114 45 78 107 113,1,16,28,14,15,9,15,var_0 counter_var_1 +,44,counter_var_0 var_1 +
4997,114 75 101 39 113,25,114 70 0 38 113,17,12,8,7,9,0,24,var_0 counter_var_1 +,20,counter_var_0 var_1 +
4998,114 40 36 19 113,30,114 91 40 76 113,11,4,19,14,13,17,25,var_0 counter_var_1 +,23,counter_var_0 var_1 +
4999,114 47 78 107 113,32,114 31 21 49 113,18,2,14,18,9,21,36,var_0 counter_var_1 +,16,counter_var_0 var_1 +
5000,114 88 30 99 113,7,114 91 77 69 113,1,4,6,7,7,8,8,var_0 counter_var_1 +,10,counter_var_0 var_1 +
5001,114 56 76 54 113,50,114 74 54 53 113,27,16,23,22,7,8,49,var_0 counter_var_1 +,39,counter_var_0 var_1 +
5002,114 81 42 46 113,38,114 20 70 77 113,23,20,15,15,19,1,38,var_0 counter_var_1 +,35,counter_var_0 var_1 +
5003,114 43 45 103 113,24,114 46 82 90 113,14,17,10,28,22,13,42,var_0 counter_var_1 +,27,counter_var_0 var_1 +
5004,114 9 19 15 113,24,114 11 55 10 113,9,11,15,10,19,9,19,var_0 counter_var_1 +,26,counter_var_0 var_1 +
5005,114 27 79 58 113,54,114 100 35 37 113,27,13,27,6,10,12,33,var_0 counter_var_1 +,40,counter_var_0 var_1 +
5006,114 110 10 11 113,34,114 64 38 59 113,23,6,11,28,10,15,51,var_0 counter_var_1 +,17,counter_var_0 var_1 +
5007,114 15 4 78 113,31,114 3 52 9 113,15,3,16,9,4,6,24,var_0 counter_var_1 +,19,counter_var_0 var_1 +
5008,114 109 23 98 113,27,114 99 6 64 113,22,12,5,2,0,6,24,var_0 counter_var_1 +,17,counter_var_0 var_1 +
5009,114 92 1 0 113,5,114 4 21 49 113,5,4,0,18,1,21,23,var_0 counter_var_1 +,4,counter_var_0 var_1 +
5010,114 69 42 46 113,26,114 89 84 44 113,11,2,15,13,19,15,24,var_0 counter_var_1 +,17,counter_var_0 var_1 +
5011,114 0 70 77 113,15,114 65 58 2 113,0,7,15,2,1,12,2,var_0 counter_var_1 +,22,counter_var_0 var_1 +
5012,114 32 40 76 113,17,114 67 10 11 113,3,9,14,11,17,10,14,var_0 counter_var_1 +,23,counter_var_0 var_1 +
5013,114 101 68 71 113,23,114 51 104 4 113,14,22,9,4,22,12,18,var_0 counter_var_1 +,31,counter_var_0 var_1 +
5014,114 33 109 65 113,7,114 5 53 68 113,4,5,3,6,17,7,10,var_0 counter_var_1 +,8,counter_var_0 var_1 +
5015,114 22 38 59 113,50,114 99 89 29 113,22,12,28,29,15,20,51,var_0 counter_var_1 +,40,counter_var_0 var_1 +
5016,114 14 85 31 113,14,114 47 44 41 113,14,18,0,10,16,21,24,var_0 counter_var_1 +,18,counter_var_0 var_1 +
5017,114 96 109 65 113,12,114 59 71 100 113,9,1,3,7,17,2,16,var_0 counter_var_1 +,4,counter_var_0 var_1 +
5018,114 24 85 31 113,24,114 81 9 70 113,24,23,0,8,16,9,32,var_0 counter_var_1 +,23,counter_var_0 var_1 +
5019,114 41 54 53 113,34,114 12 47 93 113,12,12,22,0,8,1,12,var_0 counter_var_1 +,34,counter_var_0 var_1 +
5020,114 8 41 34 113,11,114 50 73 73 113,8,21,3,11,18,4,19,var_0 counter_var_1 +,24,counter_var_0 var_1 +
5021,114 34 5 24 113,29,114 27 52 9 113,5,27,24,9,5,6,14,var_0 counter_var_1 +,51,counter_var_0 var_1 +
5022,114 16 31 82 113,36,114 25 39 36 113,16,25,20,5,8,16,21,var_0 counter_var_1 +,45,counter_var_0 var_1 +
5023,114 47 73 73 113,29,114 92 101 39 113,18,5,11,8,4,9,26,var_0 counter_var_1 +,16,counter_var_0 var_1 +
5024,114 30 56 5 113,6,114 101 17 112 113,1,14,5,19,10,17,20,var_0 counter_var_1 +,19,counter_var_0 var_1 +
5025,114 86 9 70 113,36,114 110 72 81 113,28,23,8,19,9,3,47,var_0 counter_var_1 +,31,counter_var_0 var_1 +
5026,114 91 100 75 113,17,114 28 26 25 113,4,28,13,25,8,3,29,var_0 counter_var_1 +,41,counter_var_0 var_1 +
5027,114 107 11 6 113,26,114 6 14 33 113,20,6,6,2,11,14,22,var_0 counter_var_1 +,12,counter_var_0 var_1 +
5028,114 94 58 2 113,9,114 26 4 78 113,7,26,2,16,12,4,23,var_0 counter_var_1 +,28,counter_var_0 var_1 +
5029,114 63 103 61 113,35,114 2 53 68 113,5,2,30,6,11,7,11,var_0 counter_var_1 +,32,counter_var_0 var_1 +
5030,114 25 58 2 113,27,114 28 60 63 113,25,28,2,1,12,14,26,var_0 counter_var_1 +,30,counter_var_0 var_1 +
5031,114 99 20 50 113,31,114 15 3 86 113,12,15,19,24,20,3,36,var_0 counter_var_1 +,34,counter_var_0 var_1 +
5032,114 11 96 7 113,18,114 102 55 10 113,11,15,7,10,4,9,21,var_0 counter_var_1 +,22,counter_var_0 var_1 +
5033,114 10 100 75 113,23,114 60 107 28 113,10,2,13,28,8,15,38,var_0 counter_var_1 +,15,counter_var_0 var_1 +
5034,114 99 109 65 113,15,114 50 79 58 113,12,21,3,27,17,10,39,var_0 counter_var_1 +,24,counter_var_0 var_1 +
5035,114 45 104 4 113,20,114 73 33 14 113,16,15,4,14,12,10,30,var_0 counter_var_1 +,19,counter_var_0 var_1 +
5036,114 98 18 72 113,21,114 97 64 66 113,11,10,10,4,18,18,15,var_0 counter_var_1 +,20,counter_var_0 var_1 +
5037,114 18 81 52 113,39,114 42 102 45 113,18,13,21,14,12,10,32,var_0 counter_var_1 +,34,counter_var_0 var_1 +
5038,114 43 57 97 113,18,114 28 48 95 113,14,28,4,2,11,2,16,var_0 counter_var_1 +,32,counter_var_0 var_1 +
5039,114 77 88 16 113,35,114 95 60 63 113,19,8,16,1,19,14,20,var_0 counter_var_1 +,24,counter_var_0 var_1 +
5040,114 58 11 6 113,6,114 95 59 30 113,0,8,6,30,11,13,30,var_0 counter_var_1 +,14,counter_var_0 var_1 +
5041,114 16 75 8 113,24,114 83 112 13 113,16,25,8,13,6,20,29,var_0 counter_var_1 +,33,counter_var_0 var_1 +
5042,114 23 29 17 113,40,114 64 83 3 113,23,6,17,3,6,14,26,var_0 counter_var_1 +,23,counter_var_0 var_1 +
5043,114 94 61 89 113,34,114 30 38 59 113,7,1,27,28,15,15,35,var_0 counter_var_1 +,28,counter_var_0 var_1 +
5044,114 74 106 56 113,41,114 98 23 98 113,16,11,25,5,14,0,21,var_0 counter_var_1 +,36,counter_var_0 var_1 +
5045,114 9 81 52 113,30,114 93 31 82 113,9,6,21,20,12,8,29,var_0 counter_var_1 +,27,counter_var_0 var_1 +
5046,114 80 21 49 113,40,114 103 78 107 113,22,16,18,14,21,9,36,var_0 counter_var_1 +,34,counter_var_0 var_1 +
5047,114 14 83 3 113,17,114 16 14 33 113,14,16,3,2,14,14,16,var_0 counter_var_1 +,19,counter_var_0 var_1 +
5048,114 24 111 79 113,41,114 74 63 26 113,24,16,17,26,19,17,50,var_0 counter_var_1 +,33,counter_var_0 var_1 +
5049,114 40 91 106 113,24,114 46 77 69 113,11,17,13,7,22,8,18,var_0 counter_var_1 +,30,counter_var_0 var_1 +
5050,114 54 109 65 113,28,114 54 19 15 113,25,25,3,15,17,19,40,var_0 counter_var_1 +,28,counter_var_0 var_1 +
5051,114 51 72 81 113,41,114 61 56 5 113,22,3,19,5,3,10,27,var_0 counter_var_1 +,22,counter_var_0 var_1 +
5052,114 22 34 47 113,38,114 13 95 109 113,22,13,16,16,11,3,38,var_0 counter_var_1 +,29,counter_var_0 var_1 +
5053,114 80 75 8 113,30,114 102 99 92 113,22,15,8,30,6,7,52,var_0 counter_var_1 +,23,counter_var_0 var_1 +
5054,114 60 107 28 113,30,114 29 91 106 113,2,0,28,13,15,22,15,var_0 counter_var_1 +,28,counter_var_0 var_1 +
5055,114 45 60 63 113,17,114 6 63 26 113,16,6,1,26,14,17,42,var_0 counter_var_1 +,7,counter_var_0 var_1 +
5056,114 94 66 88 113,33,114 30 92 51 113,7,1,26,20,20,0,27,var_0 counter_var_1 +,27,counter_var_0 var_1 +
5057,114 101 99 92 113,44,114 1 34 47 113,14,1,30,16,7,11,30,var_0 counter_var_1 +,31,counter_var_0 var_1 +
5058,114 6 92 51 113,26,114 47 30 99 113,6,18,20,6,0,7,12,var_0 counter_var_1 +,38,counter_var_0 var_1 +
5059,114 9 38 59 113,37,114 60 15 62 113,9,2,28,0,15,15,9,var_0 counter_var_1 +,30,counter_var_0 var_1 +
5060,114 45 100 75 113,29,114 87 110 108 113,16,0,13,15,8,18,31,var_0 counter_var_1 +,13,counter_var_0 var_1 +
5061,114 70 80 48 113,29,114 24 110 108 113,12,24,17,15,11,18,27,var_0 counter_var_1 +,41,counter_var_0 var_1 +
5062,114 62 29 17 113,21,114 43 15 62 113,4,14,17,0,6,15,4,var_0 counter_var_1 +,31,counter_var_0 var_1 +
5063,114 66 36 19 113,27,114 62 28 55 113,8,4,19,24,13,5,32,var_0 counter_var_1 +,23,counter_var_0 var_1 +
5064,114 59 81 52 113,22,114 82 109 65 113,1,24,21,3,12,17,4,var_0 counter_var_1 +,45,counter_var_0 var_1 +
5065,114 16 97 23 113,39,114 64 44 41 113,16,6,23,10,5,21,26,var_0 counter_var_1 +,29,counter_var_0 var_1 +
5066,114 66 7 22 113,30,114 83 84 44 113,8,25,22,13,7,15,21,var_0 counter_var_1 +,47,counter_var_0 var_1 +
5067,114 42 49 32 113,14,114 3 43 40 113,13,3,1,9,3,20,22,var_0 counter_var_1 +,4,counter_var_0 var_1 +
5068,114 5 66 88 113,31,114 15 22 12 113,5,15,26,12,20,22,17,var_0 counter_var_1 +,41,counter_var_0 var_1 +
5069,114 53 41 34 113,27,114 15 57 97 113,24,15,3,4,18,11,28,var_0 counter_var_1 +,18,counter_var_0 var_1 +
5070,114 11 43 40 113,20,114 49 41 34 113,11,20,9,3,20,18,14,var_0 counter_var_1 +,29,counter_var_0 var_1 +
5071,114 82 90 102 113,33,114 44 76 54 113,24,15,9,23,21,7,47,var_0 counter_var_1 +,24,counter_var_0 var_1 +
5072,114 57 82 90 113,56,114 18 110 108 113,28,18,28,15,13,18,43,var_0 counter_var_1 +,46,counter_var_0 var_1 +
5073,114 54 87 60 113,54,114 34 94 96 113,25,5,29,3,18,2,28,var_0 counter_var_1 +,34,counter_var_0 var_1 +
5074,114 63 49 32 113,6,114 102 49 32 113,5,15,1,1,3,3,6,var_0 counter_var_1 +,16,counter_var_0 var_1 +
5075,114 6 108 85 113,29,114 45 54 53 113,6,16,23,22,16,8,28,var_0 counter_var_1 +,39,counter_var_0 var_1 +
5076,114 109 24 35 113,26,114 23 5 24 113,22,23,4,24,1,5,46,var_0 counter_var_1 +,27,counter_var_0 var_1 +
5077,114 3 18 72 113,13,114 77 92 51 113,3,19,10,20,18,0,23,var_0 counter_var_1 +,29,counter_var_0 var_1 +
5078,114 99 70 77 113,27,114 38 71 100 113,12,9,15,7,1,2,19,var_0 counter_var_1 +,24,counter_var_0 var_1 +
5079,114 25 39 36 113,30,114 95 21 49 113,25,8,5,18,16,21,43,var_0 counter_var_1 +,13,counter_var_0 var_1 +
5080,114 10 0 38 113,17,114 64 74 91 113,10,6,7,29,0,5,39,var_0 counter_var_1 +,13,counter_var_0 var_1 +
5081,114 47 91 106 113,31,114 24 32 1 113,18,24,13,1,22,9,19,var_0 counter_var_1 +,37,counter_var_0 var_1 +
5082,114 1 89 29 113,30,114 15 33 14 113,1,15,29,14,20,10,15,var_0 counter_var_1 +,44,counter_var_0 var_1 +
5083,114 89 111 79 113,19,114 10 43 40 113,2,10,17,9,19,20,11,var_0 counter_var_1 +,27,counter_var_0 var_1 +
5084,114 87 31 82 113,20,114 87 40 76 113,0,0,20,14,8,17,14,var_0 counter_var_1 +,20,counter_var_0 var_1 +
5085,114 107 99 92 113,50,114 95 70 77 113,20,8,30,15,7,1,35,var_0 counter_var_1 +,38,counter_var_0 var_1 +
5086,114 19 92 51 113,39,114 87 41 34 113,19,0,20,3,0,18,22,var_0 counter_var_1 +,20,counter_var_0 var_1 +
5087,114 32 41 34 113,6,114 102 76 54 113,3,15,3,23,18,7,26,var_0 counter_var_1 +,18,counter_var_0 var_1 +
5088,114 61 112 13 113,16,114 56 93 105 113,3,27,13,12,20,1,15,var_0 counter_var_1 +,40,counter_var_0 var_1 +
5089,114 108 23 98 113,26,114 16 110 108 113,21,16,5,15,0,18,36,var_0 counter_var_1 +,21,counter_var_0 var_1 +
5090,114 90 96 7 113,10,114 21 90 102 113,3,21,7,9,4,21,12,var_0 counter_var_1 +,28,counter_var_0 var_1 +
5091,114 107 61 89 113,47,114 59 109 65 113,20,1,27,3,15,17,23,var_0 counter_var_1 +,28,counter_var_0 var_1 +
5092,114 87 8 57 113,26,114 4 62 43 113,0,4,26,12,8,16,12,var_0 counter_var_1 +,30,counter_var_0 var_1 +
5093,114 71 11 6 113,19,114 27 39 36 113,13,27,6,5,11,16,18,var_0 counter_var_1 +,33,counter_var_0 var_1 +
5094,114 70 61 89 113,39,114 5 67 80 113,12,5,27,18,15,21,30,var_0 counter_var_1 +,32,counter_var_0 var_1 +
5095,114 85 5 24 113,51,114 107 22 12 113,27,20,24,12,5,22,39,var_0 counter_var_1 +,44,counter_var_0 var_1 +
5096,114 108 47 93 113,21,114 62 52 9 113,21,4,0,9,1,6,30,var_0 counter_var_1 +,4,counter_var_0 var_1 +
5097,114 24 27 101 113,32,114 11 36 19 113,24,11,8,19,4,13,43,var_0 counter_var_1 +,19,counter_var_0 var_1 +
5098,114 65 27 101 113,15,114 9 59 30 113,7,9,8,30,4,13,37,var_0 counter_var_1 +,17,counter_var_0 var_1 +
5099,114 33 74 91 113,33,114 107 52 9 113,4,20,29,9,5,6,13,var_0 counter_var_1 +,49,counter_var_0 var_1 +
5100,114 81 5 24 113,47,114 27 56 5 113,23,27,24,5,5,10,28,var_0 counter_var_1 +,51,counter_var_0 var_1 +
5101,114 86 98 74 113,40,114 12 34 47 113,28,12,12,16,6,11,44,var_0 counter_var_1 +,24,counter_var_0 var_1 +
5102,114 10 77 69 113,17,114 70 4 78 113,10,12,7,16,8,4,26,var_0 counter_var_1 +,19,counter_var_0 var_1 +
5103,114 19 46 87 113,44,114 99 88 16 113,19,12,25,16,0,19,35,var_0 counter_var_1 +,37,counter_var_0 var_1 +
5104,114 71 61 89 113,40,114 76 72 81 113,13,18,27,19,15,3,32,var_0 counter_var_1 +,45,counter_var_0 var_1 +
5105,114 78 85 31 113,20,114 83 28 55 113,20,25,0,24,16,5,44,var_0 counter_var_1 +,25,counter_var_0 var_1 +
5106,114 0 94 96 113,3,114 18 9 70 113,0,18,3,8,2,9,8,var_0 counter_var_1 +,21,counter_var_0 var_1 +
5107,114 81 53 68 113,29,114 64 37 110 113,23,6,6,17,7,14,40,var_0 counter_var_1 +,12,counter_var_0 var_1 +
5108,114 106 42 46 113,34,114 106 108 85 113,19,19,15,23,19,16,42,var_0 counter_var_1 +,34,counter_var_0 var_1 +
5109,114 91 22 12 113,16,114 0 39 36 113,4,0,12,5,22,16,9,var_0 counter_var_1 +,12,counter_var_0 var_1 +
5110,114 102 43 40 113,24,114 64 68 71 113,15,6,9,9,20,22,24,var_0 counter_var_1 +,15,counter_var_0 var_1 +
5111,114 23 94 96 113,26,114 87 52 9 113,23,0,3,9,2,6,32,var_0 counter_var_1 +,3,counter_var_0 var_1 +
5112,114 4 51 42 113,15,114 5 31 82 113,4,5,11,20,5,8,24,var_0 counter_var_1 +,16,counter_var_0 var_1 +
5113,114 76 68 71 113,27,114 4 95 109 113,18,4,9,16,22,3,34,var_0 counter_var_1 +,13,counter_var_0 var_1 +
5114,114 83 25 20 113,45,114 31 3 86 113,25,2,20,24,2,3,49,var_0 counter_var_1 +,22,counter_var_0 var_1 +
5115,114 57 17 112 113,47,114 33 110 108 113,28,4,19,15,17,18,43,var_0 counter_var_1 +,23,counter_var_0 var_1 +
5116,114 97 99 92 113,40,114 101 103 61 113,10,14,30,30,7,11,40,var_0 counter_var_1 +,44,counter_var_0 var_1 +
5117,114 15 67 80 113,33,114 49 5 24 113,15,20,18,24,21,5,39,var_0 counter_var_1 +,38,counter_var_0 var_1 +
5118,114 53 90 102 113,33,114 72 51 42 113,24,14,9,11,21,5,35,var_0 counter_var_1 +,23,counter_var_0 var_1 +
5119,114 76 57 97 113,22,114 71 2 84 113,18,13,4,22,11,2,40,var_0 counter_var_1 +,17,counter_var_0 var_1 +
5120,114 109 51 42 113,33,114 42 81 52 113,22,13,11,21,5,12,43,var_0 counter_var_1 +,24,counter_var_0 var_1 +
5121,114 29 108 85 113,23,114 67 62 43 113,0,9,23,12,16,16,12,var_0 counter_var_1 +,32,counter_var_0 var_1 +
5122,114 20 62 43 113,32,114 24 19 15 113,20,24,12,15,16,19,35,var_0 counter_var_1 +,36,counter_var_0 var_1 +
5123,114 60 85 31 113,2,114 89 12 83 113,2,2,0,21,16,12,23,var_0 counter_var_1 +,2,counter_var_0 var_1 +
5124,114 64 3 86 113,30,114 9 93 105 113,6,9,24,12,3,1,18,var_0 counter_var_1 +,33,counter_var_0 var_1 +
5125,114 49 51 42 113,31,114 11 99 92 113,20,11,11,30,5,7,50,var_0 counter_var_1 +,22,counter_var_0 var_1 +
5126,114 86 54 53 113,50,114 64 32 1 113,28,6,22,1,8,9,29,var_0 counter_var_1 +,28,counter_var_0 var_1 +
5127,114 70 44 41 113,22,114 80 56 5 113,12,22,10,5,21,10,17,var_0 counter_var_1 +,32,counter_var_0 var_1 +
5128,114 97 20 50 113,29,114 92 24 35 113,10,5,19,4,20,1,14,var_0 counter_var_1 +,24,counter_var_0 var_1 +
5129,114 43 5 24 113,38,114 15 23 98 113,14,15,24,5,5,0,19,var_0 counter_var_1 +,39,counter_var_0 var_1 +
5130,114 26 98 74 113,38,114 42 110 108 113,26,13,12,15,6,18,41,var_0 counter_var_1 +,25,counter_var_0 var_1 +
5131,114 84 7 22 113,48,114 52 41 34 113,26,23,22,3,7,18,29,var_0 counter_var_1 +,45,counter_var_0 var_1 +
5132,114 73 57 97 113,19,114 23 54 53 113,15,23,4,22,11,8,37,var_0 counter_var_1 +,27,counter_var_0 var_1 +
5133,114 70 25 20 113,32,114 64 102 45 113,12,6,20,14,2,10,26,var_0 counter_var_1 +,26,counter_var_0 var_1 +
5134,114 33 0 38 113,11,114 7 19 15 113,4,7,7,15,0,19,19,var_0 counter_var_1 +,14,counter_var_0 var_1 +
5135,114 38 36 19 113,28,114 97 55 10 113,9,10,19,10,13,9,19,var_0 counter_var_1 +,29,counter_var_0 var_1 +
5136,114 84 35 37 113,32,114 101 29 17 113,26,14,6,17,12,6,43,var_0 counter_var_1 +,20,counter_var_0 var_1 +
5137,114 50 39 36 113,26,114 0 106 56 113,21,0,5,25,16,14,46,var_0 counter_var_1 +,5,counter_var_0 var_1 +
5138,114 95 112 13 113,21,114 14 4 78 113,8,14,13,16,20,4,24,var_0 counter_var_1 +,27,counter_var_0 var_1 +
5139,114 43 67 80 113,32,114 90 107 28 113,14,3,18,28,21,15,42,var_0 counter_var_1 +,21,counter_var_0 var_1 +
5140,114 12 18 72 113,22,114 38 66 88 113,12,9,10,26,18,20,38,var_0 counter_var_1 +,19,counter_var_0 var_1 +
5141,114 70 107 28 113,40,114 106 53 68 113,12,19,28,6,15,7,18,var_0 counter_var_1 +,47,counter_var_0 var_1 +
5142,114 89 67 80 113,20,114 100 76 54 113,2,13,18,23,21,7,25,var_0 counter_var_1 +,31,counter_var_0 var_1 +
5143,114 48 55 10 113,29,114 56 56 5 113,19,27,10,5,9,10,24,var_0 counter_var_1 +,37,counter_var_0 var_1 +
5144,114 89 102 45 113,16,114 55 95 109 113,2,26,14,16,10,3,18,var_0 counter_var_1 +,40,counter_var_0 var_1 +
5145,114 90 105 111 113,21,114 94 36 19 113,3,7,18,19,13,13,22,var_0 counter_var_1 +,25,counter_var_0 var_1 +
5146,114 111 33 14 113,38,114 108 79 58 113,24,21,14,27,10,10,51,var_0 counter_var_1 +,35,counter_var_0 var_1 +
5147,114 74 65 67 113,21,114 103 13 18 113,16,16,5,18,19,13,34,var_0 counter_var_1 +,21,counter_var_0 var_1 +
5148,114 109 27 101 113,30,114 31 28 55 113,22,2,8,24,4,5,46,var_0 counter_var_1 +,10,counter_var_0 var_1 +
5149,114 47 90 102 113,27,114 38 14 33 113,18,9,9,2,21,14,20,var_0 counter_var_1 +,18,counter_var_0 var_1 +
5150,114 29 34 47 113,16,114 77 2 84 113,0,19,16,22,11,2,22,var_0 counter_var_1 +,35,counter_var_0 var_1 +
5151,114 37 13 18 113,26,114 87 72 81 113,8,0,18,19,13,3,27,var_0 counter_var_1 +,18,counter_var_0 var_1 +
5152,114 69 112 13 113,24,114 104 41 34 113,11,17,13,3,20,18,14,var_0 counter_var_1 +,30,counter_var_0 var_1 +
5153,114 111 85 31 113,24,114 0 25 20 113,24,0,0,20,16,2,44,var_0 counter_var_1 +,0,counter_var_0 var_1 +
5154,114 11 32 1 113,12,114 111 107 28 113,11,24,1,28,9,15,39,var_0 counter_var_1 +,25,counter_var_0 var_1 +
5155,114 89 108 85 113,25,114 59 2 84 113,2,1,23,22,16,2,24,var_0 counter_var_1 +,24,counter_var_0 var_1 +
5156,114 104 63 26 113,43,114 46 91 106 113,17,17,26,13,17,22,30,var_0 counter_var_1 +,43,counter_var_0 var_1 +
5157,114 82 75 8 113,32,114 70 11 6 113,24,12,8,6,6,11,30,var_0 counter_var_1 +,20,counter_var_0 var_1 +
5158,114 1 37 110 113,18,114 108 94 96 113,1,21,17,3,14,2,4,var_0 counter_var_1 +,38,counter_var_0 var_1 +
5159,114 58 78 107 113,14,114 100 80 48 113,0,13,14,17,9,11,17,var_0 counter_var_1 +,27,counter_var_0 var_1 +
5160,114 12 17 112 113,31,114 11 28 55 113,12,11,19,24,17,5,36,var_0 counter_var_1 +,30,counter_var_0 var_1 +
5161,114 95 80 48 113,25,114 68 25 20 113,8,10,17,20,11,2,28,var_0 counter_var_1 +,27,counter_var_0 var_1 +
5162,114 76 2 84 113,40,114 91 70 77 113,18,4,22,15,2,1,33,var_0 counter_var_1 +,26,counter_var_0 var_1 +
5163,114 45 90 102 113,25,114 22 112 13 113,16,22,9,13,21,20,29,var_0 counter_var_1 +,31,counter_var_0 var_1 +
5164,114 31 10 11 113,13,114 82 91 106 113,2,24,11,13,10,22,15,var_0 counter_var_1 +,35,counter_var_0 var_1 +
5165,114 112 108 85 113,48,114 42 23 98 113,25,13,23,5,16,0,30,var_0 counter_var_1 +,36,counter_var_0 var_1 +
5166,114 12 16 21 113,33,114 42 6 64 113,12,13,21,2,16,6,14,var_0 counter_var_1 +,34,counter_var_0 var_1 +
5167,114 24 17 112 113,43,114 27 62 43 113,24,27,19,12,17,16,36,var_0 counter_var_1 +,46,counter_var_0 var_1 +
5168,114 98 2 84 113,33,114 22 58 2 113,11,22,22,2,2,12,13,var_0 counter_var_1 +,44,counter_var_0 var_1 +
5169,114 22 96 7 113,29,114 63 97 23 113,22,5,7,23,4,5,45,var_0 counter_var_1 +,12,counter_var_0 var_1 +
5170,114 64 5 24 113,30,114 68 85 31 113,6,10,24,0,5,16,6,var_0 counter_var_1 +,34,counter_var_0 var_1 +
5171,114 44 60 63 113,16,114 35 13 18 113,15,6,1,18,14,13,33,var_0 counter_var_1 +,7,counter_var_0 var_1 +
5172,114 83 86 94 113,26,114 0 34 47 113,25,0,1,16,17,11,41,var_0 counter_var_1 +,1,counter_var_0 var_1 +
5173,114 96 73 73 113,20,114 89 25 20 113,9,2,11,20,4,2,29,var_0 counter_var_1 +,13,counter_var_0 var_1 +
5174,114 86 68 71 113,37,114 81 111 79 113,28,23,9,17,22,19,45,var_0 counter_var_1 +,32,counter_var_0 var_1 +
5175,114 25 2 84 113,47,114 60 32 1 113,25,2,22,1,2,9,26,var_0 counter_var_1 +,24,counter_var_0 var_1 +
5176,114 44 88 16 113,31,114 17 2 84 113,15,17,16,22,19,2,37,var_0 counter_var_1 +,33,counter_var_0 var_1 +
5177,114 37 69 104 113,19,114 68 86 94 113,8,10,11,1,0,17,9,var_0 counter_var_1 +,21,counter_var_0 var_1 +
5178,114 52 53 68 113,29,114 28 80 48 113,23,28,6,17,7,11,40,var_0 counter_var_1 +,34,counter_var_0 var_1 +
5179,114 53 78 107 113,38,114 60 100 75 113,24,2,14,13,9,8,37,var_0 counter_var_1 +,16,counter_var_0 var_1 +
5180,114 52 2 84 113,45,114 101 90 102 113,23,14,22,9,2,21,32,var_0 counter_var_1 +,36,counter_var_0 var_1 +
5181,114 31 82 90 113,30,114 80 38 59 113,2,22,28,28,13,15,30,var_0 counter_var_1 +,50,counter_var_0 var_1 +
5182,114 61 111 79 113,20,114 24 103 61 113,3,24,17,30,19,11,33,var_0 counter_var_1 +,41,counter_var_0 var_1 +
5183,114 46 1 0 113,17,114 48 84 44 113,17,19,0,13,1,15,30,var_0 counter_var_1 +,19,counter_var_0 var_1 +
5184,114 105 108 85 113,41,114 90 3 86 113,18,3,23,24,16,3,42,var_0 counter_var_1 +,26,counter_var_0 var_1 +
5185,114 67 101 39 113,17,114 48 78 107 113,9,19,8,14,9,9,23,var_0 counter_var_1 +,27,counter_var_0 var_1 +
5186,114 86 92 51 113,48,114 24 102 45 113,28,24,20,14,0,10,42,var_0 counter_var_1 +,44,counter_var_0 var_1 +
5187,114 76 95 109 113,34,114 6 92 51 113,18,6,16,20,3,0,38,var_0 counter_var_1 +,22,counter_var_0 var_1 +
5188,114 46 109 65 113,20,114 88 109 65 113,17,1,3,3,17,17,20,var_0 counter_var_1 +,4,counter_var_0 var_1 +
5189,114 111 96 7 113,31,114 23 29 17 113,24,23,7,17,4,6,41,var_0 counter_var_1 +,30,counter_var_0 var_1 +
5190,114 54 46 87 113,50,114 4 42 46 113,25,4,25,15,0,19,40,var_0 counter_var_1 +,29,counter_var_0 var_1 +
5191,114 60 56 5 113,7,114 24 43 40 113,2,24,5,9,10,20,11,var_0 counter_var_1 +,29,counter_var_0 var_1 +
5192,114 99 56 5 113,17,114 89 97 23 113,12,2,5,23,10,5,35,var_0 counter_var_1 +,7,counter_var_0 var_1 +
5193,114 50 26 25 113,46,114 106 95 109 113,21,19,25,16,3,3,37,var_0 counter_var_1 +,44,counter_var_0 var_1 +
5194,114 67 98 74 113,21,114 8 100 75 113,9,8,12,13,6,8,22,var_0 counter_var_1 +,20,counter_var_0 var_1 +
5195,114 75 16 21 113,38,114 38 1 0 113,17,9,21,0,16,1,17,var_0 counter_var_1 +,30,counter_var_0 var_1 +
5196,114 29 27 101 113,8,114 56 81 52 113,0,27,8,21,4,12,21,var_0 counter_var_1 +,35,counter_var_0 var_1 +
5197,114 111 14 33 113,26,114 109 2 84 113,24,22,2,22,14,2,46,var_0 counter_var_1 +,24,counter_var_0 var_1 +
5198,114 103 45 103 113,26,114 21 95 109 113,16,21,10,16,22,3,32,var_0 counter_var_1 +,31,counter_var_0 var_1 +
5199,114 10 111 79 113,27,114 39 60 63 113,10,10,17,1,19,14,11,var_0 counter_var_1 +,27,counter_var_0 var_1 +
5200,114 92 21 49 113,23,114 93 39 36 113,5,6,18,5,21,16,10,var_0 counter_var_1 +,24,counter_var_0 var_1 +
5201,114 8 109 65 113,11,114 17 70 77 113,8,17,3,15,17,1,23,var_0 counter_var_1 +,20,counter_var_0 var_1 +
5202,114 29 89 29 113,29,114 54 73 73 113,0,25,29,11,20,4,11,var_0 counter_var_1 +,54,counter_var_0 var_1 +
5203,114 105 64 66 113,22,114 80 3 86 113,18,22,4,24,18,3,42,var_0 counter_var_1 +,26,counter_var_0 var_1 +
5204,114 49 44 41 113,30,114 72 38 59 113,20,14,10,28,21,15,48,var_0 counter_var_1 +,24,counter_var_0 var_1 +
5205,114 99 75 8 113,20,114 52 21 49 113,12,23,8,18,6,21,30,var_0 counter_var_1 +,31,counter_var_0 var_1 +
5206,114 15 103 61 113,45,114 46 67 80 113,15,17,30,18,11,21,33,var_0 counter_var_1 +,47,counter_var_0 var_1 +
5207,114 78 70 77 113,35,114 76 29 17 113,20,18,15,17,1,6,37,var_0 counter_var_1 +,33,counter_var_0 var_1 +
5208,114 79 78 107 113,35,114 95 10 11 113,21,8,14,11,9,10,32,var_0 counter_var_1 +,22,counter_var_0 var_1 +
5209,114 107 22 12 113,32,114 42 24 35 113,20,13,12,4,22,1,24,var_0 counter_var_1 +,25,counter_var_0 var_1 +
5210,114 55 65 67 113,31,114 74 110 108 113,26,16,5,15,19,18,41,var_0 counter_var_1 +,21,counter_var_0 var_1 +
5211,114 60 106 56 113,27,114 25 75 8 113,2,25,25,8,14,6,10,var_0 counter_var_1 +,50,counter_var_0 var_1 +
5212,114 59 23 98 113,6,114 60 60 63 113,1,2,5,1,0,14,2,var_0 counter_var_1 +,7,counter_var_0 var_1 +
5213,114 112 8 57 113,51,114 16 66 88 113,25,16,26,26,8,20,51,var_0 counter_var_1 +,42,counter_var_0 var_1 +
5214,114 69 100 75 113,24,114 21 18 72 113,11,21,13,10,8,18,21,var_0 counter_var_1 +,34,counter_var_0 var_1 +
5215,114 36 92 51 113,27,114 90 32 1 113,7,3,20,1,0,9,8,var_0 counter_var_1 +,23,counter_var_0 var_1 +
5216,114 26 43 40 113,35,114 107 48 95 113,26,20,9,2,20,2,28,var_0 counter_var_1 +,29,counter_var_0 var_1 +
5217,114 67 33 14 113,23,114 52 25 20 113,9,23,14,20,10,2,29,var_0 counter_var_1 +,37,counter_var_0 var_1 +
5218,114 103 57 97 113,20,114 76 6 64 113,16,18,4,2,11,6,18,var_0 counter_var_1 +,22,counter_var_0 var_1 +
5219,114 11 62 43 113,23,114 54 29 17 113,11,25,12,17,16,6,28,var_0 counter_var_1 +,37,counter_var_0 var_1 +
5220,114 84 41 34 113,29,114 20 33 14 113,26,20,3,14,18,10,40,var_0 counter_var_1 +,23,counter_var_0 var_1 +
5221,114 21 16 21 113,42,114 100 5 24 113,21,13,21,24,16,5,45,var_0 counter_var_1 +,34,counter_var_0 var_1 +
5222,114 93 11 6 113,12,114 14 62 43 113,6,14,6,12,11,16,18,var_0 counter_var_1 +,20,counter_var_0 var_1 +
5223,114 77 93 105 113,31,114 7 96 7 113,19,7,12,7,1,4,26,var_0 counter_var_1 +,19,counter_var_0 var_1 +
5224,114 7 39 36 113,12,114 87 58 2 113,7,0,5,2,16,12,9,var_0 counter_var_1 +,5,counter_var_0 var_1 +
5225,114 67 19 15 113,24,114 25 83 3 113,9,25,15,3,19,14,12,var_0 counter_var_1 +,40,counter_var_0 var_1 +
5226,114 91 102 45 113,18,114 82 90 102 113,4,24,14,9,10,21,13,var_0 counter_var_1 +,38,counter_var_0 var_1 +
5227,114 75 30 99 113,23,114 12 81 52 113,17,12,6,21,7,12,38,var_0 counter_var_1 +,18,counter_var_0 var_1 +
5228,114 112 14 33 113,27,114 20 64 66 113,25,20,2,4,14,18,29,var_0 counter_var_1 +,22,counter_var_0 var_1 +
5229,114 2 43 40 113,11,114 87 13 18 113,2,0,9,18,20,13,20,var_0 counter_var_1 +,9,counter_var_0 var_1 +
5230,114 62 7 22 113,26,114 69 103 61 113,4,11,22,30,7,11,34,var_0 counter_var_1 +,33,counter_var_0 var_1 +
5231,114 104 10 11 113,28,114 95 82 90 113,17,8,11,28,10,13,45,var_0 counter_var_1 +,19,counter_var_0 var_1 +
5232,114 5 42 46 113,20,114 76 11 6 113,5,18,15,6,19,11,11,var_0 counter_var_1 +,33,counter_var_0 var_1 +
5233,114 39 16 21 113,31,114 24 63 26 113,10,24,21,26,16,17,36,var_0 counter_var_1 +,45,counter_var_0 var_1 +
5234,114 83 15 62 113,25,114 52 0 38 113,25,23,0,7,15,0,32,var_0 counter_var_1 +,23,counter_var_0 var_1 +
5235,114 78 100 75 113,33,114 101 79 58 113,20,14,13,27,8,10,47,var_0 counter_var_1 +,27,counter_var_0 var_1 +
5236,114 104 95 109 113,33,114 35 92 51 113,17,6,16,20,3,0,37,var_0 counter_var_1 +,22,counter_var_0 var_1 +
5237,114 33 26 25 113,29,114 90 30 99 113,4,3,25,6,3,7,10,var_0 counter_var_1 +,28,counter_var_0 var_1 +
5238,114 90 88 16 113,19,114 90 26 25 113,3,3,16,25,19,3,28,var_0 counter_var_1 +,19,counter_var_0 var_1 +
5239,114 84 58 2 113,28,114 87 97 23 113,26,0,2,23,12,5,49,var_0 counter_var_1 +,2,counter_var_0 var_1 +
5240,114 27 108 85 113,50,114 93 54 53 113,27,6,23,22,16,8,49,var_0 counter_var_1 +,29,counter_var_0 var_1 +
5241,114 79 59 30 113,51,114 15 108 85 113,21,15,30,23,13,16,44,var_0 counter_var_1 +,45,counter_var_0 var_1 +
5242,114 86 85 31 113,28,114 43 96 7 113,28,14,0,7,16,4,35,var_0 counter_var_1 +,14,counter_var_0 var_1 +
5243,114 111 43 40 113,33,114 24 97 23 113,24,24,9,23,20,5,47,var_0 counter_var_1 +,33,counter_var_0 var_1 +
5244,114 77 55 10 113,29,114 24 25 20 113,19,24,10,20,9,2,39,var_0 counter_var_1 +,34,counter_var_0 var_1 +
5245,114 91 26 25 113,29,114 25 66 88 113,4,25,25,26,3,20,30,var_0 counter_var_1 +,50,counter_var_0 var_1 +
5246,114 2 40 76 113,16,114 78 52 9 113,2,20,14,9,17,6,11,var_0 counter_var_1 +,34,counter_var_0 var_1 +
5247,114 11 99 92 113,41,114 94 11 6 113,11,7,30,6,7,11,17,var_0 counter_var_1 +,37,counter_var_0 var_1 +
5248,114 89 76 54 113,25,114 108 55 10 113,2,21,23,10,7,9,12,var_0 counter_var_1 +,44,counter_var_0 var_1 +
5249,114 105 9 70 113,26,114 11 44 41 113,18,11,8,10,9,21,28,var_0 counter_var_1 +,19,counter_var_0 var_1 +
5250,114 99 55 10 113,22,114 35 23 98 113,12,6,10,5,9,0,17,var_0 counter_var_1 +,16,counter_var_0 var_1 +
5251,114 71 13 18 113,31,114 110 11 6 113,13,23,18,6,13,11,19,var_0 counter_var_1 +,41,counter_var_0 var_1 +
5252,114 55 0 38 113,33,114 76 1 0 113,26,18,7,0,0,1,26,var_0 counter_var_1 +,25,counter_var_0 var_1 +
5253,114 103 83 3 113,19,114 37 106 56 113,16,8,3,25,14,14,41,var_0 counter_var_1 +,11,counter_var_0 var_1 +
5254,114 93 18 72 113,16,114 99 84 44 113,6,12,10,13,18,15,19,var_0 counter_var_1 +,22,counter_var_0 var_1 +
5255,114 94 53 68 113,13,114 35 67 80 113,7,6,6,18,7,21,25,var_0 counter_var_1 +,12,counter_var_0 var_1 +
5256,114 108 3 86 113,45,114 11 48 95 113,21,11,24,2,3,2,23,var_0 counter_var_1 +,35,counter_var_0 var_1 +
5257,114 47 27 101 113,26,114 107 50 27 113,18,20,8,27,4,4,45,var_0 counter_var_1 +,28,counter_var_0 var_1 +
5258,114 1 100 75 113,14,114 50 67 80 113,1,21,13,18,8,21,19,var_0 counter_var_1 +,34,counter_var_0 var_1 +
5259,114 21 71 100 113,28,114 93 5 24 113,21,6,7,24,2,5,45,var_0 counter_var_1 +,13,counter_var_0 var_1 +
5260,114 102 15 62 113,15,114 69 57 97 113,15,11,0,4,15,11,19,var_0 counter_var_1 +,11,counter_var_0 var_1 +
5261,114 103 49 32 113,17,114 95 73 73 113,16,8,1,11,3,4,27,var_0 counter_var_1 +,9,counter_var_0 var_1 +
5262,114 69 77 69 113,18,114 27 74 91 113,11,27,7,29,8,5,40,var_0 counter_var_1 +,34,counter_var_0 var_1 +
5263,114 5 9 70 113,13,114 49 35 37 113,5,20,8,6,9,12,11,var_0 counter_var_1 +,28,counter_var_0 var_1 +
5264,114 105 48 95 113,20,114 7 9 70 113,18,7,2,8,2,9,26,var_0 counter_var_1 +,9,counter_var_0 var_1 +
5265,114 66 38 59 113,36,114 108 32 1 113,8,21,28,1,15,9,9,var_0 counter_var_1 +,49,counter_var_0 var_1 +
5266,114 38 101 39 113,17,114 68 93 105 113,9,10,8,12,9,1,21,var_0 counter_var_1 +,18,counter_var_0 var_1 +
5267,114 46 15 62 113,17,114 53 11 6 113,17,24,0,6,15,11,23,var_0 counter_var_1 +,24,counter_var_0 var_1 +
5268,114 38 74 91 113,38,114 49 1 0 113,9,20,29,0,5,1,9,var_0 counter_var_1 +,49,counter_var_0 var_1 +
5269,114 88 105 111 113,19,114 101 21 49 113,1,14,18,18,13,21,19,var_0 counter_var_1 +,32,counter_var_0 var_1 +
5270,114 12 92 51 113,32,114 108 93 105 113,12,21,20,12,0,1,24,var_0 counter_var_1 +,41,counter_var_0 var_1 +
5271,114 98 45 103 113,21,114 80 54 53 113,11,22,10,22,22,8,33,var_0 counter_var_1 +,32,counter_var_0 var_1 +
5272,114 73 89 29 113,44,114 40 59 30 113,15,11,29,30,20,13,45,var_0 counter_var_1 +,40,counter_var_0 var_1 +
5273,114 68 50 27 113,37,114 87 46 87 113,10,0,27,25,4,0,35,var_0 counter_var_1 +,27,counter_var_0 var_1 +
5274,114 23 48 95 113,25,114 112 81 52 113,23,25,2,21,2,12,44,var_0 counter_var_1 +,27,counter_var_0 var_1 +
5275,114 50 62 43 113,33,114 109 77 69 113,21,22,12,7,16,8,28,var_0 counter_var_1 +,34,counter_var_0 var_1 +
5276,114 112 25 20 113,45,114 33 20 50 113,25,4,20,19,2,20,44,var_0 counter_var_1 +,24,counter_var_0 var_1 +
5277,114 4 72 81 113,23,114 70 45 103 113,4,12,19,10,3,22,14,var_0 counter_var_1 +,31,counter_var_0 var_1 +
5278,114 9 100 75 113,22,114 108 5 24 113,9,21,13,24,8,5,33,var_0 counter_var_1 +,34,counter_var_0 var_1 +
5279,114 84 27 101 113,34,114 52 63 26 113,26,23,8,26,4,17,52,var_0 counter_var_1 +,31,counter_var_0 var_1 +
5280,114 24 37 110 113,41,114 80 26 25 113,24,22,17,25,14,3,49,var_0 counter_var_1 +,39,counter_var_0 var_1 +
5281,114 110 13 18 113,41,114 78 4 78 113,23,20,18,16,13,4,39,var_0 counter_var_1 +,38,counter_var_0 var_1 +
5282,114 66 0 38 113,15,114 15 28 55 113,8,15,7,24,0,5,32,var_0 counter_var_1 +,22,counter_var_0 var_1 +
5283,114 104 25 20 113,37,114 68 62 43 113,17,10,20,12,2,16,29,var_0 counter_var_1 +,30,counter_var_0 var_1 +
5284,114 16 54 53 113,38,114 88 74 91 113,16,1,22,29,8,5,45,var_0 counter_var_1 +,23,counter_var_0 var_1 +
5285,114 112 15 62 113,25,114 47 3 86 113,25,18,0,24,15,3,49,var_0 counter_var_1 +,18,counter_var_0 var_1 +
5286,114 64 14 33 113,8,114 76 58 2 113,6,18,2,2,14,12,8,var_0 counter_var_1 +,20,counter_var_0 var_1 +
5287,114 31 2 84 113,24,114 29 112 13 113,2,0,22,13,2,20,15,var_0 counter_var_1 +,22,counter_var_0 var_1 +
5288,114 1 81 52 113,22,114 84 56 5 113,1,26,21,5,12,10,6,var_0 counter_var_1 +,47,counter_var_0 var_1 +
5289,114 30 68 71 113,10,114 54 103 61 113,1,25,9,30,22,11,31,var_0 counter_var_1 +,34,counter_var_0 var_1 +
5290,114 104 105 111 113,35,114 36 66 88 113,17,7,18,26,13,20,43,var_0 counter_var_1 +,25,counter_var_0 var_1 +
5291,114 14 61 89 113,41,114 22 52 9 113,14,22,27,9,15,6,23,var_0 counter_var_1 +,49,counter_var_0 var_1 +
5292,114 87 69 104 113,11,114 44 108 85 113,0,15,11,23,0,16,23,var_0 counter_var_1 +,26,counter_var_0 var_1 +
5293,114 43 37 110 113,31,114 56 10 11 113,14,27,17,11,14,10,25,var_0 counter_var_1 +,44,counter_var_0 var_1 +
5294,114 107 78 107 113,34,114 18 74 91 113,20,18,14,29,9,5,49,var_0 counter_var_1 +,32,counter_var_0 var_1 +
5295,114 106 91 106 113,32,114 65 29 17 113,19,7,13,17,22,6,36,var_0 counter_var_1 +,20,counter_var_0 var_1 +
5296,114 52 106 56 113,48,114 110 80 48 113,23,23,25,17,14,11,40,var_0 counter_var_1 +,48,counter_var_0 var_1 +
5297,114 112 90 102 113,34,114 53 18 72 113,25,24,9,10,21,18,35,var_0 counter_var_1 +,33,counter_var_0 var_1 +
5298,114 14 72 81 113,33,114 82 33 14 113,14,24,19,14,3,10,28,var_0 counter_var_1 +,43,counter_var_0 var_1 +
5299,114 57 56 5 113,33,114 9 54 53 113,28,9,5,22,10,8,50,var_0 counter_var_1 +,14,counter_var_0 var_1 +
5300,114 99 103 61 113,42,114 21 96 7 113,12,21,30,7,11,4,19,var_0 counter_var_1 +,51,counter_var_0 var_1 +
5301,114 14 34 47 113,30,114 33 75 8 113,14,4,16,8,11,6,22,var_0 counter_var_1 +,20,counter_var_0 var_1 +
5302,114 64 55 10 113,16,114 88 61 89 113,6,1,10,27,9,15,33,var_0 counter_var_1 +,11,counter_var_0 var_1 +
5303,114 88 0 38 113,8,114 22 75 8 113,1,22,7,8,0,6,9,var_0 counter_var_1 +,29,counter_var_0 var_1 +
5304,114 97 50 27 113,37,114 85 13 18 113,10,27,27,18,4,13,28,var_0 counter_var_1 +,54,counter_var_0 var_1 +
5305,114 76 33 14 113,32,114 88 92 51 113,18,1,14,20,10,0,38,var_0 counter_var_1 +,15,counter_var_0 var_1 +
5306,114 66 84 44 113,21,114 21 29 17 113,8,21,13,17,15,6,25,var_0 counter_var_1 +,34,counter_var_0 var_1 +
5307,114 103 16 21 113,37,114 23 89 29 113,16,23,21,29,16,20,45,var_0 counter_var_1 +,44,counter_var_0 var_1 +
5308,114 55 66 88 113,52,114 22 70 77 113,26,22,26,15,20,1,41,var_0 counter_var_1 +,48,counter_var_0 var_1 +
5309,114 89 91 106 113,15,114 22 83 3 113,2,22,13,3,22,14,5,var_0 counter_var_1 +,35,counter_var_0 var_1 +
5310,114 31 17 112 113,21,114 5 56 5 113,2,5,19,5,17,10,7,var_0 counter_var_1 +,24,counter_var_0 var_1 +
5311,114 96 107 28 113,37,114 50 17 112 113,9,21,28,19,15,17,28,var_0 counter_var_1 +,49,counter_var_0 var_1 +
5312,114 73 99 92 113,45,114 10 59 30 113,15,10,30,30,7,13,45,var_0 counter_var_1 +,40,counter_var_0 var_1 +
5313,114 37 30 99 113,14,114 66 68 71 113,8,8,6,9,7,22,17,var_0 counter_var_1 +,14,counter_var_0 var_1 +
5314,114 72 61 89 113,41,114 100 36 19 113,14,13,27,19,15,13,33,var_0 counter_var_1 +,40,counter_var_0 var_1 +
5315,114 69 98 74 113,23,114 112 71 100 113,11,25,12,7,6,2,18,var_0 counter_var_1 +,37,counter_var_0 var_1 +
5316,114 66 20 50 113,27,114 56 51 42 113,8,27,19,11,20,5,19,var_0 counter_var_1 +,46,counter_var_0 var_1 +
5317,114 10 39 36 113,15,114 72 26 25 113,10,14,5,25,16,3,35,var_0 counter_var_1 +,19,counter_var_0 var_1 +
5318,114 6 36 19 113,25,114 60 63 26 113,6,2,19,26,13,17,32,var_0 counter_var_1 +,21,counter_var_0 var_1 +
5319,114 33 23 98 113,9,114 83 21 49 113,4,25,5,18,0,21,22,var_0 counter_var_1 +,30,counter_var_0 var_1 +
5320,114 107 27 101 113,28,114 73 106 56 113,20,15,8,25,4,14,45,var_0 counter_var_1 +,23,counter_var_0 var_1 +
5321,114 110 53 68 113,29,114 84 63 26 113,23,26,6,26,7,17,49,var_0 counter_var_1 +,32,counter_var_0 var_1 +
5322,114 69 107 28 113,39,114 35 56 5 113,11,6,28,5,15,10,16,var_0 counter_var_1 +,34,counter_var_0 var_1 +
5323,114 90 111 79 113,20,114 107 61 89 113,3,20,17,27,19,15,30,var_0 counter_var_1 +,37,counter_var_0 var_1 +
5324,114 108 6 64 113,23,114 41 81 52 113,21,12,2,21,6,12,42,var_0 counter_var_1 +,14,counter_var_0 var_1 +
5325,114 6 77 69 113,13,114 101 41 34 113,6,14,7,3,8,18,9,var_0 counter_var_1 +,21,counter_var_0 var_1 +
5326,114 88 92 51 113,21,114 60 79 58 113,1,2,20,27,0,10,28,var_0 counter_var_1 +,22,counter_var_0 var_1 +
5327,114 53 82 90 113,52,114 26 38 59 113,24,26,28,28,13,15,52,var_0 counter_var_1 +,54,counter_var_0 var_1 +
5328,114 47 82 90 113,46,114 24 89 29 113,18,24,28,29,13,20,47,var_0 counter_var_1 +,52,counter_var_0 var_1 +
5329,114 3 83 3 113,6,114 96 110 108 113,3,9,3,15,14,18,18,var_0 counter_var_1 +,12,counter_var_0 var_1 +
5330,114 111 48 95 113,26,114 55 33 14 113,24,26,2,14,2,10,38,var_0 counter_var_1 +,28,counter_var_0 var_1 +
5331,114 83 76 54 113,48,114 1 52 9 113,25,1,23,9,7,6,34,var_0 counter_var_1 +,24,counter_var_0 var_1 +
5332,114 58 85 31 113,0,114 69 73 73 113,0,11,0,11,16,4,11,var_0 counter_var_1 +,11,counter_var_0 var_1 +
5333,114 46 48 95 113,19,114 28 107 28 113,17,28,2,28,2,15,45,var_0 counter_var_1 +,30,counter_var_0 var_1 +
5334,114 93 14 33 113,8,114 45 71 100 113,6,16,2,7,14,2,13,var_0 counter_var_1 +,18,counter_var_0 var_1 +
5335,114 40 34 47 113,27,114 87 6 64 113,11,0,16,2,11,6,13,var_0 counter_var_1 +,16,counter_var_0 var_1 +
5336,114 25 92 51 113,45,114 110 55 10 113,25,23,20,10,0,9,35,var_0 counter_var_1 +,43,counter_var_0 var_1 +
5337,114 34 85 31 113,5,114 42 39 36 113,5,13,0,5,16,16,10,var_0 counter_var_1 +,13,counter_var_0 var_1 +
5338,114 107 37 110 113,37,114 102 90 102 113,20,15,17,9,14,21,29,var_0 counter_var_1 +,32,counter_var_0 var_1 +
5339,114 31 86 94 113,3,114 112 18 72 113,2,25,1,10,17,18,12,var_0 counter_var_1 +,26,counter_var_0 var_1 +
5340,114 65 29 17 113,24,114 76 49 32 113,7,18,17,1,6,3,8,var_0 counter_var_1 +,35,counter_var_0 var_1 +
5341,114 13 97 23 113,36,114 70 8 57 113,13,12,23,26,5,8,39,var_0 counter_var_1 +,35,counter_var_0 var_1 +
5342,114 35 75 8 113,14,114 16 59 30 113,6,16,8,30,6,13,36,var_0 counter_var_1 +,24,counter_var_0 var_1 +
5343,114 11 24 35 113,15,114 74 71 100 113,11,16,4,7,1,2,18,var_0 counter_var_1 +,20,counter_var_0 var_1 +
5344,114 80 40 76 113,36,114 105 85 31 113,22,18,14,0,17,16,22,var_0 counter_var_1 +,32,counter_var_0 var_1 +
5345,114 10 90 102 113,19,114 105 12 83 113,10,18,9,21,21,12,31,var_0 counter_var_1 +,27,counter_var_0 var_1 +
5346,114 14 104 4 113,18,114 32 43 40 113,14,3,4,9,12,20,23,var_0 counter_var_1 +,7,counter_var_0 var_1 +
5347,114 76 50 27 113,45,114 8 24 35 113,18,8,27,4,4,1,22,var_0 counter_var_1 +,35,counter_var_0 var_1 +
5348,114 68 91 106 113,23,114 78 39 36 113,10,20,13,5,22,16,15,var_0 counter_var_1 +,33,counter_var_0 var_1 +
5349,114 25 61 89 113,52,114 47 111 79 113,25,18,27,17,15,19,42,var_0 counter_var_1 +,45,counter_var_0 var_1 +
5350,114 31 1 0 113,2,114 76 31 82 113,2,18,0,20,1,8,22,var_0 counter_var_1 +,18,counter_var_0 var_1 +
5351,114 59 79 58 113,28,114 108 88 16 113,1,21,27,16,10,19,17,var_0 counter_var_1 +,48,counter_var_0 var_1 +
5352,114 19 77 69 113,26,114 58 65 67 113,19,0,7,5,8,19,24,var_0 counter_var_1 +,7,counter_var_0 var_1 +
5353,114 25 40 76 113,39,114 73 56 5 113,25,15,14,5,17,10,30,var_0 counter_var_1 +,29,counter_var_0 var_1 +
5354,114 36 23 98 113,12,114 99 63 26 113,7,12,5,26,0,17,33,var_0 counter_var_1 +,17,counter_var_0 var_1 +
5355,114 13 28 55 113,37,114 85 84 44 113,13,27,24,13,5,15,26,var_0 counter_var_1 +,51,counter_var_0 var_1 +
5356,114 30 59 30 113,31,114 22 103 61 113,1,22,30,30,13,11,31,var_0 counter_var_1 +,52,counter_var_0 var_1 +
5357,114 76 99 92 113,48,114 82 92 51 113,18,24,30,20,7,0,38,var_0 counter_var_1 +,54,counter_var_0 var_1 +
5358,114 6 75 8 113,14,114 94 35 37 113,6,7,8,6,6,12,12,var_0 counter_var_1 +,15,counter_var_0 var_1 +
5359,114 82 65 67 113,29,114 93 12 83 113,24,6,5,21,19,12,45,var_0 counter_var_1 +,11,counter_var_0 var_1 +
5360,114 63 43 40 113,14,114 107 21 49 113,5,20,9,18,20,21,23,var_0 counter_var_1 +,29,counter_var_0 var_1 +
5361,114 84 9 70 113,34,114 13 69 104 113,26,13,8,11,9,0,37,var_0 counter_var_1 +,21,counter_var_0 var_1 +
5362,114 103 6 64 113,18,114 92 22 12 113,16,5,2,12,6,22,28,var_0 counter_var_1 +,7,counter_var_0 var_1 +
5363,114 22 23 98 113,27,114 41 52 9 113,22,12,5,9,0,6,31,var_0 counter_var_1 +,17,counter_var_0 var_1 +
5364,114 91 6 64 113,6,114 83 54 53 113,4,25,2,22,6,8,26,var_0 counter_var_1 +,27,counter_var_0 var_1 +
5365,114 34 38 59 113,33,114 72 102 45 113,5,14,28,14,15,10,19,var_0 counter_var_1 +,42,counter_var_0 var_1 +
5366,114 77 22 12 113,31,114 42 40 76 113,19,13,12,14,22,17,33,var_0 counter_var_1 +,25,counter_var_0 var_1 +
5367,114 44 15 62 113,15,114 19 65 67 113,15,19,0,5,15,19,20,var_0 counter_var_1 +,19,counter_var_0 var_1 +
5368,114 74 63 26 113,42,114 41 24 35 113,16,12,26,4,17,1,20,var_0 counter_var_1 +,38,counter_var_0 var_1 +
5369,114 30 25 20 113,21,114 50 61 89 113,1,21,20,27,2,15,28,var_0 counter_var_1 +,41,counter_var_0 var_1 +
5370,114 70 68 71 113,21,114 87 29 17 113,12,0,9,17,22,6,29,var_0 counter_var_1 +,9,counter_var_0 var_1 +
5371,114 81 61 89 113,50,114 39 61 89 113,23,10,27,27,15,15,50,var_0 counter_var_1 +,37,counter_var_0 var_1 +
5372,114 83 99 92 113,55,114 103 12 83 113,25,16,30,21,7,12,46,var_0 counter_var_1 +,46,counter_var_0 var_1 +
5373,114 12 58 2 113,14,114 109 41 34 113,12,22,2,3,12,18,15,var_0 counter_var_1 +,24,counter_var_0 var_1 +
5374,114 82 46 87 113,49,114 10 28 55 113,24,10,25,24,0,5,48,var_0 counter_var_1 +,35,counter_var_0 var_1 +
5375,114 63 46 87 113,30,114 100 55 10 113,5,13,25,10,0,9,15,var_0 counter_var_1 +,38,counter_var_0 var_1 +
5376,114 79 102 45 113,35,114 99 91 106 113,21,12,14,13,10,22,34,var_0 counter_var_1 +,26,counter_var_0 var_1 +
5377,114 98 9 70 113,19,114 23 25 20 113,11,23,8,20,9,2,31,var_0 counter_var_1 +,31,counter_var_0 var_1 +
5378,114 9 105 111 113,27,114 65 49 32 113,9,7,18,1,13,3,10,var_0 counter_var_1 +,25,counter_var_0 var_1 +
5379,114 83 44 41 113,35,114 7 112 13 113,25,7,10,13,21,20,38,var_0 counter_var_1 +,17,counter_var_0 var_1 +
5380,114 16 40 76 113,30,114 8 104 4 113,16,8,14,4,17,12,20,var_0 counter_var_1 +,22,counter_var_0 var_1 +
5381,114 28 43 40 113,37,114 69 62 43 113,28,11,9,12,20,16,40,var_0 counter_var_1 +,20,counter_var_0 var_1 +
5382,114 2 19 15 113,17,114 7 66 88 113,2,7,15,26,19,20,28,var_0 counter_var_1 +,22,counter_var_0 var_1 +
5383,114 88 68 71 113,10,114 74 87 60 113,1,16,9,29,22,18,30,var_0 counter_var_1 +,25,counter_var_0 var_1 +
5384,114 91 66 88 113,30,114 91 87 60 113,4,4,26,29,20,18,33,var_0 counter_var_1 +,30,counter_var_0 var_1 +
5385,114 89 26 25 113,27,114 70 21 49 113,2,12,25,18,3,21,20,var_0 counter_var_1 +,37,counter_var_0 var_1 +
5386,114 32 20 50 113,22,114 22 0 38 113,3,22,19,7,20,0,10,var_0 counter_var_1 +,41,counter_var_0 var_1 +
5387,114 59 100 75 113,14,114 67 110 108 113,1,9,13,15,8,18,16,var_0 counter_var_1 +,22,counter_var_0 var_1 +
5388,114 26 46 87 113,51,114 49 70 77 113,26,20,25,15,0,1,41,var_0 counter_var_1 +,45,counter_var_0 var_1 +
5389,114 45 46 87 113,41,114 81 88 16 113,16,23,25,16,0,19,32,var_0 counter_var_1 +,48,counter_var_0 var_1 +
5390,114 7 91 106 113,20,114 71 28 55 113,7,13,13,24,22,5,31,var_0 counter_var_1 +,26,counter_var_0 var_1 +
5391,114 92 43 40 113,14,114 89 11 6 113,5,2,9,6,20,11,11,var_0 counter_var_1 +,11,counter_var_0 var_1 +
5392,114 106 96 7 113,26,114 98 77 69 113,19,11,7,7,4,8,26,var_0 counter_var_1 +,18,counter_var_0 var_1 +
5393,114 75 76 54 113,40,114 10 88 16 113,17,10,23,16,7,19,33,var_0 counter_var_1 +,33,counter_var_0 var_1 +
5394,114 55 68 71 113,35,114 93 84 44 113,26,6,9,13,22,15,39,var_0 counter_var_1 +,15,counter_var_0 var_1 +
5395,114 53 109 65 113,27,114 66 27 101 113,24,8,3,8,17,4,32,var_0 counter_var_1 +,11,counter_var_0 var_1 +
5396,114 79 96 7 113,28,114 20 76 54 113,21,20,7,23,4,7,44,var_0 counter_var_1 +,27,counter_var_0 var_1 +
5397,114 58 86 94 113,1,114 91 41 34 113,0,4,1,3,17,18,3,var_0 counter_var_1 +,5,counter_var_0 var_1 +
5398,114 20 38 59 113,48,114 95 96 7 113,20,8,28,7,15,4,27,var_0 counter_var_1 +,36,counter_var_0 var_1 +
5399,114 15 84 44 113,28,114 70 83 3 113,15,12,13,3,15,14,18,var_0 counter_var_1 +,25,counter_var_0 var_1 +
5400,114 6 47 93 113,6,114 21 45 103 113,6,21,0,10,1,22,16,var_0 counter_var_1 +,21,counter_var_0 var_1 +
5401,114 69 14 33 113,13,114 3 62 43 113,11,3,2,12,14,16,23,var_0 counter_var_1 +,5,counter_var_0 var_1 +
5402,114 24 30 99 113,30,114 57 14 33 113,24,28,6,2,7,14,26,var_0 counter_var_1 +,34,counter_var_0 var_1 +
5403,114 30 47 93 113,1,114 112 91 106 113,1,25,0,13,1,22,14,var_0 counter_var_1 +,25,counter_var_0 var_1 +
5404,114 18 41 34 113,21,114 14 86 94 113,18,14,3,1,18,17,19,var_0 counter_var_1 +,17,counter_var_0 var_1 +
5405,114 32 44 41 113,13,114 90 2 84 113,3,3,10,22,21,2,25,var_0 counter_var_1 +,13,counter_var_0 var_1 +
5406,114 21 68 71 113,30,114 37 10 11 113,21,8,9,11,22,10,32,var_0 counter_var_1 +,17,counter_var_0 var_1 +
5407,114 29 60 63 113,1,114 101 64 66 113,0,14,1,4,14,18,4,var_0 counter_var_1 +,15,counter_var_0 var_1 +
5408,114 37 112 13 113,21,114 79 62 43 113,8,21,13,12,20,16,20,var_0 counter_var_1 +,34,counter_var_0 var_1 +
5409,114 26 75 8 113,34,114 41 8 57 113,26,12,8,26,6,8,52,var_0 counter_var_1 +,20,counter_var_0 var_1 +
5410,114 60 97 23 113,25,114 8 43 40 113,2,8,23,9,5,20,11,var_0 counter_var_1 +,31,counter_var_0 var_1 +
5411,114 89 66 88 113,28,114 108 80 48 113,2,21,26,17,20,11,19,var_0 counter_var_1 +,47,counter_var_0 var_1 +
5412,114 43 4 78 113,30,114 26 94 96 113,14,26,16,3,4,2,17,var_0 counter_var_1 +,42,counter_var_0 var_1 +
5413,114 18 35 37 113,24,114 88 112 13 113,18,1,6,13,12,20,31,var_0 counter_var_1 +,7,counter_var_0 var_1 +
5414,114 93 61 89 113,33,114 68 53 68 113,6,10,27,6,15,7,12,var_0 counter_var_1 +,37,counter_var_0 var_1 +
5415,114 40 8 57 113,37,114 110 41 34 113,11,23,26,3,8,18,14,var_0 counter_var_1 +,49,counter_var_0 var_1 +
5416,114 75 68 71 113,26,114 86 35 37 113,17,28,9,6,22,12,23,var_0 counter_var_1 +,37,counter_var_0 var_1 +
5417,114 31 97 23 113,25,114 109 17 112 113,2,22,23,19,5,17,21,var_0 counter_var_1 +,45,counter_var_0 var_1 +
5418,114 63 80 48 113,22,114 0 44 41 113,5,0,17,10,11,21,15,var_0 counter_var_1 +,17,counter_var_0 var_1 +
5419,114 17 4 78 113,33,114 44 85 31 113,17,15,16,0,4,16,17,var_0 counter_var_1 +,31,counter_var_0 var_1 +
5420,114 44 52 9 113,24,114 1 35 37 113,15,1,9,6,6,12,21,var_0 counter_var_1 +,10,counter_var_0 var_1 +
5421,114 72 87 60 113,43,114 1 8 57 113,14,1,29,26,18,8,40,var_0 counter_var_1 +,30,counter_var_0 var_1 +
5422,114 21 110 108 113,36,114 61 93 105 113,21,3,15,12,18,1,33,var_0 counter_var_1 +,18,counter_var_0 var_1 +
5423,114 97 9 70 113,18,114 13 2 84 113,10,13,8,22,9,2,32,var_0 counter_var_1 +,21,counter_var_0 var_1 +
5424,114 44 10 11 113,26,114 35 104 4 113,15,6,11,4,10,12,19,var_0 counter_var_1 +,17,counter_var_0 var_1 +
5425,114 40 67 80 113,29,114 16 68 71 113,11,16,18,9,21,22,20,var_0 counter_var_1 +,34,counter_var_0 var_1 +
5426,114 104 67 80 113,35,114 97 1 0 113,17,10,18,0,21,1,17,var_0 counter_var_1 +,28,counter_var_0 var_1 +
5427,114 25 62 43 113,37,114 49 102 45 113,25,20,12,14,16,10,39,var_0 counter_var_1 +,32,counter_var_0 var_1 +
5428,114 61 50 27 113,30,114 90 94 96 113,3,3,27,3,4,2,6,var_0 counter_var_1 +,30,counter_var_0 var_1 +
5429,114 77 11 6 113,25,114 19 61 89 113,19,19,6,27,11,15,46,var_0 counter_var_1 +,25,counter_var_0 var_1 +
5430,114 55 26 25 113,51,114 13 43 40 113,26,13,25,9,3,20,35,var_0 counter_var_1 +,38,counter_var_0 var_1 +
5431,114 86 108 85 113,51,114 54 18 72 113,28,25,23,10,16,18,38,var_0 counter_var_1 +,48,counter_var_0 var_1 +
5432,114 90 29 17 113,20,114 59 23 98 113,3,1,17,5,6,0,8,var_0 counter_var_1 +,18,counter_var_0 var_1 +
5433,114 50 112 13 113,34,114 61 101 39 113,21,3,13,8,20,9,29,var_0 counter_var_1 +,16,counter_var_0 var_1 +
5434,114 105 67 80 113,36,114 63 36 19 113,18,5,18,19,21,13,37,var_0 counter_var_1 +,23,counter_var_0 var_1 +
5435,114 53 22 12 113,36,114 96 45 103 113,24,9,12,10,22,22,34,var_0 counter_var_1 +,21,counter_var_0 var_1 +
5436,114 71 60 63 113,14,114 42 57 97 113,13,13,1,4,14,11,17,var_0 counter_var_1 +,14,counter_var_0 var_1 +
5437,114 55 97 23 113,49,114 62 99 92 113,26,4,23,30,5,7,56,var_0 counter_var_1 +,27,counter_var_0 var_1 +
5438,114 71 73 73 113,24,114 24 71 100 113,13,24,11,7,4,2,20,var_0 counter_var_1 +,35,counter_var_0 var_1 +
5439,114 50 22 12 113,33,114 42 19 15 113,21,13,12,15,22,19,36,var_0 counter_var_1 +,25,counter_var_0 var_1 +
5440,114 24 0 38 113,31,114 101 34 47 113,24,14,7,16,0,11,40,var_0 counter_var_1 +,21,counter_var_0 var_1 +
5441,114 86 74 91 113,57,114 63 64 66 113,28,5,29,4,5,18,32,var_0 counter_var_1 +,34,counter_var_0 var_1 +
5442,114 22 98 74 113,34,114 74 78 107 113,22,16,12,14,6,9,36,var_0 counter_var_1 +,28,counter_var_0 var_1 +
5443,114 67 39 36 113,14,114 27 88 16 113,9,27,5,16,16,19,25,var_0 counter_var_1 +,32,counter_var_0 var_1 +
5444,114 109 71 100 113,29,114 102 108 85 113,22,15,7,23,2,16,45,var_0 counter_var_1 +,22,counter_var_0 var_1 +
5445,114 48 79 58 113,46,114 16 70 77 113,19,16,27,15,10,1,34,var_0 counter_var_1 +,43,counter_var_0 var_1 +
5446,114 107 90 102 113,29,114 19 13 18 113,20,19,9,18,21,13,38,var_0 counter_var_1 +,28,counter_var_0 var_1 +
5447,114 74 104 4 113,20,114 88 27 101 113,16,1,4,8,12,4,24,var_0 counter_var_1 +,5,counter_var_0 var_1 +
5448,114 33 70 77 113,19,114 27 87 60 113,4,27,15,29,1,18,33,var_0 counter_var_1 +,42,counter_var_0 var_1 +
5449,114 15 86 94 113,16,114 72 40 76 113,15,14,1,14,17,17,29,var_0 counter_var_1 +,15,counter_var_0 var_1 +
5450,114 1 54 53 113,23,114 88 97 23 113,1,1,22,23,8,5,24,var_0 counter_var_1 +,23,counter_var_0 var_1 +
5451,114 76 65 67 113,23,114 43 71 100 113,18,14,5,7,19,2,25,var_0 counter_var_1 +,19,counter_var_0 var_1 +
5452,114 38 40 76 113,23,114 112 103 61 113,9,25,14,30,17,11,39,var_0 counter_var_1 +,39,counter_var_0 var_1 +
5453,114 74 12 83 113,37,114 15 4 78 113,16,15,21,16,12,4,32,var_0 counter_var_1 +,36,counter_var_0 var_1 +
5454,114 92 35 37 113,11,114 32 52 9 113,5,3,6,9,12,6,14,var_0 counter_var_1 +,9,counter_var_0 var_1 +
5455,114 61 19 15 113,18,114 25 102 45 113,3,25,15,14,19,10,17,var_0 counter_var_1 +,40,counter_var_0 var_1 +
5456,114 51 42 46 113,37,114 56 34 47 113,22,27,15,16,19,11,38,var_0 counter_var_1 +,42,counter_var_0 var_1 +
5457,114 101 25 20 113,34,114 92 15 62 113,14,5,20,0,2,15,14,var_0 counter_var_1 +,25,counter_var_0 var_1 +
5458,114 76 82 90 113,46,114 10 37 110 113,18,10,28,17,13,14,35,var_0 counter_var_1 +,38,counter_var_0 var_1 +
5459,114 63 16 21 113,26,114 2 36 19 113,5,2,21,19,16,13,24,var_0 counter_var_1 +,23,counter_var_0 var_1 +
5460,114 9 30 99 113,15,114 31 24 35 113,9,2,6,4,7,1,13,var_0 counter_var_1 +,8,counter_var_0 var_1 +
5461,114 90 59 30 113,33,114 72 13 18 113,3,14,30,18,13,13,21,var_0 counter_var_1 +,44,counter_var_0 var_1 +
5462,114 40 53 68 113,17,114 42 32 1 113,11,13,6,1,7,9,12,var_0 counter_var_1 +,19,counter_var_0 var_1 +
5463,114 62 66 88 113,30,114 8 70 77 113,4,8,26,15,20,1,19,var_0 counter_var_1 +,34,counter_var_0 var_1 +
5464,114 60 102 45 113,16,114 9 50 27 113,2,9,14,27,10,4,29,var_0 counter_var_1 +,23,counter_var_0 var_1 +
5465,114 40 12 83 113,32,114 67 35 37 113,11,9,21,6,12,12,17,var_0 counter_var_1 +,30,counter_var_0 var_1 +
5466,114 103 58 2 113,18,114 2 5 24 113,16,2,2,24,12,5,40,var_0 counter_var_1 +,4,counter_var_0 var_1 +
5467,114 49 1 0 113,20,114 26 22 12 113,20,26,0,12,1,22,32,var_0 counter_var_1 +,26,counter_var_0 var_1 +
5468,114 62 105 111 113,22,114 101 75 8 113,4,14,18,8,13,6,12,var_0 counter_var_1 +,32,counter_var_0 var_1 +
5469,114 82 56 5 113,29,114 18 23 98 113,24,18,5,5,10,0,29,var_0 counter_var_1 +,23,counter_var_0 var_1 +
5470,114 73 49 32 113,16,114 57 7 22 113,15,28,1,22,3,7,37,var_0 counter_var_1 +,29,counter_var_0 var_1 +
5471,114 11 73 73 113,22,114 69 56 5 113,11,11,11,5,4,10,16,var_0 counter_var_1 +,22,counter_var_0 var_1 +
5472,114 16 79 58 113,43,114 36 5 24 113,16,7,27,24,10,5,40,var_0 counter_var_1 +,34,counter_var_0 var_1 +
5473,114 102 96 7 113,22,114 7 12 83 113,15,7,7,21,4,12,36,var_0 counter_var_1 +,14,counter_var_0 var_1 +
5474,114 112 13 18 113,43,114 41 90 102 113,25,12,18,9,13,21,34,var_0 counter_var_1 +,30,counter_var_0 var_1 +
5475,114 27 45 103 113,37,114 35 94 96 113,27,6,10,3,22,2,30,var_0 counter_var_1 +,16,counter_var_0 var_1 +
5476,114 1 9 70 113,9,114 24 48 95 113,1,24,8,2,9,2,3,var_0 counter_var_1 +,32,counter_var_0 var_1 +
5477,114 91 39 36 113,9,114 67 30 99 113,4,9,5,6,16,7,10,var_0 counter_var_1 +,14,counter_var_0 var_1 +
5478,114 46 13 18 113,35,114 58 39 36 113,17,0,18,5,13,16,22,var_0 counter_var_1 +,18,counter_var_0 var_1 +
5479,114 69 59 30 113,41,114 34 28 55 113,11,5,30,24,13,5,35,var_0 counter_var_1 +,35,counter_var_0 var_1 +
5480,114 5 44 41 113,15,114 62 9 70 113,5,4,10,8,21,9,13,var_0 counter_var_1 +,14,counter_var_0 var_1 +
5481,114 85 90 102 113,36,114 0 32 1 113,27,0,9,1,21,9,28,var_0 counter_var_1 +,9,counter_var_0 var_1 +
5482,114 30 50 27 113,28,114 54 14 33 113,1,25,27,2,4,14,3,var_0 counter_var_1 +,52,counter_var_0 var_1 +
5483,114 34 61 89 113,32,114 101 93 105 113,5,14,27,12,15,1,17,var_0 counter_var_1 +,41,counter_var_0 var_1 +
5484,114 45 73 73 113,27,114 32 79 58 113,16,3,11,27,4,10,43,var_0 counter_var_1 +,14,counter_var_0 var_1 +
5485,114 78 46 87 113,45,114 0 73 73 113,20,0,25,11,0,4,31,var_0 counter_var_1 +,25,counter_var_0 var_1 +
5486,114 100 11 6 113,19,114 39 47 93 113,13,10,6,0,11,1,13,var_0 counter_var_1 +,16,counter_var_0 var_1 +
5487,114 52 22 12 113,35,114 27 35 37 113,23,27,12,6,22,12,29,var_0 counter_var_1 +,39,counter_var_0 var_1 +
5488,114 99 24 35 113,16,114 30 5 24 113,12,1,4,24,1,5,36,var_0 counter_var_1 +,5,counter_var_0 var_1 +
5489,114 104 45 103 113,27,114 10 3 86 113,17,10,10,24,22,3,41,var_0 counter_var_1 +,20,counter_var_0 var_1 +
5490,114 71 107 28 113,41,114 4 26 25 113,13,4,28,25,15,3,38,var_0 counter_var_1 +,32,counter_var_0 var_1 +
5491,114 41 35 37 113,18,114 19 39 36 113,12,19,6,5,12,16,17,var_0 counter_var_1 +,25,counter_var_0 var_1 +
5492,114 89 28 55 113,26,114 13 30 99 113,2,13,24,6,5,7,8,var_0 counter_var_1 +,37,counter_var_0 var_1 +
5493,114 8 49 32 113,9,114 76 23 98 113,8,18,1,5,3,0,13,var_0 counter_var_1 +,19,counter_var_0 var_1 +
5494,114 44 67 80 113,33,114 78 49 32 113,15,20,18,1,21,3,16,var_0 counter_var_1 +,38,counter_var_0 var_1 +
5495,114 94 89 29 113,36,114 31 99 92 113,7,2,29,30,20,7,37,var_0 counter_var_1 +,31,counter_var_0 var_1 +
5496,114 43 68 71 113,23,114 58 19 15 113,14,0,9,15,22,19,29,var_0 counter_var_1 +,9,counter_var_0 var_1 +
5497,114 108 5 24 113,45,114 99 10 11 113,21,12,24,11,5,10,32,var_0 counter_var_1 +,36,counter_var_0 var_1 +
5498,114 5 23 98 113,10,114 89 30 99 113,5,2,5,6,0,7,11,var_0 counter_var_1 +,7,counter_var_0 var_1 +
5499,114 53 83 3 113,27,114 112 75 8 113,24,25,3,8,14,6,32,var_0 counter_var_1 +,28,counter_var_0 var_1 +
5500,114 96 39 36 113,14,114 30 112 13 113,9,1,5,13,16,20,22,var_0 counter_var_1 +,6,counter_var_0 var_1 +
5501,114 34 94 96 113,8,114 45 81 52 113,5,16,3,21,2,12,26,var_0 counter_var_1 +,19,counter_var_0 var_1 +
5502,114 10 65 67 113,15,114 76 68 71 113,10,18,5,9,19,22,19,var_0 counter_var_1 +,23,counter_var_0 var_1 +
5503,114 106 15 62 113,19,114 10 106 56 113,19,10,0,25,15,14,44,var_0 counter_var_1 +,10,counter_var_0 var_1 +
5504,114 100 52 9 113,22,114 5 27 101 113,13,5,9,8,6,4,21,var_0 counter_var_1 +,14,counter_var_0 var_1 +
5505,114 83 48 95 113,27,114 103 58 2 113,25,16,2,2,2,12,27,var_0 counter_var_1 +,18,counter_var_0 var_1 +
5506,114 38 9 70 113,17,114 25 76 54 113,9,25,8,23,9,7,32,var_0 counter_var_1 +,33,counter_var_0 var_1 +
5507,114 101 18 72 113,24,114 32 6 64 113,14,3,10,2,18,6,16,var_0 counter_var_1 +,13,counter_var_0 var_1 +
5508,114 100 77 69 113,20,114 4 23 98 113,13,4,7,5,8,0,18,var_0 counter_var_1 +,11,counter_var_0 var_1 +
5509,114 55 13 18 113,44,114 94 32 1 113,26,7,18,1,13,9,27,var_0 counter_var_1 +,25,counter_var_0 var_1 +
5510,114 73 31 82 113,35,114 77 25 20 113,15,19,20,20,8,2,35,var_0 counter_var_1 +,39,counter_var_0 var_1 +
5511,114 107 52 9 113,29,114 22 43 40 113,20,22,9,9,6,20,29,var_0 counter_var_1 +,31,counter_var_0 var_1 +
5512,114 64 64 66 113,10,114 85 77 69 113,6,27,4,7,18,8,13,var_0 counter_var_1 +,31,counter_var_0 var_1 +
5513,114 44 55 10 113,25,114 37 41 34 113,15,8,10,3,9,18,18,var_0 counter_var_1 +,18,counter_var_0 var_1 +
5514,114 73 92 51 113,35,114 85 37 110 113,15,27,20,17,0,14,32,var_0 counter_var_1 +,47,counter_var_0 var_1 +
5515,114 82 10 11 113,35,114 14 55 10 113,24,14,11,10,10,9,34,var_0 counter_var_1 +,25,counter_var_0 var_1 +
5516,114 9 71 100 113,16,114 87 89 29 113,9,0,7,29,2,20,38,var_0 counter_var_1 +,7,counter_var_0 var_1 +
5517,114 11 31 82 113,31,114 51 70 77 113,11,22,20,15,8,1,26,var_0 counter_var_1 +,42,counter_var_0 var_1 +
5518,114 93 84 44 113,19,114 111 36 19 113,6,24,13,19,15,13,25,var_0 counter_var_1 +,37,counter_var_0 var_1 +
5519,114 55 95 109 113,42,114 50 63 26 113,26,21,16,26,3,17,52,var_0 counter_var_1 +,37,counter_var_0 var_1 +
5520,114 6 86 94 113,7,114 42 69 104 113,6,13,1,11,17,0,17,var_0 counter_var_1 +,14,counter_var_0 var_1 +
5521,114 104 98 74 113,29,114 36 6 64 113,17,7,12,2,6,6,19,var_0 counter_var_1 +,19,counter_var_0 var_1 +
5522,114 79 36 19 113,40,114 105 61 89 113,21,18,19,27,13,15,48,var_0 counter_var_1 +,37,counter_var_0 var_1 +
5523,114 29 49 32 113,1,114 108 110 108 113,0,21,1,15,3,18,15,var_0 counter_var_1 +,22,counter_var_0 var_1 +
5524,114 32 85 31 113,3,114 91 50 27 113,3,4,0,27,16,4,30,var_0 counter_var_1 +,4,counter_var_0 var_1 +
5525,114 81 31 82 113,43,114 86 111 79 113,23,28,20,17,8,19,40,var_0 counter_var_1 +,48,counter_var_0 var_1 +
5526,114 101 42 46 113,29,114 89 65 67 113,14,2,15,5,19,19,19,var_0 counter_var_1 +,17,counter_var_0 var_1 +
5527,114 67 75 8 113,17,114 68 96 7 113,9,10,8,7,6,4,16,var_0 counter_var_1 +,18,counter_var_0 var_1 +
5528,114 89 25 20 113,22,114 28 25 20 113,2,28,20,20,2,2,22,var_0 counter_var_1 +,48,counter_var_0 var_1 +
5529,114 83 74 91 113,54,114 22 10 11 113,25,22,29,11,5,10,36,var_0 counter_var_1 +,51,counter_var_0 var_1 +
5530,114 35 3 86 113,30,114 72 79 58 113,6,14,24,27,3,10,33,var_0 counter_var_1 +,38,counter_var_0 var_1 +
5531,114 108 20 50 113,40,114 47 106 56 113,21,18,19,25,20,14,46,var_0 counter_var_1 +,37,counter_var_0 var_1 +
5532,114 3 58 2 113,5,114 25 101 39 113,3,25,2,8,12,9,11,var_0 counter_var_1 +,27,counter_var_0 var_1 +
5533,114 42 94 96 113,16,114 2 112 13 113,13,2,3,13,2,20,26,var_0 counter_var_1 +,5,counter_var_0 var_1 +
5534,114 112 40 76 113,39,114 29 104 4 113,25,0,14,4,17,12,29,var_0 counter_var_1 +,14,counter_var_0 var_1 +
5535,114 16 67 80 113,34,114 87 39 36 113,16,0,18,5,21,16,21,var_0 counter_var_1 +,18,counter_var_0 var_1 +
5536,114 61 43 40 113,12,114 73 90 102 113,3,15,9,9,20,21,12,var_0 counter_var_1 +,24,counter_var_0 var_1 +
5537,114 41 0 38 113,19,114 45 40 76 113,12,16,7,14,0,17,26,var_0 counter_var_1 +,23,counter_var_0 var_1 +
5538,114 31 91 106 113,15,114 99 56 5 113,2,12,13,5,22,10,7,var_0 counter_var_1 +,25,counter_var_0 var_1 +
5539,114 42 43 40 113,22,114 109 104 4 113,13,22,9,4,20,12,17,var_0 counter_var_1 +,31,counter_var_0 var_1 +
5540,114 45 57 97 113,20,114 57 78 107 113,16,28,4,14,11,9,30,var_0 counter_var_1 +,32,counter_var_0 var_1 +
5541,114 21 97 23 113,44,114 45 53 68 113,21,16,23,6,5,7,27,var_0 counter_var_1 +,39,counter_var_0 var_1 +
5542,114 108 80 48 113,38,114 38 72 81 113,21,9,17,19,11,3,40,var_0 counter_var_1 +,26,counter_var_0 var_1 +
5543,114 71 74 91 113,42,114 100 46 87 113,13,13,29,25,5,0,38,var_0 counter_var_1 +,42,counter_var_0 var_1 +
5544,114 47 12 83 113,39,114 105 42 46 113,18,18,21,15,12,19,33,var_0 counter_var_1 +,39,counter_var_0 var_1 +
5545,114 48 74 91 113,48,114 23 11 6 113,19,23,29,6,5,11,25,var_0 counter_var_1 +,52,counter_var_0 var_1 +
5546,114 64 24 35 113,10,114 76 5 24 113,6,18,4,24,1,5,30,var_0 counter_var_1 +,22,counter_var_0 var_1 +
5547,114 13 47 93 113,13,114 13 10 11 113,13,13,0,11,1,10,24,var_0 counter_var_1 +,13,counter_var_0 var_1 +
5548,114 63 64 66 113,9,114 64 13 18 113,5,6,4,18,18,13,23,var_0 counter_var_1 +,10,counter_var_0 var_1 +
5549,114 112 62 43 113,37,114 31 45 103 113,25,2,12,10,16,22,35,var_0 counter_var_1 +,14,counter_var_0 var_1 +
5550,114 49 72 81 113,39,114 73 5 24 113,20,15,19,24,3,5,44,var_0 counter_var_1 +,34,counter_var_0 var_1 +
5551,114 99 101 39 113,20,114 30 22 12 113,12,1,8,12,9,22,24,var_0 counter_var_1 +,9,counter_var_0 var_1 +
5552,114 71 100 75 113,26,114 69 92 51 113,13,11,13,20,8,0,33,var_0 counter_var_1 +,24,counter_var_0 var_1 +
5553,114 80 34 47 113,38,114 67 102 45 113,22,9,16,14,11,10,36,var_0 counter_var_1 +,25,counter_var_0 var_1 +
5554,114 27 94 96 113,30,114 98 2 84 113,27,11,3,22,2,2,49,var_0 counter_var_1 +,14,counter_var_0 var_1 +
5555,114 103 15 62 113,16,114 75 87 60 113,16,17,0,29,15,18,45,var_0 counter_var_1 +,17,counter_var_0 var_1 +
5556,114 74 78 107 113,30,114 84 43 40 113,16,26,14,9,9,20,25,var_0 counter_var_1 +,40,counter_var_0 var_1 +
5557,114 81 86 94 113,24,114 112 95 109 113,23,25,1,16,17,3,39,var_0 counter_var_1 +,26,counter_var_0 var_1 +
5558,114 77 79 58 113,46,114 87 37 110 113,19,0,27,17,10,14,36,var_0 counter_var_1 +,27,counter_var_0 var_1 +
5559,114 51 56 5 113,27,114 5 44 41 113,22,5,5,10,10,21,32,var_0 counter_var_1 +,10,counter_var_0 var_1 +
5560,114 73 24 35 113,19,114 102 74 91 113,15,15,4,29,1,5,44,var_0 counter_var_1 +,19,counter_var_0 var_1 +
5561,114 0 1 0 113,0,114 92 91 106 113,0,5,0,13,1,22,13,var_0 counter_var_1 +,5,counter_var_0 var_1 +
5562,114 79 16 21 113,42,114 55 31 82 113,21,26,21,20,16,8,41,var_0 counter_var_1 +,47,counter_var_0 var_1 +
5563,114 35 84 44 113,19,114 12 111 79 113,6,12,13,17,15,19,23,var_0 counter_var_1 +,25,counter_var_0 var_1 +
5564,114 65 2 84 113,29,114 15 25 20 113,7,15,22,20,2,2,27,var_0 counter_var_1 +,37,counter_var_0 var_1 +
5565,114 83 91 106 113,38,114 61 36 19 113,25,3,13,19,22,13,44,var_0 counter_var_1 +,16,counter_var_0 var_1 +
5566,114 22 14 33 113,24,114 52 58 2 113,22,23,2,2,14,12,24,var_0 counter_var_1 +,25,counter_var_0 var_1 +
5567,114 41 42 46 113,27,114 12 78 107 113,12,12,15,14,19,9,26,var_0 counter_var_1 +,27,counter_var_0 var_1 +
5568,114 34 60 63 113,6,114 105 60 63 113,5,18,1,1,14,14,6,var_0 counter_var_1 +,19,counter_var_0 var_1 +
5569,114 20 70 77 113,35,114 49 21 49 113,20,20,15,18,1,21,38,var_0 counter_var_1 +,35,counter_var_0 var_1 +
5570,114 70 33 14 113,26,114 62 108 85 113,12,4,14,23,10,16,35,var_0 counter_var_1 +,18,counter_var_0 var_1 +
5571,114 50 84 44 113,34,114 102 44 41 113,21,15,13,10,15,21,31,var_0 counter_var_1 +,28,counter_var_0 var_1 +
5572,114 48 91 106 113,32,114 11 72 81 113,19,11,13,19,22,3,38,var_0 counter_var_1 +,24,counter_var_0 var_1 +
5573,114 52 26 25 113,48,114 79 46 87 113,23,21,25,25,3,0,48,var_0 counter_var_1 +,46,counter_var_0 var_1 +
5574,114 46 30 99 113,23,114 29 12 83 113,17,0,6,21,7,12,38,var_0 counter_var_1 +,6,counter_var_0 var_1 +
5575,114 71 44 41 113,23,114 53 37 110 113,13,24,10,17,21,14,30,var_0 counter_var_1 +,34,counter_var_0 var_1 +
5576,114 39 40 76 113,24,114 60 62 43 113,10,2,14,12,17,16,22,var_0 counter_var_1 +,16,counter_var_0 var_1 +
5577,114 50 10 11 113,32,114 58 108 85 113,21,0,11,23,10,16,44,var_0 counter_var_1 +,11,counter_var_0 var_1 +
5578,114 48 73 73 113,30,114 100 26 25 113,19,13,11,25,4,3,44,var_0 counter_var_1 +,24,counter_var_0 var_1 +
5579,114 81 19 15 113,38,114 33 102 45 113,23,4,15,14,19,10,37,var_0 counter_var_1 +,19,counter_var_0 var_1 +
5580,114 49 39 36 113,25,114 58 5 24 113,20,0,5,24,16,5,44,var_0 counter_var_1 +,5,counter_var_0 var_1 +
5581,114 67 87 60 113,38,114 20 47 93 113,9,20,29,0,18,1,9,var_0 counter_var_1 +,49,counter_var_0 var_1 +
5582,114 34 31 82 113,25,114 101 111 79 113,5,14,20,17,8,19,22,var_0 counter_var_1 +,34,counter_var_0 var_1 +
5583,114 104 46 87 113,42,114 100 102 45 113,17,13,25,14,0,10,31,var_0 counter_var_1 +,38,counter_var_0 var_1 +
5584,114 67 56 5 113,14,114 67 49 32 113,9,9,5,1,10,3,10,var_0 counter_var_1 +,14,counter_var_0 var_1 +
5585,114 108 38 59 113,49,114 37 65 67 113,21,8,28,5,15,19,26,var_0 counter_var_1 +,36,counter_var_0 var_1 +
5586,114 70 76 54 113,35,114 81 67 80 113,12,23,23,18,7,21,30,var_0 counter_var_1 +,46,counter_var_0 var_1 +
5587,114 26 21 49 113,44,114 13 37 110 113,26,13,18,17,21,14,43,var_0 counter_var_1 +,31,counter_var_0 var_1 +
5588,114 83 83 3 113,28,114 47 66 88 113,25,18,3,26,14,20,51,var_0 counter_var_1 +,21,counter_var_0 var_1 +
5589,114 107 57 97 113,24,114 79 81 52 113,20,21,4,21,11,12,41,var_0 counter_var_1 +,25,counter_var_0 var_1 +
5590,114 40 17 112 113,30,114 43 51 42 113,11,14,19,11,17,5,22,var_0 counter_var_1 +,33,counter_var_0 var_1 +
5591,114 33 81 52 113,25,114 81 37 110 113,4,23,21,17,12,14,21,var_0 counter_var_1 +,44,counter_var_0 var_1 +
5592,114 91 74 91 113,33,114 0 47 93 113,4,0,29,0,5,1,4,var_0 counter_var_1 +,29,counter_var_0 var_1 +
5593,114 13 44 41 113,23,114 65 72 81 113,13,7,10,19,21,3,32,var_0 counter_var_1 +,17,counter_var_0 var_1 +
5594,114 49 81 52 113,41,114 21 84 44 113,20,21,21,13,12,15,33,var_0 counter_var_1 +,42,counter_var_0 var_1 +
5595,114 13 91 106 113,26,114 2 35 37 113,13,2,13,6,22,12,19,var_0 counter_var_1 +,15,counter_var_0 var_1 +
5596,114 48 77 69 113,26,114 81 53 68 113,19,23,7,6,8,7,25,var_0 counter_var_1 +,30,counter_var_0 var_1 +
5597,114 62 111 79 113,21,114 44 95 109 113,4,15,17,16,19,3,20,var_0 counter_var_1 +,32,counter_var_0 var_1 +
5598,114 46 65 67 113,22,114 104 101 39 113,17,17,5,8,19,9,25,var_0 counter_var_1 +,22,counter_var_0 var_1 +
5599,114 109 97 23 113,45,114 62 102 45 113,22,4,23,14,5,10,36,var_0 counter_var_1 +,27,counter_var_0 var_1 +
5600,114 99 110 108 113,27,114 38 104 4 113,12,9,15,4,18,12,16,var_0 counter_var_1 +,24,counter_var_0 var_1 +
5601,114 84 3 86 113,50,114 109 106 56 113,26,22,24,25,3,14,51,var_0 counter_var_1 +,46,counter_var_0 var_1 +
5602,114 33 71 100 113,11,114 21 94 96 113,4,21,7,3,2,2,7,var_0 counter_var_1 +,28,counter_var_0 var_1 +
5603,114 83 93 105 113,37,114 61 2 84 113,25,3,12,22,1,2,47,var_0 counter_var_1 +,15,counter_var_0 var_1 +
5604,114 82 50 27 113,51,114 35 16 21 113,24,6,27,21,4,16,45,var_0 counter_var_1 +,33,counter_var_0 var_1 +
5605,114 20 108 85 113,43,114 3 81 52 113,20,3,23,21,16,12,41,var_0 counter_var_1 +,26,counter_var_0 var_1 +
5606,114 3 88 16 113,19,114 18 100 75 113,3,18,16,13,19,8,16,var_0 counter_var_1 +,34,counter_var_0 var_1 +
5607,114 33 86 94 113,5,114 66 76 54 113,4,8,1,23,17,7,27,var_0 counter_var_1 +,9,counter_var_0 var_1 +
5608,114 0 58 2 113,2,114 27 26 25 113,0,27,2,25,12,3,25,var_0 counter_var_1 +,29,counter_var_0 var_1 +
5609,114 1 49 32 113,2,114 111 26 25 113,1,24,1,25,3,3,26,var_0 counter_var_1 +,25,counter_var_0 var_1 +
5610,114 31 53 68 113,8,114 80 73 73 113,2,22,6,11,7,4,13,var_0 counter_var_1 +,28,counter_var_0 var_1 +
5611,114 20 57 97 113,24,114 43 76 54 113,20,14,4,23,11,7,43,var_0 counter_var_1 +,18,counter_var_0 var_1 +
5612,114 85 66 88 113,53,114 10 15 62 113,27,10,26,0,20,15,27,var_0 counter_var_1 +,36,counter_var_0 var_1 +
5613,114 65 84 44 113,20,114 38 30 99 113,7,9,13,6,15,7,13,var_0 counter_var_1 +,22,counter_var_0 var_1 +
5614,114 35 37 110 113,23,114 10 53 68 113,6,10,17,6,14,7,12,var_0 counter_var_1 +,27,counter_var_0 var_1 +
5615,114 64 66 88 113,32,114 22 29 17 113,6,22,26,17,20,6,23,var_0 counter_var_1 +,48,counter_var_0 var_1 +
5616,114 3 99 92 113,33,114 57 84 44 113,3,28,30,13,7,15,16,var_0 counter_var_1 +,58,counter_var_0 var_1 +
5617,114 3 17 112 113,22,114 3 0 38 113,3,3,19,7,17,0,10,var_0 counter_var_1 +,22,counter_var_0 var_1 +
5618,114 110 39 36 113,28,114 83 0 38 113,23,25,5,7,16,0,30,var_0 counter_var_1 +,30,counter_var_0 var_1 +
5619,114 93 44 41 113,16,114 2 73 73 113,6,2,10,11,21,4,17,var_0 counter_var_1 +,12,counter_var_0 var_1 +
5620,114 75 107 28 113,45,114 108 61 89 113,17,21,28,27,15,15,44,var_0 counter_var_1 +,49,counter_var_0 var_1 +
5621,114 51 25 20 113,42,114 65 89 29 113,22,7,20,29,2,20,51,var_0 counter_var_1 +,27,counter_var_0 var_1 +
5622,114 46 74 91 113,46,114 80 75 8 113,17,22,29,8,5,6,25,var_0 counter_var_1 +,51,counter_var_0 var_1 +
5623,114 66 27 101 113,16,114 57 65 67 113,8,28,8,5,4,19,13,var_0 counter_var_1 +,36,counter_var_0 var_1 +
5624,114 48 5 24 113,43,114 9 5 24 113,19,9,24,24,5,5,43,var_0 counter_var_1 +,33,counter_var_0 var_1 +
5625,114 111 23 98 113,29,114 95 46 87 113,24,8,5,25,0,0,49,var_0 counter_var_1 +,13,counter_var_0 var_1 +
5626,114 18 55 10 113,28,114 44 51 42 113,18,15,10,11,9,5,29,var_0 counter_var_1 +,25,counter_var_0 var_1 +
5627,114 36 65 67 113,12,114 12 85 31 113,7,12,5,0,19,16,7,var_0 counter_var_1 +,17,counter_var_0 var_1 +
5628,114 32 70 77 113,18,114 51 29 17 113,3,22,15,17,1,6,20,var_0 counter_var_1 +,37,counter_var_0 var_1 +
5629,114 101 26 25 113,39,114 90 38 59 113,14,3,25,28,3,15,42,var_0 counter_var_1 +,28,counter_var_0 var_1 +
5630,114 20 92 51 113,40,114 63 21 49 113,20,5,20,18,0,21,38,var_0 counter_var_1 +,25,counter_var_0 var_1 +
5631,114 75 60 63 113,18,114 8 110 108 113,17,8,1,15,14,18,32,var_0 counter_var_1 +,9,counter_var_0 var_1 +
5632,114 21 47 93 113,21,114 79 79 58 113,21,21,0,27,1,10,48,var_0 counter_var_1 +,21,counter_var_0 var_1 +
5633,114 0 57 97 113,4,114 1 106 56 113,0,1,4,25,11,14,25,var_0 counter_var_1 +,5,counter_var_0 var_1 +
5634,114 35 100 75 113,19,114 80 43 40 113,6,22,13,9,8,20,15,var_0 counter_var_1 +,35,counter_var_0 var_1 +
5635,114 49 71 100 113,27,114 11 63 26 113,20,11,7,26,2,17,46,var_0 counter_var_1 +,18,counter_var_0 var_1 +
5636,114 47 0 38 113,25,114 14 99 92 113,18,14,7,30,0,7,48,var_0 counter_var_1 +,21,counter_var_0 var_1 +
5637,114 84 24 35 113,30,114 43 39 36 113,26,14,4,5,1,16,31,var_0 counter_var_1 +,18,counter_var_0 var_1 +
5638,114 94 73 73 113,18,114 25 19 15 113,7,25,11,15,4,19,22,var_0 counter_var_1 +,36,counter_var_0 var_1 +
5639,114 60 20 50 113,21,114 21 76 54 113,2,21,19,23,20,7,25,var_0 counter_var_1 +,40,counter_var_0 var_1 +
5640,114 25 37 110 113,42,114 86 79 58 113,25,28,17,27,14,10,52,var_0 counter_var_1 +,45,counter_var_0 var_1 +
5641,114 16 61 89 113,43,114 30 20 50 113,16,1,27,19,15,20,35,var_0 counter_var_1 +,28,counter_var_0 var_1 +
5642,114 62 43 40 113,13,114 63 56 5 113,4,5,9,5,20,10,9,var_0 counter_var_1 +,14,counter_var_0 var_1 +
5643,114 76 3 86 113,42,114 110 83 3 113,18,23,24,3,3,14,21,var_0 counter_var_1 +,47,counter_var_0 var_1 +
5644,114 73 16 21 113,36,114 70 71 100 113,15,12,21,7,16,2,22,var_0 counter_var_1 +,33,counter_var_0 var_1 +
5645,114 67 36 19 113,28,114 47 29 17 113,9,18,19,17,13,6,26,var_0 counter_var_1 +,37,counter_var_0 var_1 +
5646,114 58 100 75 113,13,114 53 64 66 113,0,24,13,4,8,18,4,var_0 counter_var_1 +,37,counter_var_0 var_1 +
5647,114 29 32 1 113,1,114 8 87 60 113,0,8,1,29,9,18,29,var_0 counter_var_1 +,9,counter_var_0 var_1 +
5648,114 2 54 53 113,24,114 79 54 53 113,2,21,22,22,8,8,24,var_0 counter_var_1 +,43,counter_var_0 var_1 +
5649,114 67 62 43 113,21,114 55 14 33 113,9,26,12,2,16,14,11,var_0 counter_var_1 +,38,counter_var_0 var_1 +
5650,114 72 53 68 113,20,114 96 48 95 113,14,9,6,2,7,2,16,var_0 counter_var_1 +,15,counter_var_0 var_1 +
5651,114 42 26 25 113,38,114 69 55 10 113,13,11,25,10,3,9,23,var_0 counter_var_1 +,36,counter_var_0 var_1 +
5652,114 34 53 68 113,11,114 44 38 59 113,5,15,6,28,7,15,33,var_0 counter_var_1 +,21,counter_var_0 var_1 +
5653,114 72 67 80 113,32,114 70 112 13 113,14,12,18,13,21,20,27,var_0 counter_var_1 +,30,counter_var_0 var_1 +
5654,114 42 70 77 113,28,114 85 101 39 113,13,27,15,8,1,9,21,var_0 counter_var_1 +,42,counter_var_0 var_1 +
5655,114 92 69 104 113,16,114 4 52 9 113,5,4,11,9,0,6,14,var_0 counter_var_1 +,15,counter_var_0 var_1 +
5656,114 28 40 76 113,42,114 96 29 17 113,28,9,14,17,17,6,45,var_0 counter_var_1 +,23,counter_var_0 var_1 +
5657,114 74 7 22 113,38,114 18 72 81 113,16,18,22,19,7,3,35,var_0 counter_var_1 +,40,counter_var_0 var_1 +
5658,114 7 112 13 113,20,114 7 18 72 113,7,7,13,10,20,18,17,var_0 counter_var_1 +,20,counter_var_0 var_1 +
5659,114 100 85 31 113,13,114 10 2 84 113,13,10,0,22,16,2,35,var_0 counter_var_1 +,10,counter_var_0 var_1 +
5660,114 19 34 47 113,35,114 58 12 83 113,19,0,16,21,11,12,40,var_0 counter_var_1 +,16,counter_var_0 var_1 +
5661,114 77 7 22 113,41,114 6 41 34 113,19,6,22,3,7,18,22,var_0 counter_var_1 +,28,counter_var_0 var_1 +
5662,114 65 90 102 113,16,114 63 41 34 113,7,5,9,3,21,18,10,var_0 counter_var_1 +,14,counter_var_0 var_1 +
5663,114 53 101 39 113,32,114 19 73 73 113,24,19,8,11,9,4,35,var_0 counter_var_1 +,27,counter_var_0 var_1 +
5664,114 41 59 30 113,42,114 81 2 84 113,12,23,30,22,13,2,34,var_0 counter_var_1 +,53,counter_var_0 var_1 +
5665,114 70 51 42 113,23,114 47 10 11 113,12,18,11,11,5,10,23,var_0 counter_var_1 +,29,counter_var_0 var_1 +
5666,114 79 68 71 113,30,114 91 46 87 113,21,4,9,25,22,0,46,var_0 counter_var_1 +,13,counter_var_0 var_1 +
5667,114 27 65 67 113,32,114 53 105 111 113,27,24,5,18,19,13,45,var_0 counter_var_1 +,29,counter_var_0 var_1 +
5668,114 102 49 32 113,16,114 108 66 88 113,15,21,1,26,3,20,41,var_0 counter_var_1 +,22,counter_var_0 var_1 +
5669,114 16 45 103 113,26,114 25 8 57 113,16,25,10,26,22,8,42,var_0 counter_var_1 +,35,counter_var_0 var_1 +
5670,114 71 34 47 113,29,114 8 108 85 113,13,8,16,23,11,16,36,var_0 counter_var_1 +,24,counter_var_0 var_1 +
5671,114 14 45 103 113,24,114 66 4 78 113,14,8,10,16,22,4,30,var_0 counter_var_1 +,18,counter_var_0 var_1 +
5672,114 37 33 14 113,22,114 108 106 56 113,8,21,14,25,10,14,33,var_0 counter_var_1 +,35,counter_var_0 var_1 +
5673,114 107 50 27 113,47,114 71 40 76 113,20,13,27,14,4,17,34,var_0 counter_var_1 +,40,counter_var_0 var_1 +
5674,114 101 29 17 113,31,114 56 66 88 113,14,27,17,26,6,20,40,var_0 counter_var_1 +,44,counter_var_0 var_1 +
5675,114 12 60 63 113,13,114 86 94 96 113,12,28,1,3,14,2,15,var_0 counter_var_1 +,29,counter_var_0 var_1 +
5676,114 28 22 12 113,40,114 110 5 24 113,28,23,12,24,22,5,52,var_0 counter_var_1 +,35,counter_var_0 var_1 +
5677,114 41 110 108 113,27,114 45 70 77 113,12,16,15,15,18,1,27,var_0 counter_var_1 +,31,counter_var_0 var_1 +
5678,114 26 99 92 113,56,114 89 102 45 113,26,2,30,14,7,10,40,var_0 counter_var_1 +,32,counter_var_0 var_1 +
5679,114 88 8 57 113,27,114 68 28 55 113,1,10,26,24,8,5,25,var_0 counter_var_1 +,36,counter_var_0 var_1 +
5680,114 51 36 19 113,41,114 25 63 26 113,22,25,19,26,13,17,48,var_0 counter_var_1 +,44,counter_var_0 var_1 +
5681,114 2 75 8 113,10,114 32 75 8 113,2,3,8,8,6,6,10,var_0 counter_var_1 +,11,counter_var_0 var_1 +
5682,114 75 89 29 113,46,114 74 68 71 113,17,16,29,9,20,22,26,var_0 counter_var_1 +,45,counter_var_0 var_1 +
5683,114 38 14 33 113,11,114 34 86 94 113,9,5,2,1,14,17,10,var_0 counter_var_1 +,7,counter_var_0 var_1 +
5684,114 99 59 30 113,42,114 24 88 16 113,12,24,30,16,13,19,28,var_0 counter_var_1 +,54,counter_var_0 var_1 +
5685,114 108 73 73 113,32,114 100 7 22 113,21,13,11,22,4,7,43,var_0 counter_var_1 +,24,counter_var_0 var_1 +
5686,114 48 85 31 113,19,114 31 91 106 113,19,2,0,13,16,22,32,var_0 counter_var_1 +,2,counter_var_0 var_1 +
5687,114 1 112 13 113,14,114 75 75 8 113,1,17,13,8,20,6,9,var_0 counter_var_1 +,30,counter_var_0 var_1 +
5688,114 80 48 95 113,24,114 54 96 7 113,22,25,2,7,2,4,29,var_0 counter_var_1 +,27,counter_var_0 var_1 +
5689,114 38 55 10 113,19,114 11 25 20 113,9,11,10,20,9,2,29,var_0 counter_var_1 +,21,counter_var_0 var_1 +
5690,114 36 36 19 113,26,114 27 29 17 113,7,27,19,17,13,6,24,var_0 counter_var_1 +,46,counter_var_0 var_1 +
5691,114 76 29 17 113,35,114 112 58 2 113,18,25,17,2,6,12,20,var_0 counter_var_1 +,42,counter_var_0 var_1 +
5692,114 109 30 99 113,28,114 67 20 50 113,22,9,6,19,7,20,41,var_0 counter_var_1 +,15,counter_var_0 var_1 +
5693,114 78 34 47 113,36,114 0 46 87 113,20,0,16,25,11,0,45,var_0 counter_var_1 +,16,counter_var_0 var_1 +
5694,114 1 41 34 113,4,114 12 108 85 113,1,12,3,23,18,16,24,var_0 counter_var_1 +,15,counter_var_0 var_1 +
5695,114 66 35 37 113,14,114 14 81 52 113,8,14,6,21,12,12,29,var_0 counter_var_1 +,20,counter_var_0 var_1 +
5696,114 10 36 19 113,29,114 67 19 15 113,10,9,19,15,13,19,25,var_0 counter_var_1 +,28,counter_var_0 var_1 +
5697,114 48 24 35 113,23,114 59 75 8 113,19,1,4,8,1,6,27,var_0 counter_var_1 +,5,counter_var_0 var_1 +
5698,114 9 63 26 113,35,114 74 37 110 113,9,16,26,17,17,14,26,var_0 counter_var_1 +,42,counter_var_0 var_1 +
5699,114 60 1 0 113,2,114 53 65 67 113,2,24,0,5,1,19,7,var_0 counter_var_1 +,24,counter_var_0 var_1 +
5700,114 82 57 97 113,28,114 28 46 87 113,24,28,4,25,11,0,49,var_0 counter_var_1 +,32,counter_var_0 var_1 +
5701,114 2 51 42 113,13,114 87 31 82 113,2,0,11,20,5,8,22,var_0 counter_var_1 +,11,counter_var_0 var_1 +
5702,114 86 87 60 113,57,114 79 106 56 113,28,21,29,25,18,14,53,var_0 counter_var_1 +,50,counter_var_0 var_1 +
5703,114 85 73 73 113,38,114 47 35 37 113,27,18,11,6,4,12,33,var_0 counter_var_1 +,29,counter_var_0 var_1 +
5704,114 9 29 17 113,26,114 100 25 20 113,9,13,17,20,6,2,29,var_0 counter_var_1 +,30,counter_var_0 var_1 +
5705,114 75 17 112 113,36,114 104 3 86 113,17,17,19,24,17,3,41,var_0 counter_var_1 +,36,counter_var_0 var_1 +
5706,114 15 110 108 113,30,114 36 12 83 113,15,7,15,21,18,12,36,var_0 counter_var_1 +,22,counter_var_0 var_1 +
5707,114 59 52 9 113,10,114 38 42 46 113,1,9,9,15,6,19,16,var_0 counter_var_1 +,18,counter_var_0 var_1 +
5708,114 94 33 14 113,21,114 86 81 52 113,7,28,14,21,10,12,28,var_0 counter_var_1 +,42,counter_var_0 var_1 +
5709,114 19 30 99 113,25,114 34 14 33 113,19,5,6,2,7,14,21,var_0 counter_var_1 +,11,counter_var_0 var_1 +
5710,114 93 105 111 113,24,114 7 76 54 113,6,7,18,23,13,7,29,var_0 counter_var_1 +,25,counter_var_0 var_1 +
5711,114 48 56 5 113,24,114 49 9 70 113,19,20,5,8,10,9,27,var_0 counter_var_1 +,25,counter_var_0 var_1 +
5712,114 18 17 112 113,37,114 86 22 12 113,18,28,19,12,17,22,30,var_0 counter_var_1 +,47,counter_var_0 var_1 +
5713,114 2 73 73 113,13,114 54 20 50 113,2,25,11,19,4,20,21,var_0 counter_var_1 +,36,counter_var_0 var_1 +
5714,114 55 72 81 113,45,114 6 108 85 113,26,6,19,23,3,16,49,var_0 counter_var_1 +,25,counter_var_0 var_1 +
5715,114 12 59 30 113,42,114 21 26 25 113,12,21,30,25,13,3,37,var_0 counter_var_1 +,51,counter_var_0 var_1 +
5716,114 58 102 45 113,14,114 73 31 82 113,0,15,14,20,10,8,20,var_0 counter_var_1 +,29,counter_var_0 var_1 +
5717,114 59 1 0 113,1,114 2 14 33 113,1,2,0,2,1,14,3,var_0 counter_var_1 +,2,counter_var_0 var_1 +
5718,114 5 67 80 113,23,114 95 12 83 113,5,8,18,21,21,12,26,var_0 counter_var_1 +,26,counter_var_0 var_1 +
5719,114 30 35 37 113,7,114 46 89 29 113,1,17,6,29,12,20,30,var_0 counter_var_1 +,23,counter_var_0 var_1 +
5720,114 93 36 19 113,25,114 86 49 32 113,6,28,19,1,13,3,7,var_0 counter_var_1 +,47,counter_var_0 var_1 +
5721,114 51 98 74 113,34,114 32 94 96 113,22,3,12,3,6,2,25,var_0 counter_var_1 +,15,counter_var_0 var_1 +
5722,114 86 49 32 113,29,114 48 10 11 113,28,19,1,11,3,10,39,var_0 counter_var_1 +,20,counter_var_0 var_1 +
5723,114 47 13 18 113,36,114 74 83 3 113,18,16,18,3,13,14,21,var_0 counter_var_1 +,34,counter_var_0 var_1 +
5724,114 28 31 82 113,48,114 75 57 97 113,28,17,20,4,8,11,32,var_0 counter_var_1 +,37,counter_var_0 var_1 +
5725,114 63 57 97 113,9,114 28 67 80 113,5,28,4,18,11,21,23,var_0 counter_var_1 +,32,counter_var_0 var_1 +
5726,114 89 14 33 113,4,114 42 21 49 113,2,13,2,18,14,21,20,var_0 counter_var_1 +,15,counter_var_0 var_1 +
5727,114 5 74 91 113,34,114 61 27 101 113,5,3,29,8,5,4,13,var_0 counter_var_1 +,32,counter_var_0 var_1 +
5728,114 16 20 50 113,35,114 54 61 89 113,16,25,19,27,20,15,43,var_0 counter_var_1 +,44,counter_var_0 var_1 +
5729,114 71 112 13 113,26,114 105 34 47 113,13,18,13,16,20,11,29,var_0 counter_var_1 +,31,counter_var_0 var_1 +
5730,114 92 72 81 113,24,114 105 55 10 113,5,18,19,10,3,9,15,var_0 counter_var_1 +,37,counter_var_0 var_1 +
5731,114 61 1 0 113,3,114 99 82 90 113,3,12,0,28,1,13,31,var_0 counter_var_1 +,12,counter_var_0 var_1 +
5732,114 35 112 13 113,19,114 28 16 21 113,6,28,13,21,20,16,27,var_0 counter_var_1 +,41,counter_var_0 var_1 +
5733,114 29 112 13 113,13,114 63 3 86 113,0,5,13,24,20,3,24,var_0 counter_var_1 +,18,counter_var_0 var_1 +
5734,114 55 35 37 113,32,114 45 98 74 113,26,16,6,12,12,6,38,var_0 counter_var_1 +,22,counter_var_0 var_1 +
5735,114 61 49 32 113,4,114 90 34 47 113,3,3,1,16,3,11,19,var_0 counter_var_1 +,4,counter_var_0 var_1 +
5736,114 59 9 70 113,9,114 48 0 38 113,1,19,8,7,9,0,8,var_0 counter_var_1 +,27,counter_var_0 var_1 +
5737,114 44 25 20 113,35,114 4 28 55 113,15,4,20,24,2,5,39,var_0 counter_var_1 +,24,counter_var_0 var_1 +
5738,114 84 40 76 113,40,114 79 48 95 113,26,21,14,2,17,2,28,var_0 counter_var_1 +,35,counter_var_0 var_1 +
5739,114 98 6 64 113,13,114 69 3 86 113,11,11,2,24,6,3,35,var_0 counter_var_1 +,13,counter_var_0 var_1 +
5740,114 71 111 79 113,30,114 55 86 94 113,13,26,17,1,19,17,14,var_0 counter_var_1 +,43,counter_var_0 var_1 +
5741,114 30 37 110 113,18,114 53 74 91 113,1,24,17,29,14,5,30,var_0 counter_var_1 +,41,counter_var_0 var_1 +
5742,114 106 44 41 113,29,114 91 57 97 113,19,4,10,4,21,11,23,var_0 counter_var_1 +,14,counter_var_0 var_1 +
5743,114 45 64 66 113,20,114 70 78 107 113,16,12,4,14,18,9,30,var_0 counter_var_1 +,16,counter_var_0 var_1 +
5744,114 70 5 24 113,36,114 76 77 69 113,12,18,24,7,5,8,19,var_0 counter_var_1 +,42,counter_var_0 var_1 +
5745,114 9 90 102 113,18,114 72 55 10 113,9,14,9,10,21,9,19,var_0 counter_var_1 +,23,counter_var_0 var_1 +
5746,114 11 54 53 113,33,114 84 60 63 113,11,26,22,1,8,14,12,var_0 counter_var_1 +,48,counter_var_0 var_1 +
5747,114 51 47 93 113,22,114 94 74 91 113,22,7,0,29,1,5,51,var_0 counter_var_1 +,7,counter_var_0 var_1 +
5748,114 82 97 23 113,47,114 111 72 81 113,24,24,23,19,5,3,43,var_0 counter_var_1 +,47,counter_var_0 var_1 +
5749,114 101 109 65 113,17,114 57 104 4 113,14,28,3,4,17,12,18,var_0 counter_var_1 +,31,counter_var_0 var_1 +
5750,114 61 44 41 113,13,114 110 60 63 113,3,23,10,1,21,14,4,var_0 counter_var_1 +,33,counter_var_0 var_1 +
5751,114 14 90 102 113,23,114 44 67 80 113,14,15,9,18,21,21,32,var_0 counter_var_1 +,24,counter_var_0 var_1 +
5752,114 11 76 54 113,34,114 51 24 35 113,11,22,23,4,7,1,15,var_0 counter_var_1 +,45,counter_var_0 var_1 +
5753,114 26 59 30 113,56,114 88 78 107 113,26,1,30,14,13,9,40,var_0 counter_var_1 +,31,counter_var_0 var_1 +
5754,114 82 70 77 113,39,114 8 78 107 113,24,8,15,14,1,9,38,var_0 counter_var_1 +,23,counter_var_0 var_1 +
5755,114 2 71 100 113,9,114 17 59 30 113,2,17,7,30,2,13,32,var_0 counter_var_1 +,24,counter_var_0 var_1 +
5756,114 16 94 96 113,19,114 53 34 47 113,16,24,3,16,2,11,32,var_0 counter_var_1 +,27,counter_var_0 var_1 +
5757,114 43 56 5 113,19,114 76 38 59 113,14,18,5,28,10,15,42,var_0 counter_var_1 +,23,counter_var_0 var_1 +
5758,114 3 104 4 113,7,114 0 48 95 113,3,0,4,2,12,2,5,var_0 counter_var_1 +,4,counter_var_0 var_1 +
5759,114 84 112 13 113,39,114 37 98 74 113,26,8,13,12,20,6,38,var_0 counter_var_1 +,21,counter_var_0 var_1 +
5760,114 24 61 89 113,51,114 47 68 71 113,24,18,27,9,15,22,33,var_0 counter_var_1 +,45,counter_var_0 var_1 +
5761,114 52 105 111 113,41,114 80 92 51 113,23,22,18,20,13,0,43,var_0 counter_var_1 +,40,counter_var_0 var_1 +
5762,114 33 7 22 113,26,114 92 1 0 113,4,5,22,0,7,1,4,var_0 counter_var_1 +,27,counter_var_0 var_1 +
5763,114 12 93 105 113,24,114 12 66 88 113,12,12,12,26,1,20,38,var_0 counter_var_1 +,24,counter_var_0 var_1 +
5764,114 50 42 46 113,36,114 27 92 51 113,21,27,15,20,19,0,41,var_0 counter_var_1 +,42,counter_var_0 var_1 +
5765,114 84 29 17 113,43,114 90 100 75 113,26,3,17,13,6,8,39,var_0 counter_var_1 +,20,counter_var_0 var_1 +
5766,114 69 38 59 113,39,114 98 93 105 113,11,11,28,12,15,1,23,var_0 counter_var_1 +,39,counter_var_0 var_1 +
5767,114 11 78 107 113,25,114 35 61 89 113,11,6,14,27,9,15,38,var_0 counter_var_1 +,20,counter_var_0 var_1 +
5768,114 50 72 81 113,40,114 29 102 45 113,21,0,19,14,3,10,35,var_0 counter_var_1 +,19,counter_var_0 var_1 +
5769,114 103 99 92 113,46,114 68 54 53 113,16,10,30,22,7,8,38,var_0 counter_var_1 +,40,counter_var_0 var_1 +
5770,114 70 66 88 113,38,114 37 33 14 113,12,8,26,14,20,10,26,var_0 counter_var_1 +,34,counter_var_0 var_1 +
5771,114 82 76 54 113,47,114 54 43 40 113,24,25,23,9,7,20,33,var_0 counter_var_1 +,48,counter_var_0 var_1 +
5772,114 6 51 42 113,17,114 85 50 27 113,6,27,11,27,5,4,33,var_0 counter_var_1 +,38,counter_var_0 var_1 +
5773,114 112 74 91 113,54,114 105 51 42 113,25,18,29,11,5,5,36,var_0 counter_var_1 +,47,counter_var_0 var_1 +
5774,114 15 63 26 113,41,114 97 108 85 113,15,10,26,23,17,16,38,var_0 counter_var_1 +,36,counter_var_0 var_1 +
5775,114 53 38 59 113,52,114 8 48 95 113,24,8,28,2,15,2,26,var_0 counter_var_1 +,36,counter_var_0 var_1 +
5776,114 47 108 85 113,41,114 108 62 43 113,18,21,23,12,16,16,30,var_0 counter_var_1 +,44,counter_var_0 var_1 +
5777,114 102 34 47 113,31,114 34 4 78 113,15,5,16,16,11,4,31,var_0 counter_var_1 +,21,counter_var_0 var_1 +
5778,114 66 11 6 113,14,114 24 7 22 113,8,24,6,22,11,7,30,var_0 counter_var_1 +,30,counter_var_0 var_1 +
5779,114 61 23 98 113,8,114 37 42 46 113,3,8,5,15,0,19,18,var_0 counter_var_1 +,13,counter_var_0 var_1 +
5780,114 45 87 60 113,45,114 17 44 41 113,16,17,29,10,18,21,26,var_0 counter_var_1 +,46,counter_var_0 var_1 +
5781,114 9 25 20 113,29,114 34 67 80 113,9,5,20,18,2,21,27,var_0 counter_var_1 +,25,counter_var_0 var_1 +
5782,114 19 15 62 113,19,114 13 58 2 113,19,13,0,2,15,12,21,var_0 counter_var_1 +,13,counter_var_0 var_1 +
5783,114 66 56 5 113,13,114 103 90 102 113,8,16,5,9,10,21,17,var_0 counter_var_1 +,21,counter_var_0 var_1 +
5784,114 97 41 34 113,13,114 78 27 101 113,10,20,3,8,18,4,18,var_0 counter_var_1 +,23,counter_var_0 var_1 +
5785,114 18 43 40 113,27,114 94 89 29 113,18,7,9,29,20,20,47,var_0 counter_var_1 +,16,counter_var_0 var_1 +
5786,114 19 21 49 113,37,114 14 41 34 113,19,14,18,3,21,18,22,var_0 counter_var_1 +,32,counter_var_0 var_1 +
5787,114 44 9 70 113,23,114 78 94 96 113,15,20,8,3,9,2,18,var_0 counter_var_1 +,28,counter_var_0 var_1 +
5788,114 52 100 75 113,36,114 110 102 45 113,23,23,13,14,8,10,37,var_0 counter_var_1 +,36,counter_var_0 var_1 +
5789,114 109 29 17 113,39,114 76 25 20 113,22,18,17,20,6,2,42,var_0 counter_var_1 +,35,counter_var_0 var_1 +
5790,114 0 86 94 113,1,114 101 33 14 113,0,14,1,14,17,10,14,var_0 counter_var_1 +,15,counter_var_0 var_1 +
5791,114 110 45 103 113,33,114 75 89 29 113,23,17,10,29,22,20,52,var_0 counter_var_1 +,27,counter_var_0 var_1 +
5792,114 86 33 14 113,42,114 66 15 62 113,28,8,14,0,10,15,28,var_0 counter_var_1 +,22,counter_var_0 var_1 +
5793,114 68 106 56 113,35,114 61 8 57 113,10,3,25,26,14,8,36,var_0 counter_var_1 +,28,counter_var_0 var_1 +
5794,114 27 44 41 113,37,114 63 78 107 113,27,5,10,14,21,9,41,var_0 counter_var_1 +,15,counter_var_0 var_1 +
5795,114 87 12 83 113,21,114 9 112 13 113,0,9,21,13,12,20,13,var_0 counter_var_1 +,30,counter_var_0 var_1 +
5796,114 54 6 64 113,27,114 70 80 48 113,25,12,2,17,6,11,42,var_0 counter_var_1 +,14,counter_var_0 var_1 +
5797,114 84 99 92 113,56,114 45 79 58 113,26,16,30,27,7,10,53,var_0 counter_var_1 +,46,counter_var_0 var_1 +
5798,114 31 13 18 113,20,114 92 98 74 113,2,5,18,12,13,6,14,var_0 counter_var_1 +,23,counter_var_0 var_1 +
5799,114 38 42 46 113,24,114 20 6 64 113,9,20,15,2,19,6,11,var_0 counter_var_1 +,35,counter_var_0 var_1 +
5800,114 87 59 30 113,30,114 54 66 88 113,0,25,30,26,13,20,26,var_0 counter_var_1 +,55,counter_var_0 var_1 +
5801,114 39 7 22 113,32,114 54 0 38 113,10,25,22,7,7,0,17,var_0 counter_var_1 +,47,counter_var_0 var_1 +
5802,114 30 79 58 113,28,114 17 57 97 113,1,17,27,4,10,11,5,var_0 counter_var_1 +,44,counter_var_0 var_1 +
5803,114 53 28 55 113,48,114 59 10 11 113,24,1,24,11,5,10,35,var_0 counter_var_1 +,25,counter_var_0 var_1 +
5804,114 84 55 10 113,36,114 29 33 14 113,26,0,10,14,9,10,40,var_0 counter_var_1 +,10,counter_var_0 var_1 +
5805,114 80 50 27 113,49,114 36 64 66 113,22,7,27,4,4,18,26,var_0 counter_var_1 +,34,counter_var_0 var_1 +
5806,114 24 72 81 113,43,114 89 105 111 113,24,2,19,18,3,13,42,var_0 counter_var_1 +,21,counter_var_0 var_1 +
5807,114 2 32 1 113,3,114 83 69 104 113,2,25,1,11,9,0,13,var_0 counter_var_1 +,26,counter_var_0 var_1 +
5808,114 69 106 56 113,36,114 25 29 17 113,11,25,25,17,14,6,28,var_0 counter_var_1 +,50,counter_var_0 var_1 +
5809,114 100 31 82 113,33,114 83 33 14 113,13,25,20,14,8,10,27,var_0 counter_var_1 +,45,counter_var_0 var_1 +
5810,114 48 41 34 113,22,114 63 93 105 113,19,5,3,12,18,1,31,var_0 counter_var_1 +,8,counter_var_0 var_1 +
5811,114 33 14 33 113,6,114 93 13 18 113,4,6,2,18,14,13,22,var_0 counter_var_1 +,8,counter_var_0 var_1 +
5812,114 102 48 95 113,17,114 7 8 57 113,15,7,2,26,2,8,41,var_0 counter_var_1 +,9,counter_var_0 var_1 +
5813,114 80 58 2 113,24,114 62 41 34 113,22,4,2,3,12,18,25,var_0 counter_var_1 +,6,counter_var_0 var_1 +
5814,114 6 70 77 113,21,114 45 73 73 113,6,16,15,11,1,4,17,var_0 counter_var_1 +,31,counter_var_0 var_1 +
5815,114 66 45 103 113,18,114 13 13 18 113,8,13,10,18,22,13,26,var_0 counter_var_1 +,23,counter_var_0 var_1 +
5816,114 41 31 82 113,32,114 40 3 86 113,12,11,20,24,8,3,36,var_0 counter_var_1 +,31,counter_var_0 var_1 +
5817,114 86 102 45 113,42,114 53 52 9 113,28,24,14,9,10,6,37,var_0 counter_var_1 +,38,counter_var_0 var_1 +
5818,114 14 105 111 113,32,114 30 24 35 113,14,1,18,4,13,1,18,var_0 counter_var_1 +,19,counter_var_0 var_1 +
5819,114 47 10 11 113,29,114 104 56 5 113,18,17,11,5,10,10,23,var_0 counter_var_1 +,28,counter_var_0 var_1 +
5820,114 71 39 36 113,18,114 35 69 104 113,13,6,5,11,16,0,24,var_0 counter_var_1 +,11,counter_var_0 var_1 +
5821,114 40 15 62 113,11,114 18 17 112 113,11,18,0,19,15,17,30,var_0 counter_var_1 +,18,counter_var_0 var_1 +
5822,114 108 19 15 113,36,114 13 22 12 113,21,13,15,12,19,22,33,var_0 counter_var_1 +,28,counter_var_0 var_1 +
5823,114 5 102 45 113,19,114 59 80 48 113,5,1,14,17,10,11,22,var_0 counter_var_1 +,15,counter_var_0 var_1 +
5824,114 69 45 103 113,21,114 67 12 83 113,11,9,10,21,22,12,32,var_0 counter_var_1 +,19,counter_var_0 var_1 +
5825,114 78 0 38 113,27,114 16 17 112 113,20,16,7,19,0,17,39,var_0 counter_var_1 +,23,counter_var_0 var_1 +
5826,114 4 23 98 113,9,114 7 53 68 113,4,7,5,6,0,7,10,var_0 counter_var_1 +,12,counter_var_0 var_1 +
5827,114 7 59 30 113,37,114 85 38 59 113,7,27,30,28,13,15,35,var_0 counter_var_1 +,57,counter_var_0 var_1 +
5828,114 67 90 102 113,18,114 84 61 89 113,9,26,9,27,21,15,36,var_0 counter_var_1 +,35,counter_var_0 var_1 +
5829,114 17 51 42 113,28,114 3 45 103 113,17,3,11,10,5,22,27,var_0 counter_var_1 +,14,counter_var_0 var_1 +
5830,114 11 60 63 113,12,114 46 16 21 113,11,17,1,21,14,16,32,var_0 counter_var_1 +,18,counter_var_0 var_1 +
5831,114 9 47 93 113,9,114 75 6 64 113,9,17,0,2,1,6,11,var_0 counter_var_1 +,17,counter_var_0 var_1 +
5832,114 20 107 28 113,48,114 61 43 40 113,20,3,28,9,15,20,29,var_0 counter_var_1 +,31,counter_var_0 var_1 +
5833,114 103 60 63 113,17,114 55 97 23 113,16,26,1,23,14,5,39,var_0 counter_var_1 +,27,counter_var_0 var_1 +
5834,114 53 54 53 113,46,114 56 55 10 113,24,27,22,10,8,9,34,var_0 counter_var_1 +,49,counter_var_0 var_1 +
5835,114 105 22 12 113,30,114 22 27 101 113,18,22,12,8,22,4,26,var_0 counter_var_1 +,34,counter_var_0 var_1 +
5836,114 0 105 111 113,18,114 52 104 4 113,0,23,18,4,13,12,4,var_0 counter_var_1 +,41,counter_var_0 var_1 +
5837,114 34 37 110 113,22,114 93 53 68 113,5,6,17,6,14,7,11,var_0 counter_var_1 +,23,counter_var_0 var_1 +
5838,114 37 37 110 113,25,114 42 13 18 113,8,13,17,18,14,13,26,var_0 counter_var_1 +,30,counter_var_0 var_1 +
5839,114 11 104 4 113,15,114 31 55 10 113,11,2,4,10,12,9,21,var_0 counter_var_1 +,6,counter_var_0 var_1 +
5840,114 73 65 67 113,20,114 101 63 26 113,15,14,5,26,19,17,41,var_0 counter_var_1 +,19,counter_var_0 var_1 +
5841,114 71 101 39 113,21,114 89 37 110 113,13,2,8,17,9,14,30,var_0 counter_var_1 +,10,counter_var_0 var_1 +
5842,114 26 102 45 113,40,114 77 61 89 113,26,19,14,27,10,15,53,var_0 counter_var_1 +,33,counter_var_0 var_1 +
5843,114 35 58 2 113,8,114 50 105 111 113,6,21,2,18,12,13,24,var_0 counter_var_1 +,23,counter_var_0 var_1 +
5844,114 110 25 20 113,43,114 64 90 102 113,23,6,20,9,2,21,32,var_0 counter_var_1 +,26,counter_var_0 var_1 +
5845,114 98 42 46 113,26,114 59 55 10 113,11,1,15,10,19,9,21,var_0 counter_var_1 +,16,counter_var_0 var_1 +
5846,114 61 79 58 113,30,114 57 12 83 113,3,28,27,21,10,12,24,var_0 counter_var_1 +,55,counter_var_0 var_1 +
5847,114 78 65 67 113,25,114 27 98 74 113,20,27,5,12,19,6,32,var_0 counter_var_1 +,32,counter_var_0 var_1 +
5848,114 8 96 7 113,15,114 89 20 50 113,8,2,7,19,4,20,27,var_0 counter_var_1 +,9,counter_var_0 var_1 +
5849,114 11 75 8 113,19,114 69 63 26 113,11,11,8,26,6,17,37,var_0 counter_var_1 +,19,counter_var_0 var_1 +
5850,114 17 54 53 113,39,114 29 92 51 113,17,0,22,20,8,0,37,var_0 counter_var_1 +,22,counter_var_0 var_1 +
5851,114 19 17 112 113,38,114 71 45 103 113,19,13,19,10,17,22,29,var_0 counter_var_1 +,32,counter_var_0 var_1 +
5852,114 46 4 78 113,33,114 23 52 9 113,17,23,16,9,4,6,26,var_0 counter_var_1 +,39,counter_var_0 var_1 +
5853,114 83 107 28 113,53,114 3 25 20 113,25,3,28,20,15,2,45,var_0 counter_var_1 +,31,counter_var_0 var_1 +
5854,114 32 66 88 113,29,114 111 66 88 113,3,24,26,26,20,20,29,var_0 counter_var_1 +,50,counter_var_0 var_1 +
5855,114 7 48 95 113,9,114 40 91 106 113,7,11,2,13,2,22,20,var_0 counter_var_1 +,13,counter_var_0 var_1 +
5856,114 6 84 44 113,19,114 19 12 83 113,6,19,13,21,15,12,27,var_0 counter_var_1 +,32,counter_var_0 var_1 +
5857,114 89 36 19 113,21,114 82 47 93 113,2,24,19,0,13,1,2,var_0 counter_var_1 +,43,counter_var_0 var_1 +
5858,114 16 49 32 113,17,114 71 48 95 113,16,13,1,2,3,2,18,var_0 counter_var_1 +,14,counter_var_0 var_1 +
5859,114 30 81 52 113,22,114 25 71 100 113,1,25,21,7,12,2,8,var_0 counter_var_1 +,46,counter_var_0 var_1 +
5860,114 99 13 18 113,30,114 8 4 78 113,12,8,18,16,13,4,28,var_0 counter_var_1 +,26,counter_var_0 var_1 +
5861,114 48 83 3 113,22,114 48 57 97 113,19,19,3,4,14,11,23,var_0 counter_var_1 +,22,counter_var_0 var_1 +
5862,114 103 80 48 113,33,114 24 33 14 113,16,24,17,14,11,10,30,var_0 counter_var_1 +,41,counter_var_0 var_1 +
5863,114 95 59 30 113,38,114 58 110 108 113,8,0,30,15,13,18,23,var_0 counter_var_1 +,30,counter_var_0 var_1 +
5864,114 9 8 57 113,35,114 32 10 11 113,9,3,26,11,8,10,20,var_0 counter_var_1 +,29,counter_var_0 var_1 +
5865,114 10 58 2 113,12,114 21 7 22 113,10,21,2,22,12,7,32,var_0 counter_var_1 +,23,counter_var_0 var_1 +
5866,114 39 4 78 113,26,114 50 70 77 113,10,21,16,15,4,1,25,var_0 counter_var_1 +,37,counter_var_0 var_1 +
5867,114 89 11 6 113,8,114 105 2 84 113,2,18,6,22,11,2,24,var_0 counter_var_1 +,24,counter_var_0 var_1 +
5868,114 21 14 33 113,23,114 38 74 91 113,21,9,2,29,14,5,50,var_0 counter_var_1 +,11,counter_var_0 var_1 +
5869,114 19 40 76 113,33,114 18 3 86 113,19,18,14,24,17,3,43,var_0 counter_var_1 +,32,counter_var_0 var_1 +
5870,114 75 25 20 113,37,114 20 100 75 113,17,20,20,13,2,8,30,var_0 counter_var_1 +,40,counter_var_0 var_1 +
5871,114 45 48 95 113,18,114 100 4 78 113,16,13,2,16,2,4,32,var_0 counter_var_1 +,15,counter_var_0 var_1 +
5872,114 88 69 104 113,12,114 76 7 22 113,1,18,11,22,0,7,23,var_0 counter_var_1 +,29,counter_var_0 var_1 +
5873,114 6 9 70 113,14,114 21 77 69 113,6,21,8,7,9,8,13,var_0 counter_var_1 +,29,counter_var_0 var_1 +
5874,114 72 108 85 113,37,114 77 42 46 113,14,19,23,15,16,19,29,var_0 counter_var_1 +,42,counter_var_0 var_1 +
5875,114 65 104 4 113,11,114 86 1 0 113,7,28,4,0,12,1,7,var_0 counter_var_1 +,32,counter_var_0 var_1 +
5876,114 34 109 65 113,8,114 71 112 13 113,5,13,3,13,17,20,18,var_0 counter_var_1 +,16,counter_var_0 var_1 +
5877,114 97 43 40 113,19,114 103 3 86 113,10,16,9,24,20,3,34,var_0 counter_var_1 +,25,counter_var_0 var_1 +
5878,114 13 99 92 113,43,114 98 24 35 113,13,11,30,4,7,1,17,var_0 counter_var_1 +,41,counter_var_0 var_1 +
5879,114 21 82 90 113,49,114 92 89 29 113,21,5,28,29,13,20,50,var_0 counter_var_1 +,33,counter_var_0 var_1 +
5880,114 112 49 32 113,26,114 42 104 4 113,25,13,1,4,3,12,29,var_0 counter_var_1 +,14,counter_var_0 var_1 +
5881,114 104 35 37 113,23,114 19 95 109 113,17,19,6,16,12,3,33,var_0 counter_var_1 +,25,counter_var_0 var_1 +
5882,114 105 75 8 113,26,114 26 43 40 113,18,26,8,9,6,20,27,var_0 counter_var_1 +,34,counter_var_0 var_1 +
5883,114 98 28 55 113,35,114 64 56 5 113,11,6,24,5,5,10,16,var_0 counter_var_1 +,30,counter_var_0 var_1 +
5884,114 112 0 38 113,32,114 103 46 87 113,25,16,7,25,0,0,50,var_0 counter_var_1 +,23,counter_var_0 var_1 +
5885,114 20 101 39 113,28,114 81 18 72 113,20,23,8,10,9,18,30,var_0 counter_var_1 +,31,counter_var_0 var_1 +
5886,114 69 31 82 113,31,114 90 63 26 113,11,3,20,26,8,17,37,var_0 counter_var_1 +,23,counter_var_0 var_1 +
5887,114 90 30 99 113,9,114 95 63 26 113,3,8,6,26,7,17,29,var_0 counter_var_1 +,14,counter_var_0 var_1 +
5888,114 16 28 55 113,40,114 24 108 85 113,16,24,24,23,5,16,39,var_0 counter_var_1 +,48,counter_var_0 var_1 +
5889,114 95 47 93 113,8,114 110 29 17 113,8,23,0,17,1,6,25,var_0 counter_var_1 +,23,counter_var_0 var_1 +
5890,114 53 31 82 113,44,114 111 12 83 113,24,24,20,21,8,12,45,var_0 counter_var_1 +,44,counter_var_0 var_1 +
5891,114 89 10 11 113,13,114 108 40 76 113,2,21,11,14,10,17,16,var_0 counter_var_1 +,32,counter_var_0 var_1 +
5892,114 100 2 84 113,35,114 15 14 33 113,13,15,22,2,2,14,15,var_0 counter_var_1 +,37,counter_var_0 var_1 +
5893,114 23 11 6 113,29,114 1 56 5 113,23,1,6,5,11,10,28,var_0 counter_var_1 +,7,counter_var_0 var_1 +
5894,114 3 34 47 113,19,114 38 88 16 113,3,9,16,16,11,19,19,var_0 counter_var_1 +,25,counter_var_0 var_1 +
5895,114 54 73 73 113,36,114 109 83 3 113,25,22,11,3,4,14,28,var_0 counter_var_1 +,33,counter_var_0 var_1 +
5896,114 3 72 81 113,22,114 46 44 41 113,3,17,19,10,3,21,13,var_0 counter_var_1 +,36,counter_var_0 var_1 +
5897,114 6 65 67 113,11,114 60 34 47 113,6,2,5,16,19,11,22,var_0 counter_var_1 +,7,counter_var_0 var_1 +
5898,114 90 20 50 113,22,114 58 24 35 113,3,0,19,4,20,1,7,var_0 counter_var_1 +,19,counter_var_0 var_1 +
5899,114 87 94 96 113,3,114 92 100 75 113,0,5,3,13,2,8,13,var_0 counter_var_1 +,8,counter_var_0 var_1 +
5900,114 34 97 23 113,28,114 8 6 64 113,5,8,23,2,5,6,7,var_0 counter_var_1 +,31,counter_var_0 var_1 +
5901,114 5 110 108 113,20,114 67 105 111 113,5,9,15,18,18,13,23,var_0 counter_var_1 +,24,counter_var_0 var_1 +
5902,114 92 96 7 113,12,114 112 28 55 113,5,25,7,24,4,5,29,var_0 counter_var_1 +,32,counter_var_0 var_1 +
5903,114 19 82 90 113,47,114 51 73 73 113,19,22,28,11,13,4,30,var_0 counter_var_1 +,50,counter_var_0 var_1 +
5904,114 71 110 108 113,28,114 42 0 38 113,13,13,15,7,18,0,20,var_0 counter_var_1 +,28,counter_var_0 var_1 +
5905,114 93 49 32 113,7,114 11 81 52 113,6,11,1,21,3,12,27,var_0 counter_var_1 +,12,counter_var_0 var_1 +
5906,114 54 53 68 113,31,114 18 40 76 113,25,18,6,14,7,17,39,var_0 counter_var_1 +,24,counter_var_0 var_1 +
5907,114 53 80 48 113,41,114 0 110 108 113,24,0,17,15,11,18,39,var_0 counter_var_1 +,17,counter_var_0 var_1 +
5908,114 52 94 96 113,26,114 47 39 36 113,23,18,3,5,2,16,28,var_0 counter_var_1 +,21,counter_var_0 var_1 +
5909,114 49 59 30 113,50,114 6 107 28 113,20,6,30,28,13,15,48,var_0 counter_var_1 +,36,counter_var_0 var_1 +
5910,114 25 28 55 113,49,114 26 111 79 113,25,26,24,17,5,19,42,var_0 counter_var_1 +,50,counter_var_0 var_1 +
5911,114 81 48 95 113,25,114 91 33 14 113,23,4,2,14,2,10,37,var_0 counter_var_1 +,6,counter_var_0 var_1 +
5912,114 110 87 60 113,52,114 48 95 109 113,23,19,29,16,18,3,39,var_0 counter_var_1 +,48,counter_var_0 var_1 +
5913,114 37 85 31 113,8,114 64 15 62 113,8,6,0,0,16,15,8,var_0 counter_var_1 +,6,counter_var_0 var_1 +
5914,114 60 71 100 113,9,114 59 24 35 113,2,1,7,4,2,1,6,var_0 counter_var_1 +,8,counter_var_0 var_1 +
5915,114 52 63 26 113,49,114 45 68 71 113,23,16,26,9,17,22,32,var_0 counter_var_1 +,42,counter_var_0 var_1 +
5916,114 32 60 63 113,4,114 27 90 102 113,3,27,1,9,14,21,12,var_0 counter_var_1 +,28,counter_var_0 var_1 +
5917,114 63 35 37 113,11,114 82 68 71 113,5,24,6,9,12,22,14,var_0 counter_var_1 +,30,counter_var_0 var_1 +
5918,114 103 32 1 113,17,114 53 76 54 113,16,24,1,23,9,7,39,var_0 counter_var_1 +,25,counter_var_0 var_1 +
5919,114 7 47 93 113,7,114 6 37 110 113,7,6,0,17,1,14,24,var_0 counter_var_1 +,6,counter_var_0 var_1 +
5920,114 91 47 93 113,4,114 77 63 26 113,4,19,0,26,1,17,30,var_0 counter_var_1 +,19,counter_var_0 var_1 +
5921,114 30 45 103 113,11,114 16 87 60 113,1,16,10,29,22,18,30,var_0 counter_var_1 +,26,counter_var_0 var_1 +
5922,114 89 96 7 113,9,114 71 87 60 113,2,13,7,29,4,18,31,var_0 counter_var_1 +,20,counter_var_0 var_1 +
5923,114 98 54 53 113,33,114 8 5 24 113,11,8,22,24,8,5,35,var_0 counter_var_1 +,30,counter_var_0 var_1 +
5924,114 101 3 86 113,38,114 53 6 64 113,14,24,24,2,3,6,16,var_0 counter_var_1 +,48,counter_var_0 var_1 +
5925,114 81 3 86 113,47,114 61 70 77 113,23,3,24,15,3,1,38,var_0 counter_var_1 +,27,counter_var_0 var_1 +
5926,114 77 68 71 113,28,114 51 9 70 113,19,22,9,8,22,9,27,var_0 counter_var_1 +,31,counter_var_0 var_1 +
5927,114 46 3 86 113,41,114 36 83 3 113,17,7,24,3,3,14,20,var_0 counter_var_1 +,31,counter_var_0 var_1 +
5928,114 6 60 63 113,7,114 36 4 78 113,6,7,1,16,14,4,22,var_0 counter_var_1 +,8,counter_var_0 var_1 +
5929,114 43 1 0 113,14,114 15 93 105 113,14,15,0,12,1,1,26,var_0 counter_var_1 +,15,counter_var_0 var_1 +
5930,114 79 60 63 113,22,114 21 3 86 113,21,21,1,24,14,3,45,var_0 counter_var_1 +,22,counter_var_0 var_1 +
5931,114 20 58 2 113,22,114 56 90 102 113,20,27,2,9,12,21,29,var_0 counter_var_1 +,29,counter_var_0 var_1 +
5932,114 66 86 94 113,9,114 69 71 100 113,8,11,1,7,17,2,15,var_0 counter_var_1 +,12,counter_var_0 var_1 +
5933,114 23 97 23 113,46,114 30 14 33 113,23,1,23,2,5,14,25,var_0 counter_var_1 +,24,counter_var_0 var_1 +
5934,114 32 6 64 113,5,114 105 100 75 113,3,18,2,13,6,8,16,var_0 counter_var_1 +,20,counter_var_0 var_1 +
5935,114 88 98 74 113,13,114 67 98 74 113,1,9,12,12,6,6,13,var_0 counter_var_1 +,21,counter_var_0 var_1 +
5936,114 87 56 5 113,5,114 108 92 51 113,0,21,5,20,10,0,20,var_0 counter_var_1 +,26,counter_var_0 var_1 +
5937,114 102 32 1 113,16,114 92 11 6 113,15,5,1,6,9,11,21,var_0 counter_var_1 +,6,counter_var_0 var_1 +
5938,114 0 5 24 113,24,114 1 39 36 113,0,1,24,5,5,16,5,var_0 counter_var_1 +,25,counter_var_0 var_1 +
5939,114 76 43 40 113,27,114 83 38 59 113,18,25,9,28,20,15,46,var_0 counter_var_1 +,34,counter_var_0 var_1 +
5940,114 37 87 60 113,37,114 73 41 34 113,8,15,29,3,18,18,11,var_0 counter_var_1 +,44,counter_var_0 var_1 +
5941,114 83 43 40 113,34,114 73 6 64 113,25,15,9,2,20,6,27,var_0 counter_var_1 +,24,counter_var_0 var_1 +
5942,114 77 37 110 113,36,114 88 105 111 113,19,1,17,18,14,13,37,var_0 counter_var_1 +,18,counter_var_0 var_1 +
5943,114 36 53 68 113,13,114 14 107 28 113,7,14,6,28,7,15,35,var_0 counter_var_1 +,20,counter_var_0 var_1 +
5944,114 61 100 75 113,16,114 83 86 94 113,3,25,13,1,8,17,4,var_0 counter_var_1 +,38,counter_var_0 var_1 +
5945,114 36 73 73 113,18,114 4 20 50 113,7,4,11,19,4,20,26,var_0 counter_var_1 +,15,counter_var_0 var_1 +
5946,114 76 93 105 113,30,114 41 60 63 113,18,12,12,1,1,14,19,var_0 counter_var_1 +,24,counter_var_0 var_1 +
5947,114 95 61 89 113,35,114 62 29 17 113,8,4,27,17,15,6,25,var_0 counter_var_1 +,31,counter_var_0 var_1 +
5948,114 67 110 108 113,24,114 40 62 43 113,9,11,15,12,18,16,21,var_0 counter_var_1 +,26,counter_var_0 var_1 +
5949,114 67 102 45 113,23,114 112 68 71 113,9,25,14,9,10,22,18,var_0 counter_var_1 +,39,counter_var_0 var_1 +
5950,114 75 42 46 113,32,114 33 32 1 113,17,4,15,1,19,9,18,var_0 counter_var_1 +,19,counter_var_0 var_1 +
5951,114 9 4 78 113,25,114 109 59 30 113,9,22,16,30,4,13,39,var_0 counter_var_1 +,38,counter_var_0 var_1 +
5952,114 65 112 13 113,20,114 97 106 56 113,7,10,13,25,20,14,32,var_0 counter_var_1 +,23,counter_var_0 var_1 +
5953,114 13 42 46 113,28,114 37 35 37 113,13,8,15,6,19,12,19,var_0 counter_var_1 +,23,counter_var_0 var_1 +
5954,114 70 92 51 113,32,114 39 109 65 113,12,10,20,3,0,17,15,var_0 counter_var_1 +,30,counter_var_0 var_1 +
5955,114 80 96 7 113,29,114 92 103 61 113,22,5,7,30,4,11,52,var_0 counter_var_1 +,12,counter_var_0 var_1 +
5956,114 84 80 48 113,43,114 15 73 73 113,26,15,17,11,11,4,37,var_0 counter_var_1 +,32,counter_var_0 var_1 +
5957,114 69 34 47 113,27,114 49 87 60 113,11,20,16,29,11,18,40,var_0 counter_var_1 +,36,counter_var_0 var_1 +
5958,114 36 42 46 113,22,114 72 84 44 113,7,14,15,13,19,15,20,var_0 counter_var_1 +,29,counter_var_0 var_1 +
5959,114 97 100 75 113,23,114 29 46 87 113,10,0,13,25,8,0,35,var_0 counter_var_1 +,13,counter_var_0 var_1 +
5960,114 64 101 39 113,14,114 28 4 78 113,6,28,8,16,9,4,22,var_0 counter_var_1 +,36,counter_var_0 var_1 +
5961,114 17 33 14 113,31,114 104 28 55 113,17,17,14,24,10,5,41,var_0 counter_var_1 +,31,counter_var_0 var_1 +
5962,114 101 14 33 113,16,114 78 29 17 113,14,20,2,17,14,6,31,var_0 counter_var_1 +,22,counter_var_0 var_1 +
5963,114 26 28 55 113,50,114 53 101 39 113,26,24,24,8,5,9,34,var_0 counter_var_1 +,48,counter_var_0 var_1 +
5964,114 89 13 18 113,20,114 20 104 4 113,2,20,18,4,13,12,6,var_0 counter_var_1 +,38,counter_var_0 var_1 +
5965,114 30 10 11 113,12,114 32 102 45 113,1,3,11,14,10,10,15,var_0 counter_var_1 +,14,counter_var_0 var_1 +
5966,114 78 5 24 113,44,114 61 105 111 113,20,3,24,18,5,13,38,var_0 counter_var_1 +,27,counter_var_0 var_1 +
5967,114 51 5 24 113,46,114 85 45 103 113,22,27,24,10,5,22,32,var_0 counter_var_1 +,51,counter_var_0 var_1 +
5968,114 91 2 84 113,26,114 19 86 94 113,4,19,22,1,2,17,5,var_0 counter_var_1 +,41,counter_var_0 var_1 +
5969,114 102 30 99 113,21,114 22 84 44 113,15,22,6,13,7,15,28,var_0 counter_var_1 +,28,counter_var_0 var_1 +
5970,114 51 52 9 113,31,114 10 96 7 113,22,10,9,7,6,4,29,var_0 counter_var_1 +,19,counter_var_0 var_1 +
5971,114 47 34 47 113,34,114 103 40 76 113,18,16,16,14,11,17,32,var_0 counter_var_1 +,32,counter_var_0 var_1 +
5972,114 19 18 72 113,29,114 54 90 102 113,19,25,10,9,18,21,28,var_0 counter_var_1 +,35,counter_var_0 var_1 +
5973,114 7 62 43 113,19,114 0 35 37 113,7,0,12,6,16,12,13,var_0 counter_var_1 +,12,counter_var_0 var_1 +
5974,114 87 95 109 113,16,114 112 100 75 113,0,25,16,13,3,8,13,var_0 counter_var_1 +,41,counter_var_0 var_1 +
5975,114 82 92 51 113,44,114 39 53 68 113,24,10,20,6,0,7,30,var_0 counter_var_1 +,30,counter_var_0 var_1 +
5976,114 47 46 87 113,43,114 15 105 111 113,18,15,25,18,0,13,36,var_0 counter_var_1 +,40,counter_var_0 var_1 +
5977,114 41 84 44 113,25,114 57 81 52 113,12,28,13,21,15,12,33,var_0 counter_var_1 +,41,counter_var_0 var_1 +
5978,114 41 58 2 113,14,114 77 27 101 113,12,19,2,8,12,4,20,var_0 counter_var_1 +,21,counter_var_0 var_1 +
5979,114 1 50 27 113,28,114 42 67 80 113,1,13,27,18,4,21,19,var_0 counter_var_1 +,40,counter_var_0 var_1 +
5980,114 58 74 91 113,29,114 12 60 63 113,0,12,29,1,5,14,1,var_0 counter_var_1 +,41,counter_var_0 var_1 +
5981,114 9 77 69 113,16,114 108 103 61 113,9,21,7,30,8,11,39,var_0 counter_var_1 +,28,counter_var_0 var_1 +
5982,114 15 22 12 113,27,114 92 108 85 113,15,5,12,23,22,16,38,var_0 counter_var_1 +,17,counter_var_0 var_1 +
5983,114 72 40 76 113,28,114 15 34 47 113,14,15,14,16,17,11,30,var_0 counter_var_1 +,29,counter_var_0 var_1 +
5984,114 3 43 40 113,12,114 7 24 35 113,3,7,9,4,20,1,7,var_0 counter_var_1 +,16,counter_var_0 var_1 +
5985,114 9 68 71 113,18,114 97 80 48 113,9,10,9,17,22,11,26,var_0 counter_var_1 +,19,counter_var_0 var_1 +
5986,114 96 31 82 113,29,114 81 79 58 113,9,23,20,27,8,10,36,var_0 counter_var_1 +,43,counter_var_0 var_1 +
5987,114 92 12 83 113,26,114 76 88 16 113,5,18,21,16,12,19,21,var_0 counter_var_1 +,39,counter_var_0 var_1 +
5988,114 36 41 34 113,10,114 19 51 42 113,7,19,3,11,18,5,18,var_0 counter_var_1 +,22,counter_var_0 var_1 +
5989,114 35 61 89 113,33,114 18 98 74 113,6,18,27,12,15,6,18,var_0 counter_var_1 +,45,counter_var_0 var_1 +
5990,114 110 61 89 113,50,114 89 87 60 113,23,2,27,29,15,18,52,var_0 counter_var_1 +,29,counter_var_0 var_1 +
5991,114 99 43 40 113,21,114 79 45 103 113,12,21,9,10,20,22,22,var_0 counter_var_1 +,30,counter_var_0 var_1 +
5992,114 11 92 51 113,31,114 107 86 94 113,11,20,20,1,0,17,12,var_0 counter_var_1 +,40,counter_var_0 var_1 +
5993,114 9 23 98 113,14,114 84 95 109 113,9,26,5,16,0,3,25,var_0 counter_var_1 +,31,counter_var_0 var_1 +
5994,114 39 73 73 113,21,114 78 21 49 113,10,20,11,18,4,21,28,var_0 counter_var_1 +,31,counter_var_0 var_1 +
5995,114 87 19 15 113,15,114 79 7 22 113,0,21,15,22,19,7,22,var_0 counter_var_1 +,36,counter_var_0 var_1 +
5996,114 9 75 8 113,17,114 16 79 58 113,9,16,8,27,6,10,36,var_0 counter_var_1 +,24,counter_var_0 var_1 +
5997,114 29 45 103 113,10,114 71 12 83 113,0,13,10,21,22,12,21,var_0 counter_var_1 +,23,counter_var_0 var_1 +
5998,114 15 57 97 113,19,114 87 57 97 113,15,0,4,4,11,11,19,var_0 counter_var_1 +,4,counter_var_0 var_1 +
5999,114 64 111 79 113,23,114 13 61 89 113,6,13,17,27,19,15,33,var_0 counter_var_1 +,30,counter_var_0 var_1 +
6000,114 22 46 87 113,47,114 19 78 107 113,22,19,25,14,0,9,36,var_0 counter_var_1 +,44,counter_var_0 var_1 +
6001,114 73 108 85 113,38,114 77 30 99 113,15,19,23,6,16,7,21,var_0 counter_var_1 +,42,counter_var_0 var_1 +
6002,114 83 92 51 113,45,114 40 43 40 113,25,11,20,9,0,20,34,var_0 counter_var_1 +,31,counter_var_0 var_1 +
6003,114 49 17 112 113,39,114 12 105 111 113,20,12,19,18,17,13,38,var_0 counter_var_1 +,31,counter_var_0 var_1 +
6004,114 13 69 104 113,24,114 19 96 7 113,13,19,11,7,0,4,20,var_0 counter_var_1 +,30,counter_var_0 var_1 +
6005,114 35 55 10 113,16,114 106 7 22 113,6,19,10,22,9,7,28,var_0 counter_var_1 +,29,counter_var_0 var_1 +
6006,114 88 16 21 113,22,114 1 48 95 113,1,1,21,2,16,2,3,var_0 counter_var_1 +,22,counter_var_0 var_1 +
6007,114 73 83 3 113,18,114 100 97 23 113,15,13,3,23,14,5,38,var_0 counter_var_1 +,16,counter_var_0 var_1 +
6008,114 103 69 104 113,27,114 27 47 93 113,16,27,11,0,0,1,16,var_0 counter_var_1 +,38,counter_var_0 var_1 +
6009,114 32 86 94 113,4,114 106 0 38 113,3,19,1,7,17,0,10,var_0 counter_var_1 +,20,counter_var_0 var_1 +
6010,114 39 72 81 113,29,114 8 75 8 113,10,8,19,8,3,6,18,var_0 counter_var_1 +,27,counter_var_0 var_1 +
6011,114 45 107 28 113,44,114 69 68 71 113,16,11,28,9,15,22,25,var_0 counter_var_1 +,39,counter_var_0 var_1 +
6012,114 57 98 74 113,40,114 26 6 64 113,28,26,12,2,6,6,30,var_0 counter_var_1 +,38,counter_var_0 var_1 +
6013,114 48 110 108 113,34,114 42 49 32 113,19,13,15,1,18,3,20,var_0 counter_var_1 +,28,counter_var_0 var_1 +
6014,114 29 21 49 113,18,114 75 17 112 113,0,17,18,19,21,17,19,var_0 counter_var_1 +,35,counter_var_0 var_1 +
6015,114 98 112 13 113,24,114 11 23 98 113,11,11,13,5,20,0,16,var_0 counter_var_1 +,24,counter_var_0 var_1 +
6016,114 66 91 106 113,21,114 69 10 11 113,8,11,13,11,22,10,19,var_0 counter_var_1 +,24,counter_var_0 var_1 +
6017,114 7 75 8 113,15,114 101 43 40 113,7,14,8,9,6,20,16,var_0 counter_var_1 +,22,counter_var_0 var_1 +
6018,114 72 28 55 113,38,114 73 75 8 113,14,15,24,8,5,6,22,var_0 counter_var_1 +,39,counter_var_0 var_1 +
6019,114 20 50 27 113,47,114 57 57 97 113,20,28,27,4,4,11,24,var_0 counter_var_1 +,55,counter_var_0 var_1 +
6020,114 9 2 84 113,31,114 97 60 63 113,9,10,22,1,2,14,10,var_0 counter_var_1 +,32,counter_var_0 var_1 +
6021,114 64 49 32 113,7,114 3 112 13 113,6,3,1,13,3,20,19,var_0 counter_var_1 +,4,counter_var_0 var_1 +
6022,114 17 2 84 113,39,114 73 46 87 113,17,15,22,25,2,0,42,var_0 counter_var_1 +,37,counter_var_0 var_1 +
6023,114 47 77 69 113,25,114 14 100 75 113,18,14,7,13,8,8,31,var_0 counter_var_1 +,21,counter_var_0 var_1 +
6024,114 44 38 59 113,43,114 65 20 50 113,15,7,28,19,15,20,34,var_0 counter_var_1 +,35,counter_var_0 var_1 +
6025,114 106 73 73 113,30,114 86 83 3 113,19,28,11,3,4,14,22,var_0 counter_var_1 +,39,counter_var_0 var_1 +
6026,114 61 78 107 113,17,114 33 83 3 113,3,4,14,3,9,14,6,var_0 counter_var_1 +,18,counter_var_0 var_1 +
6027,114 90 107 28 113,31,114 92 70 77 113,3,5,28,15,15,1,18,var_0 counter_var_1 +,33,counter_var_0 var_1 +
6028,114 68 43 40 113,19,114 107 79 58 113,10,20,9,27,20,10,37,var_0 counter_var_1 +,29,counter_var_0 var_1 +
6029,114 104 111 79 113,34,114 77 34 47 113,17,19,17,16,19,11,33,var_0 counter_var_1 +,36,counter_var_0 var_1 +
6030,114 96 86 94 113,10,114 76 98 74 113,9,18,1,12,17,6,21,var_0 counter_var_1 +,19,counter_var_0 var_1 +
6031,114 73 71 100 113,22,114 17 83 3 113,15,17,7,3,2,14,18,var_0 counter_var_1 +,24,counter_var_0 var_1 +
6032,114 112 83 3 113,28,114 15 90 102 113,25,15,3,9,14,21,34,var_0 counter_var_1 +,18,counter_var_0 var_1 +
6033,114 73 94 96 113,18,114 23 92 51 113,15,23,3,20,2,0,35,var_0 counter_var_1 +,26,counter_var_0 var_1 +
6034,114 1 65 67 113,6,114 27 60 63 113,1,27,5,1,19,14,2,var_0 counter_var_1 +,32,counter_var_0 var_1 +
6035,114 105 18 72 113,28,114 22 3 86 113,18,22,10,24,18,3,42,var_0 counter_var_1 +,32,counter_var_0 var_1 +
6036,114 66 41 34 113,11,114 46 60 63 113,8,17,3,1,18,14,9,var_0 counter_var_1 +,20,counter_var_0 var_1 +
6037,114 1 53 68 113,7,114 58 76 54 113,1,0,6,23,7,7,24,var_0 counter_var_1 +,6,counter_var_0 var_1 +
6038,114 69 88 16 113,27,114 102 39 36 113,11,15,16,5,19,16,16,var_0 counter_var_1 +,31,counter_var_0 var_1 +
6039,114 32 1 0 113,3,114 56 29 17 113,3,27,0,17,1,6,20,var_0 counter_var_1 +,27,counter_var_0 var_1 +
6040,114 1 92 51 113,21,114 62 26 25 113,1,4,20,25,0,3,26,var_0 counter_var_1 +,24,counter_var_0 var_1 +
6041,114 90 104 4 113,7,114 18 37 110 113,3,18,4,17,12,14,20,var_0 counter_var_1 +,22,counter_var_0 var_1 +
6042,114 66 98 74 113,20,114 7 69 104 113,8,7,12,11,6,0,19,var_0 counter_var_1 +,19,counter_var_0 var_1 +
6043,114 30 93 105 113,13,114 100 2 84 113,1,13,12,22,1,2,23,var_0 counter_var_1 +,25,counter_var_0 var_1 +
6044,114 48 1 0 113,19,114 51 21 49 113,19,22,0,18,1,21,37,var_0 counter_var_1 +,22,counter_var_0 var_1 +
6045,114 71 20 50 113,32,114 91 105 111 113,13,4,19,18,20,13,31,var_0 counter_var_1 +,23,counter_var_0 var_1 +
6046,114 66 89 29 113,37,114 10 84 44 113,8,10,29,13,20,15,21,var_0 counter_var_1 +,39,counter_var_0 var_1 +
6047,114 46 10 11 113,28,114 53 80 48 113,17,24,11,17,10,11,34,var_0 counter_var_1 +,35,counter_var_0 var_1 +
6048,114 26 44 41 113,36,114 18 62 43 113,26,18,10,12,21,16,38,var_0 counter_var_1 +,28,counter_var_0 var_1 +
6049,114 26 109 65 113,29,114 74 1 0 113,26,16,3,0,17,1,26,var_0 counter_var_1 +,19,counter_var_0 var_1 +
6050,114 14 38 59 113,42,114 7 90 102 113,14,7,28,9,15,21,23,var_0 counter_var_1 +,35,counter_var_0 var_1 +
6051,114 94 72 81 113,26,114 50 49 32 113,7,21,19,1,3,3,8,var_0 counter_var_1 +,40,counter_var_0 var_1 +
6052,114 95 3 86 113,32,114 3 68 71 113,8,3,24,9,3,22,17,var_0 counter_var_1 +,27,counter_var_0 var_1 +
6053,114 21 40 76 113,35,114 94 95 109 113,21,7,14,16,17,3,37,var_0 counter_var_1 +,21,counter_var_0 var_1 +
6054,114 104 44 41 113,27,114 104 58 2 113,17,17,10,2,21,12,19,var_0 counter_var_1 +,27,counter_var_0 var_1 +
6055,114 2 94 96 113,5,114 26 37 110 113,2,26,3,17,2,14,19,var_0 counter_var_1 +,29,counter_var_0 var_1 +
6056,114 47 101 39 113,26,114 92 105 111 113,18,5,8,18,9,13,36,var_0 counter_var_1 +,13,counter_var_0 var_1 +
6057,114 26 56 5 113,31,114 5 91 106 113,26,5,5,13,10,22,39,var_0 counter_var_1 +,10,counter_var_0 var_1 +
6058,114 65 25 20 113,27,114 69 106 56 113,7,11,20,25,2,14,32,var_0 counter_var_1 +,31,counter_var_0 var_1 +
6059,114 33 13 18 113,22,114 56 47 93 113,4,27,18,0,13,1,4,var_0 counter_var_1 +,45,counter_var_0 var_1 +
6060,114 36 7 22 113,29,114 60 21 49 113,7,2,22,18,7,21,25,var_0 counter_var_1 +,24,counter_var_0 var_1 +
6061,114 31 112 13 113,15,114 4 94 96 113,2,4,13,3,20,2,5,var_0 counter_var_1 +,17,counter_var_0 var_1 +
6062,114 84 97 23 113,49,114 11 70 77 113,26,11,23,15,5,1,41,var_0 counter_var_1 +,34,counter_var_0 var_1 +
6063,114 79 53 68 113,27,114 52 100 75 113,21,23,6,13,7,8,34,var_0 counter_var_1 +,29,counter_var_0 var_1 +
6064,114 111 63 26 113,50,114 59 34 47 113,24,1,26,16,17,11,40,var_0 counter_var_1 +,27,counter_var_0 var_1 +
6065,114 105 89 29 113,47,114 58 78 107 113,18,0,29,14,20,9,32,var_0 counter_var_1 +,29,counter_var_0 var_1 +
6066,114 25 78 107 113,39,114 105 23 98 113,25,18,14,5,9,0,30,var_0 counter_var_1 +,32,counter_var_0 var_1 +
6067,114 90 4 78 113,19,114 100 51 42 113,3,13,16,11,4,5,14,var_0 counter_var_1 +,29,counter_var_0 var_1 +
6068,114 46 108 85 113,40,114 72 30 99 113,17,14,23,6,16,7,23,var_0 counter_var_1 +,37,counter_var_0 var_1 +
6069,114 85 110 108 113,42,114 30 98 74 113,27,1,15,12,18,6,39,var_0 counter_var_1 +,16,counter_var_0 var_1 +
6070,114 44 18 72 113,25,114 95 100 75 113,15,8,10,13,18,8,28,var_0 counter_var_1 +,18,counter_var_0 var_1 +
6071,114 88 39 36 113,6,114 84 59 30 113,1,26,5,30,16,13,31,var_0 counter_var_1 +,31,counter_var_0 var_1 +
6072,114 108 54 53 113,43,114 49 6 64 113,21,20,22,2,8,6,23,var_0 counter_var_1 +,42,counter_var_0 var_1 +
6073,114 84 52 9 113,35,114 46 27 101 113,26,17,9,8,6,4,34,var_0 counter_var_1 +,26,counter_var_0 var_1 +
6074,114 100 14 33 113,15,114 63 100 75 113,13,5,2,13,14,8,26,var_0 counter_var_1 +,7,counter_var_0 var_1 +
6075,114 26 19 15 113,41,114 59 21 49 113,26,1,15,18,19,21,44,var_0 counter_var_1 +,16,counter_var_0 var_1 +
6076,114 99 105 111 113,30,114 13 36 19 113,12,13,18,19,13,13,31,var_0 counter_var_1 +,31,counter_var_0 var_1 +
6077,114 81 2 84 113,45,114 8 54 53 113,23,8,22,22,2,8,45,var_0 counter_var_1 +,30,counter_var_0 var_1 +
6078,114 107 36 19 113,39,114 39 10 11 113,20,10,19,11,13,10,31,var_0 counter_var_1 +,29,counter_var_0 var_1 +
6079,114 34 3 86 113,29,114 16 50 27 113,5,16,24,27,3,4,32,var_0 counter_var_1 +,40,counter_var_0 var_1 +
6080,114 77 95 109 113,35,114 89 32 1 113,19,2,16,1,3,9,20,var_0 counter_var_1 +,18,counter_var_0 var_1 +
6081,114 79 81 52 113,42,114 37 69 104 113,21,8,21,11,12,0,32,var_0 counter_var_1 +,29,counter_var_0 var_1 +
6082,114 108 83 3 113,24,114 54 65 67 113,21,25,3,5,14,19,26,var_0 counter_var_1 +,28,counter_var_0 var_1 +
6083,114 48 31 82 113,39,114 99 15 62 113,19,12,20,0,8,15,19,var_0 counter_var_1 +,32,counter_var_0 var_1 +
6084,114 90 15 62 113,3,114 73 18 72 113,3,15,0,10,15,18,13,var_0 counter_var_1 +,15,counter_var_0 var_1 +
6085,114 16 50 27 113,43,114 99 32 1 113,16,12,27,1,4,9,17,var_0 counter_var_1 +,39,counter_var_0 var_1 +
6086,114 45 34 47 113,32,114 56 77 69 113,16,27,16,7,11,8,23,var_0 counter_var_1 +,43,counter_var_0 var_1 +
6087,114 105 73 73 113,29,114 83 32 1 113,18,25,11,1,4,9,19,var_0 counter_var_1 +,36,counter_var_0 var_1 +
6088,114 12 69 104 113,23,114 65 46 87 113,12,7,11,25,0,0,37,var_0 counter_var_1 +,18,counter_var_0 var_1 +
6089,114 72 110 108 113,29,114 108 95 109 113,14,21,15,16,18,3,30,var_0 counter_var_1 +,36,counter_var_0 var_1 +
6090,114 27 92 51 113,47,114 5 76 54 113,27,5,20,23,0,7,50,var_0 counter_var_1 +,25,counter_var_0 var_1 +
6091,114 80 102 45 113,36,114 35 5 24 113,22,6,14,24,10,5,46,var_0 counter_var_1 +,20,counter_var_0 var_1 +
6092,114 58 109 65 113,3,114 102 28 55 113,0,15,3,24,17,5,24,var_0 counter_var_1 +,18,counter_var_0 var_1 +
6093,114 96 9 70 113,17,114 68 50 27 113,9,10,8,27,9,4,36,var_0 counter_var_1 +,18,counter_var_0 var_1 +
6094,114 39 82 90 113,38,114 94 111 79 113,10,7,28,17,13,19,27,var_0 counter_var_1 +,35,counter_var_0 var_1 +
6095,114 106 1 0 113,19,114 7 92 51 113,19,7,0,20,1,0,39,var_0 counter_var_1 +,7,counter_var_0 var_1 +
6096,114 13 7 22 113,35,114 5 38 59 113,13,5,22,28,7,15,41,var_0 counter_var_1 +,27,counter_var_0 var_1 +
6097,114 53 99 92 113,54,114 37 58 2 113,24,8,30,2,7,12,26,var_0 counter_var_1 +,38,counter_var_0 var_1 +
6098,114 42 22 12 113,25,114 30 110 108 113,13,1,12,15,22,18,28,var_0 counter_var_1 +,13,counter_var_0 var_1 +
6099,114 27 90 102 113,36,114 95 87 60 113,27,8,9,29,21,18,56,var_0 counter_var_1 +,17,counter_var_0 var_1 +
6100,114 26 39 36 113,31,114 42 73 73 113,26,13,5,11,16,4,37,var_0 counter_var_1 +,18,counter_var_0 var_1 +
6101,114 80 56 5 113,27,114 32 57 97 113,22,3,5,4,10,11,26,var_0 counter_var_1 +,8,counter_var_0 var_1 +
6102,114 14 64 66 113,18,114 1 5 24 113,14,1,4,24,18,5,38,var_0 counter_var_1 +,5,counter_var_0 var_1 +
6103,114 73 22 12 113,27,114 30 16 21 113,15,1,12,21,22,16,36,var_0 counter_var_1 +,13,counter_var_0 var_1 +
6104,114 44 30 99 113,21,114 17 87 60 113,15,17,6,29,7,18,44,var_0 counter_var_1 +,23,counter_var_0 var_1 +
6105,114 53 93 105 113,36,114 8 86 94 113,24,8,12,1,1,17,25,var_0 counter_var_1 +,20,counter_var_0 var_1 +
6106,114 11 91 106 113,24,114 28 108 85 113,11,28,13,23,22,16,34,var_0 counter_var_1 +,41,counter_var_0 var_1 +
6107,114 34 56 5 113,10,114 95 44 41 113,5,8,5,10,10,21,15,var_0 counter_var_1 +,13,counter_var_0 var_1 +
6108,114 10 55 10 113,20,114 68 55 10 113,10,10,10,10,9,9,20,var_0 counter_var_1 +,20,counter_var_0 var_1 +
6109,114 105 20 50 113,37,114 90 50 27 113,18,3,19,27,20,4,45,var_0 counter_var_1 +,22,counter_var_0 var_1 +
6110,114 77 36 19 113,38,114 40 33 14 113,19,11,19,14,13,10,33,var_0 counter_var_1 +,30,counter_var_0 var_1 +
6111,114 67 82 90 113,37,114 103 81 52 113,9,16,28,21,13,12,30,var_0 counter_var_1 +,44,counter_var_0 var_1 +
6112,114 41 86 94 113,13,114 33 36 19 113,12,4,1,19,17,13,31,var_0 counter_var_1 +,5,counter_var_0 var_1 +
6113,114 52 93 105 113,35,114 103 43 40 113,23,16,12,9,1,20,32,var_0 counter_var_1 +,28,counter_var_0 var_1 +
6114,114 1 60 63 113,2,114 50 100 75 113,1,21,1,13,14,8,14,var_0 counter_var_1 +,22,counter_var_0 var_1 +
6115,114 8 37 110 113,25,114 65 112 13 113,8,7,17,13,14,20,21,var_0 counter_var_1 +,24,counter_var_0 var_1 +
6116,114 15 15 62 113,15,114 82 82 90 113,15,24,0,28,15,13,43,var_0 counter_var_1 +,24,counter_var_0 var_1 +
6117,114 3 16 21 113,24,114 72 74 91 113,3,14,21,29,16,5,32,var_0 counter_var_1 +,35,counter_var_0 var_1 +
6118,114 72 24 35 113,18,114 63 1 0 113,14,5,4,0,1,1,14,var_0 counter_var_1 +,9,counter_var_0 var_1 +
6119,114 1 104 4 113,5,114 40 0 38 113,1,11,4,7,12,0,8,var_0 counter_var_1 +,15,counter_var_0 var_1 +
6120,114 86 24 35 113,32,114 94 52 9 113,28,7,4,9,1,6,37,var_0 counter_var_1 +,11,counter_var_0 var_1 +
6121,114 99 93 105 113,24,114 58 70 77 113,12,0,12,15,1,1,27,var_0 counter_var_1 +,12,counter_var_0 var_1 +
6122,114 110 9 70 113,31,114 112 16 21 113,23,25,8,21,9,16,44,var_0 counter_var_1 +,33,counter_var_0 var_1 +
6123,114 57 26 25 113,53,114 96 83 3 113,28,9,25,3,3,14,31,var_0 counter_var_1 +,34,counter_var_0 var_1 +
6124,114 17 37 110 113,34,114 36 10 11 113,17,7,17,11,14,10,28,var_0 counter_var_1 +,24,counter_var_0 var_1 +
6125,114 44 73 73 113,26,114 19 50 27 113,15,19,11,27,4,4,42,var_0 counter_var_1 +,30,counter_var_0 var_1 +
6126,114 1 106 56 113,26,114 77 105 111 113,1,19,25,18,14,13,19,var_0 counter_var_1 +,44,counter_var_0 var_1 +
6127,114 49 105 111 113,38,114 45 82 90 113,20,16,18,28,13,13,48,var_0 counter_var_1 +,34,counter_var_0 var_1 +
6128,114 70 88 16 113,28,114 19 15 62 113,12,19,16,0,19,15,12,var_0 counter_var_1 +,35,counter_var_0 var_1 +
6129,114 7 33 14 113,21,114 21 30 99 113,7,21,14,6,10,7,13,var_0 counter_var_1 +,35,counter_var_0 var_1 +
6130,114 85 87 60 113,56,114 11 46 87 113,27,11,29,25,18,0,52,var_0 counter_var_1 +,40,counter_var_0 var_1 +
6131,114 34 32 1 113,6,114 71 61 89 113,5,13,1,27,9,15,32,var_0 counter_var_1 +,14,counter_var_0 var_1 +
6132,114 100 35 37 113,19,114 66 5 24 113,13,8,6,24,12,5,37,var_0 counter_var_1 +,14,counter_var_0 var_1 +
6133,114 21 93 105 113,33,114 51 18 72 113,21,22,12,10,1,18,31,var_0 counter_var_1 +,34,counter_var_0 var_1 +
6134,114 32 31 82 113,23,114 36 15 62 113,3,7,20,0,8,15,3,var_0 counter_var_1 +,27,counter_var_0 var_1 +
6135,114 86 72 81 113,47,114 32 39 36 113,28,3,19,5,3,16,33,var_0 counter_var_1 +,22,counter_var_0 var_1 +
6136,114 79 17 112 113,40,114 46 35 37 113,21,17,19,6,17,12,27,var_0 counter_var_1 +,36,counter_var_0 var_1 +
6137,114 6 98 74 113,18,114 97 53 68 113,6,10,12,6,6,7,12,var_0 counter_var_1 +,22,counter_var_0 var_1 +
6138,114 52 70 77 113,38,114 20 14 33 113,23,20,15,2,1,14,25,var_0 counter_var_1 +,35,counter_var_0 var_1 +
6139,114 95 68 71 113,17,114 104 75 8 113,8,17,9,8,22,6,16,var_0 counter_var_1 +,26,counter_var_0 var_1 +
6140,114 42 39 36 113,18,114 33 56 5 113,13,4,5,5,16,10,18,var_0 counter_var_1 +,9,counter_var_0 var_1 +
6141,114 49 30 99 113,26,114 90 84 44 113,20,3,6,13,7,15,33,var_0 counter_var_1 +,9,counter_var_0 var_1 +
6142,114 2 107 28 113,30,114 44 50 27 113,2,15,28,27,15,4,29,var_0 counter_var_1 +,43,counter_var_0 var_1 +
6143,114 75 86 94 113,18,114 96 44 41 113,17,9,1,10,17,21,27,var_0 counter_var_1 +,10,counter_var_0 var_1 +
6144,114 3 101 39 113,11,114 22 93 105 113,3,22,8,12,9,1,15,var_0 counter_var_1 +,30,counter_var_0 var_1 +
6145,114 48 111 79 113,36,114 98 78 107 113,19,11,17,14,19,9,33,var_0 counter_var_1 +,28,counter_var_0 var_1 +
6146,114 39 68 71 113,19,114 75 65 67 113,10,17,9,5,22,19,15,var_0 counter_var_1 +,26,counter_var_0 var_1 +
6147,114 43 36 19 113,33,114 80 9 70 113,14,22,19,8,13,9,22,var_0 counter_var_1 +,41,counter_var_0 var_1 +
6148,114 91 105 111 113,22,114 34 79 58 113,4,5,18,27,13,10,31,var_0 counter_var_1 +,23,counter_var_0 var_1 +
6149,114 74 29 17 113,33,114 50 33 14 113,16,21,17,14,6,10,30,var_0 counter_var_1 +,38,counter_var_0 var_1 +
6150,114 38 41 34 113,12,114 51 35 37 113,9,22,3,6,18,12,15,var_0 counter_var_1 +,25,counter_var_0 var_1 +
6151,114 27 38 59 113,55,114 44 102 45 113,27,15,28,14,15,10,41,var_0 counter_var_1 +,43,counter_var_0 var_1 +
6152,114 74 86 94 113,17,114 83 41 34 113,16,25,1,3,17,18,19,var_0 counter_var_1 +,26,counter_var_0 var_1 +
6153,114 3 14 33 113,5,114 14 47 93 113,3,14,2,0,14,1,3,var_0 counter_var_1 +,16,counter_var_0 var_1 +
6154,114 79 103 61 113,51,114 60 24 35 113,21,2,30,4,11,1,25,var_0 counter_var_1 +,32,counter_var_0 var_1 +
6155,114 95 89 29 113,37,114 63 57 97 113,8,5,29,4,20,11,12,var_0 counter_var_1 +,34,counter_var_0 var_1 +
6156,114 35 91 106 113,19,114 83 89 29 113,6,25,13,29,22,20,35,var_0 counter_var_1 +,38,counter_var_0 var_1 +
6157,114 71 86 94 113,14,114 80 74 91 113,13,22,1,29,17,5,42,var_0 counter_var_1 +,23,counter_var_0 var_1 +
6158,114 44 96 7 113,22,114 1 13 18 113,15,1,7,18,4,13,33,var_0 counter_var_1 +,8,counter_var_0 var_1 +
6159,114 44 20 50 113,34,114 76 89 29 113,15,18,19,29,20,20,44,var_0 counter_var_1 +,37,counter_var_0 var_1 +
6160,114 11 103 61 113,41,114 72 94 96 113,11,14,30,3,11,2,14,var_0 counter_var_1 +,44,counter_var_0 var_1 +
6161,114 12 40 76 113,26,114 90 110 108 113,12,3,14,15,17,18,27,var_0 counter_var_1 +,17,counter_var_0 var_1 +
6162,114 73 80 48 113,32,114 9 88 16 113,15,9,17,16,11,19,31,var_0 counter_var_1 +,26,counter_var_0 var_1 +
6163,114 100 18 72 113,23,114 85 92 51 113,13,27,10,20,18,0,33,var_0 counter_var_1 +,37,counter_var_0 var_1 +
6164,114 27 81 52 113,48,114 90 75 8 113,27,3,21,8,12,6,35,var_0 counter_var_1 +,24,counter_var_0 var_1 +
6165,114 71 23 98 113,18,114 104 36 19 113,13,17,5,19,0,13,32,var_0 counter_var_1 +,22,counter_var_0 var_1 +
6166,114 56 15 62 113,27,114 40 99 92 113,27,11,0,30,15,7,57,var_0 counter_var_1 +,11,counter_var_0 var_1 +
6167,114 24 44 41 113,34,114 83 52 9 113,24,25,10,9,21,6,33,var_0 counter_var_1 +,35,counter_var_0 var_1 +
6168,114 17 101 39 113,25,114 1 65 67 113,17,1,8,5,9,19,22,var_0 counter_var_1 +,9,counter_var_0 var_1 +
6169,114 96 29 17 113,26,114 39 59 30 113,9,10,17,30,6,13,39,var_0 counter_var_1 +,27,counter_var_0 var_1 +
6170,114 8 76 54 113,31,114 58 56 5 113,8,0,23,5,7,10,13,var_0 counter_var_1 +,23,counter_var_0 var_1 +
6171,114 33 10 11 113,15,114 56 52 9 113,4,27,11,9,10,6,13,var_0 counter_var_1 +,38,counter_var_0 var_1 +
6172,114 90 108 85 113,26,114 111 65 67 113,3,24,23,5,16,19,8,var_0 counter_var_1 +,47,counter_var_0 var_1 +
6173,114 30 8 57 113,27,114 105 15 62 113,1,18,26,0,8,15,1,var_0 counter_var_1 +,44,counter_var_0 var_1 +
6174,114 52 48 95 113,25,114 71 9 70 113,23,13,2,8,2,9,31,var_0 counter_var_1 +,15,counter_var_0 var_1 +
6175,114 77 63 26 113,45,114 101 92 51 113,19,14,26,20,17,0,39,var_0 counter_var_1 +,40,counter_var_0 var_1 +
6176,114 15 90 102 113,24,114 49 24 35 113,15,20,9,4,21,1,19,var_0 counter_var_1 +,29,counter_var_0 var_1 +
6177,114 74 24 35 113,20,114 110 74 91 113,16,23,4,29,1,5,45,var_0 counter_var_1 +,27,counter_var_0 var_1 +
6178,114 83 36 19 113,44,114 37 57 97 113,25,8,19,4,13,11,29,var_0 counter_var_1 +,27,counter_var_0 var_1 +
6179,114 13 85 31 113,13,114 50 68 71 113,13,21,0,9,16,22,22,var_0 counter_var_1 +,21,counter_var_0 var_1 +
6180,114 60 16 21 113,23,114 86 14 33 113,2,28,21,2,16,14,4,var_0 counter_var_1 +,49,counter_var_0 var_1 +
6181,114 73 100 75 113,28,114 45 18 72 113,15,16,13,10,8,18,25,var_0 counter_var_1 +,29,counter_var_0 var_1 +
6182,114 55 45 103 113,36,114 92 88 16 113,26,5,10,16,22,19,42,var_0 counter_var_1 +,15,counter_var_0 var_1 +
6183,114 33 112 13 113,17,114 69 108 85 113,4,11,13,23,20,16,27,var_0 counter_var_1 +,24,counter_var_0 var_1 +
6184,114 8 33 14 113,22,114 47 108 85 113,8,18,14,23,10,16,31,var_0 counter_var_1 +,32,counter_var_0 var_1 +
6185,114 96 6 64 113,11,114 30 8 57 113,9,1,2,26,6,8,35,var_0 counter_var_1 +,3,counter_var_0 var_1 +
6186,114 6 57 97 113,10,114 15 44 41 113,6,15,4,10,11,21,16,var_0 counter_var_1 +,19,counter_var_0 var_1 +
6187,114 83 20 50 113,44,114 35 21 49 113,25,6,19,18,20,21,43,var_0 counter_var_1 +,25,counter_var_0 var_1 +
6188,114 19 10 11 113,30,114 42 42 46 113,19,13,11,15,10,19,34,var_0 counter_var_1 +,24,counter_var_0 var_1 +
6189,114 36 14 33 113,9,114 111 105 111 113,7,24,2,18,14,13,25,var_0 counter_var_1 +,26,counter_var_0 var_1 +
6190,114 112 66 88 113,51,114 16 78 107 113,25,16,26,14,20,9,39,var_0 counter_var_1 +,42,counter_var_0 var_1 +
6191,114 78 81 52 113,41,114 58 69 104 113,20,0,21,11,12,0,31,var_0 counter_var_1 +,21,counter_var_0 var_1 +
6192,114 77 75 8 113,27,114 0 21 49 113,19,0,8,18,6,21,37,var_0 counter_var_1 +,8,counter_var_0 var_1 +
6193,114 23 44 41 113,33,114 93 0 38 113,23,6,10,7,21,0,30,var_0 counter_var_1 +,16,counter_var_0 var_1 +
6194,114 86 71 100 113,35,114 65 51 42 113,28,7,7,11,2,5,39,var_0 counter_var_1 +,14,counter_var_0 var_1 +
6195,114 72 33 14 113,28,114 89 13 18 113,14,2,14,18,10,13,32,var_0 counter_var_1 +,16,counter_var_0 var_1 +
6196,114 5 7 22 113,27,114 12 93 105 113,5,12,22,12,7,1,17,var_0 counter_var_1 +,34,counter_var_0 var_1 +
6197,114 60 99 92 113,32,114 82 100 75 113,2,24,30,13,7,8,15,var_0 counter_var_1 +,54,counter_var_0 var_1 +
6198,114 83 90 102 113,34,114 1 33 14 113,25,1,9,14,21,10,39,var_0 counter_var_1 +,10,counter_var_0 var_1 +
6199,114 31 16 21 113,23,114 51 68 71 113,2,22,21,9,16,22,11,var_0 counter_var_1 +,43,counter_var_0 var_1 +
6200,114 105 87 60 113,47,114 9 7 22 113,18,9,29,22,18,7,40,var_0 counter_var_1 +,38,counter_var_0 var_1 +
6201,114 36 106 56 113,32,114 112 17 112 113,7,25,25,19,14,17,26,var_0 counter_var_1 +,50,counter_var_0 var_1 +
6202,114 83 24 35 113,29,114 41 89 29 113,25,12,4,29,1,20,54,var_0 counter_var_1 +,16,counter_var_0 var_1 +
6203,114 30 84 44 113,14,114 21 10 11 113,1,21,13,11,15,10,12,var_0 counter_var_1 +,34,counter_var_0 var_1 +
6204,114 24 8 57 113,50,114 31 79 58 113,24,2,26,27,8,10,51,var_0 counter_var_1 +,28,counter_var_0 var_1 +
6205,114 108 16 21 113,42,114 23 51 42 113,21,23,21,11,16,5,32,var_0 counter_var_1 +,44,counter_var_0 var_1 +
6206,114 30 43 40 113,10,114 32 62 43 113,1,3,9,12,20,16,13,var_0 counter_var_1 +,12,counter_var_0 var_1 +
6207,114 24 64 66 113,28,114 92 67 80 113,24,5,4,18,18,21,42,var_0 counter_var_1 +,9,counter_var_0 var_1 +
6208,114 57 27 101 113,36,114 73 23 98 113,28,15,8,5,4,0,33,var_0 counter_var_1 +,23,counter_var_0 var_1 +
6209,114 24 50 27 113,51,114 16 8 57 113,24,16,27,26,4,8,50,var_0 counter_var_1 +,43,counter_var_0 var_1 +
6210,114 84 74 91 113,55,114 108 104 4 113,26,21,29,4,5,12,30,var_0 counter_var_1 +,50,counter_var_0 var_1 +
6211,114 79 14 33 113,23,114 105 101 39 113,21,18,2,8,14,9,29,var_0 counter_var_1 +,20,counter_var_0 var_1 +
6212,114 6 24 35 113,10,114 36 41 34 113,6,7,4,3,1,18,9,var_0 counter_var_1 +,11,counter_var_0 var_1 +
6213,114 99 29 17 113,29,114 58 86 94 113,12,0,17,1,6,17,13,var_0 counter_var_1 +,17,counter_var_0 var_1 +
6214,114 60 32 1 113,3,114 112 44 41 113,2,25,1,10,9,21,12,var_0 counter_var_1 +,26,counter_var_0 var_1 +
6215,114 96 67 80 113,27,114 80 93 105 113,9,22,18,12,21,1,21,var_0 counter_var_1 +,40,counter_var_0 var_1 +
6216,114 46 87 60 113,46,114 5 63 26 113,17,5,29,26,18,17,43,var_0 counter_var_1 +,34,counter_var_0 var_1 +
6217,114 84 98 74 113,38,114 24 13 18 113,26,24,12,18,6,13,44,var_0 counter_var_1 +,36,counter_var_0 var_1 +
6218,114 56 63 26 113,53,114 60 51 42 113,27,2,26,11,17,5,38,var_0 counter_var_1 +,28,counter_var_0 var_1 +
6219,114 75 7 22 113,39,114 60 59 30 113,17,2,22,30,7,13,47,var_0 counter_var_1 +,24,counter_var_0 var_1 +
6220,114 94 101 39 113,15,114 35 46 87 113,7,6,8,25,9,0,32,var_0 counter_var_1 +,14,counter_var_0 var_1 +
6221,114 21 33 14 113,35,114 18 61 89 113,21,18,14,27,10,15,48,var_0 counter_var_1 +,32,counter_var_0 var_1 +
6222,114 110 62 43 113,35,114 32 100 75 113,23,3,12,13,16,8,36,var_0 counter_var_1 +,15,counter_var_0 var_1 +
6223,114 47 29 17 113,35,114 82 7 22 113,18,24,17,22,6,7,40,var_0 counter_var_1 +,41,counter_var_0 var_1 +
6224,114 10 71 100 113,17,114 91 85 31 113,10,4,7,0,2,16,10,var_0 counter_var_1 +,11,counter_var_0 var_1 +
6225,114 111 70 77 113,39,114 15 11 6 113,24,15,15,6,1,11,30,var_0 counter_var_1 +,30,counter_var_0 var_1 +
6226,114 36 49 32 113,8,114 96 94 96 113,7,9,1,3,3,2,10,var_0 counter_var_1 +,10,counter_var_0 var_1 +
6227,114 11 88 16 113,27,114 92 49 32 113,11,5,16,1,19,3,12,var_0 counter_var_1 +,21,counter_var_0 var_1 +
6228,114 103 85 31 113,16,114 14 8 57 113,16,14,0,26,16,8,42,var_0 counter_var_1 +,14,counter_var_0 var_1 +
6229,114 31 92 51 113,22,114 7 99 92 113,2,7,20,30,0,7,32,var_0 counter_var_1 +,27,counter_var_0 var_1 +
6230,114 2 30 99 113,8,114 31 62 43 113,2,2,6,12,7,16,14,var_0 counter_var_1 +,8,counter_var_0 var_1 +
6231,114 64 26 25 113,31,114 45 16 21 113,6,16,25,21,3,16,27,var_0 counter_var_1 +,41,counter_var_0 var_1 +
6232,114 103 33 14 113,30,114 94 25 20 113,16,7,14,20,10,2,36,var_0 counter_var_1 +,21,counter_var_0 var_1 +
6233,114 76 106 56 113,43,114 30 80 48 113,18,1,25,17,14,11,35,var_0 counter_var_1 +,26,counter_var_0 var_1 +
6234,114 4 93 105 113,16,114 27 0 38 113,4,27,12,7,1,0,11,var_0 counter_var_1 +,39,counter_var_0 var_1 +
6235,114 59 38 59 113,29,114 92 0 38 113,1,5,28,7,15,0,8,var_0 counter_var_1 +,33,counter_var_0 var_1 +
6236,114 84 42 46 113,41,114 102 89 29 113,26,15,15,29,19,20,55,var_0 counter_var_1 +,30,counter_var_0 var_1 +
6237,114 19 80 48 113,36,114 105 107 28 113,19,18,17,28,11,15,47,var_0 counter_var_1 +,35,counter_var_0 var_1 +
6238,114 108 63 26 113,47,114 109 99 92 113,21,22,26,30,17,7,51,var_0 counter_var_1 +,48,counter_var_0 var_1 +
6239,114 63 102 45 113,19,114 30 111 79 113,5,1,14,17,10,19,22,var_0 counter_var_1 +,15,counter_var_0 var_1 +
6240,114 57 49 32 113,29,114 82 44 41 113,28,24,1,10,3,21,38,var_0 counter_var_1 +,25,counter_var_0 var_1 +
6241,114 15 83 3 113,18,114 97 76 54 113,15,10,3,23,14,7,38,var_0 counter_var_1 +,13,counter_var_0 var_1 +
6242,114 91 46 87 113,29,114 85 56 5 113,4,27,25,5,0,10,9,var_0 counter_var_1 +,52,counter_var_0 var_1 +
6243,114 53 74 91 113,53,114 75 95 109 113,24,17,29,16,5,3,40,var_0 counter_var_1 +,46,counter_var_0 var_1 +
6244,114 14 100 75 113,27,114 81 43 40 113,14,23,13,9,8,20,23,var_0 counter_var_1 +,36,counter_var_0 var_1 +
6245,114 99 82 90 113,40,114 49 111 79 113,12,20,28,17,13,19,29,var_0 counter_var_1 +,48,counter_var_0 var_1 +
6246,114 88 46 87 113,26,114 79 35 37 113,1,21,25,6,0,12,7,var_0 counter_var_1 +,46,counter_var_0 var_1 +
6247,114 106 11 6 113,25,114 1 70 77 113,19,1,6,15,11,1,34,var_0 counter_var_1 +,7,counter_var_0 var_1 +
6248,114 47 42 46 113,33,114 61 85 31 113,18,3,15,0,19,16,18,var_0 counter_var_1 +,18,counter_var_0 var_1 +
6249,114 46 103 61 113,47,114 40 16 21 113,17,11,30,21,11,16,38,var_0 counter_var_1 +,41,counter_var_0 var_1 +
6250,114 29 58 2 113,2,114 45 0 38 113,0,16,2,7,12,0,7,var_0 counter_var_1 +,18,counter_var_0 var_1 +
6251,114 72 98 74 113,26,114 15 7 22 113,14,15,12,22,6,7,36,var_0 counter_var_1 +,27,counter_var_0 var_1 +
6252,114 34 35 37 113,11,114 66 86 94 113,5,8,6,1,12,17,6,var_0 counter_var_1 +,14,counter_var_0 var_1 +
6253,114 74 6 64 113,18,114 43 67 80 113,16,14,2,18,6,21,34,var_0 counter_var_1 +,16,counter_var_0 var_1 +
6254,114 32 107 28 113,31,114 81 4 78 113,3,23,28,16,15,4,19,var_0 counter_var_1 +,51,counter_var_0 var_1 +
6255,114 20 14 33 113,22,114 34 110 108 113,20,5,2,15,14,18,35,var_0 counter_var_1 +,7,counter_var_0 var_1 +
6256,114 27 54 53 113,49,114 69 40 76 113,27,11,22,14,8,17,41,var_0 counter_var_1 +,33,counter_var_0 var_1 +
6257,114 69 67 80 113,29,114 2 40 76 113,11,2,18,14,21,17,25,var_0 counter_var_1 +,20,counter_var_0 var_1 +
6258,114 21 26 25 113,46,114 54 39 36 113,21,25,25,5,3,16,26,var_0 counter_var_1 +,50,counter_var_0 var_1 +
6259,114 101 47 93 113,14,114 65 52 9 113,14,7,0,9,1,6,23,var_0 counter_var_1 +,7,counter_var_0 var_1 +
6260,114 43 19 15 113,29,114 56 76 54 113,14,27,15,23,19,7,37,var_0 counter_var_1 +,42,counter_var_0 var_1 +
6261,114 23 109 65 113,26,114 33 35 37 113,23,4,3,6,17,12,29,var_0 counter_var_1 +,7,counter_var_0 var_1 +
6262,114 99 64 66 113,16,114 78 26 25 113,12,20,4,25,18,3,37,var_0 counter_var_1 +,24,counter_var_0 var_1 +
6263,114 16 34 47 113,32,114 29 87 60 113,16,0,16,29,11,18,45,var_0 counter_var_1 +,16,counter_var_0 var_1 +
6264,114 46 40 76 113,31,114 30 54 53 113,17,1,14,22,17,8,39,var_0 counter_var_1 +,15,counter_var_0 var_1 +
6265,114 35 50 27 113,33,114 110 37 110 113,6,23,27,17,4,14,23,var_0 counter_var_1 +,50,counter_var_0 var_1 +
6266,114 99 66 88 113,38,114 9 41 34 113,12,9,26,3,20,18,15,var_0 counter_var_1 +,35,counter_var_0 var_1 +
6267,114 14 10 11 113,25,114 49 37 110 113,14,20,11,17,10,14,31,var_0 counter_var_1 +,31,counter_var_0 var_1 +
6268,114 90 3 86 113,27,114 62 96 7 113,3,4,24,7,3,4,10,var_0 counter_var_1 +,28,counter_var_0 var_1 +
6269,114 60 10 11 113,13,114 34 31 82 113,2,5,11,20,10,8,22,var_0 counter_var_1 +,16,counter_var_0 var_1 +
6270,114 64 75 8 113,14,114 96 106 56 113,6,9,8,25,6,14,31,var_0 counter_var_1 +,17,counter_var_0 var_1 +
6271,114 44 87 60 113,44,114 1 59 30 113,15,1,29,30,18,13,45,var_0 counter_var_1 +,30,counter_var_0 var_1 +
6272,114 0 28 55 113,24,114 81 104 4 113,0,23,24,4,5,12,4,var_0 counter_var_1 +,47,counter_var_0 var_1 +
6273,114 22 44 41 113,32,114 108 35 37 113,22,21,10,6,21,12,28,var_0 counter_var_1 +,31,counter_var_0 var_1 +
6274,114 36 87 60 113,36,114 40 88 16 113,7,11,29,16,18,19,23,var_0 counter_var_1 +,40,counter_var_0 var_1 +
6275,114 34 16 21 113,26,114 102 42 46 113,5,15,21,15,16,19,20,var_0 counter_var_1 +,36,counter_var_0 var_1 +
6276,114 0 100 75 113,13,114 94 93 105 113,0,7,13,12,8,1,12,var_0 counter_var_1 +,20,counter_var_0 var_1 +
6277,114 16 107 28 113,44,114 30 69 104 113,16,1,28,11,15,0,27,var_0 counter_var_1 +,29,counter_var_0 var_1 +
6278,114 43 39 36 113,19,114 21 39 36 113,14,21,5,5,16,16,19,var_0 counter_var_1 +,26,counter_var_0 var_1 +
6279,114 61 52 9 113,12,114 39 29 17 113,3,10,9,17,6,6,20,var_0 counter_var_1 +,19,counter_var_0 var_1 +
6280,114 7 101 39 113,15,114 4 32 1 113,7,4,8,1,9,9,8,var_0 counter_var_1 +,12,counter_var_0 var_1 +
6281,114 19 103 61 113,49,114 40 51 42 113,19,11,30,11,11,5,30,var_0 counter_var_1 +,41,counter_var_0 var_1 +
6282,114 74 8 57 113,42,114 71 0 38 113,16,13,26,7,8,0,23,var_0 counter_var_1 +,39,counter_var_0 var_1 +
6283,114 94 13 18 113,25,114 65 37 110 113,7,7,18,17,13,14,24,var_0 counter_var_1 +,25,counter_var_0 var_1 +
6284,114 93 13 18 113,24,114 95 103 61 113,6,8,18,30,13,11,36,var_0 counter_var_1 +,26,counter_var_0 var_1 +
6285,114 24 51 42 113,35,114 61 29 17 113,24,3,11,17,5,6,41,var_0 counter_var_1 +,14,counter_var_0 var_1 +
6286,114 20 59 30 113,50,114 96 88 16 113,20,9,30,16,13,19,36,var_0 counter_var_1 +,39,counter_var_0 var_1 +
6287,114 44 37 110 113,32,114 71 59 30 113,15,13,17,30,14,13,45,var_0 counter_var_1 +,30,counter_var_0 var_1 +
6288,114 16 24 35 113,20,114 23 6 64 113,16,23,4,2,1,6,18,var_0 counter_var_1 +,27,counter_var_0 var_1 +
6289,114 90 28 55 113,27,114 91 76 54 113,3,4,24,23,5,7,26,var_0 counter_var_1 +,28,counter_var_0 var_1 +
6290,114 78 11 6 113,26,114 76 91 106 113,20,18,6,13,11,22,33,var_0 counter_var_1 +,24,counter_var_0 var_1 +
6291,114 82 26 25 113,49,114 62 94 96 113,24,4,25,3,3,2,27,var_0 counter_var_1 +,29,counter_var_0 var_1 +
6292,114 49 54 53 113,42,114 16 41 34 113,20,16,22,3,8,18,23,var_0 counter_var_1 +,38,counter_var_0 var_1 +
6293,114 8 70 77 113,23,114 13 28 55 113,8,13,15,24,1,5,32,var_0 counter_var_1 +,28,counter_var_0 var_1 +
6294,114 74 43 40 113,25,114 109 86 94 113,16,22,9,1,20,17,17,var_0 counter_var_1 +,31,counter_var_0 var_1 +
6295,114 34 108 85 113,28,114 98 94 96 113,5,11,23,3,16,2,8,var_0 counter_var_1 +,34,counter_var_0 var_1 +
6296,114 82 86 94 113,25,114 77 29 17 113,24,19,1,17,17,6,41,var_0 counter_var_1 +,20,counter_var_0 var_1 +
6297,114 105 38 59 113,46,114 103 38 59 113,18,16,28,28,15,15,46,var_0 counter_var_1 +,44,counter_var_0 var_1 +
6298,114 99 67 80 113,30,114 83 82 90 113,12,25,18,28,21,13,40,var_0 counter_var_1 +,43,counter_var_0 var_1 +
6299,114 17 88 16 113,33,114 82 67 80 113,17,24,16,18,19,21,35,var_0 counter_var_1 +,40,counter_var_0 var_1 +
6300,114 48 62 43 113,31,114 77 16 21 113,19,19,12,21,16,16,40,var_0 counter_var_1 +,31,counter_var_0 var_1 +
6301,114 67 42 46 113,24,114 53 31 82 113,9,24,15,20,19,8,29,var_0 counter_var_1 +,39,counter_var_0 var_1 +
6302,114 50 11 6 113,27,114 11 79 58 113,21,11,6,27,11,10,48,var_0 counter_var_1 +,17,counter_var_0 var_1 +
6303,114 55 33 14 113,40,114 111 58 2 113,26,24,14,2,10,12,28,var_0 counter_var_1 +,38,counter_var_0 var_1 +
6304,114 93 47 93 113,6,114 78 37 110 113,6,20,0,17,1,14,23,var_0 counter_var_1 +,20,counter_var_0 var_1 +
6305,114 107 80 48 113,37,114 93 40 76 113,20,6,17,14,11,17,34,var_0 counter_var_1 +,23,counter_var_0 var_1 +
6306,114 48 6 64 113,21,114 85 1 0 113,19,27,2,0,6,1,19,var_0 counter_var_1 +,29,counter_var_0 var_1 +
6307,114 37 5 24 113,32,114 30 106 56 113,8,1,24,25,5,14,33,var_0 counter_var_1 +,25,counter_var_0 var_1 +
6308,114 61 10 11 113,14,114 97 25 20 113,3,10,11,20,10,2,23,var_0 counter_var_1 +,21,counter_var_0 var_1 +
6309,114 88 95 109 113,17,114 38 6 64 113,1,9,16,2,3,6,3,var_0 counter_var_1 +,25,counter_var_0 var_1 +
6310,114 60 68 71 113,11,114 32 111 79 113,2,3,9,17,22,19,19,var_0 counter_var_1 +,12,counter_var_0 var_1 +
6311,114 26 41 34 113,29,114 1 102 45 113,26,1,3,14,18,10,40,var_0 counter_var_1 +,4,counter_var_0 var_1 +
6312,114 62 15 62 113,4,114 12 46 87 113,4,12,0,25,15,0,29,var_0 counter_var_1 +,12,counter_var_0 var_1 +
6313,114 13 22 12 113,25,114 16 108 85 113,13,16,12,23,22,16,36,var_0 counter_var_1 +,28,counter_var_0 var_1 +
6314,114 10 104 4 113,14,114 44 46 87 113,10,15,4,25,12,0,35,var_0 counter_var_1 +,19,counter_var_0 var_1 +
6315,114 35 59 30 113,36,114 63 89 29 113,6,5,30,29,13,20,35,var_0 counter_var_1 +,35,counter_var_0 var_1 +
6316,114 33 75 8 113,12,114 21 83 3 113,4,21,8,3,6,14,7,var_0 counter_var_1 +,29,counter_var_0 var_1 +
6317,114 77 48 95 113,21,114 8 28 55 113,19,8,2,24,2,5,43,var_0 counter_var_1 +,10,counter_var_0 var_1 +
6318,114 17 13 18 113,35,114 19 42 46 113,17,19,18,15,13,19,32,var_0 counter_var_1 +,37,counter_var_0 var_1 +
6319,114 60 87 60 113,31,114 104 35 37 113,2,17,29,6,18,12,8,var_0 counter_var_1 +,46,counter_var_0 var_1 +
6320,114 26 106 56 113,51,114 34 39 36 113,26,5,25,5,14,16,31,var_0 counter_var_1 +,30,counter_var_0 var_1 +
6321,114 48 7 22 113,41,114 52 42 46 113,19,23,22,15,7,19,34,var_0 counter_var_1 +,45,counter_var_0 var_1 +
6322,114 78 84 44 113,33,114 45 63 26 113,20,16,13,26,15,17,46,var_0 counter_var_1 +,29,counter_var_0 var_1 +
6323,114 1 33 14 113,15,114 104 57 97 113,1,17,14,4,10,11,5,var_0 counter_var_1 +,31,counter_var_0 var_1 +
6324,114 64 42 46 113,21,114 56 31 82 113,6,27,15,20,19,8,26,var_0 counter_var_1 +,42,counter_var_0 var_1 +
6325,114 0 3 86 113,24,114 9 44 41 113,0,9,24,10,3,21,10,var_0 counter_var_1 +,33,counter_var_0 var_1 +
6326,114 79 24 35 113,25,114 38 2 84 113,21,9,4,22,1,2,43,var_0 counter_var_1 +,13,counter_var_0 var_1 +
6327,114 29 5 24 113,24,114 15 92 51 113,0,15,24,20,5,0,20,var_0 counter_var_1 +,39,counter_var_0 var_1 +
6328,114 107 10 11 113,31,114 24 18 72 113,20,24,11,10,10,18,30,var_0 counter_var_1 +,35,counter_var_0 var_1 +
6329,114 32 68 71 113,12,114 78 88 16 113,3,20,9,16,22,19,19,var_0 counter_var_1 +,29,counter_var_0 var_1 +
6330,114 79 71 100 113,28,114 16 107 28 113,21,16,7,28,2,15,49,var_0 counter_var_1 +,23,counter_var_0 var_1 +
6331,114 100 94 96 113,16,114 22 96 7 113,13,22,3,7,2,4,20,var_0 counter_var_1 +,25,counter_var_0 var_1 +
6332,114 29 57 97 113,4,114 46 33 14 113,0,17,4,14,11,10,14,var_0 counter_var_1 +,21,counter_var_0 var_1 +
6333,114 48 93 105 113,31,114 95 58 2 113,19,8,12,2,1,12,21,var_0 counter_var_1 +,20,counter_var_0 var_1 +
6334,114 75 75 8 113,25,114 25 97 23 113,17,25,8,23,6,5,40,var_0 counter_var_1 +,33,counter_var_0 var_1 +
6335,114 108 30 99 113,27,114 22 26 25 113,21,22,6,25,7,3,46,var_0 counter_var_1 +,28,counter_var_0 var_1 +
6336,114 45 93 105 113,28,114 31 101 39 113,16,2,12,8,1,9,24,var_0 counter_var_1 +,14,counter_var_0 var_1 +
6337,114 82 48 95 113,26,114 58 30 99 113,24,0,2,6,2,7,30,var_0 counter_var_1 +,2,counter_var_0 var_1 +
6338,114 95 98 74 113,20,114 26 70 77 113,8,26,12,15,6,1,23,var_0 counter_var_1 +,38,counter_var_0 var_1 +
6339,114 100 50 27 113,40,114 84 97 23 113,13,26,27,23,4,5,36,var_0 counter_var_1 +,53,counter_var_0 var_1 +
6340,114 0 44 41 113,10,114 15 56 5 113,0,15,10,5,21,10,5,var_0 counter_var_1 +,25,counter_var_0 var_1 +
6341,114 66 111 79 113,25,114 22 67 80 113,8,22,17,18,19,21,26,var_0 counter_var_1 +,39,counter_var_0 var_1 +
6342,114 18 59 30 113,48,114 20 94 96 113,18,20,30,3,13,2,21,var_0 counter_var_1 +,50,counter_var_0 var_1 +
6343,114 67 92 51 113,29,114 87 42 46 113,9,0,20,15,0,19,24,var_0 counter_var_1 +,20,counter_var_0 var_1 +
6344,114 68 1 0 113,10,114 38 69 104 113,10,9,0,11,1,0,21,var_0 counter_var_1 +,9,counter_var_0 var_1 +
6345,114 90 61 89 113,30,114 42 92 51 113,3,13,27,20,15,0,23,var_0 counter_var_1 +,40,counter_var_0 var_1 +
6346,114 51 92 51 113,42,114 2 3 86 113,22,2,20,24,0,3,46,var_0 counter_var_1 +,22,counter_var_0 var_1 +
6347,114 110 76 54 113,46,114 42 101 39 113,23,13,23,8,7,9,31,var_0 counter_var_1 +,36,counter_var_0 var_1 +
6348,114 104 112 13 113,30,114 108 105 111 113,17,21,13,18,20,13,35,var_0 counter_var_1 +,34,counter_var_0 var_1 +
6349,114 0 18 72 113,10,114 87 86 94 113,0,0,10,1,18,17,1,var_0 counter_var_1 +,10,counter_var_0 var_1 +
6350,114 73 66 88 113,41,114 2 71 100 113,15,2,26,7,20,2,22,var_0 counter_var_1 +,28,counter_var_0 var_1 +
6351,114 42 69 104 113,24,114 108 25 20 113,13,21,11,20,0,2,33,var_0 counter_var_1 +,32,counter_var_0 var_1 +
6352,114 52 112 13 113,36,114 57 40 76 113,23,28,13,14,20,17,37,var_0 counter_var_1 +,41,counter_var_0 var_1 +
6353,114 93 4 78 113,22,114 74 50 27 113,6,16,16,27,4,4,33,var_0 counter_var_1 +,32,counter_var_0 var_1 +
6354,114 7 9 70 113,15,114 70 40 76 113,7,12,8,14,9,17,21,var_0 counter_var_1 +,20,counter_var_0 var_1 +
6355,114 69 5 24 113,35,114 96 22 12 113,11,9,24,12,5,22,23,var_0 counter_var_1 +,33,counter_var_0 var_1 +
6356,114 89 40 76 113,16,114 87 108 85 113,2,0,14,23,17,16,25,var_0 counter_var_1 +,14,counter_var_0 var_1 +
6357,114 24 41 34 113,27,114 13 0 38 113,24,13,3,7,18,0,31,var_0 counter_var_1 +,16,counter_var_0 var_1 +
6358,114 66 58 2 113,10,114 7 6 64 113,8,7,2,2,12,6,10,var_0 counter_var_1 +,9,counter_var_0 var_1 +
6359,114 73 68 71 113,24,114 11 22 12 113,15,11,9,12,22,22,27,var_0 counter_var_1 +,20,counter_var_0 var_1 +
6360,114 70 60 63 113,13,114 82 48 95 113,12,24,1,2,14,2,14,var_0 counter_var_1 +,25,counter_var_0 var_1 +
6361,114 105 66 88 113,44,114 109 15 62 113,18,22,26,0,20,15,18,var_0 counter_var_1 +,48,counter_var_0 var_1 +
6362,114 49 3 86 113,44,114 7 84 44 113,20,7,24,13,3,15,33,var_0 counter_var_1 +,31,counter_var_0 var_1 +
6363,114 12 112 13 113,25,114 54 9 70 113,12,25,13,8,20,9,20,var_0 counter_var_1 +,38,counter_var_0 var_1 +
6364,114 48 103 61 113,49,114 15 104 4 113,19,15,30,4,11,12,23,var_0 counter_var_1 +,45,counter_var_0 var_1 +
6365,114 52 43 40 113,32,114 0 89 29 113,23,0,9,29,20,20,52,var_0 counter_var_1 +,9,counter_var_0 var_1 +
6366,114 32 9 70 113,11,114 72 50 27 113,3,14,8,27,9,4,30,var_0 counter_var_1 +,22,counter_var_0 var_1 +
6367,114 37 20 50 113,27,114 86 71 100 113,8,28,19,7,20,2,15,var_0 counter_var_1 +,47,counter_var_0 var_1 +
6368,114 50 71 100 113,28,114 70 74 91 113,21,12,7,29,2,5,50,var_0 counter_var_1 +,19,counter_var_0 var_1 +
6369,114 104 39 36 113,22,114 100 84 44 113,17,13,5,13,16,15,30,var_0 counter_var_1 +,18,counter_var_0 var_1 +
6370,114 42 103 61 113,43,114 3 55 10 113,13,3,30,10,11,9,23,var_0 counter_var_1 +,33,counter_var_0 var_1 +
6371,114 3 25 20 113,23,114 21 12 83 113,3,21,20,21,2,12,24,var_0 counter_var_1 +,41,counter_var_0 var_1 +
6372,114 99 98 74 113,24,114 98 98 74 113,12,11,12,12,6,6,24,var_0 counter_var_1 +,23,counter_var_0 var_1 +
6373,114 58 57 97 113,4,114 94 40 76 113,0,7,4,14,11,17,14,var_0 counter_var_1 +,11,counter_var_0 var_1 +
6374,114 11 26 25 113,36,114 57 77 69 113,11,28,25,7,3,8,18,var_0 counter_var_1 +,53,counter_var_0 var_1 +
6375,114 42 77 69 113,20,114 26 48 95 113,13,26,7,2,8,2,15,var_0 counter_var_1 +,33,counter_var_0 var_1 +
6376,114 50 43 40 113,30,114 6 35 37 113,21,6,9,6,20,12,27,var_0 counter_var_1 +,15,counter_var_0 var_1 +
6377,114 28 74 91 113,57,114 45 87 60 113,28,16,29,29,5,18,57,var_0 counter_var_1 +,45,counter_var_0 var_1 +
6378,114 77 92 51 113,39,114 41 17 112 113,19,12,20,19,0,17,38,var_0 counter_var_1 +,32,counter_var_0 var_1 +
6379,114 103 42 46 113,31,114 95 98 74 113,16,8,15,12,19,6,28,var_0 counter_var_1 +,23,counter_var_0 var_1 +
6380,114 51 109 65 113,25,114 52 95 109 113,22,23,3,16,17,3,38,var_0 counter_var_1 +,26,counter_var_0 var_1 +
6381,114 52 73 73 113,34,114 38 83 3 113,23,9,11,3,4,14,26,var_0 counter_var_1 +,20,counter_var_0 var_1 +
6382,114 17 39 36 113,22,114 67 11 6 113,17,9,5,6,16,11,23,var_0 counter_var_1 +,14,counter_var_0 var_1 +
6383,114 86 100 75 113,41,114 40 21 49 113,28,11,13,18,8,21,46,var_0 counter_var_1 +,24,counter_var_0 var_1 +
6384,114 81 70 77 113,38,114 63 29 17 113,23,5,15,17,1,6,40,var_0 counter_var_1 +,20,counter_var_0 var_1 +
6385,114 15 5 24 113,39,114 72 53 68 113,15,14,24,6,5,7,21,var_0 counter_var_1 +,38,counter_var_0 var_1 +
6386,114 82 69 104 113,35,114 108 72 81 113,24,21,11,19,0,3,43,var_0 counter_var_1 +,32,counter_var_0 var_1 +
6387,114 104 18 72 113,27,114 92 47 93 113,17,5,10,0,18,1,17,var_0 counter_var_1 +,15,counter_var_0 var_1 +
6388,114 44 49 32 113,16,114 5 50 27 113,15,5,1,27,3,4,42,var_0 counter_var_1 +,6,counter_var_0 var_1 +
6389,114 38 58 2 113,11,114 3 67 80 113,9,3,2,18,12,21,27,var_0 counter_var_1 +,5,counter_var_0 var_1 +
6390,114 26 61 89 113,53,114 85 18 72 113,26,27,27,10,15,18,36,var_0 counter_var_1 +,54,counter_var_0 var_1 +
6391,114 103 20 50 113,35,114 82 52 9 113,16,24,19,9,20,6,25,var_0 counter_var_1 +,43,counter_var_0 var_1 +
6392,114 93 57 97 113,10,114 105 35 37 113,6,18,4,6,11,12,12,var_0 counter_var_1 +,22,counter_var_0 var_1 +
6393,114 47 100 75 113,31,114 78 57 97 113,18,20,13,4,8,11,22,var_0 counter_var_1 +,33,counter_var_0 var_1 +
6394,114 52 90 102 113,32,114 94 59 30 113,23,7,9,30,21,13,53,var_0 counter_var_1 +,16,counter_var_0 var_1 +
6395,114 84 18 72 113,36,114 12 63 26 113,26,12,10,26,18,17,52,var_0 counter_var_1 +,22,counter_var_0 var_1 +
6396,114 63 23 98 113,10,114 107 66 88 113,5,20,5,26,0,20,31,var_0 counter_var_1 +,25,counter_var_0 var_1 +
6397,114 4 46 87 113,29,114 1 98 74 113,4,1,25,12,0,6,16,var_0 counter_var_1 +,26,counter_var_0 var_1 +
6398,114 28 95 109 113,44,114 44 98 74 113,28,15,16,12,3,6,40,var_0 counter_var_1 +,31,counter_var_0 var_1 +
6399,114 60 34 47 113,18,114 44 18 72 113,2,15,16,10,11,18,12,var_0 counter_var_1 +,31,counter_var_0 var_1 +
6400,114 32 17 112 113,22,114 60 6 64 113,3,2,19,2,17,6,5,var_0 counter_var_1 +,21,counter_var_0 var_1 +
6401,114 2 82 90 113,30,114 48 88 16 113,2,19,28,16,13,19,18,var_0 counter_var_1 +,47,counter_var_0 var_1 +
6402,114 41 6 64 113,14,114 37 92 51 113,12,8,2,20,6,0,32,var_0 counter_var_1 +,10,counter_var_0 var_1 +
6403,114 48 14 33 113,21,114 48 20 50 113,19,19,2,19,14,20,38,var_0 counter_var_1 +,21,counter_var_0 var_1 +
6404,114 106 70 77 113,34,114 31 97 23 113,19,2,15,23,1,5,42,var_0 counter_var_1 +,17,counter_var_0 var_1 +
6405,114 106 33 14 113,33,114 21 101 39 113,19,21,14,8,10,9,27,var_0 counter_var_1 +,35,counter_var_0 var_1 +
6406,114 84 87 60 113,55,114 45 3 86 113,26,16,29,24,18,3,50,var_0 counter_var_1 +,45,counter_var_0 var_1 +
6407,114 4 63 26 113,30,114 41 99 92 113,4,12,26,30,17,7,34,var_0 counter_var_1 +,38,counter_var_0 var_1 +
6408,114 110 11 6 113,29,114 87 107 28 113,23,0,6,28,11,15,51,var_0 counter_var_1 +,6,counter_var_0 var_1 +
6409,114 34 55 10 113,15,114 75 77 69 113,5,17,10,7,9,8,12,var_0 counter_var_1 +,27,counter_var_0 var_1 +
6410,114 33 27 101 113,12,114 29 95 109 113,4,0,8,16,4,3,20,var_0 counter_var_1 +,8,counter_var_0 var_1 +
6411,114 78 56 5 113,25,114 27 107 28 113,20,27,5,28,10,15,48,var_0 counter_var_1 +,32,counter_var_0 var_1 +
6412,114 61 63 26 113,29,114 52 102 45 113,3,23,26,14,17,10,17,var_0 counter_var_1 +,49,counter_var_0 var_1 +
6413,114 20 24 35 113,24,114 36 67 80 113,20,7,4,18,1,21,38,var_0 counter_var_1 +,11,counter_var_0 var_1 +
6414,114 23 37 110 113,40,114 8 40 76 113,23,8,17,14,14,17,37,var_0 counter_var_1 +,25,counter_var_0 var_1 +
6415,114 27 104 4 113,31,114 86 24 35 113,27,28,4,4,12,1,31,var_0 counter_var_1 +,32,counter_var_0 var_1 +
6416,114 36 111 79 113,24,114 13 93 105 113,7,13,17,12,19,1,19,var_0 counter_var_1 +,30,counter_var_0 var_1 +
6417,114 110 112 13 113,36,114 102 37 110 113,23,15,13,17,20,14,40,var_0 counter_var_1 +,28,counter_var_0 var_1 +
6418,114 11 56 5 113,16,114 22 22 12 113,11,22,5,12,10,22,23,var_0 counter_var_1 +,27,counter_var_0 var_1 +
6419,114 9 32 1 113,10,114 47 32 1 113,9,18,1,1,9,9,10,var_0 counter_var_1 +,19,counter_var_0 var_1 +
6420,114 21 59 30 113,51,114 9 46 87 113,21,9,30,25,13,0,46,var_0 counter_var_1 +,39,counter_var_0 var_1 +
6421,114 103 17 112 113,35,114 57 46 87 113,16,28,19,25,17,0,41,var_0 counter_var_1 +,47,counter_var_0 var_1 +
6422,114 7 109 65 113,10,114 54 93 105 113,7,25,3,12,17,1,19,var_0 counter_var_1 +,28,counter_var_0 var_1 +
6423,114 55 78 107 113,40,114 64 96 7 113,26,6,14,7,9,4,33,var_0 counter_var_1 +,20,counter_var_0 var_1 +
6424,114 106 58 2 113,21,114 4 89 29 113,19,4,2,29,12,20,48,var_0 counter_var_1 +,6,counter_var_0 var_1 +
6425,114 57 71 100 113,35,114 43 17 112 113,28,14,7,19,2,17,47,var_0 counter_var_1 +,21,counter_var_0 var_1 +
6426,114 81 8 57 113,49,114 61 48 95 113,23,3,26,2,8,2,25,var_0 counter_var_1 +,29,counter_var_0 var_1 +
6427,114 42 8 57 113,39,114 77 57 97 113,13,19,26,4,8,11,17,var_0 counter_var_1 +,45,counter_var_0 var_1 +
6428,114 52 83 3 113,26,114 45 33 14 113,23,16,3,14,14,10,37,var_0 counter_var_1 +,19,counter_var_0 var_1 +
6429,114 96 64 66 113,13,114 66 98 74 113,9,8,4,12,18,6,21,var_0 counter_var_1 +,12,counter_var_0 var_1 +
6430,114 35 62 43 113,18,114 42 7 22 113,6,13,12,22,16,7,28,var_0 counter_var_1 +,25,counter_var_0 var_1 +
6431,114 9 112 13 113,22,114 87 20 50 113,9,0,13,19,20,20,28,var_0 counter_var_1 +,13,counter_var_0 var_1 +
6432,114 50 57 97 113,25,114 1 72 81 113,21,1,4,19,11,3,40,var_0 counter_var_1 +,5,counter_var_0 var_1 +
6433,114 33 16 21 113,25,114 107 110 108 113,4,20,21,15,16,18,19,var_0 counter_var_1 +,41,counter_var_0 var_1 +
6434,114 87 21 49 113,18,114 64 61 89 113,0,6,18,27,21,15,27,var_0 counter_var_1 +,24,counter_var_0 var_1 +
6435,114 38 76 54 113,32,114 107 106 56 113,9,20,23,25,7,14,34,var_0 counter_var_1 +,43,counter_var_0 var_1 +
6436,114 55 4 78 113,42,114 81 40 76 113,26,23,16,14,4,17,40,var_0 counter_var_1 +,39,counter_var_0 var_1 +
6437,114 86 13 18 113,46,114 28 20 50 113,28,28,18,19,13,20,47,var_0 counter_var_1 +,46,counter_var_0 var_1 +
6438,114 2 76 54 113,25,114 101 101 39 113,2,14,23,8,7,9,10,var_0 counter_var_1 +,37,counter_var_0 var_1 +
6439,114 20 68 71 113,29,114 19 22 12 113,20,19,9,12,22,22,32,var_0 counter_var_1 +,28,counter_var_0 var_1 +
6440,114 40 98 74 113,23,114 82 20 50 113,11,24,12,19,6,20,30,var_0 counter_var_1 +,36,counter_var_0 var_1 +
6441,114 51 102 45 113,36,114 99 62 43 113,22,12,14,12,10,16,34,var_0 counter_var_1 +,26,counter_var_0 var_1 +
6442,114 85 45 103 113,37,114 34 91 106 113,27,5,10,13,22,22,40,var_0 counter_var_1 +,15,counter_var_0 var_1 +
6443,114 22 3 86 113,46,114 75 46 87 113,22,17,24,25,3,0,47,var_0 counter_var_1 +,41,counter_var_0 var_1 +
6444,114 86 111 79 113,45,114 91 101 39 113,28,4,17,8,19,9,36,var_0 counter_var_1 +,21,counter_var_0 var_1 +
6445,114 38 44 41 113,19,114 9 73 73 113,9,9,10,11,21,4,20,var_0 counter_var_1 +,19,counter_var_0 var_1 +
6446,114 54 70 77 113,40,114 5 3 86 113,25,5,15,24,1,3,49,var_0 counter_var_1 +,20,counter_var_0 var_1 +
6447,114 44 36 19 113,34,114 112 14 33 113,15,25,19,2,13,14,17,var_0 counter_var_1 +,44,counter_var_0 var_1 +
6448,114 66 93 105 113,20,114 9 45 103 113,8,9,12,10,1,22,18,var_0 counter_var_1 +,21,counter_var_0 var_1 +
6449,114 90 93 105 113,15,114 16 63 26 113,3,16,12,26,1,17,29,var_0 counter_var_1 +,28,counter_var_0 var_1 +
6450,114 98 25 20 113,31,114 52 60 63 113,11,23,20,1,2,14,12,var_0 counter_var_1 +,43,counter_var_0 var_1 +
6451,114 94 110 108 113,22,114 31 109 65 113,7,2,15,3,18,17,10,var_0 counter_var_1 +,17,counter_var_0 var_1 +
6452,114 13 76 54 113,36,114 48 86 94 113,13,19,23,1,7,17,14,var_0 counter_var_1 +,42,counter_var_0 var_1 +
6453,114 16 60 63 113,17,114 64 73 73 113,16,6,1,11,14,4,27,var_0 counter_var_1 +,7,counter_var_0 var_1 +
6454,114 60 12 83 113,23,114 68 44 41 113,2,10,21,10,12,21,12,var_0 counter_var_1 +,31,counter_var_0 var_1 +
6455,114 18 45 103 113,28,114 28 77 69 113,18,28,10,7,22,8,25,var_0 counter_var_1 +,38,counter_var_0 var_1 +
6456,114 56 69 104 113,38,114 31 12 83 113,27,2,11,21,0,12,48,var_0 counter_var_1 +,13,counter_var_0 var_1 +
6457,114 95 12 83 113,29,114 110 54 53 113,8,23,21,22,12,8,30,var_0 counter_var_1 +,44,counter_var_0 var_1 +
6458,114 8 32 1 113,9,114 34 88 16 113,8,5,1,16,9,19,24,var_0 counter_var_1 +,6,counter_var_0 var_1 +
6459,114 93 30 99 113,12,114 57 19 15 113,6,28,6,15,7,19,21,var_0 counter_var_1 +,34,counter_var_0 var_1 +
6460,114 77 50 27 113,46,114 15 74 91 113,19,15,27,29,4,5,48,var_0 counter_var_1 +,42,counter_var_0 var_1 +
6461,114 71 46 87 113,38,114 99 50 27 113,13,12,25,27,0,4,40,var_0 counter_var_1 +,37,counter_var_0 var_1 +
6462,114 71 10 11 113,24,114 77 56 5 113,13,19,11,5,10,10,18,var_0 counter_var_1 +,30,counter_var_0 var_1 +
6463,114 109 84 44 113,35,114 19 76 54 113,22,19,13,23,15,7,45,var_0 counter_var_1 +,32,counter_var_0 var_1 +
6464,114 59 19 15 113,16,114 88 31 82 113,1,1,15,20,19,8,21,var_0 counter_var_1 +,16,counter_var_0 var_1 +
6465,114 3 13 18 113,21,114 43 95 109 113,3,14,18,16,13,3,19,var_0 counter_var_1 +,32,counter_var_0 var_1 +
6466,114 112 58 2 113,27,114 50 52 9 113,25,21,2,9,12,6,34,var_0 counter_var_1 +,23,counter_var_0 var_1 +
6467,114 32 63 26 113,29,114 14 50 27 113,3,14,26,27,17,4,30,var_0 counter_var_1 +,40,counter_var_0 var_1 +
6468,114 17 0 38 113,24,114 4 14 33 113,17,4,7,2,0,14,19,var_0 counter_var_1 +,11,counter_var_0 var_1 +
6469,114 83 81 52 113,46,114 19 63 26 113,25,19,21,26,12,17,51,var_0 counter_var_1 +,40,counter_var_0 var_1 +
6470,114 52 57 97 113,27,114 42 16 21 113,23,13,4,21,11,16,44,var_0 counter_var_1 +,17,counter_var_0 var_1 +
6471,114 105 23 98 113,23,114 25 47 93 113,18,25,5,0,0,1,18,var_0 counter_var_1 +,30,counter_var_0 var_1 +
6472,114 53 21 49 113,42,114 108 65 67 113,24,21,18,5,21,19,29,var_0 counter_var_1 +,39,counter_var_0 var_1 +
6473,114 4 109 65 113,7,114 11 64 66 113,4,11,3,4,17,18,8,var_0 counter_var_1 +,14,counter_var_0 var_1 +
6474,114 89 57 97 113,6,114 2 22 12 113,2,2,4,12,11,22,14,var_0 counter_var_1 +,6,counter_var_0 var_1 +
6475,114 43 102 45 113,28,114 92 73 73 113,14,5,14,11,10,4,25,var_0 counter_var_1 +,19,counter_var_0 var_1 +
6476,114 43 35 37 113,20,114 48 16 21 113,14,19,6,21,12,16,35,var_0 counter_var_1 +,25,counter_var_0 var_1 +
6477,114 55 105 111 113,44,114 86 95 109 113,26,28,18,16,13,3,42,var_0 counter_var_1 +,46,counter_var_0 var_1 +
6478,114 24 62 43 113,36,114 83 42 46 113,24,25,12,15,16,19,39,var_0 counter_var_1 +,37,counter_var_0 var_1 +
6479,114 89 44 41 113,12,114 56 28 55 113,2,27,10,24,21,5,26,var_0 counter_var_1 +,37,counter_var_0 var_1 +
6480,114 80 27 101 113,30,114 32 83 3 113,22,3,8,3,4,14,25,var_0 counter_var_1 +,11,counter_var_0 var_1 +
6481,114 18 39 36 113,23,114 3 35 37 113,18,3,5,6,16,12,24,var_0 counter_var_1 +,8,counter_var_0 var_1 +
6482,114 86 42 46 113,43,114 96 25 20 113,28,9,15,20,19,2,48,var_0 counter_var_1 +,24,counter_var_0 var_1 +
6483,114 75 110 108 113,32,114 109 14 33 113,17,22,15,2,18,14,19,var_0 counter_var_1 +,37,counter_var_0 var_1 +
6484,114 42 74 91 113,42,114 49 42 46 113,13,20,29,15,5,19,28,var_0 counter_var_1 +,49,counter_var_0 var_1 +
6485,114 52 77 69 113,30,114 45 67 80 113,23,16,7,18,8,21,41,var_0 counter_var_1 +,23,counter_var_0 var_1 +
6486,114 32 100 75 113,16,114 107 102 45 113,3,20,13,14,8,10,17,var_0 counter_var_1 +,33,counter_var_0 var_1 +
6487,114 12 82 90 113,40,114 88 3 86 113,12,1,28,24,13,3,36,var_0 counter_var_1 +,29,counter_var_0 var_1 +
6488,114 4 14 33 113,6,114 105 48 95 113,4,18,2,2,14,2,6,var_0 counter_var_1 +,20,counter_var_0 var_1 +
6489,114 54 88 16 113,41,114 44 66 88 113,25,15,16,26,19,20,51,var_0 counter_var_1 +,31,counter_var_0 var_1 +
6490,114 59 7 22 113,23,114 53 78 107 113,1,24,22,14,7,9,15,var_0 counter_var_1 +,46,counter_var_0 var_1 +
6491,114 53 85 31 113,24,114 69 32 1 113,24,11,0,1,16,9,25,var_0 counter_var_1 +,11,counter_var_0 var_1 +
6492,114 69 68 71 113,20,114 87 79 58 113,11,0,9,27,22,10,38,var_0 counter_var_1 +,9,counter_var_0 var_1 +
6493,114 104 60 63 113,18,114 36 59 30 113,17,7,1,30,14,13,47,var_0 counter_var_1 +,8,counter_var_0 var_1 +
6494,114 50 30 99 113,27,114 6 87 60 113,21,6,6,29,7,18,50,var_0 counter_var_1 +,12,counter_var_0 var_1 +
6495,114 39 45 103 113,20,114 18 109 65 113,10,18,10,3,22,17,13,var_0 counter_var_1 +,28,counter_var_0 var_1 +
6496,114 23 99 92 113,53,114 100 79 58 113,23,13,30,27,7,10,50,var_0 counter_var_1 +,43,counter_var_0 var_1 +
6497,114 81 30 99 113,29,114 5 11 6 113,23,5,6,6,7,11,29,var_0 counter_var_1 +,11,counter_var_0 var_1 +
6498,114 33 73 73 113,15,114 47 54 53 113,4,18,11,22,4,8,26,var_0 counter_var_1 +,29,counter_var_0 var_1 +
6499,114 27 4 78 113,43,114 102 5 24 113,27,15,16,24,4,5,51,var_0 counter_var_1 +,31,counter_var_0 var_1 +
6500,114 45 52 9 113,25,114 14 43 40 113,16,14,9,9,6,20,25,var_0 counter_var_1 +,23,counter_var_0 var_1 +
6501,114 41 66 88 113,38,114 105 5 24 113,12,18,26,24,20,5,36,var_0 counter_var_1 +,44,counter_var_0 var_1 +
6502,114 80 28 55 113,46,114 72 99 92 113,22,14,24,30,5,7,52,var_0 counter_var_1 +,38,counter_var_0 var_1 +
6503,114 23 30 99 113,29,114 106 56 5 113,23,19,6,5,7,10,28,var_0 counter_var_1 +,25,counter_var_0 var_1 +
6504,114 57 42 46 113,43,114 99 37 110 113,28,12,15,17,19,14,45,var_0 counter_var_1 +,27,counter_var_0 var_1 +
6505,114 102 2 84 113,37,114 2 7 22 113,15,2,22,22,2,7,37,var_0 counter_var_1 +,24,counter_var_0 var_1 +
6506,114 51 22 12 113,34,114 38 91 106 113,22,9,12,13,22,22,35,var_0 counter_var_1 +,21,counter_var_0 var_1 +
6507,114 26 9 70 113,34,114 93 92 51 113,26,6,8,20,9,0,46,var_0 counter_var_1 +,14,counter_var_0 var_1 +
6508,114 81 36 19 113,42,114 22 35 37 113,23,22,19,6,13,12,29,var_0 counter_var_1 +,41,counter_var_0 var_1 +
6509,114 62 19 15 113,19,114 61 42 46 113,4,3,15,15,19,19,19,var_0 counter_var_1 +,18,counter_var_0 var_1 +
6510,114 35 47 93 113,6,114 27 15 62 113,6,27,0,0,1,15,6,var_0 counter_var_1 +,27,counter_var_0 var_1 +
6511,114 72 60 63 113,15,114 101 28 55 113,14,14,1,24,14,5,38,var_0 counter_var_1 +,15,counter_var_0 var_1 +
6512,114 87 33 14 113,14,114 60 94 96 113,0,2,14,3,10,2,3,var_0 counter_var_1 +,16,counter_var_0 var_1 +
6513,114 7 60 63 113,8,114 24 93 105 113,7,24,1,12,14,1,19,var_0 counter_var_1 +,25,counter_var_0 var_1 +
6514,114 65 13 18 113,25,114 95 16 21 113,7,8,18,21,13,16,28,var_0 counter_var_1 +,26,counter_var_0 var_1 +
6515,114 30 57 97 113,5,114 31 95 109 113,1,2,4,16,11,3,17,var_0 counter_var_1 +,6,counter_var_0 var_1 +
6516,114 45 30 99 113,22,114 86 39 36 113,16,28,6,5,7,16,21,var_0 counter_var_1 +,34,counter_var_0 var_1 +
6517,114 15 56 5 113,20,114 88 14 33 113,15,1,5,2,10,14,17,var_0 counter_var_1 +,6,counter_var_0 var_1 +
6518,114 36 34 47 113,23,114 36 58 2 113,7,7,16,2,11,12,9,var_0 counter_var_1 +,23,counter_var_0 var_1 +
6519,114 27 52 9 113,36,114 37 71 100 113,27,8,9,7,6,2,34,var_0 counter_var_1 +,17,counter_var_0 var_1 +
6520,114 15 3 86 113,39,114 61 62 43 113,15,3,24,12,3,16,27,var_0 counter_var_1 +,27,counter_var_0 var_1 +
6521,114 63 60 63 113,6,114 106 20 50 113,5,19,1,19,14,20,24,var_0 counter_var_1 +,20,counter_var_0 var_1 +
6522,114 69 86 94 113,12,114 37 90 102 113,11,8,1,9,17,21,20,var_0 counter_var_1 +,9,counter_var_0 var_1 +
6523,114 38 72 81 113,28,114 104 48 95 113,9,17,19,2,3,2,11,var_0 counter_var_1 +,36,counter_var_0 var_1 +
6524,114 100 5 24 113,37,114 53 0 38 113,13,24,24,7,5,0,20,var_0 counter_var_1 +,48,counter_var_0 var_1 +
6525,114 81 25 20 113,43,114 109 20 50 113,23,22,20,19,2,20,42,var_0 counter_var_1 +,42,counter_var_0 var_1 +
6526,114 96 97 23 113,32,114 93 30 99 113,9,6,23,6,5,7,15,var_0 counter_var_1 +,29,counter_var_0 var_1 +
6527,114 58 61 89 113,27,114 7 7 22 113,0,7,27,22,15,7,22,var_0 counter_var_1 +,34,counter_var_0 var_1 +
6528,114 5 3 86 113,29,114 81 52 9 113,5,23,24,9,3,6,14,var_0 counter_var_1 +,47,counter_var_0 var_1 +
6529,114 111 59 30 113,54,114 32 16 21 113,24,3,30,21,13,16,45,var_0 counter_var_1 +,33,counter_var_0 var_1 +
6530,114 110 103 61 113,53,114 84 96 7 113,23,26,30,7,11,4,30,var_0 counter_var_1 +,56,counter_var_0 var_1 +
6531,114 107 1 0 113,20,114 5 78 107 113,20,5,0,14,1,9,34,var_0 counter_var_1 +,5,counter_var_0 var_1 +
6532,114 13 6 64 113,15,114 62 11 6 113,13,4,2,6,6,11,19,var_0 counter_var_1 +,6,counter_var_0 var_1 +
6533,114 64 69 104 113,17,114 47 46 87 113,6,18,11,25,0,0,31,var_0 counter_var_1 +,29,counter_var_0 var_1 +
6534,114 102 11 6 113,21,114 67 63 26 113,15,9,6,26,11,17,41,var_0 counter_var_1 +,15,counter_var_0 var_1 +
6535,114 51 40 76 113,36,114 55 62 43 113,22,26,14,12,17,16,34,var_0 counter_var_1 +,40,counter_var_0 var_1 +
6536,114 58 55 10 113,10,114 60 0 38 113,0,2,10,7,9,0,7,var_0 counter_var_1 +,12,counter_var_0 var_1 +
6537,114 21 89 29 113,50,114 41 36 19 113,21,12,29,19,20,13,40,var_0 counter_var_1 +,41,counter_var_0 var_1 +
6538,114 108 93 105 113,33,114 25 82 90 113,21,25,12,28,1,13,49,var_0 counter_var_1 +,37,counter_var_0 var_1 +
6539,114 100 63 26 113,39,114 70 12 83 113,13,12,26,21,17,12,34,var_0 counter_var_1 +,38,counter_var_0 var_1 +
6540,114 28 10 11 113,39,114 62 25 20 113,28,4,11,20,10,2,48,var_0 counter_var_1 +,15,counter_var_0 var_1 +
6541,114 100 26 25 113,38,114 93 7 22 113,13,6,25,22,3,7,35,var_0 counter_var_1 +,31,counter_var_0 var_1 +
6542,114 50 37 110 113,38,114 107 45 103 113,21,20,17,10,14,22,31,var_0 counter_var_1 +,37,counter_var_0 var_1 +
6543,114 98 48 95 113,13,114 109 5 24 113,11,22,2,24,2,5,35,var_0 counter_var_1 +,24,counter_var_0 var_1 +
6544,114 49 49 32 113,21,114 40 61 89 113,20,11,1,27,3,15,47,var_0 counter_var_1 +,12,counter_var_0 var_1 +
6545,114 107 106 56 113,45,114 91 9 70 113,20,4,25,8,14,9,28,var_0 counter_var_1 +,29,counter_var_0 var_1 +
6546,114 80 9 70 113,30,114 49 73 73 113,22,20,8,11,9,4,33,var_0 counter_var_1 +,28,counter_var_0 var_1 +
6547,114 43 66 88 113,40,114 32 45 103 113,14,3,26,10,20,22,24,var_0 counter_var_1 +,29,counter_var_0 var_1 +
6548,114 15 82 90 113,43,114 32 99 92 113,15,3,28,30,13,7,45,var_0 counter_var_1 +,31,counter_var_0 var_1 +
6549,114 56 6 64 113,29,114 40 46 87 113,27,11,2,25,6,0,52,var_0 counter_var_1 +,13,counter_var_0 var_1 +
6550,114 86 38 59 113,56,114 87 32 1 113,28,0,28,1,15,9,29,var_0 counter_var_1 +,28,counter_var_0 var_1 +
6551,114 52 58 2 113,25,114 62 57 97 113,23,4,2,4,12,11,27,var_0 counter_var_1 +,6,counter_var_0 var_1 +
6552,114 55 27 101 113,34,114 24 37 110 113,26,24,8,17,4,14,43,var_0 counter_var_1 +,32,counter_var_0 var_1 +
6553,114 64 39 36 113,11,114 25 10 11 113,6,25,5,11,16,10,17,var_0 counter_var_1 +,30,counter_var_0 var_1 +
6554,114 22 12 83 113,43,114 48 3 86 113,22,19,21,24,12,3,46,var_0 counter_var_1 +,40,counter_var_0 var_1 +
6555,114 88 25 20 113,21,114 19 77 69 113,1,19,20,7,2,8,8,var_0 counter_var_1 +,39,counter_var_0 var_1 +
6556,114 82 105 111 113,42,114 70 94 96 113,24,12,18,3,13,2,27,var_0 counter_var_1 +,30,counter_var_0 var_1 +
6557,114 17 81 52 113,38,114 40 50 27 113,17,11,21,27,12,4,44,var_0 counter_var_1 +,32,counter_var_0 var_1 +
6558,114 101 9 70 113,22,114 16 52 9 113,14,16,8,9,9,6,23,var_0 counter_var_1 +,24,counter_var_0 var_1 +
6559,114 5 97 23 113,28,114 31 14 33 113,5,2,23,2,5,14,7,var_0 counter_var_1 +,25,counter_var_0 var_1 +
6560,114 92 104 4 113,9,114 47 80 48 113,5,18,4,17,12,11,22,var_0 counter_var_1 +,22,counter_var_0 var_1 +
6561,114 70 70 77 113,27,114 108 112 13 113,12,21,15,13,1,20,25,var_0 counter_var_1 +,36,counter_var_0 var_1 +
6562,114 34 63 26 113,31,114 58 25 20 113,5,0,26,20,17,2,25,var_0 counter_var_1 +,26,counter_var_0 var_1 +
6563,114 4 83 3 113,7,114 13 70 77 113,4,13,3,15,14,1,19,var_0 counter_var_1 +,16,counter_var_0 var_1 +
6564,114 109 66 88 113,48,114 79 87 60 113,22,21,26,29,20,18,51,var_0 counter_var_1 +,47,counter_var_0 var_1 +
6565,114 5 17 112 113,24,114 72 27 101 113,5,14,19,8,17,4,13,var_0 counter_var_1 +,33,counter_var_0 var_1 +
6566,114 39 87 60 113,39,114 15 39 36 113,10,15,29,5,18,16,15,var_0 counter_var_1 +,44,counter_var_0 var_1 +
6567,114 37 75 8 113,16,114 24 51 42 113,8,24,8,11,6,5,19,var_0 counter_var_1 +,32,counter_var_0 var_1 +
6568,114 27 102 45 113,41,114 49 51 42 113,27,20,14,11,10,5,38,var_0 counter_var_1 +,34,counter_var_0 var_1 +
6569,114 109 28 55 113,46,114 12 18 72 113,22,12,24,10,5,18,32,var_0 counter_var_1 +,36,counter_var_0 var_1 +
6570,114 21 11 6 113,27,114 36 112 13 113,21,7,6,13,11,20,34,var_0 counter_var_1 +,13,counter_var_0 var_1 +
6571,114 52 55 10 113,33,114 4 77 69 113,23,4,10,7,9,8,30,var_0 counter_var_1 +,14,counter_var_0 var_1 +
6572,114 96 0 38 113,16,114 6 22 12 113,9,6,7,12,0,22,21,var_0 counter_var_1 +,13,counter_var_0 var_1 +
6573,114 84 64 66 113,30,114 17 73 73 113,26,17,4,11,18,4,37,var_0 counter_var_1 +,21,counter_var_0 var_1 +
6574,114 46 35 37 113,23,114 26 86 94 113,17,26,6,1,12,17,18,var_0 counter_var_1 +,32,counter_var_0 var_1 +
6575,114 89 61 89 113,29,114 28 33 14 113,2,28,27,14,15,10,16,var_0 counter_var_1 +,55,counter_var_0 var_1 +
6576,114 63 29 17 113,22,114 102 8 57 113,5,15,17,26,6,8,31,var_0 counter_var_1 +,32,counter_var_0 var_1 +
6577,114 1 11 6 113,7,114 20 106 56 113,1,20,6,25,11,14,26,var_0 counter_var_1 +,26,counter_var_0 var_1 +
6578,114 60 47 93 113,2,114 77 64 66 113,2,19,0,4,1,18,6,var_0 counter_var_1 +,19,counter_var_0 var_1 +
6579,114 92 79 58 113,32,114 72 3 86 113,5,14,27,24,10,3,29,var_0 counter_var_1 +,41,counter_var_0 var_1 +
6580,114 49 22 12 113,32,114 33 86 94 113,20,4,12,1,22,17,21,var_0 counter_var_1 +,16,counter_var_0 var_1 +
6581,114 25 55 10 113,35,114 52 86 94 113,25,23,10,1,9,17,26,var_0 counter_var_1 +,33,counter_var_0 var_1 +
6582,114 41 16 21 113,33,114 68 57 97 113,12,10,21,4,16,11,16,var_0 counter_var_1 +,31,counter_var_0 var_1 +
6583,114 29 39 36 113,5,114 48 37 110 113,0,19,5,17,16,14,17,var_0 counter_var_1 +,24,counter_var_0 var_1 +
6584,114 7 85 31 113,7,114 104 4 78 113,7,17,0,16,16,4,23,var_0 counter_var_1 +,17,counter_var_0 var_1 +
6585,114 59 99 92 113,31,114 23 84 44 113,1,23,30,13,7,15,14,var_0 counter_var_1 +,53,counter_var_0 var_1 +
6586,114 35 105 111 113,24,114 98 108 85 113,6,11,18,23,13,16,29,var_0 counter_var_1 +,29,counter_var_0 var_1 +
6587,114 4 87 60 113,33,114 35 33 14 113,4,6,29,14,18,10,18,var_0 counter_var_1 +,35,counter_var_0 var_1 +
6588,114 82 109 65 113,27,114 18 78 107 113,24,18,3,14,17,9,38,var_0 counter_var_1 +,21,counter_var_0 var_1 +
6589,114 22 31 82 113,42,114 85 96 7 113,22,27,20,7,8,4,29,var_0 counter_var_1 +,47,counter_var_0 var_1 +
6590,114 51 78 107 113,36,114 60 87 60 113,22,2,14,29,9,18,51,var_0 counter_var_1 +,16,counter_var_0 var_1 +
6591,114 63 44 41 113,15,114 72 73 73 113,5,14,10,11,21,4,16,var_0 counter_var_1 +,24,counter_var_0 var_1 +
6592,114 7 82 90 113,35,114 59 63 26 113,7,1,28,26,13,17,33,var_0 counter_var_1 +,29,counter_var_0 var_1 +
6593,114 96 96 7 113,16,114 42 28 55 113,9,13,7,24,4,5,33,var_0 counter_var_1 +,20,counter_var_0 var_1 +
6594,114 56 26 25 113,52,114 27 108 85 113,27,27,25,23,3,16,50,var_0 counter_var_1 +,52,counter_var_0 var_1 +
6595,114 58 10 11 113,11,114 94 96 7 113,0,7,11,7,10,4,7,var_0 counter_var_1 +,18,counter_var_0 var_1 +
6596,114 86 14 33 113,30,114 76 10 11 113,28,18,2,11,14,10,39,var_0 counter_var_1 +,20,counter_var_0 var_1 +
6597,114 40 111 79 113,28,114 84 66 88 113,11,26,17,26,19,20,37,var_0 counter_var_1 +,43,counter_var_0 var_1 +
6598,114 41 56 5 113,17,114 103 31 82 113,12,16,5,20,10,8,32,var_0 counter_var_1 +,21,counter_var_0 var_1 +
6599,114 112 79 58 113,52,114 13 73 73 113,25,13,27,11,10,4,36,var_0 counter_var_1 +,40,counter_var_0 var_1 +
6600,114 33 55 10 113,14,114 38 103 61 113,4,9,10,30,9,11,34,var_0 counter_var_1 +,19,counter_var_0 var_1 +
6601,114 22 29 17 113,39,114 34 68 71 113,22,5,17,9,6,22,31,var_0 counter_var_1 +,22,counter_var_0 var_1 +
6602,114 28 34 47 113,44,114 50 107 28 113,28,21,16,28,11,15,56,var_0 counter_var_1 +,37,counter_var_0 var_1 +
6603,114 96 106 56 113,34,114 76 106 56 113,9,18,25,25,14,14,34,var_0 counter_var_1 +,43,counter_var_0 var_1 +
6604,114 110 56 5 113,28,114 43 5 24 113,23,14,5,24,10,5,47,var_0 counter_var_1 +,19,counter_var_0 var_1 +
6605,114 101 35 37 113,20,114 24 42 46 113,14,24,6,15,12,19,29,var_0 counter_var_1 +,30,counter_var_0 var_1 +
6606,114 111 103 61 113,54,114 64 54 53 113,24,6,30,22,11,8,46,var_0 counter_var_1 +,36,counter_var_0 var_1 +
6607,114 62 65 67 113,9,114 11 35 37 113,4,11,5,6,19,12,10,var_0 counter_var_1 +,16,counter_var_0 var_1 +
6608,114 8 2 84 113,30,114 56 6 64 113,8,27,22,2,2,6,10,var_0 counter_var_1 +,49,counter_var_0 var_1 +
6609,114 27 73 73 113,38,114 59 43 40 113,27,1,11,9,4,20,36,var_0 counter_var_1 +,12,counter_var_0 var_1 +
6610,114 2 11 6 113,8,114 54 105 111 113,2,25,6,18,11,13,20,var_0 counter_var_1 +,31,counter_var_0 var_1 +
6611,114 83 5 24 113,49,114 81 108 85 113,25,23,24,23,5,16,48,var_0 counter_var_1 +,47,counter_var_0 var_1 +
6612,114 12 8 57 113,38,114 43 83 3 113,12,14,26,3,8,14,15,var_0 counter_var_1 +,40,counter_var_0 var_1 +
6613,114 6 56 5 113,11,114 83 59 30 113,6,25,5,30,10,13,36,var_0 counter_var_1 +,30,counter_var_0 var_1 +
6614,114 22 68 71 113,31,114 109 68 71 113,22,22,9,9,22,22,31,var_0 counter_var_1 +,31,counter_var_0 var_1 +
6615,114 72 0 38 113,21,114 56 14 33 113,14,27,7,2,0,14,16,var_0 counter_var_1 +,34,counter_var_0 var_1 +
6616,114 37 8 57 113,34,114 112 65 67 113,8,25,26,5,8,19,13,var_0 counter_var_1 +,51,counter_var_0 var_1 +
6617,114 65 92 51 113,27,114 93 24 35 113,7,6,20,4,0,1,11,var_0 counter_var_1 +,26,counter_var_0 var_1 +
6618,114 79 3 86 113,45,114 105 89 29 113,21,18,24,29,3,20,50,var_0 counter_var_1 +,42,counter_var_0 var_1 +
6619,114 91 109 65 113,7,114 70 109 65 113,4,12,3,3,17,17,7,var_0 counter_var_1 +,15,counter_var_0 var_1 +
6620,114 79 19 15 113,36,114 110 49 32 113,21,23,15,1,19,3,22,var_0 counter_var_1 +,38,counter_var_0 var_1 +
6621,114 54 104 4 113,29,114 72 6 64 113,25,14,4,2,12,6,27,var_0 counter_var_1 +,18,counter_var_0 var_1 +
6622,114 99 80 48 113,29,114 27 80 48 113,12,27,17,17,11,11,29,var_0 counter_var_1 +,44,counter_var_0 var_1 +
6623,114 1 26 25 113,26,114 24 34 47 113,1,24,25,16,3,11,17,var_0 counter_var_1 +,49,counter_var_0 var_1 +
6624,114 31 71 100 113,9,114 63 95 109 113,2,5,7,16,2,3,18,var_0 counter_var_1 +,12,counter_var_0 var_1 +
6625,114 57 44 41 113,38,114 38 101 39 113,28,9,10,8,21,9,36,var_0 counter_var_1 +,19,counter_var_0 var_1 +
6626,114 106 47 93 113,19,114 7 22 12 113,19,7,0,12,1,22,31,var_0 counter_var_1 +,7,counter_var_0 var_1 +
6627,114 77 96 7 113,26,114 78 55 10 113,19,20,7,10,4,9,29,var_0 counter_var_1 +,27,counter_var_0 var_1 +
6628,114 98 108 85 113,34,114 97 69 104 113,11,10,23,11,16,0,22,var_0 counter_var_1 +,33,counter_var_0 var_1 +
6629,114 85 63 26 113,53,114 65 88 16 113,27,7,26,16,17,19,43,var_0 counter_var_1 +,33,counter_var_0 var_1 +
6630,114 43 64 66 113,18,114 46 101 39 113,14,17,4,8,18,9,22,var_0 counter_var_1 +,21,counter_var_0 var_1 +
6631,114 74 0 38 113,23,114 101 104 4 113,16,14,7,4,0,12,20,var_0 counter_var_1 +,21,counter_var_0 var_1 +
6632,114 79 44 41 113,31,114 56 11 6 113,21,27,10,6,21,11,27,var_0 counter_var_1 +,37,counter_var_0 var_1 +
6633,114 109 21 49 113,40,114 79 105 111 113,22,21,18,18,21,13,40,var_0 counter_var_1 +,39,counter_var_0 var_1 +
6634,114 73 14 33 113,17,114 98 96 7 113,15,11,2,7,14,4,22,var_0 counter_var_1 +,13,counter_var_0 var_1 +
6635,114 82 55 10 113,34,114 111 88 16 113,24,24,10,16,9,19,40,var_0 counter_var_1 +,34,counter_var_0 var_1 +
6636,114 111 104 4 113,28,114 49 92 51 113,24,20,4,20,12,0,44,var_0 counter_var_1 +,24,counter_var_0 var_1 +
6637,114 0 59 30 113,30,114 28 58 2 113,0,28,30,2,13,12,2,var_0 counter_var_1 +,58,counter_var_0 var_1 +
6638,114 108 18 72 113,31,114 5 55 10 113,21,5,10,10,18,9,31,var_0 counter_var_1 +,15,counter_var_0 var_1 +
6639,114 57 39 36 113,33,114 104 94 96 113,28,17,5,3,16,2,31,var_0 counter_var_1 +,22,counter_var_0 var_1 +
6640,114 59 58 2 113,3,114 8 61 89 113,1,8,2,27,12,15,28,var_0 counter_var_1 +,10,counter_var_0 var_1 +
6641,114 90 94 96 113,6,114 92 39 36 113,3,5,3,5,2,16,8,var_0 counter_var_1 +,8,counter_var_0 var_1 +
6642,114 83 55 10 113,35,114 104 87 60 113,25,17,10,29,9,18,54,var_0 counter_var_1 +,27,counter_var_0 var_1 +
6643,114 111 44 41 113,34,114 66 67 80 113,24,8,10,18,21,21,42,var_0 counter_var_1 +,18,counter_var_0 var_1 +
6644,114 100 86 94 113,14,114 57 96 7 113,13,28,1,7,17,4,20,var_0 counter_var_1 +,29,counter_var_0 var_1 +
6645,114 31 60 63 113,3,114 100 27 101 113,2,13,1,8,14,4,10,var_0 counter_var_1 +,14,counter_var_0 var_1 +
6646,114 89 46 87 113,27,114 28 103 61 113,2,28,25,30,0,11,32,var_0 counter_var_1 +,53,counter_var_0 var_1 +
6647,114 61 81 52 113,24,114 36 93 105 113,3,7,21,12,12,1,15,var_0 counter_var_1 +,28,counter_var_0 var_1 +
6648,114 29 68 71 113,9,114 90 9 70 113,0,3,9,8,22,9,8,var_0 counter_var_1 +,12,counter_var_0 var_1 +
6649,114 33 65 67 113,9,114 64 18 72 113,4,6,5,10,19,18,14,var_0 counter_var_1 +,11,counter_var_0 var_1 +
6650,114 12 78 107 113,26,114 106 75 8 113,12,19,14,8,9,6,20,var_0 counter_var_1 +,33,counter_var_0 var_1 +
6651,114 20 63 26 113,46,114 1 27 101 113,20,1,26,8,17,4,28,var_0 counter_var_1 +,27,counter_var_0 var_1 +
6652,114 86 101 39 113,36,114 47 24 35 113,28,18,8,4,9,1,32,var_0 counter_var_1 +,26,counter_var_0 var_1 +
6653,114 77 64 66 113,23,114 98 25 20 113,19,11,4,20,18,2,39,var_0 counter_var_1 +,15,counter_var_0 var_1 +
6654,114 38 81 52 113,30,114 71 103 61 113,9,13,21,30,12,11,39,var_0 counter_var_1 +,34,counter_var_0 var_1 +
6655,114 39 91 106 113,23,114 13 63 26 113,10,13,13,26,22,17,36,var_0 counter_var_1 +,26,counter_var_0 var_1 +
6656,114 37 12 83 113,29,114 101 70 77 113,8,14,21,15,12,1,23,var_0 counter_var_1 +,35,counter_var_0 var_1 +
6657,114 57 18 72 113,38,114 101 3 86 113,28,14,10,24,18,3,52,var_0 counter_var_1 +,24,counter_var_0 var_1 +
6658,114 48 108 85 113,42,114 16 67 80 113,19,16,23,18,16,21,37,var_0 counter_var_1 +,39,counter_var_0 var_1 +
6659,114 17 40 76 113,31,114 5 39 36 113,17,5,14,5,17,16,22,var_0 counter_var_1 +,19,counter_var_0 var_1 +
6660,114 106 41 34 113,22,114 8 57 97 113,19,8,3,4,18,11,23,var_0 counter_var_1 +,11,counter_var_0 var_1 +
6661,114 83 106 56 113,50,114 2 15 62 113,25,2,25,0,14,15,25,var_0 counter_var_1 +,27,counter_var_0 var_1 +
6662,114 48 90 102 113,28,114 93 98 74 113,19,6,9,12,21,6,31,var_0 counter_var_1 +,15,counter_var_0 var_1 +
6663,114 42 7 22 113,35,114 2 76 54 113,13,2,22,23,7,7,36,var_0 counter_var_1 +,24,counter_var_0 var_1 +
6664,114 51 55 10 113,32,114 53 106 56 113,22,24,10,25,9,14,47,var_0 counter_var_1 +,34,counter_var_0 var_1 +
6665,114 30 83 3 113,4,114 11 91 106 113,1,11,3,13,14,22,14,var_0 counter_var_1 +,14,counter_var_0 var_1 +
6666,114 47 61 89 113,45,114 59 67 80 113,18,1,27,18,15,21,36,var_0 counter_var_1 +,28,counter_var_0 var_1 +
6667,114 66 96 7 113,15,114 44 9 70 113,8,15,7,8,4,9,16,var_0 counter_var_1 +,22,counter_var_0 var_1 +
6668,114 87 24 35 113,4,114 80 31 82 113,0,22,4,20,1,8,20,var_0 counter_var_1 +,26,counter_var_0 var_1 +
6669,114 101 56 5 113,19,114 101 40 76 113,14,14,5,14,10,17,28,var_0 counter_var_1 +,19,counter_var_0 var_1 +
6670,114 18 79 58 113,45,114 30 15 62 113,18,1,27,0,10,15,18,var_0 counter_var_1 +,28,counter_var_0 var_1 +
6671,114 91 8 57 113,30,114 90 71 100 113,4,3,26,7,8,2,11,var_0 counter_var_1 +,29,counter_var_0 var_1 +
6672,114 63 105 111 113,23,114 49 84 44 113,5,20,18,13,13,15,18,var_0 counter_var_1 +,38,counter_var_0 var_1 +
6673,114 11 12 83 113,32,114 37 44 41 113,11,8,21,10,12,21,21,var_0 counter_var_1 +,29,counter_var_0 var_1 +
6674,114 59 54 53 113,23,114 98 31 82 113,1,11,22,20,8,8,21,var_0 counter_var_1 +,33,counter_var_0 var_1 +
6675,114 79 1 0 113,21,114 63 68 71 113,21,5,0,9,1,22,30,var_0 counter_var_1 +,5,counter_var_0 var_1 +
6676,114 75 28 55 113,41,114 61 104 4 113,17,3,24,4,5,12,21,var_0 counter_var_1 +,27,counter_var_0 var_1 +
6677,114 89 69 104 113,13,114 100 71 100 113,2,13,11,7,0,2,9,var_0 counter_var_1 +,24,counter_var_0 var_1 +
6678,114 57 9 70 113,36,114 54 26 25 113,28,25,8,25,9,3,53,var_0 counter_var_1 +,33,counter_var_0 var_1 +
6679,114 91 64 66 113,8,114 77 104 4 113,4,19,4,4,18,12,8,var_0 counter_var_1 +,23,counter_var_0 var_1 +
6680,114 6 28 55 113,30,114 69 91 106 113,6,11,24,13,5,22,19,var_0 counter_var_1 +,35,counter_var_0 var_1 +
6681,114 43 74 91 113,43,114 13 31 82 113,14,13,29,20,5,8,34,var_0 counter_var_1 +,42,counter_var_0 var_1 +
6682,114 105 40 76 113,32,114 28 15 62 113,18,28,14,0,17,15,18,var_0 counter_var_1 +,42,counter_var_0 var_1 +
6683,114 44 84 44 113,28,114 35 15 62 113,15,6,13,0,15,15,15,var_0 counter_var_1 +,19,counter_var_0 var_1 +
6684,114 12 51 42 113,23,114 49 110 108 113,12,20,11,15,5,18,27,var_0 counter_var_1 +,31,counter_var_0 var_1 +
6685,114 89 12 83 113,23,114 102 33 14 113,2,15,21,14,12,10,16,var_0 counter_var_1 +,36,counter_var_0 var_1 +
6686,114 52 49 32 113,24,114 25 96 7 113,23,25,1,7,3,4,30,var_0 counter_var_1 +,26,counter_var_0 var_1 +
6687,114 43 79 58 113,41,114 8 56 5 113,14,8,27,5,10,10,19,var_0 counter_var_1 +,35,counter_var_0 var_1 +
6688,114 79 82 90 113,49,114 37 16 21 113,21,8,28,21,13,16,42,var_0 counter_var_1 +,36,counter_var_0 var_1 +
6689,114 19 75 8 113,27,114 35 107 28 113,19,6,8,28,6,15,47,var_0 counter_var_1 +,14,counter_var_0 var_1 +
6690,114 67 27 101 113,17,114 51 44 41 113,9,22,8,10,4,21,19,var_0 counter_var_1 +,30,counter_var_0 var_1 +
6691,114 94 38 59 113,35,114 34 17 112 113,7,5,28,19,15,17,26,var_0 counter_var_1 +,33,counter_var_0 var_1 +
6692,114 19 71 100 113,26,114 30 104 4 113,19,1,7,4,2,12,23,var_0 counter_var_1 +,8,counter_var_0 var_1 +
6693,114 59 93 105 113,13,114 92 54 53 113,1,5,12,22,1,8,23,var_0 counter_var_1 +,17,counter_var_0 var_1 +
6694,114 36 45 103 113,17,114 53 102 45 113,7,24,10,14,22,10,21,var_0 counter_var_1 +,34,counter_var_0 var_1 +
6695,114 105 91 106 113,31,114 95 93 105 113,18,8,13,12,22,1,30,var_0 counter_var_1 +,21,counter_var_0 var_1 +
6696,114 47 30 99 113,24,114 0 97 23 113,18,0,6,23,7,5,41,var_0 counter_var_1 +,6,counter_var_0 var_1 +
6697,114 17 29 17 113,34,114 32 110 108 113,17,3,17,15,6,18,32,var_0 counter_var_1 +,20,counter_var_0 var_1 +
6698,114 66 15 62 113,8,114 45 66 88 113,8,16,0,26,15,20,34,var_0 counter_var_1 +,16,counter_var_0 var_1 +
6699,114 27 55 10 113,37,114 68 89 29 113,27,10,10,29,9,20,56,var_0 counter_var_1 +,20,counter_var_0 var_1 +
6700,114 43 43 40 113,23,114 51 81 52 113,14,22,9,21,20,12,35,var_0 counter_var_1 +,31,counter_var_0 var_1 +
6701,114 14 44 41 113,24,114 85 24 35 113,14,27,10,4,21,1,18,var_0 counter_var_1 +,37,counter_var_0 var_1 +
6702,114 32 96 7 113,10,114 93 86 94 113,3,6,7,1,4,17,4,var_0 counter_var_1 +,13,counter_var_0 var_1 +
6703,114 59 8 57 113,27,114 67 72 81 113,1,9,26,19,8,3,20,var_0 counter_var_1 +,35,counter_var_0 var_1 +
6704,114 108 86 94 113,22,114 58 58 2 113,21,0,1,2,17,12,23,var_0 counter_var_1 +,1,counter_var_0 var_1 +
6705,114 93 86 94 113,7,114 112 102 45 113,6,25,1,14,17,10,20,var_0 counter_var_1 +,26,counter_var_0 var_1 +
6706,114 54 91 106 113,38,114 40 7 22 113,25,11,13,22,22,7,47,var_0 counter_var_1 +,24,counter_var_0 var_1 +
6707,114 21 52 9 113,30,114 72 97 23 113,21,14,9,23,6,5,44,var_0 counter_var_1 +,23,counter_var_0 var_1 +
6708,114 10 14 33 113,12,114 21 78 107 113,10,21,2,14,14,9,24,var_0 counter_var_1 +,23,counter_var_0 var_1 +
6709,114 29 6 64 113,2,114 51 51 42 113,0,22,2,11,6,5,11,var_0 counter_var_1 +,24,counter_var_0 var_1 +
6710,114 92 111 79 113,22,114 16 109 65 113,5,16,17,3,19,17,8,var_0 counter_var_1 +,33,counter_var_0 var_1 +
6711,114 26 78 107 113,40,114 74 67 80 113,26,16,14,18,9,21,44,var_0 counter_var_1 +,30,counter_var_0 var_1 +
6712,114 106 60 63 113,20,114 48 83 3 113,19,19,1,3,14,14,22,var_0 counter_var_1 +,20,counter_var_0 var_1 +
6713,114 109 36 19 113,41,114 82 53 68 113,22,24,19,6,13,7,28,var_0 counter_var_1 +,43,counter_var_0 var_1 +
6714,114 40 9 70 113,19,114 69 101 39 113,11,11,8,8,9,9,19,var_0 counter_var_1 +,19,counter_var_0 var_1 +
6715,114 35 70 77 113,21,114 42 5 24 113,6,13,15,24,1,5,30,var_0 counter_var_1 +,28,counter_var_0 var_1 +
6716,114 79 34 47 113,37,114 75 23 98 113,21,17,16,5,11,0,26,var_0 counter_var_1 +,33,counter_var_0 var_1 +
6717,114 3 42 46 113,18,114 41 9 70 113,3,12,15,8,19,9,11,var_0 counter_var_1 +,27,counter_var_0 var_1 +
6718,114 57 110 108 113,43,114 26 88 16 113,28,26,15,16,18,19,44,var_0 counter_var_1 +,41,counter_var_0 var_1 +
6719,114 64 23 98 113,11,114 30 26 25 113,6,1,5,25,0,3,31,var_0 counter_var_1 +,6,counter_var_0 var_1 +
6720,114 5 57 97 113,9,114 48 12 83 113,5,19,4,21,11,12,26,var_0 counter_var_1 +,23,counter_var_0 var_1 +
6721,114 92 110 108 113,20,114 58 91 106 113,5,0,15,13,18,22,18,var_0 counter_var_1 +,15,counter_var_0 var_1 +
6722,114 1 45 103 113,11,114 51 72 81 113,1,22,10,19,22,3,20,var_0 counter_var_1 +,32,counter_var_0 var_1 +
6723,114 41 18 72 113,22,114 4 99 92 113,12,4,10,30,18,7,42,var_0 counter_var_1 +,14,counter_var_0 var_1 +
6724,114 13 89 29 113,42,114 70 29 17 113,13,12,29,17,20,6,30,var_0 counter_var_1 +,41,counter_var_0 var_1 +
6725,114 44 59 30 113,45,114 71 30 99 113,15,13,30,6,13,7,21,var_0 counter_var_1 +,43,counter_var_0 var_1 +
6726,114 101 44 41 113,24,114 91 17 112 113,14,4,10,19,21,17,33,var_0 counter_var_1 +,14,counter_var_0 var_1 +
6727,114 91 54 53 113,26,114 86 11 6 113,4,28,22,6,8,11,10,var_0 counter_var_1 +,50,counter_var_0 var_1 +
6728,114 65 37 110 113,24,114 81 19 15 113,7,23,17,15,14,19,22,var_0 counter_var_1 +,40,counter_var_0 var_1 +
6729,114 78 96 7 113,27,114 5 1 0 113,20,5,7,0,4,1,20,var_0 counter_var_1 +,12,counter_var_0 var_1 +
6730,114 15 16 21 113,36,114 12 44 41 113,15,12,21,10,16,21,25,var_0 counter_var_1 +,33,counter_var_0 var_1 +
6731,114 51 79 58 113,49,114 53 51 42 113,22,24,27,11,10,5,33,var_0 counter_var_1 +,51,counter_var_0 var_1 +
6732,114 93 31 82 113,26,114 80 55 10 113,6,22,20,10,8,9,16,var_0 counter_var_1 +,42,counter_var_0 var_1 +
6733,114 62 41 34 113,7,114 67 22 12 113,4,9,3,12,18,22,16,var_0 counter_var_1 +,12,counter_var_0 var_1 +
6734,114 73 50 27 113,42,114 49 29 17 113,15,20,27,17,4,6,32,var_0 counter_var_1 +,47,counter_var_0 var_1 +
6735,114 61 76 54 113,26,114 86 92 51 113,3,28,23,20,7,0,23,var_0 counter_var_1 +,51,counter_var_0 var_1 +
6736,114 72 103 61 113,44,114 22 16 21 113,14,22,30,21,11,16,35,var_0 counter_var_1 +,52,counter_var_0 var_1 +
6737,114 42 32 1 113,14,114 106 42 46 113,13,19,1,15,9,19,28,var_0 counter_var_1 +,20,counter_var_0 var_1 +
6738,114 75 18 72 113,27,114 24 28 55 113,17,24,10,24,18,5,41,var_0 counter_var_1 +,34,counter_var_0 var_1 +
6739,114 81 12 83 113,44,114 35 30 99 113,23,6,21,6,12,7,29,var_0 counter_var_1 +,27,counter_var_0 var_1 +
6740,114 13 84 44 113,26,114 18 105 111 113,13,18,13,18,15,13,31,var_0 counter_var_1 +,31,counter_var_0 var_1 +
6741,114 96 63 26 113,35,114 21 19 15 113,9,21,26,15,17,19,24,var_0 counter_var_1 +,47,counter_var_0 var_1 +
6742,114 17 85 31 113,17,114 87 105 111 113,17,0,0,18,16,13,35,var_0 counter_var_1 +,0,counter_var_0 var_1 +
6743,114 67 59 30 113,39,114 3 61 89 113,9,3,30,27,13,15,36,var_0 counter_var_1 +,33,counter_var_0 var_1 +
6744,114 3 103 61 113,33,114 40 8 57 113,3,11,30,26,11,8,29,var_0 counter_var_1 +,41,counter_var_0 var_1 +
6745,114 110 57 97 113,27,114 28 13 18 113,23,28,4,18,11,13,41,var_0 counter_var_1 +,32,counter_var_0 var_1 +
6746,114 97 88 16 113,26,114 29 86 94 113,10,0,16,1,19,17,11,var_0 counter_var_1 +,16,counter_var_0 var_1 +
6747,114 4 2 84 113,26,114 96 35 37 113,4,9,22,6,2,12,10,var_0 counter_var_1 +,31,counter_var_0 var_1 +
6748,114 16 2 84 113,38,114 18 22 12 113,16,18,22,12,2,22,28,var_0 counter_var_1 +,40,counter_var_0 var_1 +
6749,114 28 76 54 113,51,114 34 15 62 113,28,5,23,0,7,15,28,var_0 counter_var_1 +,28,counter_var_0 var_1 +
6750,114 2 55 10 113,12,114 45 5 24 113,2,16,10,24,9,5,26,var_0 counter_var_1 +,26,counter_var_0 var_1 +
6751,114 52 35 37 113,29,114 44 16 21 113,23,15,6,21,12,16,44,var_0 counter_var_1 +,21,counter_var_0 var_1 +
6752,114 63 40 76 113,19,114 39 85 31 113,5,10,14,0,17,16,5,var_0 counter_var_1 +,24,counter_var_0 var_1 +
6753,114 98 29 17 113,28,114 61 9 70 113,11,3,17,8,6,9,19,var_0 counter_var_1 +,20,counter_var_0 var_1 +
6754,114 63 41 34 113,8,114 101 32 1 113,5,14,3,1,18,9,6,var_0 counter_var_1 +,17,counter_var_0 var_1 +
6755,114 56 54 53 113,49,114 48 40 76 113,27,19,22,14,8,17,41,var_0 counter_var_1 +,41,counter_var_0 var_1 +
6756,114 74 71 100 113,23,114 39 106 56 113,16,10,7,25,2,14,41,var_0 counter_var_1 +,17,counter_var_0 var_1 +
6757,114 90 12 83 113,24,114 79 19 15 113,3,21,21,15,12,19,18,var_0 counter_var_1 +,42,counter_var_0 var_1 +
6758,114 85 31 82 113,47,114 28 10 11 113,27,28,20,11,8,10,38,var_0 counter_var_1 +,48,counter_var_0 var_1 +
6759,114 79 105 111 113,39,114 53 109 65 113,21,24,18,3,13,17,24,var_0 counter_var_1 +,42,counter_var_0 var_1 +
6760,114 37 6 64 113,10,114 95 75 8 113,8,8,2,8,6,6,16,var_0 counter_var_1 +,10,counter_var_0 var_1 +
6761,114 95 60 63 113,9,114 51 71 100 113,8,22,1,7,14,2,15,var_0 counter_var_1 +,23,counter_var_0 var_1 +
6762,114 17 12 83 113,38,114 53 49 32 113,17,24,21,1,12,3,18,var_0 counter_var_1 +,45,counter_var_0 var_1 +
6763,114 76 11 6 113,24,114 55 90 102 113,18,26,6,9,11,21,27,var_0 counter_var_1 +,32,counter_var_0 var_1 +
6764,114 64 86 94 113,7,114 45 34 47 113,6,16,1,16,17,11,22,var_0 counter_var_1 +,17,counter_var_0 var_1 +
6765,114 89 86 94 113,3,114 51 62 43 113,2,22,1,12,17,16,14,var_0 counter_var_1 +,23,counter_var_0 var_1 +
6766,114 79 69 104 113,32,114 58 83 3 113,21,0,11,3,0,14,24,var_0 counter_var_1 +,11,counter_var_0 var_1 +
6767,114 42 84 44 113,26,114 25 53 68 113,13,25,13,6,15,7,19,var_0 counter_var_1 +,38,counter_var_0 var_1 +
6768,114 57 101 39 113,36,114 33 66 88 113,28,4,8,26,9,20,54,var_0 counter_var_1 +,12,counter_var_0 var_1 +
6769,114 4 73 73 113,15,114 112 13 18 113,4,25,11,18,4,13,22,var_0 counter_var_1 +,36,counter_var_0 var_1 +
6770,114 66 57 97 113,12,114 32 60 63 113,8,3,4,1,11,14,9,var_0 counter_var_1 +,7,counter_var_0 var_1 +
6771,114 89 94 96 113,5,114 37 28 55 113,2,8,3,24,2,5,26,var_0 counter_var_1 +,11,counter_var_0 var_1 +
6772,114 58 112 13 113,13,114 91 7 22 113,0,4,13,22,20,7,22,var_0 counter_var_1 +,17,counter_var_0 var_1 +
6773,114 9 48 95 113,11,114 100 39 36 113,9,13,2,5,2,16,14,var_0 counter_var_1 +,15,counter_var_0 var_1 +
6774,114 99 4 78 113,28,114 109 19 15 113,12,22,16,15,4,19,27,var_0 counter_var_1 +,38,counter_var_0 var_1 +
6775,114 103 47 93 113,16,114 78 77 69 113,16,20,0,7,1,8,23,var_0 counter_var_1 +,20,counter_var_0 var_1 +
6776,114 61 99 92 113,33,114 20 87 60 113,3,20,30,29,7,18,32,var_0 counter_var_1 +,50,counter_var_0 var_1 +
6777,114 95 16 21 113,29,114 91 102 45 113,8,4,21,14,16,10,22,var_0 counter_var_1 +,25,counter_var_0 var_1 +
6778,114 37 43 40 113,17,114 67 21 49 113,8,9,9,18,20,21,26,var_0 counter_var_1 +,18,counter_var_0 var_1 +
6779,114 67 70 77 113,24,114 65 30 99 113,9,7,15,6,1,7,15,var_0 counter_var_1 +,22,counter_var_0 var_1 +
6780,114 36 12 83 113,28,114 89 17 112 113,7,2,21,19,12,17,26,var_0 counter_var_1 +,23,counter_var_0 var_1 +
6781,114 15 62 43 113,27,114 0 58 2 113,15,0,12,2,16,12,17,var_0 counter_var_1 +,12,counter_var_0 var_1 +
6782,114 42 81 52 113,34,114 111 13 18 113,13,24,21,18,12,13,31,var_0 counter_var_1 +,45,counter_var_0 var_1 +
6783,114 38 33 14 113,23,114 100 65 67 113,9,13,14,5,10,19,14,var_0 counter_var_1 +,27,counter_var_0 var_1 +
6784,114 60 40 76 113,16,114 20 13 18 113,2,20,14,18,17,13,20,var_0 counter_var_1 +,34,counter_var_0 var_1 +
6785,114 8 108 85 113,31,114 65 98 74 113,8,7,23,12,16,6,20,var_0 counter_var_1 +,30,counter_var_0 var_1 +
6786,114 33 83 3 113,7,114 29 50 27 113,4,0,3,27,14,4,31,var_0 counter_var_1 +,3,counter_var_0 var_1 +
6787,114 68 97 23 113,33,114 12 57 97 113,10,12,23,4,5,11,14,var_0 counter_var_1 +,35,counter_var_0 var_1 +
6788,114 77 2 84 113,41,114 18 64 66 113,19,18,22,4,2,18,23,var_0 counter_var_1 +,40,counter_var_0 var_1 +
6789,114 23 17 112 113,42,114 108 47 93 113,23,21,19,0,17,1,23,var_0 counter_var_1 +,40,counter_var_0 var_1 +
6790,114 62 59 30 113,34,114 109 107 28 113,4,22,30,28,13,15,32,var_0 counter_var_1 +,52,counter_var_0 var_1 +
6791,114 106 95 109 113,35,114 82 46 87 113,19,24,16,25,3,0,44,var_0 counter_var_1 +,40,counter_var_0 var_1 +
6792,114 4 7 22 113,26,114 99 79 58 113,4,12,22,27,7,10,31,var_0 counter_var_1 +,34,counter_var_0 var_1 +
6793,114 110 69 104 113,34,114 101 30 99 113,23,14,11,6,0,7,29,var_0 counter_var_1 +,25,counter_var_0 var_1 +
6794,114 31 34 47 113,18,114 26 100 75 113,2,26,16,13,11,8,15,var_0 counter_var_1 +,42,counter_var_0 var_1 +
6795,114 80 12 83 113,43,114 43 33 14 113,22,14,21,14,12,10,36,var_0 counter_var_1 +,35,counter_var_0 var_1 +
6796,114 82 104 4 113,28,114 41 82 90 113,24,12,4,28,12,13,52,var_0 counter_var_1 +,16,counter_var_0 var_1 +
6797,114 6 71 100 113,13,114 66 108 85 113,6,8,7,23,2,16,29,var_0 counter_var_1 +,15,counter_var_0 var_1 +
6798,114 53 37 110 113,41,114 80 8 57 113,24,22,17,26,14,8,50,var_0 counter_var_1 +,39,counter_var_0 var_1 +
6799,114 95 52 9 113,17,114 26 0 38 113,8,26,9,7,6,0,15,var_0 counter_var_1 +,35,counter_var_0 var_1 +
6800,114 96 56 5 113,14,114 38 73 73 113,9,9,5,11,10,4,20,var_0 counter_var_1 +,14,counter_var_0 var_1 +
6801,114 101 30 99 113,20,114 60 96 7 113,14,2,6,7,7,4,21,var_0 counter_var_1 +,8,counter_var_0 var_1 +
6802,114 22 70 77 113,37,114 7 40 76 113,22,7,15,14,1,17,36,var_0 counter_var_1 +,22,counter_var_0 var_1 +
6803,114 78 110 108 113,35,114 91 11 6 113,20,4,15,6,18,11,26,var_0 counter_var_1 +,19,counter_var_0 var_1 +
6804,114 25 24 35 113,29,114 63 8 57 113,25,5,4,26,1,8,51,var_0 counter_var_1 +,9,counter_var_0 var_1 +
6805,114 13 86 94 113,14,114 35 9 70 113,13,6,1,8,17,9,21,var_0 counter_var_1 +,7,counter_var_0 var_1 +
6806,114 65 48 95 113,9,114 74 26 25 113,7,16,2,25,2,3,32,var_0 counter_var_1 +,18,counter_var_0 var_1 +
6807,114 4 53 68 113,10,114 26 5 24 113,4,26,6,24,7,5,28,var_0 counter_var_1 +,32,counter_var_0 var_1 +
6808,114 48 13 18 113,37,114 105 52 9 113,19,18,18,9,13,6,28,var_0 counter_var_1 +,36,counter_var_0 var_1 +
6809,114 54 82 90 113,53,114 76 108 85 113,25,18,28,23,13,16,48,var_0 counter_var_1 +,46,counter_var_0 var_1 +
6810,114 84 32 1 113,27,114 19 17 112 113,26,19,1,19,9,17,45,var_0 counter_var_1 +,20,counter_var_0 var_1 +
6811,114 44 74 91 113,44,114 63 48 95 113,15,5,29,2,5,2,17,var_0 counter_var_1 +,34,counter_var_0 var_1 +
6812,114 85 78 107 113,41,114 91 103 61 113,27,4,14,30,9,11,57,var_0 counter_var_1 +,18,counter_var_0 var_1 +
6813,114 57 93 105 113,40,114 36 51 42 113,28,7,12,11,1,5,39,var_0 counter_var_1 +,19,counter_var_0 var_1 +
6814,114 106 82 90 113,47,114 21 38 59 113,19,21,28,28,13,15,47,var_0 counter_var_1 +,49,counter_var_0 var_1 +
6815,114 73 70 77 113,30,114 22 92 51 113,15,22,15,20,1,0,35,var_0 counter_var_1 +,37,counter_var_0 var_1 +
6816,114 47 53 68 113,24,114 109 110 108 113,18,22,6,15,7,18,33,var_0 counter_var_1 +,28,counter_var_0 var_1 +
6817,114 106 77 69 113,26,114 79 95 109 113,19,21,7,16,8,3,35,var_0 counter_var_1 +,28,counter_var_0 var_1 +
6818,114 109 14 33 113,24,114 55 85 31 113,22,26,2,0,14,16,22,var_0 counter_var_1 +,28,counter_var_0 var_1 +
6819,114 74 107 28 113,44,114 26 61 89 113,16,26,28,27,15,15,43,var_0 counter_var_1 +,54,counter_var_0 var_1 +
6820,114 41 30 99 113,18,114 38 11 6 113,12,9,6,6,7,11,18,var_0 counter_var_1 +,15,counter_var_0 var_1 +
6821,114 72 15 62 113,14,114 31 43 40 113,14,2,0,9,15,20,23,var_0 counter_var_1 +,2,counter_var_0 var_1 +
6822,114 69 69 104 113,22,114 59 108 85 113,11,1,11,23,0,16,34,var_0 counter_var_1 +,12,counter_var_0 var_1 +
6823,114 58 42 46 113,15,114 30 65 67 113,0,1,15,5,19,19,5,var_0 counter_var_1 +,16,counter_var_0 var_1 +
6824,114 89 15 62 113,2,114 56 61 89 113,2,27,0,27,15,15,29,var_0 counter_var_1 +,27,counter_var_0 var_1 +
6825,114 30 13 18 113,19,114 71 82 90 113,1,13,18,28,13,13,29,var_0 counter_var_1 +,31,counter_var_0 var_1 +
6826,114 37 95 109 113,24,114 15 37 110 113,8,15,16,17,3,14,25,var_0 counter_var_1 +,31,counter_var_0 var_1 +
6827,114 80 92 51 113,42,114 63 90 102 113,22,5,20,9,0,21,31,var_0 counter_var_1 +,25,counter_var_0 var_1 +
6828,114 90 43 40 113,12,114 22 2 84 113,3,22,9,22,20,2,25,var_0 counter_var_1 +,31,counter_var_0 var_1 +
6829,114 75 54 53 113,39,114 94 20 50 113,17,7,22,19,8,20,36,var_0 counter_var_1 +,29,counter_var_0 var_1 +
6830,114 21 27 101 113,29,114 45 37 110 113,21,16,8,17,4,14,38,var_0 counter_var_1 +,24,counter_var_0 var_1 +
6831,114 109 13 18 113,40,114 91 12 83 113,22,4,18,21,13,12,43,var_0 counter_var_1 +,22,counter_var_0 var_1 +
6832,114 90 51 42 113,14,114 110 18 72 113,3,23,11,10,5,18,13,var_0 counter_var_1 +,34,counter_var_0 var_1 +
6833,114 82 17 112 113,43,114 59 106 56 113,24,1,19,25,17,14,49,var_0 counter_var_1 +,20,counter_var_0 var_1 +
6834,114 79 50 27 113,48,114 11 73 73 113,21,11,27,11,4,4,32,var_0 counter_var_1 +,38,counter_var_0 var_1 +
6835,114 10 60 63 113,11,114 20 56 5 113,10,20,1,5,14,10,15,var_0 counter_var_1 +,21,counter_var_0 var_1 +
6836,114 2 42 46 113,17,114 89 76 54 113,2,2,15,23,19,7,25,var_0 counter_var_1 +,17,counter_var_0 var_1 +
6837,114 19 38 59 113,47,114 22 98 74 113,19,22,28,12,15,6,31,var_0 counter_var_1 +,50,counter_var_0 var_1 +
6838,114 109 8 57 113,48,114 64 7 22 113,22,6,26,22,8,7,44,var_0 counter_var_1 +,32,counter_var_0 var_1 +
6839,114 68 73 73 113,21,114 1 81 52 113,10,1,11,21,4,12,31,var_0 counter_var_1 +,12,counter_var_0 var_1 +
6840,114 105 96 7 113,25,114 77 103 61 113,18,19,7,30,4,11,48,var_0 counter_var_1 +,26,counter_var_0 var_1 +
6841,114 69 11 6 113,17,114 100 93 105 113,11,13,6,12,11,1,23,var_0 counter_var_1 +,19,counter_var_0 var_1 +
6842,114 50 93 105 113,33,114 24 22 12 113,21,24,12,12,1,22,33,var_0 counter_var_1 +,36,counter_var_0 var_1 +
6843,114 27 42 46 113,42,114 76 2 84 113,27,18,15,22,19,2,49,var_0 counter_var_1 +,33,counter_var_0 var_1 +
6844,114 2 84 44 113,15,114 61 102 45 113,2,3,13,14,15,10,16,var_0 counter_var_1 +,16,counter_var_0 var_1 +
6845,114 75 51 42 113,28,114 4 38 59 113,17,4,11,28,5,15,45,var_0 counter_var_1 +,15,counter_var_0 var_1 +
6846,114 90 83 3 113,6,114 79 42 46 113,3,21,3,15,14,19,18,var_0 counter_var_1 +,24,counter_var_0 var_1 +
6847,114 18 6 64 113,20,114 23 105 111 113,18,23,2,18,6,13,36,var_0 counter_var_1 +,25,counter_var_0 var_1 +
6848,114 10 23 98 113,15,114 38 100 75 113,10,9,5,13,0,8,23,var_0 counter_var_1 +,14,counter_var_0 var_1 +
6849,114 43 63 26 113,40,114 13 105 111 113,14,13,26,18,17,13,32,var_0 counter_var_1 +,39,counter_var_0 var_1 +
6850,114 39 9 70 113,18,114 99 107 28 113,10,12,8,28,9,15,38,var_0 counter_var_1 +,20,counter_var_0 var_1 +
6851,114 8 101 39 113,16,114 11 88 16 113,8,11,8,16,9,19,24,var_0 counter_var_1 +,19,counter_var_0 var_1 +
6852,114 57 5 24 113,52,114 102 103 61 113,28,15,24,30,5,11,58,var_0 counter_var_1 +,39,counter_var_0 var_1 +
6853,114 46 99 92 113,47,114 37 63 26 113,17,8,30,26,7,17,43,var_0 counter_var_1 +,38,counter_var_0 var_1 +
6854,114 1 80 48 113,18,114 60 50 27 113,1,2,17,27,11,4,28,var_0 counter_var_1 +,19,counter_var_0 var_1 +
6855,114 110 17 112 113,42,114 87 63 26 113,23,0,19,26,17,17,49,var_0 counter_var_1 +,19,counter_var_0 var_1 +
6856,114 3 4 78 113,19,114 33 47 93 113,3,4,16,0,4,1,3,var_0 counter_var_1 +,20,counter_var_0 var_1 +
6857,114 89 27 101 113,10,114 74 88 16 113,2,16,8,16,4,19,18,var_0 counter_var_1 +,24,counter_var_0 var_1 +
6858,114 80 54 53 113,44,114 70 70 77 113,22,12,22,15,8,1,37,var_0 counter_var_1 +,34,counter_var_0 var_1 +
6859,114 47 68 71 113,27,114 45 105 111 113,18,16,9,18,22,13,36,var_0 counter_var_1 +,25,counter_var_0 var_1 +
6860,114 45 88 16 113,32,114 39 23 98 113,16,10,16,5,19,0,21,var_0 counter_var_1 +,26,counter_var_0 var_1 +
6861,114 61 39 36 113,8,114 61 34 47 113,3,3,5,16,16,11,19,var_0 counter_var_1 +,8,counter_var_0 var_1 +
6862,114 56 19 15 113,42,114 19 48 95 113,27,19,15,2,19,2,29,var_0 counter_var_1 +,34,counter_var_0 var_1 +
6863,114 84 12 83 113,47,114 20 17 112 113,26,20,21,19,12,17,45,var_0 counter_var_1 +,41,counter_var_0 var_1 +
6864,114 80 11 6 113,28,114 11 18 72 113,22,11,6,10,11,18,32,var_0 counter_var_1 +,17,counter_var_0 var_1 +
6865,114 75 3 86 113,41,114 5 72 81 113,17,5,24,19,3,3,36,var_0 counter_var_1 +,29,counter_var_0 var_1 +
6866,114 84 30 99 113,32,114 43 84 44 113,26,14,6,13,7,15,39,var_0 counter_var_1 +,20,counter_var_0 var_1 +
6867,114 90 73 73 113,14,114 77 81 52 113,3,19,11,21,4,12,24,var_0 counter_var_1 +,30,counter_var_0 var_1 +
6868,114 92 7 22 113,27,114 18 14 33 113,5,18,22,2,7,14,7,var_0 counter_var_1 +,40,counter_var_0 var_1 +
6869,114 63 104 4 113,9,114 80 76 54 113,5,22,4,23,12,7,28,var_0 counter_var_1 +,26,counter_var_0 var_1 +
6870,114 71 63 26 113,39,114 23 14 33 113,13,23,26,2,17,14,15,var_0 counter_var_1 +,49,counter_var_0 var_1 +
6871,114 65 95 109 113,23,114 65 26 25 113,7,7,16,25,3,3,32,var_0 counter_var_1 +,23,counter_var_0 var_1 +
6872,114 67 46 87 113,34,114 101 1 0 113,9,14,25,0,0,1,9,var_0 counter_var_1 +,39,counter_var_0 var_1 +
6873,114 94 47 93 113,7,114 37 49 32 113,7,8,0,1,1,3,8,var_0 counter_var_1 +,8,counter_var_0 var_1 +
6874,114 108 61 89 113,48,114 75 79 58 113,21,17,27,27,15,10,48,var_0 counter_var_1 +,44,counter_var_0 var_1 +
6875,114 104 101 39 113,25,114 26 91 106 113,17,26,8,13,9,22,30,var_0 counter_var_1 +,34,counter_var_0 var_1 +
6876,114 18 40 76 113,32,114 9 0 38 113,18,9,14,7,17,0,25,var_0 counter_var_1 +,23,counter_var_0 var_1 +
6877,114 40 7 22 113,33,114 15 9 70 113,11,15,22,8,7,9,19,var_0 counter_var_1 +,37,counter_var_0 var_1 +
6878,114 25 80 48 113,42,114 5 23 98 113,25,5,17,5,11,0,30,var_0 counter_var_1 +,22,counter_var_0 var_1 +
6879,114 63 99 92 113,35,114 73 28 55 113,5,15,30,24,7,5,29,var_0 counter_var_1 +,45,counter_var_0 var_1 +
6880,114 63 107 28 113,33,114 43 92 51 113,5,14,28,20,15,0,25,var_0 counter_var_1 +,42,counter_var_0 var_1 +
6881,114 30 1 0 113,1,114 2 47 93 113,1,2,0,0,1,1,1,var_0 counter_var_1 +,2,counter_var_0 var_1 +
6882,114 72 94 96 113,17,114 23 16 21 113,14,23,3,21,2,16,35,var_0 counter_var_1 +,26,counter_var_0 var_1 +
6883,114 14 39 36 113,19,114 36 94 96 113,14,7,5,3,16,2,17,var_0 counter_var_1 +,12,counter_var_0 var_1 +
6884,114 14 51 42 113,25,114 19 37 110 113,14,19,11,17,5,14,31,var_0 counter_var_1 +,30,counter_var_0 var_1 +
6885,114 92 81 52 113,26,114 87 27 101 113,5,0,21,8,12,4,13,var_0 counter_var_1 +,21,counter_var_0 var_1 +
6886,114 87 73 73 113,11,114 23 65 67 113,0,23,11,5,4,19,5,var_0 counter_var_1 +,34,counter_var_0 var_1 +
6887,114 73 1 0 113,15,114 66 65 67 113,15,8,0,5,1,19,20,var_0 counter_var_1 +,8,counter_var_0 var_1 +
6888,114 88 82 90 113,29,114 52 2 84 113,1,23,28,22,13,2,23,var_0 counter_var_1 +,51,counter_var_0 var_1 +
6889,114 62 16 21 113,25,114 5 49 32 113,4,5,21,1,16,3,5,var_0 counter_var_1 +,26,counter_var_0 var_1 +
6890,114 76 34 47 113,34,114 0 26 25 113,18,0,16,25,11,3,43,var_0 counter_var_1 +,16,counter_var_0 var_1 +
6891,114 31 61 89 113,29,114 110 93 105 113,2,23,27,12,15,1,14,var_0 counter_var_1 +,50,counter_var_0 var_1 +
6892,114 28 41 34 113,31,114 91 88 16 113,28,4,3,16,18,19,44,var_0 counter_var_1 +,7,counter_var_0 var_1 +
6893,114 48 100 75 113,32,114 90 73 73 113,19,3,13,11,8,4,30,var_0 counter_var_1 +,16,counter_var_0 var_1 +
6894,114 73 96 7 113,22,114 48 25 20 113,15,19,7,20,4,2,35,var_0 counter_var_1 +,26,counter_var_0 var_1 +
6895,114 63 85 31 113,5,114 60 7 22 113,5,2,0,22,16,7,27,var_0 counter_var_1 +,2,counter_var_0 var_1 +
6896,114 107 26 25 113,45,114 56 18 72 113,20,27,25,10,3,18,30,var_0 counter_var_1 +,52,counter_var_0 var_1 +
6897,114 83 22 12 113,37,114 67 36 19 113,25,9,12,19,22,13,44,var_0 counter_var_1 +,21,counter_var_0 var_1 +
6898,114 12 4 78 113,28,114 63 72 81 113,12,5,16,19,4,3,31,var_0 counter_var_1 +,21,counter_var_0 var_1 +
6899,114 58 92 51 113,20,114 104 15 62 113,0,17,20,0,0,15,0,var_0 counter_var_1 +,37,counter_var_0 var_1 +
6900,114 52 67 80 113,41,114 106 4 78 113,23,19,18,16,21,4,39,var_0 counter_var_1 +,37,counter_var_0 var_1 +
6901,114 109 32 1 113,23,114 3 17 112 113,22,3,1,19,9,17,41,var_0 counter_var_1 +,4,counter_var_0 var_1 +
6902,114 74 70 77 113,31,114 89 46 87 113,16,2,15,25,1,0,41,var_0 counter_var_1 +,17,counter_var_0 var_1 +
6903,114 103 38 59 113,44,114 107 10 11 113,16,20,28,11,15,10,27,var_0 counter_var_1 +,48,counter_var_0 var_1 +
6904,114 13 83 3 113,16,114 95 22 12 113,13,8,3,12,14,22,25,var_0 counter_var_1 +,11,counter_var_0 var_1 +
6905,114 6 33 14 113,20,114 33 10 11 113,6,4,14,11,10,10,17,var_0 counter_var_1 +,18,counter_var_0 var_1 +
6906,114 78 49 32 113,21,114 64 81 52 113,20,6,1,21,3,12,41,var_0 counter_var_1 +,7,counter_var_0 var_1 +
6907,114 17 36 19 113,36,114 108 84 44 113,17,21,19,13,13,15,30,var_0 counter_var_1 +,40,counter_var_0 var_1 +
6908,114 101 8 57 113,40,114 64 42 46 113,14,6,26,15,8,19,29,var_0 counter_var_1 +,32,counter_var_0 var_1 +
6909,114 38 37 110 113,26,114 23 35 37 113,9,23,17,6,14,12,15,var_0 counter_var_1 +,40,counter_var_0 var_1 +
6910,114 36 43 40 113,16,114 56 54 53 113,7,27,9,22,20,8,29,var_0 counter_var_1 +,36,counter_var_0 var_1 +
6911,114 3 87 60 113,32,114 46 50 27 113,3,17,29,27,18,4,30,var_0 counter_var_1 +,46,counter_var_0 var_1 +
6912,114 37 27 101 113,16,114 0 100 75 113,8,0,8,13,4,8,21,var_0 counter_var_1 +,8,counter_var_0 var_1 +
6913,114 95 6 64 113,10,114 92 64 66 113,8,5,2,4,6,18,12,var_0 counter_var_1 +,7,counter_var_0 var_1 +
6914,114 13 39 36 113,18,114 80 66 88 113,13,22,5,26,16,20,39,var_0 counter_var_1 +,27,counter_var_0 var_1 +
6915,114 21 106 56 113,46,114 98 107 28 113,21,11,25,28,14,15,49,var_0 counter_var_1 +,36,counter_var_0 var_1 +
6916,114 43 82 90 113,42,114 69 22 12 113,14,11,28,12,13,22,26,var_0 counter_var_1 +,39,counter_var_0 var_1 +
6917,114 53 36 19 113,43,114 36 109 65 113,24,7,19,3,13,17,27,var_0 counter_var_1 +,26,counter_var_0 var_1 +
6918,114 48 64 66 113,23,114 47 87 60 113,19,18,4,29,18,18,48,var_0 counter_var_1 +,22,counter_var_0 var_1 +
6919,114 0 2 84 113,22,114 84 52 9 113,0,26,22,9,2,6,9,var_0 counter_var_1 +,48,counter_var_0 var_1 +
6920,114 90 40 76 113,17,114 58 53 68 113,3,0,14,6,17,7,9,var_0 counter_var_1 +,14,counter_var_0 var_1 +
6921,114 69 30 99 113,17,114 14 103 61 113,11,14,6,30,7,11,41,var_0 counter_var_1 +,20,counter_var_0 var_1 +
6922,114 13 60 63 113,14,114 71 88 16 113,13,13,1,16,14,19,29,var_0 counter_var_1 +,14,counter_var_0 var_1 +
6923,114 25 110 108 113,40,114 65 81 52 113,25,7,15,21,18,12,46,var_0 counter_var_1 +,22,counter_var_0 var_1 +
6924,114 55 19 15 113,41,114 65 76 54 113,26,7,15,23,19,7,49,var_0 counter_var_1 +,22,counter_var_0 var_1 +
6925,114 76 21 49 113,36,114 2 19 15 113,18,2,18,15,21,19,33,var_0 counter_var_1 +,20,counter_var_0 var_1 +
6926,114 109 34 47 113,38,114 104 63 26 113,22,17,16,26,11,17,48,var_0 counter_var_1 +,33,counter_var_0 var_1 +
6927,114 91 79 58 113,31,114 71 15 62 113,4,13,27,0,10,15,4,var_0 counter_var_1 +,40,counter_var_0 var_1 +
6928,114 46 43 40 113,26,114 75 1 0 113,17,17,9,0,20,1,17,var_0 counter_var_1 +,26,counter_var_0 var_1 +
6929,114 73 61 89 113,42,114 66 111 79 113,15,8,27,17,15,19,32,var_0 counter_var_1 +,35,counter_var_0 var_1 +
6930,114 19 39 36 113,24,114 25 22 12 113,19,25,5,12,16,22,31,var_0 counter_var_1 +,30,counter_var_0 var_1 +
6931,114 32 50 27 113,30,114 84 41 34 113,3,26,27,3,4,18,6,var_0 counter_var_1 +,53,counter_var_0 var_1 +
6932,114 22 16 21 113,43,114 30 17 112 113,22,1,21,19,16,17,41,var_0 counter_var_1 +,22,counter_var_0 var_1 +
6933,114 102 65 67 113,20,114 42 48 95 113,15,13,5,2,19,2,17,var_0 counter_var_1 +,18,counter_var_0 var_1 +
6934,114 40 11 6 113,17,114 109 112 13 113,11,22,6,13,11,20,24,var_0 counter_var_1 +,28,counter_var_0 var_1 +
6935,114 100 105 111 113,31,114 108 10 11 113,13,21,18,11,13,10,24,var_0 counter_var_1 +,39,counter_var_0 var_1 +
6936,114 105 105 111 113,36,114 62 2 84 113,18,4,18,22,13,2,40,var_0 counter_var_1 +,22,counter_var_0 var_1 +
6937,114 8 69 104 113,19,114 53 100 75 113,8,24,11,13,0,8,21,var_0 counter_var_1 +,35,counter_var_0 var_1 +
6938,114 99 91 106 113,25,114 40 53 68 113,12,11,13,6,22,7,18,var_0 counter_var_1 +,24,counter_var_0 var_1 +
6939,114 85 12 83 113,48,114 105 36 19 113,27,18,21,19,12,13,46,var_0 counter_var_1 +,39,counter_var_0 var_1 +
6940,114 60 101 39 113,10,114 102 17 112 113,2,15,8,19,9,17,21,var_0 counter_var_1 +,23,counter_var_0 var_1 +
6941,114 50 89 29 113,50,114 76 107 28 113,21,18,29,28,20,15,49,var_0 counter_var_1 +,47,counter_var_0 var_1 +
6942,114 43 78 107 113,28,114 60 78 107 113,14,2,14,14,9,9,28,var_0 counter_var_1 +,16,counter_var_0 var_1 +
6943,114 100 60 63 113,14,114 27 38 59 113,13,27,1,28,14,15,41,var_0 counter_var_1 +,28,counter_var_0 var_1 +
6944,114 52 11 6 113,29,114 82 45 103 113,23,24,6,10,11,22,33,var_0 counter_var_1 +,30,counter_var_0 var_1 +
6945,114 37 94 96 113,11,114 36 88 16 113,8,7,3,16,2,19,24,var_0 counter_var_1 +,10,counter_var_0 var_1 +
6946,114 5 82 90 113,33,114 6 38 59 113,5,6,28,28,13,15,33,var_0 counter_var_1 +,34,counter_var_0 var_1 +
6947,114 19 50 27 113,46,114 0 60 63 113,19,0,27,1,4,14,20,var_0 counter_var_1 +,27,counter_var_0 var_1 +
6948,114 51 7 22 113,44,114 96 84 44 113,22,9,22,13,7,15,35,var_0 counter_var_1 +,31,counter_var_0 var_1 +
6949,114 111 92 51 113,44,114 73 12 83 113,24,15,20,21,0,12,45,var_0 counter_var_1 +,35,counter_var_0 var_1 +
6950,114 53 81 52 113,45,114 59 3 86 113,24,1,21,24,12,3,48,var_0 counter_var_1 +,22,counter_var_0 var_1 +
6951,114 111 45 103 113,34,114 86 99 92 113,24,28,10,30,22,7,54,var_0 counter_var_1 +,38,counter_var_0 var_1 +
6952,114 58 7 22 113,22,114 14 71 100 113,0,14,22,7,7,2,7,var_0 counter_var_1 +,36,counter_var_0 var_1 +
6953,114 8 61 89 113,35,114 35 10 11 113,8,6,27,11,15,10,19,var_0 counter_var_1 +,33,counter_var_0 var_1 +
6954,114 107 8 57 113,46,114 110 1 0 113,20,23,26,0,8,1,20,var_0 counter_var_1 +,49,counter_var_0 var_1 +
6955,114 86 8 57 113,54,114 101 77 69 113,28,14,26,7,8,8,35,var_0 counter_var_1 +,40,counter_var_0 var_1 +
6956,114 96 61 89 113,36,114 90 33 14 113,9,3,27,14,15,10,23,var_0 counter_var_1 +,30,counter_var_0 var_1 +
6957,114 68 27 101 113,18,114 41 66 88 113,10,12,8,26,4,20,36,var_0 counter_var_1 +,20,counter_var_0 var_1 +
6958,114 46 31 82 113,37,114 52 35 37 113,17,23,20,6,8,12,23,var_0 counter_var_1 +,43,counter_var_0 var_1 +
6959,114 96 10 11 113,20,114 64 58 2 113,9,6,11,2,10,12,11,var_0 counter_var_1 +,17,counter_var_0 var_1 +
6960,114 54 38 59 113,53,114 24 14 33 113,25,24,28,2,15,14,27,var_0 counter_var_1 +,52,counter_var_0 var_1 +
6961,114 29 20 50 113,19,114 8 1 0 113,0,8,19,0,20,1,0,var_0 counter_var_1 +,27,counter_var_0 var_1 +
6962,114 25 107 28 113,53,114 72 39 36 113,25,14,28,5,15,16,30,var_0 counter_var_1 +,42,counter_var_0 var_1 +
6963,114 51 94 96 113,25,114 26 16 21 113,22,26,3,21,2,16,43,var_0 counter_var_1 +,29,counter_var_0 var_1 +
6964,114 21 6 64 113,23,114 21 15 62 113,21,21,2,0,6,15,21,var_0 counter_var_1 +,23,counter_var_0 var_1 +
6965,114 10 42 46 113,25,114 45 7 22 113,10,16,15,22,19,7,32,var_0 counter_var_1 +,31,counter_var_0 var_1 +
6966,114 1 107 28 113,29,114 93 15 62 113,1,6,28,0,15,15,1,var_0 counter_var_1 +,34,counter_var_0 var_1 +
6967,114 41 69 104 113,23,114 76 99 92 113,12,18,11,30,0,7,42,var_0 counter_var_1 +,29,counter_var_0 var_1 +
6968,114 105 81 52 113,39,114 48 75 8 113,18,19,21,8,12,6,26,var_0 counter_var_1 +,40,counter_var_0 var_1 +
6969,114 57 66 88 113,54,114 91 73 73 113,28,4,26,11,20,4,39,var_0 counter_var_1 +,30,counter_var_0 var_1 +
6970,114 43 0 38 113,21,114 34 62 43 113,14,5,7,12,0,16,26,var_0 counter_var_1 +,12,counter_var_0 var_1 +
6971,114 105 61 89 113,45,114 81 58 2 113,18,23,27,2,15,12,20,var_0 counter_var_1 +,50,counter_var_0 var_1 +
6972,114 59 72 81 113,20,114 103 4 78 113,1,16,19,16,3,4,17,var_0 counter_var_1 +,35,counter_var_0 var_1 +
6973,114 5 38 59 113,33,114 109 34 47 113,5,22,28,16,15,11,21,var_0 counter_var_1 +,50,counter_var_0 var_1 +
6974,114 70 81 52 113,33,114 104 8 57 113,12,17,21,26,12,8,38,var_0 counter_var_1 +,38,counter_var_0 var_1 +
6975,114 97 6 64 113,12,114 29 89 29 113,10,0,2,29,6,20,39,var_0 counter_var_1 +,2,counter_var_0 var_1 +
6976,114 53 44 41 113,34,114 82 71 100 113,24,24,10,7,21,2,31,var_0 counter_var_1 +,34,counter_var_0 var_1 +
6977,114 24 91 106 113,37,114 55 98 74 113,24,26,13,12,22,6,36,var_0 counter_var_1 +,39,counter_var_0 var_1 +
6978,114 26 88 16 113,42,114 95 47 93 113,26,8,16,0,19,1,26,var_0 counter_var_1 +,24,counter_var_0 var_1 +
6979,114 2 13 18 113,20,114 95 51 42 113,2,8,18,11,13,5,13,var_0 counter_var_1 +,26,counter_var_0 var_1 +
6980,114 47 66 88 113,44,114 72 100 75 113,18,14,26,13,20,8,31,var_0 counter_var_1 +,40,counter_var_0 var_1 +
6981,114 12 86 94 113,13,114 96 10 11 113,12,9,1,11,17,10,23,var_0 counter_var_1 +,10,counter_var_0 var_1 +
6982,114 24 110 108 113,39,114 92 95 109 113,24,5,15,16,18,3,40,var_0 counter_var_1 +,20,counter_var_0 var_1 +
6983,114 71 45 103 113,23,114 26 82 90 113,13,26,10,28,22,13,41,var_0 counter_var_1 +,36,counter_var_0 var_1 +
6984,114 87 61 89 113,27,114 106 31 82 113,0,19,27,20,15,8,20,var_0 counter_var_1 +,46,counter_var_0 var_1 +
6985,114 106 23 98 113,24,114 50 40 76 113,19,21,5,14,0,17,33,var_0 counter_var_1 +,26,counter_var_0 var_1 +
6986,114 30 53 68 113,7,114 27 32 1 113,1,27,6,1,7,9,2,var_0 counter_var_1 +,33,counter_var_0 var_1 +
6987,114 65 65 67 113,12,114 57 100 75 113,7,28,5,13,19,8,20,var_0 counter_var_1 +,33,counter_var_0 var_1 +
6988,114 41 74 91 113,41,114 47 1 0 113,12,18,29,0,5,1,12,var_0 counter_var_1 +,47,counter_var_0 var_1 +
6989,114 85 86 94 113,28,114 37 43 40 113,27,8,1,9,17,20,36,var_0 counter_var_1 +,9,counter_var_0 var_1 +
6990,114 30 107 28 113,29,114 90 59 30 113,1,3,28,30,15,13,31,var_0 counter_var_1 +,31,counter_var_0 var_1 +
6991,114 102 88 16 113,31,114 110 108 85 113,15,23,16,23,19,16,38,var_0 counter_var_1 +,39,counter_var_0 var_1 +
6992,114 49 56 5 113,25,114 13 86 94 113,20,13,5,1,10,17,21,var_0 counter_var_1 +,18,counter_var_0 var_1 +
6993,114 76 74 91 113,47,114 52 1 0 113,18,23,29,0,5,1,18,var_0 counter_var_1 +,52,counter_var_0 var_1 +
6994,114 77 111 79 113,36,114 81 36 19 113,19,23,17,19,19,13,38,var_0 counter_var_1 +,40,counter_var_0 var_1 +
6995,114 49 11 6 113,26,114 67 67 80 113,20,9,6,18,11,21,38,var_0 counter_var_1 +,15,counter_var_0 var_1 +
6996,114 56 104 4 113,31,114 39 63 26 113,27,10,4,26,12,17,53,var_0 counter_var_1 +,14,counter_var_0 var_1 +
6997,114 75 15 62 113,17,114 79 12 83 113,17,21,0,21,15,12,38,var_0 counter_var_1 +,21,counter_var_0 var_1 +
6998,114 0 98 74 113,12,114 60 29 17 113,0,2,12,17,6,6,17,var_0 counter_var_1 +,14,counter_var_0 var_1 +
6999,114 104 17 112 113,36,114 29 57 97 113,17,0,19,4,17,11,21,var_0 counter_var_1 +,19,counter_var_0 var_1 +
7000,114 17 50 27 113,44,114 46 73 73 113,17,17,27,11,4,4,28,var_0 counter_var_1 +,44,counter_var_0 var_1 +
7001,114 94 45 103 113,17,114 74 65 67 113,7,16,10,5,22,19,12,var_0 counter_var_1 +,26,counter_var_0 var_1 +
7002,114 108 43 40 113,30,114 91 34 47 113,21,4,9,16,20,11,37,var_0 counter_var_1 +,13,counter_var_0 var_1 +
7003,114 39 3 86 113,34,114 111 62 43 113,10,24,24,12,3,16,22,var_0 counter_var_1 +,48,counter_var_0 var_1 +
7004,114 77 83 3 113,22,114 4 85 31 113,19,4,3,0,14,16,19,var_0 counter_var_1 +,7,counter_var_0 var_1 +
7005,114 45 72 81 113,35,114 105 104 4 113,16,18,19,4,3,12,20,var_0 counter_var_1 +,37,counter_var_0 var_1 +
7006,114 86 51 42 113,39,114 78 56 5 113,28,20,11,5,5,10,33,var_0 counter_var_1 +,31,counter_var_0 var_1 +
7007,114 62 58 2 113,6,114 1 21 49 113,4,1,2,18,12,21,22,var_0 counter_var_1 +,3,counter_var_0 var_1 +
7008,114 37 3 86 113,32,114 100 75 8 113,8,13,24,8,3,6,16,var_0 counter_var_1 +,37,counter_var_0 var_1 +
7009,114 71 95 109 113,29,114 91 15 62 113,13,4,16,0,3,15,13,var_0 counter_var_1 +,20,counter_var_0 var_1 +
7010,114 42 3 86 113,37,114 46 55 10 113,13,17,24,10,3,9,23,var_0 counter_var_1 +,41,counter_var_0 var_1 +
7011,114 55 110 108 113,41,114 96 1 0 113,26,9,15,0,18,1,26,var_0 counter_var_1 +,24,counter_var_0 var_1 +
7012,114 27 23 98 113,32,114 96 52 9 113,27,9,5,9,0,6,36,var_0 counter_var_1 +,14,counter_var_0 var_1 +
7013,114 47 28 55 113,42,114 94 86 94 113,18,7,24,1,5,17,19,var_0 counter_var_1 +,31,counter_var_0 var_1 +
7014,114 106 13 18 113,37,114 27 16 21 113,19,27,18,21,13,16,40,var_0 counter_var_1 +,45,counter_var_0 var_1 +
7015,114 99 7 22 113,34,114 99 87 60 113,12,12,22,29,7,18,41,var_0 counter_var_1 +,34,counter_var_0 var_1 +
7016,114 80 22 12 113,34,114 78 61 89 113,22,20,12,27,22,15,49,var_0 counter_var_1 +,32,counter_var_0 var_1 +
7017,114 38 54 53 113,31,114 45 108 85 113,9,16,22,23,8,16,32,var_0 counter_var_1 +,38,counter_var_0 var_1 +
7018,114 54 27 101 113,33,114 87 99 92 113,25,0,8,30,4,7,55,var_0 counter_var_1 +,8,counter_var_0 var_1 +
7019,114 23 88 16 113,39,114 81 21 49 113,23,23,16,18,19,21,41,var_0 counter_var_1 +,39,counter_var_0 var_1 +
7020,114 67 6 64 113,11,114 87 100 75 113,9,0,2,13,6,8,22,var_0 counter_var_1 +,2,counter_var_0 var_1 +
7021,114 76 70 77 113,33,114 66 14 33 113,18,8,15,2,1,14,20,var_0 counter_var_1 +,23,counter_var_0 var_1 +
7022,114 34 47 93 113,5,114 47 50 27 113,5,18,0,27,1,4,32,var_0 counter_var_1 +,18,counter_var_0 var_1 +
7023,114 47 80 48 113,35,114 9 90 102 113,18,9,17,9,11,21,27,var_0 counter_var_1 +,26,counter_var_0 var_1 +
7024,114 103 3 86 113,40,114 32 97 23 113,16,3,24,23,3,5,39,var_0 counter_var_1 +,27,counter_var_0 var_1 +
7025,114 92 38 59 113,33,114 36 63 26 113,5,7,28,26,15,17,31,var_0 counter_var_1 +,35,counter_var_0 var_1 +
7026,114 8 83 3 113,11,114 79 89 29 113,8,21,3,29,14,20,37,var_0 counter_var_1 +,24,counter_var_0 var_1 +
7027,114 80 64 66 113,26,114 55 20 50 113,22,26,4,19,18,20,41,var_0 counter_var_1 +,30,counter_var_0 var_1 +
7028,114 17 109 65 113,20,114 69 109 65 113,17,11,3,3,17,17,20,var_0 counter_var_1 +,14,counter_var_0 var_1 +
7029,114 69 27 101 113,19,114 60 91 106 113,11,2,8,13,4,22,24,var_0 counter_var_1 +,10,counter_var_0 var_1 +
7030,114 79 56 5 113,26,114 39 99 92 113,21,10,5,30,10,7,51,var_0 counter_var_1 +,15,counter_var_0 var_1 +
7031,114 69 54 53 113,33,114 71 111 79 113,11,13,22,17,8,19,28,var_0 counter_var_1 +,35,counter_var_0 var_1 +
7032,114 97 112 13 113,23,114 4 48 95 113,10,4,13,2,20,2,12,var_0 counter_var_1 +,17,counter_var_0 var_1 +
7033,114 93 56 5 113,11,114 62 75 8 113,6,4,5,8,10,6,14,var_0 counter_var_1 +,9,counter_var_0 var_1 +
7034,114 45 47 93 113,16,114 107 67 80 113,16,20,0,18,1,21,34,var_0 counter_var_1 +,20,counter_var_0 var_1 +
7035,114 74 95 109 113,32,114 4 79 58 113,16,4,16,27,3,10,43,var_0 counter_var_1 +,20,counter_var_0 var_1 +
7036,114 50 8 57 113,47,114 68 94 96 113,21,10,26,3,8,2,24,var_0 counter_var_1 +,36,counter_var_0 var_1 +
7037,114 50 6 64 113,23,114 88 21 49 113,21,1,2,18,6,21,39,var_0 counter_var_1 +,3,counter_var_0 var_1 +
7038,114 58 37 110 113,17,114 59 47 93 113,0,1,17,0,14,1,0,var_0 counter_var_1 +,18,counter_var_0 var_1 +
7039,114 78 104 4 113,24,114 60 30 99 113,20,2,4,6,12,7,26,var_0 counter_var_1 +,6,counter_var_0 var_1 +
7040,114 59 108 85 113,24,114 36 104 4 113,1,7,23,4,16,12,5,var_0 counter_var_1 +,30,counter_var_0 var_1 +
7041,114 22 19 15 113,37,114 37 34 47 113,22,8,15,16,19,11,38,var_0 counter_var_1 +,23,counter_var_0 var_1 +
7042,114 18 50 27 113,45,114 70 28 55 113,18,12,27,24,4,5,42,var_0 counter_var_1 +,39,counter_var_0 var_1 +
7043,114 14 42 46 113,29,114 65 45 103 113,14,7,15,10,19,22,24,var_0 counter_var_1 +,22,counter_var_0 var_1 +
7044,114 88 17 112 113,20,114 37 39 36 113,1,8,19,5,17,16,6,var_0 counter_var_1 +,27,counter_var_0 var_1 +
7045,114 43 105 111 113,32,114 76 86 94 113,14,18,18,1,13,17,15,var_0 counter_var_1 +,36,counter_var_0 var_1 +
7046,114 4 52 9 113,13,114 33 82 90 113,4,4,9,28,6,13,32,var_0 counter_var_1 +,13,counter_var_0 var_1 +
7047,114 68 16 21 113,31,114 17 66 88 113,10,17,21,26,16,20,36,var_0 counter_var_1 +,38,counter_var_0 var_1 +
7048,114 92 82 90 113,33,114 68 76 54 113,5,10,28,23,13,7,28,var_0 counter_var_1 +,38,counter_var_0 var_1 +
7049,114 74 31 82 113,36,114 70 42 46 113,16,12,20,15,8,19,31,var_0 counter_var_1 +,32,counter_var_0 var_1 +
7050,114 32 19 15 113,18,114 108 82 90 113,3,21,15,28,19,13,31,var_0 counter_var_1 +,36,counter_var_0 var_1 +
7051,114 89 32 1 113,3,114 55 45 103 113,2,26,1,10,9,22,12,var_0 counter_var_1 +,27,counter_var_0 var_1 +
7052,114 100 53 68 113,19,114 1 3 86 113,13,1,6,24,7,3,37,var_0 counter_var_1 +,7,counter_var_0 var_1 +
7053,114 6 3 86 113,30,114 71 65 67 113,6,13,24,5,3,19,11,var_0 counter_var_1 +,37,counter_var_0 var_1 +
7054,114 91 112 13 113,17,114 28 19 15 113,4,28,13,15,20,19,19,var_0 counter_var_1 +,41,counter_var_0 var_1 +
7055,114 94 12 83 113,28,114 44 6 64 113,7,15,21,2,12,6,9,var_0 counter_var_1 +,36,counter_var_0 var_1 +
7056,114 63 68 71 113,14,114 105 13 18 113,5,18,9,18,22,13,23,var_0 counter_var_1 +,27,counter_var_0 var_1 +
7057,114 95 100 75 113,21,114 86 2 84 113,8,28,13,22,8,2,30,var_0 counter_var_1 +,41,counter_var_0 var_1 +
7058,114 100 25 20 113,33,114 54 94 96 113,13,25,20,3,2,2,16,var_0 counter_var_1 +,45,counter_var_0 var_1 +
7059,114 3 76 54 113,26,114 101 109 65 113,3,14,23,3,7,17,6,var_0 counter_var_1 +,37,counter_var_0 var_1 +
7060,114 66 55 10 113,18,114 14 35 37 113,8,14,10,6,9,12,14,var_0 counter_var_1 +,24,counter_var_0 var_1 +
7061,114 46 37 110 113,34,114 27 51 42 113,17,27,17,11,14,5,28,var_0 counter_var_1 +,44,counter_var_0 var_1 +
7062,114 13 100 75 113,26,114 33 25 20 113,13,4,13,20,8,2,33,var_0 counter_var_1 +,17,counter_var_0 var_1 +
7063,114 20 29 17 113,37,114 66 96 7 113,20,8,17,7,6,4,27,var_0 counter_var_1 +,25,counter_var_0 var_1 +
7064,114 17 52 9 113,26,114 99 80 48 113,17,12,9,17,6,11,34,var_0 counter_var_1 +,21,counter_var_0 var_1 +
7065,114 81 105 111 113,41,114 14 34 47 113,23,14,18,16,13,11,39,var_0 counter_var_1 +,32,counter_var_0 var_1 +
7066,114 81 10 11 113,34,114 28 70 77 113,23,28,11,15,10,1,38,var_0 counter_var_1 +,39,counter_var_0 var_1 +
7067,114 32 35 37 113,9,114 92 31 82 113,3,5,6,20,12,8,23,var_0 counter_var_1 +,11,counter_var_0 var_1 +
7068,114 76 102 45 113,32,114 99 98 74 113,18,12,14,12,10,6,30,var_0 counter_var_1 +,26,counter_var_0 var_1 +
7069,114 20 44 41 113,30,114 77 82 90 113,20,19,10,28,21,13,48,var_0 counter_var_1 +,29,counter_var_0 var_1 +
7070,114 87 42 46 113,15,114 70 16 21 113,0,12,15,21,19,16,21,var_0 counter_var_1 +,27,counter_var_0 var_1 +
7071,114 63 7 22 113,27,114 37 23 98 113,5,8,22,5,7,0,10,var_0 counter_var_1 +,30,counter_var_0 var_1 +
7072,114 72 62 43 113,26,114 100 103 61 113,14,13,12,30,16,11,44,var_0 counter_var_1 +,25,counter_var_0 var_1 +
7073,114 17 100 75 113,30,114 95 31 82 113,17,8,13,20,8,8,37,var_0 counter_var_1 +,21,counter_var_0 var_1 +
7074,114 2 48 95 113,4,114 25 78 107 113,2,25,2,14,2,9,16,var_0 counter_var_1 +,27,counter_var_0 var_1 +
7075,114 33 91 106 113,17,114 92 32 1 113,4,5,13,1,22,9,5,var_0 counter_var_1 +,18,counter_var_0 var_1 +
7076,114 110 108 85 113,46,114 103 0 38 113,23,16,23,7,16,0,30,var_0 counter_var_1 +,39,counter_var_0 var_1 +
7077,114 5 33 14 113,19,114 94 5 24 113,5,7,14,24,10,5,29,var_0 counter_var_1 +,21,counter_var_0 var_1 +
7078,114 79 100 75 113,34,114 82 93 105 113,21,24,13,12,8,1,33,var_0 counter_var_1 +,37,counter_var_0 var_1 +
7079,114 53 84 44 113,37,114 96 63 26 113,24,9,13,26,15,17,50,var_0 counter_var_1 +,22,counter_var_0 var_1 +
7080,114 30 73 73 113,12,114 98 28 55 113,1,11,11,24,4,5,25,var_0 counter_var_1 +,22,counter_var_0 var_1 +
7081,114 10 53 68 113,16,114 32 51 42 113,10,3,6,11,7,5,21,var_0 counter_var_1 +,9,counter_var_0 var_1 +
7082,114 96 104 4 113,13,114 43 18 72 113,9,14,4,10,12,18,19,var_0 counter_var_1 +,18,counter_var_0 var_1 +
7083,114 72 72 81 113,33,114 78 73 73 113,14,20,19,11,3,4,25,var_0 counter_var_1 +,39,counter_var_0 var_1 +
7084,114 83 18 72 113,35,114 41 40 76 113,25,12,10,14,18,17,39,var_0 counter_var_1 +,22,counter_var_0 var_1 +
7085,114 98 14 33 113,13,114 104 62 43 113,11,17,2,12,14,16,23,var_0 counter_var_1 +,19,counter_var_0 var_1 +
7086,114 42 9 70 113,21,114 59 91 106 113,13,1,8,13,9,22,26,var_0 counter_var_1 +,9,counter_var_0 var_1 +
7087,114 71 106 56 113,38,114 106 44 41 113,13,19,25,10,14,21,23,var_0 counter_var_1 +,44,counter_var_0 var_1 +
7088,114 90 66 88 113,29,114 85 110 108 113,3,27,26,15,20,18,18,var_0 counter_var_1 +,53,counter_var_0 var_1 +
7089,114 85 79 58 113,54,114 28 64 66 113,27,28,27,4,10,18,31,var_0 counter_var_1 +,55,counter_var_0 var_1 +
7090,114 8 107 28 113,36,114 75 25 20 113,8,17,28,20,15,2,28,var_0 counter_var_1 +,45,counter_var_0 var_1 +
7091,114 8 59 30 113,38,114 111 49 32 113,8,24,30,1,13,3,9,var_0 counter_var_1 +,54,counter_var_0 var_1 +
7092,114 109 72 81 113,41,114 13 9 70 113,22,13,19,8,3,9,30,var_0 counter_var_1 +,32,counter_var_0 var_1 +
7093,114 78 83 3 113,23,114 44 33 14 113,20,15,3,14,14,10,34,var_0 counter_var_1 +,18,counter_var_0 var_1 +
7094,114 46 92 51 113,37,114 75 33 14 113,17,17,20,14,0,10,31,var_0 counter_var_1 +,37,counter_var_0 var_1 +
7095,114 37 17 112 113,27,114 50 59 30 113,8,21,19,30,17,13,38,var_0 counter_var_1 +,40,counter_var_0 var_1 +
7096,114 18 68 71 113,27,114 54 27 101 113,18,25,9,8,22,4,26,var_0 counter_var_1 +,34,counter_var_0 var_1 +
7097,114 40 43 40 113,20,114 16 91 106 113,11,16,9,13,20,22,24,var_0 counter_var_1 +,25,counter_var_0 var_1 +
7098,114 101 41 34 113,17,114 80 88 16 113,14,22,3,16,18,19,30,var_0 counter_var_1 +,25,counter_var_0 var_1 +
7099,114 95 21 49 113,26,114 89 41 34 113,8,2,18,3,21,18,11,var_0 counter_var_1 +,20,counter_var_0 var_1 +
7100,114 96 32 1 113,10,114 7 42 46 113,9,7,1,15,9,19,24,var_0 counter_var_1 +,8,counter_var_0 var_1 +
7101,114 2 3 86 113,26,114 45 1 0 113,2,16,24,0,3,1,2,var_0 counter_var_1 +,40,counter_var_0 var_1 +
7102,114 62 103 61 113,34,114 112 55 10 113,4,25,30,10,11,9,14,var_0 counter_var_1 +,55,counter_var_0 var_1 +
7103,114 68 44 41 113,20,114 54 51 42 113,10,25,10,11,21,5,21,var_0 counter_var_1 +,35,counter_var_0 var_1 +
7104,114 56 72 81 113,46,114 95 4 78 113,27,8,19,16,3,4,43,var_0 counter_var_1 +,27,counter_var_0 var_1 +
7105,114 91 20 50 113,23,114 66 11 6 113,4,8,19,6,20,11,10,var_0 counter_var_1 +,27,counter_var_0 var_1 +
7106,114 85 20 50 113,46,114 55 5 24 113,27,26,19,24,20,5,51,var_0 counter_var_1 +,45,counter_var_0 var_1 +
7107,114 88 93 105 113,13,114 19 2 84 113,1,19,12,22,1,2,23,var_0 counter_var_1 +,31,counter_var_0 var_1 +
7108,114 47 26 25 113,43,114 108 74 91 113,18,21,25,29,3,5,47,var_0 counter_var_1 +,46,counter_var_0 var_1 +
7109,114 84 53 68 113,32,114 64 104 4 113,26,6,6,4,7,12,30,var_0 counter_var_1 +,12,counter_var_0 var_1 +
7110,114 80 106 56 113,47,114 9 4 78 113,22,9,25,16,14,4,38,var_0 counter_var_1 +,34,counter_var_0 var_1 +
7111,114 96 45 103 113,19,114 19 92 51 113,9,19,10,20,22,0,29,var_0 counter_var_1 +,29,counter_var_0 var_1 +
7112,114 23 89 29 113,52,114 46 64 66 113,23,17,29,4,20,18,27,var_0 counter_var_1 +,46,counter_var_0 var_1 +
7113,114 109 94 96 113,25,114 18 104 4 113,22,18,3,4,2,12,26,var_0 counter_var_1 +,21,counter_var_0 var_1 +
7114,114 89 85 31 113,2,114 44 54 53 113,2,15,0,22,16,8,24,var_0 counter_var_1 +,15,counter_var_0 var_1 +
7115,114 62 47 93 113,4,114 73 38 59 113,4,15,0,28,1,15,32,var_0 counter_var_1 +,15,counter_var_0 var_1 +
7116,114 30 40 76 113,15,114 29 55 10 113,1,0,14,10,17,9,11,var_0 counter_var_1 +,14,counter_var_0 var_1 +
7117,114 88 73 73 113,12,114 105 94 96 113,1,18,11,3,4,2,4,var_0 counter_var_1 +,29,counter_var_0 var_1 +
7118,114 108 75 8 113,29,114 82 55 10 113,21,24,8,10,6,9,31,var_0 counter_var_1 +,32,counter_var_0 var_1 +
7119,114 24 101 39 113,32,114 96 3 86 113,24,9,8,24,9,3,48,var_0 counter_var_1 +,17,counter_var_0 var_1 +
7120,114 16 99 92 113,46,114 25 45 103 113,16,25,30,10,7,22,26,var_0 counter_var_1 +,55,counter_var_0 var_1 +
7121,114 33 35 37 113,10,114 81 66 88 113,4,23,6,26,12,20,30,var_0 counter_var_1 +,29,counter_var_0 var_1 +
7122,114 54 76 54 113,48,114 61 52 9 113,25,3,23,9,7,6,34,var_0 counter_var_1 +,26,counter_var_0 var_1 +
7123,114 26 74 91 113,55,114 6 15 62 113,26,6,29,0,5,15,26,var_0 counter_var_1 +,35,counter_var_0 var_1 +
7124,114 69 7 22 113,33,114 2 41 34 113,11,2,22,3,7,18,14,var_0 counter_var_1 +,24,counter_var_0 var_1 +
7125,114 109 90 102 113,31,114 81 70 77 113,22,23,9,15,21,1,37,var_0 counter_var_1 +,32,counter_var_0 var_1 +
7126,114 4 38 59 113,32,114 21 22 12 113,4,21,28,12,15,22,16,var_0 counter_var_1 +,49,counter_var_0 var_1 +
7127,114 20 103 61 113,50,114 62 42 46 113,20,4,30,15,11,19,35,var_0 counter_var_1 +,34,counter_var_0 var_1 +
7128,114 112 2 84 113,47,114 10 52 9 113,25,10,22,9,2,6,34,var_0 counter_var_1 +,32,counter_var_0 var_1 +
7129,114 87 41 34 113,3,114 1 87 60 113,0,1,3,29,18,18,29,var_0 counter_var_1 +,4,counter_var_0 var_1 +
7130,114 30 12 83 113,22,114 43 75 8 113,1,14,21,8,12,6,9,var_0 counter_var_1 +,35,counter_var_0 var_1 +
7131,114 99 102 45 113,26,114 52 93 105 113,12,23,14,12,10,1,24,var_0 counter_var_1 +,37,counter_var_0 var_1 +
7132,114 55 91 106 113,39,114 42 111 79 113,26,13,13,17,22,19,43,var_0 counter_var_1 +,26,counter_var_0 var_1 +
7133,114 88 84 44 113,14,114 17 26 25 113,1,17,13,25,15,3,26,var_0 counter_var_1 +,30,counter_var_0 var_1 +
7134,114 78 73 73 113,31,114 98 59 30 113,20,11,11,30,4,13,50,var_0 counter_var_1 +,22,counter_var_0 var_1 +
7135,114 37 65 67 113,13,114 54 32 1 113,8,25,5,1,19,9,9,var_0 counter_var_1 +,30,counter_var_0 var_1 +
7136,114 51 44 41 113,32,114 88 51 42 113,22,1,10,11,21,5,33,var_0 counter_var_1 +,11,counter_var_0 var_1 +
7137,114 3 79 58 113,30,114 49 3 86 113,3,20,27,24,10,3,27,var_0 counter_var_1 +,47,counter_var_0 var_1 +
7138,114 98 53 68 113,17,114 27 91 106 113,11,27,6,13,7,22,24,var_0 counter_var_1 +,33,counter_var_0 var_1 +
7139,114 8 52 9 113,17,114 52 75 8 113,8,23,9,8,6,6,16,var_0 counter_var_1 +,32,counter_var_0 var_1 +
7140,114 32 93 105 113,15,114 44 26 25 113,3,15,12,25,1,3,28,var_0 counter_var_1 +,27,counter_var_0 var_1 +
7141,114 69 18 72 113,21,114 53 25 20 113,11,24,10,20,18,2,31,var_0 counter_var_1 +,34,counter_var_0 var_1 +
7142,114 30 26 25 113,26,114 28 3 86 113,1,28,25,24,3,3,25,var_0 counter_var_1 +,53,counter_var_0 var_1 +
7143,114 106 6 64 113,21,114 107 3 86 113,19,20,2,24,6,3,43,var_0 counter_var_1 +,22,counter_var_0 var_1 +
7144,114 60 92 51 113,22,114 23 88 16 113,2,23,20,16,0,19,18,var_0 counter_var_1 +,43,counter_var_0 var_1 +
7145,114 83 61 89 113,52,114 71 95 109 113,25,13,27,16,15,3,41,var_0 counter_var_1 +,40,counter_var_0 var_1 +
7146,114 63 112 13 113,18,114 61 46 87 113,5,3,13,25,20,0,30,var_0 counter_var_1 +,16,counter_var_0 var_1 +
7147,114 2 86 94 113,3,114 59 72 81 113,2,1,1,19,17,3,21,var_0 counter_var_1 +,2,counter_var_0 var_1 +
7148,114 48 88 16 113,35,114 23 47 93 113,19,23,16,0,19,1,19,var_0 counter_var_1 +,39,counter_var_0 var_1 +
7149,114 110 49 32 113,24,114 0 108 85 113,23,0,1,23,3,16,46,var_0 counter_var_1 +,1,counter_var_0 var_1 +
7150,114 48 109 65 113,22,114 19 20 50 113,19,19,3,19,17,20,38,var_0 counter_var_1 +,22,counter_var_0 var_1 +
7151,114 42 56 5 113,18,114 31 0 38 113,13,2,5,7,10,0,20,var_0 counter_var_1 +,7,counter_var_0 var_1 +
7152,114 111 47 93 113,24,114 75 10 11 113,24,17,0,11,1,10,35,var_0 counter_var_1 +,17,counter_var_0 var_1 +
7153,114 96 28 55 113,33,114 74 49 32 113,9,16,24,1,5,3,10,var_0 counter_var_1 +,40,counter_var_0 var_1 +
7154,114 110 75 8 113,31,114 45 62 43 113,23,16,8,12,6,16,35,var_0 counter_var_1 +,24,counter_var_0 var_1 +
7155,114 86 59 30 113,58,114 6 46 87 113,28,6,30,25,13,0,53,var_0 counter_var_1 +,36,counter_var_0 var_1 +
7156,114 57 50 27 113,55,114 100 109 65 113,28,13,27,3,4,17,31,var_0 counter_var_1 +,40,counter_var_0 var_1 +
7157,114 39 50 27 113,37,114 90 90 102 113,10,3,27,9,4,21,19,var_0 counter_var_1 +,30,counter_var_0 var_1 +
7158,114 20 7 22 113,42,114 44 78 107 113,20,15,22,14,7,9,34,var_0 counter_var_1 +,37,counter_var_0 var_1 +
7159,114 109 40 76 113,36,114 108 22 12 113,22,21,14,12,17,22,34,var_0 counter_var_1 +,35,counter_var_0 var_1 +
7160,114 5 26 25 113,30,114 79 43 40 113,5,21,25,9,3,20,14,var_0 counter_var_1 +,46,counter_var_0 var_1 +
7161,114 31 110 108 113,17,114 97 51 42 113,2,10,15,11,18,5,13,var_0 counter_var_1 +,25,counter_var_0 var_1 +
7162,114 67 15 62 113,9,114 60 40 76 113,9,2,0,14,15,17,23,var_0 counter_var_1 +,2,counter_var_0 var_1 +
7163,114 52 3 86 113,47,114 102 31 82 113,23,15,24,20,3,8,43,var_0 counter_var_1 +,39,counter_var_0 var_1 +
7164,114 73 58 2 113,17,114 70 26 25 113,15,12,2,25,12,3,40,var_0 counter_var_1 +,14,counter_var_0 var_1 +
7165,114 27 70 77 113,42,114 80 33 14 113,27,22,15,14,1,10,41,var_0 counter_var_1 +,37,counter_var_0 var_1 +
7166,114 37 42 46 113,23,114 106 89 29 113,8,19,15,29,19,20,37,var_0 counter_var_1 +,34,counter_var_0 var_1 +
7167,114 76 46 87 113,43,114 67 51 42 113,18,9,25,11,0,5,29,var_0 counter_var_1 +,34,counter_var_0 var_1 +
7168,114 28 110 108 113,43,114 84 25 20 113,28,26,15,20,18,2,48,var_0 counter_var_1 +,41,counter_var_0 var_1 +
7169,114 54 69 104 113,36,114 79 91 106 113,25,21,11,13,0,22,38,var_0 counter_var_1 +,32,counter_var_0 var_1 +
7170,114 68 108 85 113,33,114 12 67 80 113,10,12,23,18,16,21,28,var_0 counter_var_1 +,35,counter_var_0 var_1 +
7171,114 93 67 80 113,24,114 33 2 84 113,6,4,18,22,21,2,28,var_0 counter_var_1 +,22,counter_var_0 var_1 +
7172,114 73 95 109 113,31,114 98 69 104 113,15,11,16,11,3,0,26,var_0 counter_var_1 +,27,counter_var_0 var_1 +
7173,114 93 63 26 113,32,114 67 41 34 113,6,9,26,3,17,18,9,var_0 counter_var_1 +,35,counter_var_0 var_1 +
7174,114 39 22 12 113,22,114 0 111 79 113,10,0,12,17,22,19,27,var_0 counter_var_1 +,12,counter_var_0 var_1 +
7175,114 57 100 75 113,41,114 6 3 86 113,28,6,13,24,8,3,52,var_0 counter_var_1 +,19,counter_var_0 var_1 +
7176,114 47 99 92 113,48,114 53 15 62 113,18,24,30,0,7,15,18,var_0 counter_var_1 +,54,counter_var_0 var_1 +
7177,114 74 19 15 113,31,114 55 87 60 113,16,26,15,29,19,18,45,var_0 counter_var_1 +,41,counter_var_0 var_1 +
7178,114 42 107 28 113,41,114 8 72 81 113,13,8,28,19,15,3,32,var_0 counter_var_1 +,36,counter_var_0 var_1 +
7179,114 77 105 111 113,37,114 19 8 57 113,19,19,18,26,13,8,45,var_0 counter_var_1 +,37,counter_var_0 var_1 +
7180,114 5 34 47 113,21,114 19 57 97 113,5,19,16,4,11,11,9,var_0 counter_var_1 +,35,counter_var_0 var_1 +
7181,114 72 43 40 113,23,114 101 110 108 113,14,14,9,15,20,18,29,var_0 counter_var_1 +,23,counter_var_0 var_1 +
7182,114 74 23 98 113,21,114 51 77 69 113,16,22,5,7,0,8,23,var_0 counter_var_1 +,27,counter_var_0 var_1 +
7183,114 89 82 90 113,30,114 100 110 108 113,2,13,28,15,13,18,17,var_0 counter_var_1 +,41,counter_var_0 var_1 +
7184,114 31 29 17 113,19,114 89 101 39 113,2,2,17,8,6,9,10,var_0 counter_var_1 +,19,counter_var_0 var_1 +
7185,114 28 80 48 113,45,114 70 108 85 113,28,12,17,23,11,16,51,var_0 counter_var_1 +,29,counter_var_0 var_1 +
7186,114 43 107 28 113,42,114 55 50 27 113,14,26,28,27,15,4,41,var_0 counter_var_1 +,54,counter_var_0 var_1 +
7187,114 35 68 71 113,15,114 85 100 75 113,6,27,9,13,22,8,19,var_0 counter_var_1 +,36,counter_var_0 var_1 +
7188,114 39 97 23 113,33,114 76 104 4 113,10,18,23,4,5,12,14,var_0 counter_var_1 +,41,counter_var_0 var_1 +
7189,114 25 95 109 113,41,114 95 41 34 113,25,8,16,3,3,18,28,var_0 counter_var_1 +,24,counter_var_0 var_1 +
7190,114 64 96 7 113,13,114 1 37 110 113,6,1,7,17,4,14,23,var_0 counter_var_1 +,8,counter_var_0 var_1 +
7191,114 77 1 0 113,19,114 86 109 65 113,19,28,0,3,1,17,22,var_0 counter_var_1 +,28,counter_var_0 var_1 +
7192,114 79 18 72 113,31,114 16 15 62 113,21,16,10,0,18,15,21,var_0 counter_var_1 +,26,counter_var_0 var_1 +
7193,114 70 15 62 113,12,114 29 10 11 113,12,0,0,11,15,10,23,var_0 counter_var_1 +,0,counter_var_0 var_1 +
7194,114 7 70 77 113,22,114 53 42 46 113,7,24,15,15,1,19,22,var_0 counter_var_1 +,39,counter_var_0 var_1 +
7195,114 69 1 0 113,11,114 56 2 84 113,11,27,0,22,1,2,33,var_0 counter_var_1 +,27,counter_var_0 var_1 +
7196,114 49 23 98 113,25,114 12 19 15 113,20,12,5,15,0,19,35,var_0 counter_var_1 +,17,counter_var_0 var_1 +
7197,114 71 59 30 113,43,114 21 86 94 113,13,21,30,1,13,17,14,var_0 counter_var_1 +,51,counter_var_0 var_1 +
7198,114 110 26 25 113,48,114 65 84 44 113,23,7,25,13,3,15,36,var_0 counter_var_1 +,32,counter_var_0 var_1 +
7199,114 83 75 8 113,33,114 48 62 43 113,25,19,8,12,6,16,37,var_0 counter_var_1 +,27,counter_var_0 var_1 +
7200,114 15 100 75 113,28,114 25 36 19 113,15,25,13,19,8,13,34,var_0 counter_var_1 +,38,counter_var_0 var_1 +
7201,114 35 30 99 113,12,114 27 54 53 113,6,27,6,22,7,8,28,var_0 counter_var_1 +,33,counter_var_0 var_1 +
7202,114 34 48 95 113,7,114 78 31 82 113,5,20,2,20,2,8,25,var_0 counter_var_1 +,22,counter_var_0 var_1 +
7203,114 1 101 39 113,9,114 99 46 87 113,1,12,8,25,9,0,26,var_0 counter_var_1 +,20,counter_var_0 var_1 +
7204,114 105 41 34 113,21,114 33 98 74 113,18,4,3,12,18,6,30,var_0 counter_var_1 +,7,counter_var_0 var_1 +
7205,114 27 5 24 113,51,114 12 41 34 113,27,12,24,3,5,18,30,var_0 counter_var_1 +,36,counter_var_0 var_1 +
7206,114 76 4 78 113,34,114 24 112 13 113,18,24,16,13,4,20,31,var_0 counter_var_1 +,40,counter_var_0 var_1 +
7207,114 108 104 4 113,25,114 34 49 32 113,21,5,4,1,12,3,22,var_0 counter_var_1 +,9,counter_var_0 var_1 +
7208,114 36 22 12 113,19,114 93 52 9 113,7,6,12,9,22,6,16,var_0 counter_var_1 +,18,counter_var_0 var_1 +
7209,114 8 66 88 113,34,114 57 109 65 113,8,28,26,3,20,17,11,var_0 counter_var_1 +,54,counter_var_0 var_1 +
7210,114 98 4 78 113,27,114 52 83 3 113,11,23,16,3,4,14,14,var_0 counter_var_1 +,39,counter_var_0 var_1 +
7211,114 26 82 90 113,54,114 54 3 86 113,26,25,28,24,13,3,50,var_0 counter_var_1 +,53,counter_var_0 var_1 +
7212,114 98 103 61 113,41,114 52 30 99 113,11,23,30,6,11,7,17,var_0 counter_var_1 +,53,counter_var_0 var_1 +
7213,114 49 53 68 113,26,114 98 3 86 113,20,11,6,24,7,3,44,var_0 counter_var_1 +,17,counter_var_0 var_1 +
7214,114 66 88 16 113,24,114 95 56 5 113,8,8,16,5,19,10,13,var_0 counter_var_1 +,24,counter_var_0 var_1 +
7215,114 42 54 53 113,35,114 21 9 70 113,13,21,22,8,8,9,21,var_0 counter_var_1 +,43,counter_var_0 var_1 +
7216,114 16 108 85 113,39,114 63 28 55 113,16,5,23,24,16,5,40,var_0 counter_var_1 +,28,counter_var_0 var_1 +
7217,114 36 47 93 113,7,114 81 100 75 113,7,23,0,13,1,8,20,var_0 counter_var_1 +,23,counter_var_0 var_1 +
7218,114 90 86 94 113,4,114 38 46 87 113,3,9,1,25,17,0,28,var_0 counter_var_1 +,10,counter_var_0 var_1 +
7219,114 27 85 31 113,27,114 39 91 106 113,27,10,0,13,16,22,40,var_0 counter_var_1 +,10,counter_var_0 var_1 +
7220,114 50 98 74 113,33,114 88 11 6 113,21,1,12,6,6,11,27,var_0 counter_var_1 +,13,counter_var_0 var_1 +
7221,114 29 11 6 113,6,114 77 101 39 113,0,19,6,8,11,9,8,var_0 counter_var_1 +,25,counter_var_0 var_1 +
7222,114 6 2 84 113,28,114 96 20 50 113,6,9,22,19,2,20,25,var_0 counter_var_1 +,31,counter_var_0 var_1 +
7223,114 8 19 15 113,23,114 8 105 111 113,8,8,15,18,19,13,26,var_0 counter_var_1 +,23,counter_var_0 var_1 +
7224,114 24 63 26 113,50,114 14 68 71 113,24,14,26,9,17,22,33,var_0 counter_var_1 +,40,counter_var_0 var_1 +
7225,114 66 75 8 113,16,114 112 86 94 113,8,25,8,1,6,17,9,var_0 counter_var_1 +,33,counter_var_0 var_1 +
7226,114 46 106 56 113,42,114 36 28 55 113,17,7,25,24,14,5,41,var_0 counter_var_1 +,32,counter_var_0 var_1 +
7227,114 85 32 1 113,28,114 72 45 103 113,27,14,1,10,9,22,37,var_0 counter_var_1 +,15,counter_var_0 var_1 +
7228,114 107 112 13 113,33,114 46 63 26 113,20,17,13,26,20,17,46,var_0 counter_var_1 +,30,counter_var_0 var_1 +
7229,114 81 90 102 113,32,114 83 31 82 113,23,25,9,20,21,8,43,var_0 counter_var_1 +,34,counter_var_0 var_1 +
7230,114 98 77 69 113,18,114 53 21 49 113,11,24,7,18,8,21,29,var_0 counter_var_1 +,31,counter_var_0 var_1 +
7231,114 19 94 96 113,22,114 100 34 47 113,19,13,3,16,2,11,35,var_0 counter_var_1 +,16,counter_var_0 var_1 +
7232,114 99 33 14 113,26,114 89 36 19 113,12,2,14,19,10,13,31,var_0 counter_var_1 +,16,counter_var_0 var_1 +
7233,114 53 42 46 113,39,114 45 107 28 113,24,16,15,28,19,15,52,var_0 counter_var_1 +,31,counter_var_0 var_1 +
7234,114 40 86 94 113,12,114 65 16 21 113,11,7,1,21,17,16,32,var_0 counter_var_1 +,8,counter_var_0 var_1 +
7235,114 85 103 61 113,57,114 23 12 83 113,27,23,30,21,11,12,48,var_0 counter_var_1 +,53,counter_var_0 var_1 +
7236,114 28 101 39 113,36,114 60 101 39 113,28,2,8,8,9,9,36,var_0 counter_var_1 +,10,counter_var_0 var_1 +
7237,114 75 23 98 113,22,114 13 21 49 113,17,13,5,18,0,21,35,var_0 counter_var_1 +,18,counter_var_0 var_1 +
7238,114 47 105 111 113,36,114 14 84 44 113,18,14,18,13,13,15,31,var_0 counter_var_1 +,32,counter_var_0 var_1 +
7239,114 106 110 108 113,34,114 46 59 30 113,19,17,15,30,18,13,49,var_0 counter_var_1 +,32,counter_var_0 var_1 +
7240,114 35 16 21 113,27,114 89 110 108 113,6,2,21,15,16,18,21,var_0 counter_var_1 +,23,counter_var_0 var_1 +
7241,114 42 59 30 113,43,114 89 70 77 113,13,2,30,15,13,1,28,var_0 counter_var_1 +,32,counter_var_0 var_1 +
7242,114 34 88 16 113,21,114 106 73 73 113,5,19,16,11,19,4,16,var_0 counter_var_1 +,35,counter_var_0 var_1 +
7243,114 69 66 88 113,37,114 25 41 34 113,11,25,26,3,20,18,14,var_0 counter_var_1 +,51,counter_var_0 var_1 +
7244,114 86 103 61 113,58,114 41 67 80 113,28,12,30,18,11,21,46,var_0 counter_var_1 +,42,counter_var_0 var_1 +
7245,114 66 29 17 113,25,114 28 47 93 113,8,28,17,0,6,1,8,var_0 counter_var_1 +,45,counter_var_0 var_1 +
7246,114 100 74 91 113,42,114 32 108 85 113,13,3,29,23,5,16,36,var_0 counter_var_1 +,32,counter_var_0 var_1 +
7247,114 61 7 22 113,25,114 62 100 75 113,3,4,22,13,7,8,16,var_0 counter_var_1 +,26,counter_var_0 var_1 +
7248,114 2 24 35 113,6,114 102 73 73 113,2,15,4,11,1,4,13,var_0 counter_var_1 +,19,counter_var_0 var_1 +
7249,114 90 21 49 113,21,114 82 94 96 113,3,24,18,3,21,2,6,var_0 counter_var_1 +,42,counter_var_0 var_1 +
7250,114 11 18 72 113,21,114 88 80 48 113,11,1,10,17,18,11,28,var_0 counter_var_1 +,11,counter_var_0 var_1 +
7251,114 73 55 10 113,25,114 78 108 85 113,15,20,10,23,9,16,38,var_0 counter_var_1 +,30,counter_var_0 var_1 +
7252,114 96 26 25 113,34,114 15 112 13 113,9,15,25,13,3,20,22,var_0 counter_var_1 +,40,counter_var_0 var_1 +
7253,114 7 100 75 113,20,114 95 72 81 113,7,8,13,19,8,3,26,var_0 counter_var_1 +,21,counter_var_0 var_1 +
7254,114 17 96 7 113,24,114 11 15 62 113,17,11,7,0,4,15,17,var_0 counter_var_1 +,18,counter_var_0 var_1 +
7255,114 102 108 85 113,38,114 68 39 36 113,15,10,23,5,16,16,20,var_0 counter_var_1 +,33,counter_var_0 var_1 +
7256,114 12 67 80 113,30,114 36 38 59 113,12,7,18,28,21,15,40,var_0 counter_var_1 +,25,counter_var_0 var_1 +
7257,114 63 37 110 113,22,114 36 72 81 113,5,7,17,19,14,3,24,var_0 counter_var_1 +,24,counter_var_0 var_1 +
7258,114 56 100 75 113,40,114 92 33 14 113,27,5,13,14,8,10,41,var_0 counter_var_1 +,18,counter_var_0 var_1 +
7259,114 57 109 65 113,31,114 22 110 108 113,28,22,3,15,17,18,43,var_0 counter_var_1 +,25,counter_var_0 var_1 +
7260,114 79 35 37 113,27,114 35 36 19 113,21,6,6,19,12,13,40,var_0 counter_var_1 +,12,counter_var_0 var_1 +
7261,114 73 51 42 113,26,114 74 89 29 113,15,16,11,29,5,20,44,var_0 counter_var_1 +,27,counter_var_0 var_1 +
7262,114 10 43 40 113,19,114 23 73 73 113,10,23,9,11,20,4,21,var_0 counter_var_1 +,32,counter_var_0 var_1 +
7263,114 83 38 59 113,53,114 99 54 53 113,25,12,28,22,15,8,47,var_0 counter_var_1 +,40,counter_var_0 var_1 +
7264,114 99 100 75 113,25,114 10 7 22 113,12,10,13,22,8,7,34,var_0 counter_var_1 +,23,counter_var_0 var_1 +
7265,114 76 18 72 113,28,114 39 103 61 113,18,10,10,30,18,11,48,var_0 counter_var_1 +,20,counter_var_0 var_1 +
7266,114 69 72 81 113,30,114 29 5 24 113,11,0,19,24,3,5,35,var_0 counter_var_1 +,19,counter_var_0 var_1 +
7267,114 90 87 60 113,32,114 59 19 15 113,3,1,29,15,18,19,18,var_0 counter_var_1 +,30,counter_var_0 var_1 +
7268,114 67 100 75 113,22,114 68 40 76 113,9,10,13,14,8,17,23,var_0 counter_var_1 +,23,counter_var_0 var_1 +
7269,114 62 100 75 113,17,114 86 75 8 113,4,28,13,8,8,6,12,var_0 counter_var_1 +,41,counter_var_0 var_1 +
7270,114 70 59 30 113,42,114 34 106 56 113,12,5,30,25,13,14,37,var_0 counter_var_1 +,35,counter_var_0 var_1 +
7271,114 101 65 67 113,19,114 28 110 108 113,14,28,5,15,19,18,29,var_0 counter_var_1 +,33,counter_var_0 var_1 +
7272,114 99 68 71 113,21,114 38 57 97 113,12,9,9,4,22,11,16,var_0 counter_var_1 +,18,counter_var_0 var_1 +
7273,114 38 50 27 113,36,114 25 105 111 113,9,25,27,18,4,13,27,var_0 counter_var_1 +,52,counter_var_0 var_1 +
7274,114 89 19 15 113,17,114 89 99 92 113,2,2,15,30,19,7,32,var_0 counter_var_1 +,17,counter_var_0 var_1 +
7275,114 31 11 6 113,8,114 43 49 32 113,2,14,6,1,11,3,3,var_0 counter_var_1 +,20,counter_var_0 var_1 +
7276,114 73 60 63 113,16,114 27 89 29 113,15,27,1,29,14,20,44,var_0 counter_var_1 +,28,counter_var_0 var_1 +
7277,114 91 3 86 113,28,114 91 62 43 113,4,4,24,12,3,16,16,var_0 counter_var_1 +,28,counter_var_0 var_1 +
7278,114 66 87 60 113,37,114 41 92 51 113,8,12,29,20,18,0,28,var_0 counter_var_1 +,41,counter_var_0 var_1 +
7279,114 22 89 29 113,51,114 109 85 31 113,22,22,29,0,20,16,22,var_0 counter_var_1 +,51,counter_var_0 var_1 +
7280,114 67 16 21 113,30,114 92 85 31 113,9,5,21,0,16,16,9,var_0 counter_var_1 +,26,counter_var_0 var_1 +
7281,114 104 70 77 113,32,114 23 13 18 113,17,23,15,18,1,13,35,var_0 counter_var_1 +,38,counter_var_0 var_1 +
7282,114 88 53 68 113,7,114 14 16 21 113,1,14,6,21,7,16,22,var_0 counter_var_1 +,20,counter_var_0 var_1 +
7283,114 73 45 103 113,25,114 70 68 71 113,15,12,10,9,22,22,24,var_0 counter_var_1 +,22,counter_var_0 var_1 +
7284,114 15 1 0 113,15,114 61 24 35 113,15,3,0,4,1,1,19,var_0 counter_var_1 +,3,counter_var_0 var_1 +
7285,114 72 37 110 113,31,114 72 59 30 113,14,14,17,30,14,13,44,var_0 counter_var_1 +,31,counter_var_0 var_1 +
7286,114 13 9 70 113,21,114 109 63 26 113,13,22,8,26,9,17,39,var_0 counter_var_1 +,30,counter_var_0 var_1 +
7287,114 71 91 106 113,26,114 106 62 43 113,13,19,13,12,22,16,25,var_0 counter_var_1 +,32,counter_var_0 var_1 +
7288,114 65 69 104 113,18,114 16 47 93 113,7,16,11,0,0,1,7,var_0 counter_var_1 +,27,counter_var_0 var_1 +
7289,114 91 48 95 113,6,114 5 6 64 113,4,5,2,2,2,6,6,var_0 counter_var_1 +,7,counter_var_0 var_1 +
7290,114 17 78 107 113,31,114 74 108 85 113,17,16,14,23,9,16,40,var_0 counter_var_1 +,30,counter_var_0 var_1 +
7291,114 65 30 99 113,13,114 15 79 58 113,7,15,6,27,7,10,34,var_0 counter_var_1 +,21,counter_var_0 var_1 +
7292,114 80 89 29 113,51,114 3 5 24 113,22,3,29,24,20,5,46,var_0 counter_var_1 +,32,counter_var_0 var_1 +
7293,114 3 65 67 113,8,114 57 94 96 113,3,28,5,3,19,2,6,var_0 counter_var_1 +,33,counter_var_0 var_1 +
7294,114 45 29 17 113,33,114 2 1 0 113,16,2,17,0,6,1,16,var_0 counter_var_1 +,19,counter_var_0 var_1 +
7295,114 39 13 18 113,28,114 32 80 48 113,10,3,18,17,13,11,27,var_0 counter_var_1 +,21,counter_var_0 var_1 +
7296,114 8 23 98 113,13,114 60 31 82 113,8,2,5,20,0,8,28,var_0 counter_var_1 +,7,counter_var_0 var_1 +
7297,114 75 44 41 113,27,114 91 97 23 113,17,4,10,23,21,5,40,var_0 counter_var_1 +,14,counter_var_0 var_1 +
7298,114 85 98 74 113,39,114 73 78 107 113,27,15,12,14,6,9,41,var_0 counter_var_1 +,27,counter_var_0 var_1 +
7299,114 64 1 0 113,6,114 99 69 104 113,6,12,0,11,1,0,17,var_0 counter_var_1 +,12,counter_var_0 var_1 +
7300,114 100 6 64 113,15,114 100 73 73 113,13,13,2,11,6,4,24,var_0 counter_var_1 +,15,counter_var_0 var_1 +
7301,114 34 96 7 113,12,114 5 105 111 113,5,5,7,18,4,13,23,var_0 counter_var_1 +,12,counter_var_0 var_1 +
7302,114 5 93 105 113,17,114 29 18 72 113,5,0,12,10,1,18,15,var_0 counter_var_1 +,12,counter_var_0 var_1 +
7303,114 36 10 11 113,18,114 29 22 12 113,7,0,11,12,10,22,19,var_0 counter_var_1 +,11,counter_var_0 var_1 +
7304,114 62 108 85 113,27,114 100 58 2 113,4,13,23,2,16,12,6,var_0 counter_var_1 +,36,counter_var_0 var_1 +
7305,114 46 73 73 113,28,114 111 68 71 113,17,24,11,9,4,22,26,var_0 counter_var_1 +,35,counter_var_0 var_1 +
7306,114 15 74 91 113,44,114 69 17 112 113,15,11,29,19,5,17,34,var_0 counter_var_1 +,40,counter_var_0 var_1 +
7307,114 12 61 89 113,39,114 55 53 68 113,12,26,27,6,15,7,18,var_0 counter_var_1 +,53,counter_var_0 var_1 +
7308,114 103 36 19 113,35,114 52 66 88 113,16,23,19,26,13,20,42,var_0 counter_var_1 +,42,counter_var_0 var_1 +
7309,114 66 48 95 113,10,114 51 98 74 113,8,22,2,12,2,6,20,var_0 counter_var_1 +,24,counter_var_0 var_1 +
7310,114 30 82 90 113,29,114 90 65 67 113,1,3,28,5,13,19,6,var_0 counter_var_1 +,31,counter_var_0 var_1 +
7311,114 81 7 22 113,45,114 70 64 66 113,23,12,22,4,7,18,27,var_0 counter_var_1 +,34,counter_var_0 var_1 +
7312,114 72 63 26 113,40,114 110 50 27 113,14,23,26,27,17,4,41,var_0 counter_var_1 +,49,counter_var_0 var_1 +
7313,114 107 17 112 113,39,114 105 43 40 113,20,18,19,9,17,20,29,var_0 counter_var_1 +,37,counter_var_0 var_1 +
7314,114 49 38 59 113,48,114 50 74 91 113,20,21,28,29,15,5,49,var_0 counter_var_1 +,49,counter_var_0 var_1 +
7315,114 10 110 108 113,25,114 79 107 28 113,10,21,15,28,18,15,38,var_0 counter_var_1 +,36,counter_var_0 var_1 +
7316,114 51 62 43 113,34,114 3 60 63 113,22,3,12,1,16,14,23,var_0 counter_var_1 +,15,counter_var_0 var_1 +
7317,114 2 91 106 113,15,114 50 32 1 113,2,21,13,1,22,9,3,var_0 counter_var_1 +,34,counter_var_0 var_1 +
7318,114 91 56 5 113,9,114 79 11 6 113,4,21,5,6,10,11,10,var_0 counter_var_1 +,26,counter_var_0 var_1 +
7319,114 1 27 101 113,9,114 70 20 50 113,1,12,8,19,4,20,20,var_0 counter_var_1 +,20,counter_var_0 var_1 +
7320,114 84 54 53 113,48,114 22 15 62 113,26,22,22,0,8,15,26,var_0 counter_var_1 +,44,counter_var_0 var_1 +
7321,114 93 100 75 113,19,114 45 103 61 113,6,16,13,30,8,11,36,var_0 counter_var_1 +,29,counter_var_0 var_1 +
7322,114 0 77 69 113,7,114 35 51 42 113,0,6,7,11,8,5,11,var_0 counter_var_1 +,13,counter_var_0 var_1 +
7323,114 110 96 7 113,30,114 9 3 86 113,23,9,7,24,4,3,47,var_0 counter_var_1 +,16,counter_var_0 var_1 +
7324,114 72 12 83 113,35,114 107 0 38 113,14,20,21,7,12,0,21,var_0 counter_var_1 +,41,counter_var_0 var_1 +
7325,114 64 38 59 113,34,114 12 9 70 113,6,12,28,8,15,9,14,var_0 counter_var_1 +,40,counter_var_0 var_1 +
7326,114 39 85 31 113,10,114 20 111 79 113,10,20,0,17,16,19,27,var_0 counter_var_1 +,20,counter_var_0 var_1 +
7327,114 28 98 74 113,40,114 1 36 19 113,28,1,12,19,6,13,47,var_0 counter_var_1 +,13,counter_var_0 var_1 +
7328,114 88 31 82 113,21,114 99 111 79 113,1,12,20,17,8,19,18,var_0 counter_var_1 +,32,counter_var_0 var_1 +
7329,114 101 52 9 113,23,114 84 13 18 113,14,26,9,18,6,13,32,var_0 counter_var_1 +,35,counter_var_0 var_1 +
7330,114 62 38 59 113,32,114 62 55 10 113,4,4,28,10,15,9,14,var_0 counter_var_1 +,32,counter_var_0 var_1 +
7331,114 42 13 18 113,31,114 44 89 29 113,13,15,18,29,13,20,42,var_0 counter_var_1 +,33,counter_var_0 var_1 +
7332,114 3 2 84 113,25,114 54 54 53 113,3,25,22,22,2,8,25,var_0 counter_var_1 +,47,counter_var_0 var_1 +
7333,114 74 55 10 113,26,114 70 47 93 113,16,12,10,0,9,1,16,var_0 counter_var_1 +,22,counter_var_0 var_1 +
7334,114 95 77 69 113,15,114 73 91 106 113,8,15,7,13,8,22,21,var_0 counter_var_1 +,22,counter_var_0 var_1 +
7335,114 23 83 3 113,26,114 39 80 48 113,23,10,3,17,14,11,40,var_0 counter_var_1 +,13,counter_var_0 var_1 +
7336,114 17 79 58 113,44,114 100 91 106 113,17,13,27,13,10,22,30,var_0 counter_var_1 +,40,counter_var_0 var_1 +
7337,114 28 20 50 113,47,114 92 66 88 113,28,5,19,26,20,20,54,var_0 counter_var_1 +,24,counter_var_0 var_1 +
7338,114 31 30 99 113,8,114 80 14 33 113,2,22,6,2,7,14,4,var_0 counter_var_1 +,28,counter_var_0 var_1 +
7339,114 23 55 10 113,33,114 62 44 41 113,23,4,10,10,9,21,33,var_0 counter_var_1 +,14,counter_var_0 var_1 +
7340,114 107 104 4 113,24,114 17 63 26 113,20,17,4,26,12,17,46,var_0 counter_var_1 +,21,counter_var_0 var_1 +
7341,114 11 47 93 113,11,114 111 109 65 113,11,24,0,3,1,17,14,var_0 counter_var_1 +,24,counter_var_0 var_1 +
7342,114 96 69 104 113,20,114 62 3 86 113,9,4,11,24,0,3,33,var_0 counter_var_1 +,15,counter_var_0 var_1 +
7343,114 75 96 7 113,24,114 26 42 46 113,17,26,7,15,4,19,32,var_0 counter_var_1 +,33,counter_var_0 var_1 +
7344,114 13 58 2 113,15,114 29 85 31 113,13,0,2,0,12,16,13,var_0 counter_var_1 +,2,counter_var_0 var_1 +
7345,114 4 78 107 113,18,114 74 15 62 113,4,16,14,0,9,15,4,var_0 counter_var_1 +,30,counter_var_0 var_1 +
7346,114 43 91 106 113,27,114 14 40 76 113,14,14,13,14,22,17,28,var_0 counter_var_1 +,27,counter_var_0 var_1 +
7347,114 4 8 57 113,30,114 34 11 6 113,4,5,26,6,8,11,10,var_0 counter_var_1 +,31,counter_var_0 var_1 +
7348,114 91 36 19 113,23,114 10 92 51 113,4,10,19,20,13,0,24,var_0 counter_var_1 +,29,counter_var_0 var_1 +
7349,114 43 95 109 113,30,114 98 10 11 113,14,11,16,11,3,10,25,var_0 counter_var_1 +,27,counter_var_0 var_1 +
7350,114 89 2 84 113,24,114 24 31 82 113,2,24,22,20,2,8,22,var_0 counter_var_1 +,46,counter_var_0 var_1 +
7351,114 35 32 1 113,7,114 72 41 34 113,6,14,1,3,9,18,9,var_0 counter_var_1 +,15,counter_var_0 var_1 +
7352,114 76 72 81 113,37,114 94 17 112 113,18,7,19,19,3,17,37,var_0 counter_var_1 +,26,counter_var_0 var_1 +
7353,114 50 31 82 113,41,114 109 46 87 113,21,22,20,25,8,0,46,var_0 counter_var_1 +,42,counter_var_0 var_1 +
7354,114 47 4 78 113,34,114 17 84 44 113,18,17,16,13,4,15,31,var_0 counter_var_1 +,33,counter_var_0 var_1 +
7355,114 21 76 54 113,44,114 59 15 62 113,21,1,23,0,7,15,21,var_0 counter_var_1 +,24,counter_var_0 var_1 +
7356,114 28 73 73 113,39,114 40 31 82 113,28,11,11,20,4,8,48,var_0 counter_var_1 +,22,counter_var_0 var_1 +
7357,114 90 82 90 113,31,114 76 53 68 113,3,18,28,6,13,7,9,var_0 counter_var_1 +,46,counter_var_0 var_1 +
7358,114 74 57 97 113,20,114 110 89 29 113,16,23,4,29,11,20,45,var_0 counter_var_1 +,27,counter_var_0 var_1 +
7359,114 4 88 16 113,20,114 59 5 24 113,4,1,16,24,19,5,28,var_0 counter_var_1 +,17,counter_var_0 var_1 +
7360,114 46 54 53 113,39,114 81 75 8 113,17,23,22,8,8,6,25,var_0 counter_var_1 +,45,counter_var_0 var_1 +
7361,114 6 91 106 113,19,114 63 73 73 113,6,5,13,11,22,4,17,var_0 counter_var_1 +,18,counter_var_0 var_1 +
7362,114 12 10 11 113,23,114 14 76 54 113,12,14,11,23,10,7,35,var_0 counter_var_1 +,25,counter_var_0 var_1 +
7363,114 91 91 106 113,17,114 90 7 22 113,4,3,13,22,22,7,26,var_0 counter_var_1 +,16,counter_var_0 var_1 +
7364,114 70 67 80 113,30,114 20 49 32 113,12,20,18,1,21,3,13,var_0 counter_var_1 +,38,counter_var_0 var_1 +
7365,114 45 102 45 113,30,114 3 78 107 113,16,3,14,14,10,9,30,var_0 counter_var_1 +,17,counter_var_0 var_1 +
7366,114 18 30 99 113,24,114 85 29 17 113,18,27,6,17,7,6,35,var_0 counter_var_1 +,33,counter_var_0 var_1 +
7367,114 73 0 38 113,22,114 47 31 82 113,15,18,7,20,0,8,35,var_0 counter_var_1 +,25,counter_var_0 var_1 +
7368,114 84 15 62 113,26,114 97 12 83 113,26,10,0,21,15,12,47,var_0 counter_var_1 +,10,counter_var_0 var_1 +
7369,114 7 22 12 113,19,114 77 51 42 113,7,19,12,11,22,5,18,var_0 counter_var_1 +,31,counter_var_0 var_1 +
7370,114 6 78 107 113,20,114 95 92 51 113,6,8,14,20,9,0,26,var_0 counter_var_1 +,22,counter_var_0 var_1 +
7371,114 98 92 51 113,31,114 17 85 31 113,11,17,20,0,0,16,11,var_0 counter_var_1 +,37,counter_var_0 var_1 +
7372,114 15 27 101 113,23,114 1 84 44 113,15,1,8,13,4,15,28,var_0 counter_var_1 +,9,counter_var_0 var_1 +
7373,114 59 112 13 113,14,114 64 20 50 113,1,6,13,19,20,20,20,var_0 counter_var_1 +,19,counter_var_0 var_1 +
7374,114 85 76 54 113,50,114 3 109 65 113,27,3,23,3,7,17,30,var_0 counter_var_1 +,26,counter_var_0 var_1 +
7375,114 47 110 108 113,33,114 86 106 56 113,18,28,15,25,18,14,43,var_0 counter_var_1 +,43,counter_var_0 var_1 +
7376,114 30 42 46 113,16,114 77 36 19 113,1,19,15,19,19,13,20,var_0 counter_var_1 +,34,counter_var_0 var_1 +
7377,114 68 14 33 113,12,114 87 0 38 113,10,0,2,7,14,0,17,var_0 counter_var_1 +,2,counter_var_0 var_1 +
7378,114 10 98 74 113,22,114 93 112 13 113,10,6,12,13,6,20,23,var_0 counter_var_1 +,18,counter_var_0 var_1 +
7379,114 45 75 8 113,24,114 67 95 109 113,16,9,8,16,6,3,32,var_0 counter_var_1 +,17,counter_var_0 var_1 +
7380,114 49 95 109 113,36,114 17 15 62 113,20,17,16,0,3,15,20,var_0 counter_var_1 +,33,counter_var_0 var_1 +
7381,114 86 41 34 113,31,114 45 29 17 113,28,16,3,17,18,6,45,var_0 counter_var_1 +,19,counter_var_0 var_1 +
7382,114 32 55 10 113,13,114 95 49 32 113,3,8,10,1,9,3,4,var_0 counter_var_1 +,18,counter_var_0 var_1 +
7383,114 84 10 11 113,37,114 43 14 33 113,26,14,11,2,10,14,28,var_0 counter_var_1 +,25,counter_var_0 var_1 +
7384,114 31 37 110 113,19,114 41 54 53 113,2,12,17,22,14,8,24,var_0 counter_var_1 +,29,counter_var_0 var_1 +
7385,114 56 25 20 113,47,114 109 32 1 113,27,22,20,1,2,9,28,var_0 counter_var_1 +,42,counter_var_0 var_1 +
7386,114 39 12 83 113,31,114 44 97 23 113,10,15,21,23,12,5,33,var_0 counter_var_1 +,36,counter_var_0 var_1 +
7387,114 112 69 104 113,36,114 26 81 52 113,25,26,11,21,0,12,46,var_0 counter_var_1 +,37,counter_var_0 var_1 +
7388,114 53 47 93 113,24,114 31 96 7 113,24,2,0,7,1,4,31,var_0 counter_var_1 +,2,counter_var_0 var_1 +
7389,114 78 107 28 113,48,114 25 88 16 113,20,25,28,16,15,19,36,var_0 counter_var_1 +,53,counter_var_0 var_1 +
7390,114 46 110 108 113,32,114 74 96 7 113,17,16,15,7,18,4,24,var_0 counter_var_1 +,31,counter_var_0 var_1 +
7391,114 29 28 55 113,24,114 51 41 34 113,0,22,24,3,5,18,3,var_0 counter_var_1 +,46,counter_var_0 var_1 +
7392,114 0 82 90 113,28,114 30 101 39 113,0,1,28,8,13,9,8,var_0 counter_var_1 +,29,counter_var_0 var_1 +
7393,114 20 21 49 113,38,114 94 27 101 113,20,7,18,8,21,4,28,var_0 counter_var_1 +,25,counter_var_0 var_1 +
7394,114 71 70 77 113,28,114 65 97 23 113,13,7,15,23,1,5,36,var_0 counter_var_1 +,22,counter_var_0 var_1 +
7395,114 46 60 63 113,18,114 40 17 112 113,17,11,1,19,14,17,36,var_0 counter_var_1 +,12,counter_var_0 var_1 +
7396,114 40 81 52 113,32,114 108 63 26 113,11,21,21,26,12,17,37,var_0 counter_var_1 +,42,counter_var_0 var_1 +
7397,114 36 26 25 113,32,114 104 10 11 113,7,17,25,11,3,10,18,var_0 counter_var_1 +,42,counter_var_0 var_1 +
7398,114 49 88 16 113,36,114 15 32 1 113,20,15,16,1,19,9,21,var_0 counter_var_1 +,31,counter_var_0 var_1 +
7399,114 81 35 37 113,29,114 97 48 95 113,23,10,6,2,12,2,25,var_0 counter_var_1 +,16,counter_var_0 var_1 +
7400,114 112 16 21 113,46,114 110 84 44 113,25,23,21,13,16,15,38,var_0 counter_var_1 +,44,counter_var_0 var_1 +
7401,114 76 59 30 113,48,114 106 52 9 113,18,19,30,9,13,6,27,var_0 counter_var_1 +,49,counter_var_0 var_1 +
7402,114 42 55 10 113,23,114 97 11 6 113,13,10,10,6,9,11,19,var_0 counter_var_1 +,20,counter_var_0 var_1 +
7403,114 3 90 102 113,12,114 0 82 90 113,3,0,9,28,21,13,31,var_0 counter_var_1 +,9,counter_var_0 var_1 +
7404,114 92 70 77 113,20,114 90 35 37 113,5,3,15,6,1,12,11,var_0 counter_var_1 +,18,counter_var_0 var_1 +
7405,114 19 33 14 113,33,114 71 13 18 113,19,13,14,18,10,13,37,var_0 counter_var_1 +,27,counter_var_0 var_1 +
7406,114 105 79 58 113,45,114 100 68 71 113,18,13,27,9,10,22,27,var_0 counter_var_1 +,40,counter_var_0 var_1 +
7407,114 88 86 94 113,2,114 110 103 61 113,1,23,1,30,17,11,31,var_0 counter_var_1 +,24,counter_var_0 var_1 +
7408,114 61 29 17 113,20,114 103 9 70 113,3,16,17,8,6,9,11,var_0 counter_var_1 +,33,counter_var_0 var_1 +
7409,114 76 13 18 113,36,114 86 20 50 113,18,28,18,19,13,20,37,var_0 counter_var_1 +,46,counter_var_0 var_1 +
7410,114 0 50 27 113,27,114 14 30 99 113,0,14,27,6,4,7,6,var_0 counter_var_1 +,41,counter_var_0 var_1 +
7411,114 83 23 98 113,30,114 13 108 85 113,25,13,5,23,0,16,48,var_0 counter_var_1 +,18,counter_var_0 var_1 +
7412,114 71 28 55 113,37,114 87 82 90 113,13,0,24,28,5,13,41,var_0 counter_var_1 +,24,counter_var_0 var_1 +
7413,114 108 56 5 113,26,114 49 7 22 113,21,20,5,22,10,7,43,var_0 counter_var_1 +,25,counter_var_0 var_1 +
7414,114 39 36 19 113,29,114 17 1 0 113,10,17,19,0,13,1,10,var_0 counter_var_1 +,36,counter_var_0 var_1 +
7415,114 17 70 77 113,32,114 91 92 51 113,17,4,15,20,1,0,37,var_0 counter_var_1 +,19,counter_var_0 var_1 +
7416,114 74 83 3 113,19,114 74 79 58 113,16,16,3,27,14,10,43,var_0 counter_var_1 +,19,counter_var_0 var_1 +
7417,114 42 82 90 113,41,114 73 84 44 113,13,15,28,13,13,15,26,var_0 counter_var_1 +,43,counter_var_0 var_1 +
7418,114 7 99 92 113,37,114 48 44 41 113,7,19,30,10,7,21,17,var_0 counter_var_1 +,49,counter_var_0 var_1 +
7419,114 2 39 36 113,7,114 11 24 35 113,2,11,5,4,16,1,6,var_0 counter_var_1 +,16,counter_var_0 var_1 +
7420,114 51 17 112 113,41,114 76 28 55 113,22,18,19,24,17,5,46,var_0 counter_var_1 +,37,counter_var_0 var_1 +
7421,114 13 95 109 113,29,114 68 111 79 113,13,10,16,17,3,19,30,var_0 counter_var_1 +,26,counter_var_0 var_1 +
7422,114 62 90 102 113,13,114 106 5 24 113,4,19,9,24,21,5,28,var_0 counter_var_1 +,28,counter_var_0 var_1 +
7423,114 22 42 46 113,37,114 14 0 38 113,22,14,15,7,19,0,29,var_0 counter_var_1 +,29,counter_var_0 var_1 +
7424,114 15 81 52 113,36,114 52 23 98 113,15,23,21,5,12,0,20,var_0 counter_var_1 +,44,counter_var_0 var_1 +
7425,114 100 95 109 113,29,114 49 89 29 113,13,20,16,29,3,20,42,var_0 counter_var_1 +,36,counter_var_0 var_1 +
7426,114 5 69 104 113,16,114 87 7 22 113,5,0,11,22,0,7,27,var_0 counter_var_1 +,11,counter_var_0 var_1 +
7427,114 78 8 57 113,46,114 13 4 78 113,20,13,26,16,8,4,36,var_0 counter_var_1 +,39,counter_var_0 var_1 +
7428,114 34 78 107 113,19,114 23 85 31 113,5,23,14,0,9,16,5,var_0 counter_var_1 +,37,counter_var_0 var_1 +
7429,114 40 40 76 113,25,114 27 21 49 113,11,27,14,18,17,21,29,var_0 counter_var_1 +,41,counter_var_0 var_1 +
7430,114 97 51 42 113,21,114 29 52 9 113,10,0,11,9,5,6,19,var_0 counter_var_1 +,11,counter_var_0 var_1 +
7431,114 104 26 25 113,42,114 3 92 51 113,17,3,25,20,3,0,37,var_0 counter_var_1 +,28,counter_var_0 var_1 +
7432,114 55 88 16 113,42,114 32 32 1 113,26,3,16,1,19,9,27,var_0 counter_var_1 +,19,counter_var_0 var_1 +
7433,114 30 20 50 113,20,114 74 75 8 113,1,16,19,8,20,6,9,var_0 counter_var_1 +,35,counter_var_0 var_1 +
7434,114 59 67 80 113,19,114 51 32 1 113,1,22,18,1,21,9,2,var_0 counter_var_1 +,40,counter_var_0 var_1 +
7435,114 66 110 108 113,23,114 6 44 41 113,8,6,15,10,18,21,18,var_0 counter_var_1 +,21,counter_var_0 var_1 +
7436,114 78 88 16 113,36,114 90 93 105 113,20,3,16,12,19,1,32,var_0 counter_var_1 +,19,counter_var_0 var_1 +
7437,114 14 46 87 113,39,114 89 38 59 113,14,2,25,28,0,15,42,var_0 counter_var_1 +,27,counter_var_0 var_1 +
7438,114 40 72 81 113,30,114 56 39 36 113,11,27,19,5,3,16,16,var_0 counter_var_1 +,46,counter_var_0 var_1 +
7439,114 0 96 7 113,7,114 26 50 27 113,0,26,7,27,4,4,27,var_0 counter_var_1 +,33,counter_var_0 var_1 +
7440,114 87 63 26 113,26,114 7 54 53 113,0,7,26,22,17,8,22,var_0 counter_var_1 +,33,counter_var_0 var_1 +
7441,114 37 50 27 113,35,114 78 22 12 113,8,20,27,12,4,22,20,var_0 counter_var_1 +,47,counter_var_0 var_1 +
7442,114 21 73 73 113,32,114 7 21 49 113,21,7,11,18,4,21,39,var_0 counter_var_1 +,18,counter_var_0 var_1 +
7443,114 30 4 78 113,17,114 74 80 48 113,1,16,16,17,4,11,18,var_0 counter_var_1 +,32,counter_var_0 var_1 +
7444,114 68 96 7 113,17,114 18 15 62 113,10,18,7,0,4,15,10,var_0 counter_var_1 +,25,counter_var_0 var_1 +
7445,114 96 37 110 113,26,114 46 15 62 113,9,17,17,0,14,15,9,var_0 counter_var_1 +,34,counter_var_0 var_1 +
7446,114 101 2 84 113,36,114 80 83 3 113,14,22,22,3,2,14,17,var_0 counter_var_1 +,44,counter_var_0 var_1 +
7447,114 5 20 50 113,24,114 37 93 105 113,5,8,19,12,20,1,17,var_0 counter_var_1 +,27,counter_var_0 var_1 +
7448,114 3 59 30 113,33,114 76 40 76 113,3,18,30,14,13,17,17,var_0 counter_var_1 +,48,counter_var_0 var_1 +
7449,114 106 53 68 113,25,114 93 83 3 113,19,6,6,3,7,14,22,var_0 counter_var_1 +,12,counter_var_0 var_1 +
7450,114 69 96 7 113,18,114 83 95 109 113,11,25,7,16,4,3,27,var_0 counter_var_1 +,32,counter_var_0 var_1 +
7451,114 106 94 96 113,22,114 29 83 3 113,19,0,3,3,2,14,22,var_0 counter_var_1 +,3,counter_var_0 var_1 +
7452,114 43 99 92 113,44,114 89 52 9 113,14,2,30,9,7,6,23,var_0 counter_var_1 +,32,counter_var_0 var_1 +
7453,114 111 26 25 113,49,114 106 51 42 113,24,19,25,11,3,5,35,var_0 counter_var_1 +,44,counter_var_0 var_1 +
7454,114 105 86 94 113,19,114 100 107 28 113,18,13,1,28,17,15,46,var_0 counter_var_1 +,14,counter_var_0 var_1 +
7455,114 87 77 69 113,7,114 43 7 22 113,0,14,7,22,8,7,22,var_0 counter_var_1 +,21,counter_var_0 var_1 +
7456,114 64 82 90 113,34,114 54 47 93 113,6,25,28,0,13,1,6,var_0 counter_var_1 +,53,counter_var_0 var_1 +
7457,114 34 99 92 113,35,114 96 27 101 113,5,9,30,8,7,4,13,var_0 counter_var_1 +,39,counter_var_0 var_1 +
7458,114 77 60 63 113,20,114 73 66 88 113,19,15,1,26,14,20,45,var_0 counter_var_1 +,16,counter_var_0 var_1 +
7459,114 37 96 7 113,15,114 61 47 93 113,8,3,7,0,4,1,8,var_0 counter_var_1 +,10,counter_var_0 var_1 +
7460,114 75 1 0 113,17,114 54 53 68 113,17,25,0,6,1,7,23,var_0 counter_var_1 +,25,counter_var_0 var_1 +
7461,114 66 74 91 113,37,114 66 46 87 113,8,8,29,25,5,0,33,var_0 counter_var_1 +,37,counter_var_0 var_1 +
7462,114 46 77 69 113,24,114 108 6 64 113,17,21,7,2,8,6,19,var_0 counter_var_1 +,28,counter_var_0 var_1 +
7463,114 45 10 11 113,27,114 83 18 72 113,16,25,11,10,10,18,26,var_0 counter_var_1 +,36,counter_var_0 var_1 +
7464,114 55 62 43 113,38,114 53 94 96 113,26,24,12,3,16,2,29,var_0 counter_var_1 +,36,counter_var_0 var_1 +
7465,114 20 12 83 113,41,114 49 109 65 113,20,20,21,3,12,17,23,var_0 counter_var_1 +,41,counter_var_0 var_1 +
7466,114 24 108 85 113,47,114 91 20 50 113,24,4,23,19,16,20,43,var_0 counter_var_1 +,27,counter_var_0 var_1 +
7467,114 97 10 11 113,21,114 19 110 108 113,10,19,11,15,10,18,25,var_0 counter_var_1 +,30,counter_var_0 var_1 +
7468,114 102 97 23 113,38,114 62 65 67 113,15,4,23,5,5,19,20,var_0 counter_var_1 +,27,counter_var_0 var_1 +
7469,114 30 48 95 113,3,114 65 40 76 113,1,7,2,14,2,17,15,var_0 counter_var_1 +,9,counter_var_0 var_1 +
7470,114 61 31 82 113,23,114 69 97 23 113,3,11,20,23,8,5,26,var_0 counter_var_1 +,31,counter_var_0 var_1 +
7471,114 101 96 7 113,21,114 2 86 94 113,14,2,7,1,4,17,15,var_0 counter_var_1 +,9,counter_var_0 var_1 +
7472,114 76 96 7 113,25,114 52 46 87 113,18,23,7,25,4,0,43,var_0 counter_var_1 +,30,counter_var_0 var_1 +
7473,114 3 110 108 113,18,114 25 110 108 113,3,25,15,15,18,18,18,var_0 counter_var_1 +,40,counter_var_0 var_1 +
7474,114 82 42 46 113,39,114 3 88 16 113,24,3,15,16,19,19,40,var_0 counter_var_1 +,18,counter_var_0 var_1 +
7475,114 34 26 25 113,30,114 88 100 75 113,5,1,25,13,3,8,18,var_0 counter_var_1 +,26,counter_var_0 var_1 +
7476,114 88 47 93 113,1,114 17 69 104 113,1,17,0,11,1,0,12,var_0 counter_var_1 +,17,counter_var_0 var_1 +
7477,114 0 30 99 113,6,114 26 18 72 113,0,26,6,10,7,18,10,var_0 counter_var_1 +,32,counter_var_0 var_1 +
7478,114 50 78 107 113,35,114 73 112 13 113,21,15,14,13,9,20,34,var_0 counter_var_1 +,29,counter_var_0 var_1 +
7479,114 95 13 18 113,26,114 105 11 6 113,8,18,18,6,13,11,14,var_0 counter_var_1 +,36,counter_var_0 var_1 +
7480,114 37 25 20 113,28,114 58 20 50 113,8,0,20,19,2,20,27,var_0 counter_var_1 +,20,counter_var_0 var_1 +
7481,114 77 40 76 113,33,114 39 79 58 113,19,10,14,27,17,10,46,var_0 counter_var_1 +,24,counter_var_0 var_1 +
7482,114 56 53 68 113,33,114 51 74 91 113,27,22,6,29,7,5,56,var_0 counter_var_1 +,28,counter_var_0 var_1 +
7483,114 58 105 111 113,18,114 34 9 70 113,0,5,18,8,13,9,8,var_0 counter_var_1 +,23,counter_var_0 var_1 +
7484,114 48 36 19 113,38,114 76 101 39 113,19,18,19,8,13,9,27,var_0 counter_var_1 +,37,counter_var_0 var_1 +
7485,114 40 45 103 113,21,114 75 73 73 113,11,17,10,11,22,4,22,var_0 counter_var_1 +,27,counter_var_0 var_1 +
7486,114 6 15 62 113,6,114 93 28 55 113,6,6,0,24,15,5,30,var_0 counter_var_1 +,6,counter_var_0 var_1 +
7487,114 39 0 38 113,17,114 13 72 81 113,10,13,7,19,0,3,29,var_0 counter_var_1 +,20,counter_var_0 var_1 +
7488,114 15 23 98 113,20,114 34 78 107 113,15,5,5,14,0,9,29,var_0 counter_var_1 +,10,counter_var_0 var_1 +
7489,114 69 50 27 113,38,114 93 34 47 113,11,6,27,16,4,11,27,var_0 counter_var_1 +,33,counter_var_0 var_1 +
7490,114 79 72 81 113,40,114 107 111 79 113,21,20,19,17,3,19,38,var_0 counter_var_1 +,39,counter_var_0 var_1 +
7491,114 26 103 61 113,56,114 90 40 76 113,26,3,30,14,11,17,40,var_0 counter_var_1 +,33,counter_var_0 var_1 +
7492,114 103 77 69 113,23,114 104 99 92 113,16,17,7,30,8,7,46,var_0 counter_var_1 +,24,counter_var_0 var_1 +
7493,114 105 27 101 113,26,114 32 95 109 113,18,3,8,16,4,3,34,var_0 counter_var_1 +,11,counter_var_0 var_1 +
7494,114 9 10 11 113,20,114 22 9 70 113,9,22,11,8,10,9,17,var_0 counter_var_1 +,33,counter_var_0 var_1 +
7495,114 23 69 104 113,34,114 75 111 79 113,23,17,11,17,0,19,40,var_0 counter_var_1 +,28,counter_var_0 var_1 +
7496,114 64 41 34 113,9,114 48 108 85 113,6,19,3,23,18,16,29,var_0 counter_var_1 +,22,counter_var_0 var_1 +
7497,114 82 27 101 113,32,114 11 33 14 113,24,11,8,14,4,10,38,var_0 counter_var_1 +,19,counter_var_0 var_1 +
7498,114 53 8 57 113,50,114 85 97 23 113,24,27,26,23,8,5,47,var_0 counter_var_1 +,53,counter_var_0 var_1 +
7499,114 78 26 25 113,45,114 40 47 93 113,20,11,25,0,3,1,20,var_0 counter_var_1 +,36,counter_var_0 var_1 +
7500,114 102 103 61 113,45,114 88 5 24 113,15,1,30,24,11,5,39,var_0 counter_var_1 +,31,counter_var_0 var_1 +
7501,114 16 6 64 113,18,114 36 30 99 113,16,7,2,6,6,7,22,var_0 counter_var_1 +,9,counter_var_0 var_1 +
7502,114 60 44 41 113,12,114 84 84 44 113,2,26,10,13,21,15,15,var_0 counter_var_1 +,36,counter_var_0 var_1 +
7503,114 28 54 53 113,50,114 82 83 3 113,28,24,22,3,8,14,31,var_0 counter_var_1 +,46,counter_var_0 var_1 +
7504,114 95 69 104 113,19,114 4 10 11 113,8,4,11,11,0,10,19,var_0 counter_var_1 +,15,counter_var_0 var_1 +
7505,114 18 65 67 113,23,114 85 54 53 113,18,27,5,22,19,8,40,var_0 counter_var_1 +,32,counter_var_0 var_1 +
7506,114 29 43 40 113,9,114 83 12 83 113,0,25,9,21,20,12,21,var_0 counter_var_1 +,34,counter_var_0 var_1 +
7507,114 31 43 40 113,11,114 100 83 3 113,2,13,9,3,20,14,5,var_0 counter_var_1 +,22,counter_var_0 var_1 +
7508,114 94 84 44 113,20,114 28 91 106 113,7,28,13,13,15,22,20,var_0 counter_var_1 +,41,counter_var_0 var_1 +
7509,114 106 31 82 113,39,114 36 37 110 113,19,7,20,17,8,14,36,var_0 counter_var_1 +,27,counter_var_0 var_1 +
7510,114 18 49 32 113,19,114 74 101 39 113,18,16,1,8,3,9,26,var_0 counter_var_1 +,17,counter_var_0 var_1 +
7511,114 6 105 111 113,24,114 44 20 50 113,6,15,18,19,13,20,25,var_0 counter_var_1 +,33,counter_var_0 var_1 +
7512,114 78 101 39 113,28,114 88 53 68 113,20,1,8,6,9,7,26,var_0 counter_var_1 +,9,counter_var_0 var_1 +
7513,114 37 110 108 113,23,114 95 20 50 113,8,8,15,19,18,20,27,var_0 counter_var_1 +,23,counter_var_0 var_1 +
7514,114 27 36 19 113,46,114 87 62 43 113,27,0,19,12,13,16,39,var_0 counter_var_1 +,19,counter_var_0 var_1 +
7515,114 16 73 73 113,27,114 102 68 71 113,16,15,11,9,4,22,25,var_0 counter_var_1 +,26,counter_var_0 var_1 +
7516,114 28 107 28 113,56,114 93 95 109 113,28,6,28,16,15,3,44,var_0 counter_var_1 +,34,counter_var_0 var_1 +
7517,114 43 58 2 113,16,114 63 82 90 113,14,5,2,28,12,13,42,var_0 counter_var_1 +,7,counter_var_0 var_1 +
7518,114 110 74 91 113,52,114 48 100 75 113,23,19,29,13,5,8,36,var_0 counter_var_1 +,48,counter_var_0 var_1 +
7519,114 30 109 65 113,4,114 22 28 55 113,1,22,3,24,17,5,25,var_0 counter_var_1 +,25,counter_var_0 var_1 +
7520,114 23 0 38 113,30,114 29 109 65 113,23,0,7,3,0,17,26,var_0 counter_var_1 +,7,counter_var_0 var_1 +
7521,114 41 3 86 113,36,114 47 62 43 113,12,18,24,12,3,16,24,var_0 counter_var_1 +,42,counter_var_0 var_1 +
7522,114 59 36 19 113,20,114 12 95 109 113,1,12,19,16,13,3,17,var_0 counter_var_1 +,31,counter_var_0 var_1 +
7523,114 9 103 61 113,39,114 30 21 49 113,9,1,30,18,11,21,27,var_0 counter_var_1 +,31,counter_var_0 var_1 +
7524,114 17 111 79 113,34,114 46 41 34 113,17,17,17,3,19,18,20,var_0 counter_var_1 +,34,counter_var_0 var_1 +
7525,114 7 79 58 113,34,114 88 17 112 113,7,1,27,19,10,17,26,var_0 counter_var_1 +,28,counter_var_0 var_1 +
7526,114 102 10 11 113,26,114 24 57 97 113,15,24,11,4,10,11,19,var_0 counter_var_1 +,35,counter_var_0 var_1 +
7527,114 1 15 62 113,1,114 90 12 83 113,1,3,0,21,15,12,22,var_0 counter_var_1 +,3,counter_var_0 var_1 +
7528,114 101 54 53 113,36,114 4 56 5 113,14,4,22,5,8,10,19,var_0 counter_var_1 +,26,counter_var_0 var_1 +
7529,114 46 20 50 113,36,114 75 30 99 113,17,17,19,6,20,7,23,var_0 counter_var_1 +,36,counter_var_0 var_1 +
7530,114 112 81 52 113,46,114 112 62 43 113,25,25,21,12,12,16,37,var_0 counter_var_1 +,46,counter_var_0 var_1 +
7531,114 83 56 5 113,30,114 40 90 102 113,25,11,5,9,10,21,34,var_0 counter_var_1 +,16,counter_var_0 var_1 +
7532,114 15 112 13 113,28,114 84 54 53 113,15,26,13,22,20,8,37,var_0 counter_var_1 +,39,counter_var_0 var_1 +
7533,114 29 83 3 113,3,114 36 52 9 113,0,7,3,9,14,6,9,var_0 counter_var_1 +,10,counter_var_0 var_1 +
7534,114 47 98 74 113,30,114 67 100 75 113,18,9,12,13,6,8,31,var_0 counter_var_1 +,21,counter_var_0 var_1 +
7535,114 49 21 49 113,38,114 55 30 99 113,20,26,18,6,21,7,26,var_0 counter_var_1 +,44,counter_var_0 var_1 +
7536,114 102 109 65 113,18,114 52 53 68 113,15,23,3,6,17,7,21,var_0 counter_var_1 +,26,counter_var_0 var_1 +
7537,114 55 9 70 113,34,114 16 58 2 113,26,16,8,2,9,12,28,var_0 counter_var_1 +,24,counter_var_0 var_1 +
7538,114 41 71 100 113,19,114 70 103 61 113,12,12,7,30,2,11,42,var_0 counter_var_1 +,19,counter_var_0 var_1 +
7539,114 86 25 20 113,48,114 21 16 21 113,28,21,20,21,2,16,49,var_0 counter_var_1 +,41,counter_var_0 var_1 +
7540,114 33 39 36 113,9,114 12 110 108 113,4,12,5,15,16,18,19,var_0 counter_var_1 +,17,counter_var_0 var_1 +
7541,114 52 65 67 113,28,114 23 23 98 113,23,23,5,5,19,0,28,var_0 counter_var_1 +,28,counter_var_0 var_1 +
7542,114 18 34 47 113,34,114 1 95 109 113,18,1,16,16,11,3,34,var_0 counter_var_1 +,17,counter_var_0 var_1 +
7543,114 98 102 45 113,25,114 82 78 107 113,11,24,14,14,10,9,25,var_0 counter_var_1 +,38,counter_var_0 var_1 +
7544,114 47 65 67 113,23,114 22 44 41 113,18,22,5,10,19,21,28,var_0 counter_var_1 +,27,counter_var_0 var_1 +
7545,114 53 7 22 113,46,114 40 111 79 113,24,11,22,17,7,19,41,var_0 counter_var_1 +,33,counter_var_0 var_1 +
7546,114 64 36 19 113,25,114 65 63 26 113,6,7,19,26,13,17,32,var_0 counter_var_1 +,26,counter_var_0 var_1 +
7547,114 75 52 9 113,26,114 90 39 36 113,17,3,9,5,6,16,22,var_0 counter_var_1 +,12,counter_var_0 var_1 +
7548,114 93 10 11 113,17,114 19 21 49 113,6,19,11,18,10,21,24,var_0 counter_var_1 +,30,counter_var_0 var_1 +
7549,114 16 23 98 113,21,114 44 27 101 113,16,15,5,8,0,4,24,var_0 counter_var_1 +,20,counter_var_0 var_1 +
7550,114 77 69 104 113,30,114 65 70 77 113,19,7,11,15,0,1,34,var_0 counter_var_1 +,18,counter_var_0 var_1 +
7551,114 0 26 25 113,25,114 106 74 91 113,0,19,25,29,3,5,29,var_0 counter_var_1 +,44,counter_var_0 var_1 +
7552,114 8 106 56 113,33,114 5 110 108 113,8,5,25,15,14,18,23,var_0 counter_var_1 +,30,counter_var_0 var_1 +
7553,114 74 98 74 113,28,114 65 74 91 113,16,7,12,29,6,5,45,var_0 counter_var_1 +,19,counter_var_0 var_1 +
7554,114 88 11 6 113,7,114 32 104 4 113,1,3,6,4,11,12,5,var_0 counter_var_1 +,9,counter_var_0 var_1 +
7555,114 6 0 38 113,13,114 59 95 109 113,6,1,7,16,0,3,22,var_0 counter_var_1 +,8,counter_var_0 var_1 +
7556,114 18 97 23 113,41,114 39 96 7 113,18,10,23,7,5,4,25,var_0 counter_var_1 +,33,counter_var_0 var_1 +
7557,114 91 103 61 113,34,114 45 90 102 113,4,16,30,9,11,21,13,var_0 counter_var_1 +,46,counter_var_0 var_1 +
7558,114 59 39 36 113,6,114 92 20 50 113,1,5,5,19,16,20,20,var_0 counter_var_1 +,10,counter_var_0 var_1 +
7559,114 36 13 18 113,25,114 92 29 17 113,7,5,18,17,13,6,24,var_0 counter_var_1 +,23,counter_var_0 var_1 +
7560,114 64 34 47 113,22,114 17 106 56 113,6,17,16,25,11,14,31,var_0 counter_var_1 +,33,counter_var_0 var_1 +
7561,114 94 76 54 113,30,114 50 99 92 113,7,21,23,30,7,7,37,var_0 counter_var_1 +,44,counter_var_0 var_1 +
7562,114 59 101 39 113,9,114 7 23 98 113,1,7,8,5,9,0,6,var_0 counter_var_1 +,15,counter_var_0 var_1 +
7563,114 87 17 112 113,19,114 61 86 94 113,0,3,19,1,17,17,1,var_0 counter_var_1 +,22,counter_var_0 var_1 +
7564,114 63 30 99 113,11,114 49 40 76 113,5,20,6,14,7,17,19,var_0 counter_var_1 +,26,counter_var_0 var_1 +
7565,114 20 52 9 113,29,114 47 65 67 113,20,18,9,5,6,19,25,var_0 counter_var_1 +,27,counter_var_0 var_1 +
7566,114 23 107 28 113,51,114 110 94 96 113,23,23,28,3,15,2,26,var_0 counter_var_1 +,51,counter_var_0 var_1 +
7567,114 65 26 25 113,32,114 71 54 53 113,7,13,25,22,3,8,29,var_0 counter_var_1 +,38,counter_var_0 var_1 +
7568,114 86 89 29 113,57,114 108 64 66 113,28,21,29,4,20,18,32,var_0 counter_var_1 +,50,counter_var_0 var_1 +
7569,114 14 58 2 113,16,114 93 36 19 113,14,6,2,19,12,13,33,var_0 counter_var_1 +,8,counter_var_0 var_1 +
7570,114 98 37 110 113,28,114 90 48 95 113,11,3,17,2,14,2,13,var_0 counter_var_1 +,20,counter_var_0 var_1 +
7571,114 61 80 48 113,20,114 98 82 90 113,3,11,17,28,11,13,31,var_0 counter_var_1 +,28,counter_var_0 var_1 +
7572,114 39 104 4 113,14,114 56 98 74 113,10,27,4,12,12,6,22,var_0 counter_var_1 +,31,counter_var_0 var_1 +
7573,114 39 6 64 113,12,114 40 70 77 113,10,11,2,15,6,1,25,var_0 counter_var_1 +,13,counter_var_0 var_1 +
7574,114 95 102 45 113,22,114 21 50 27 113,8,21,14,27,10,4,35,var_0 counter_var_1 +,35,counter_var_0 var_1 +
7575,114 31 72 81 113,21,114 89 53 68 113,2,2,19,6,3,7,8,var_0 counter_var_1 +,21,counter_var_0 var_1 +
7576,114 112 59 30 113,55,114 92 12 83 113,25,5,30,21,13,12,46,var_0 counter_var_1 +,35,counter_var_0 var_1 +
7577,114 91 71 100 113,11,114 67 60 63 113,4,9,7,1,2,14,5,var_0 counter_var_1 +,16,counter_var_0 var_1 +
7578,114 7 64 66 113,11,114 63 76 54 113,7,5,4,23,18,7,30,var_0 counter_var_1 +,9,counter_var_0 var_1 +
7579,114 98 55 10 113,21,114 59 86 94 113,11,1,10,1,9,17,12,var_0 counter_var_1 +,11,counter_var_0 var_1 +
7580,114 63 83 3 113,8,114 92 76 54 113,5,5,3,23,14,7,28,var_0 counter_var_1 +,8,counter_var_0 var_1 +
7581,114 107 96 7 113,27,114 45 27 101 113,20,16,7,8,4,4,28,var_0 counter_var_1 +,23,counter_var_0 var_1 +
7582,114 69 82 90 113,39,114 109 31 82 113,11,22,28,20,13,8,31,var_0 counter_var_1 +,50,counter_var_0 var_1 +
7583,114 4 80 48 113,21,114 58 42 46 113,4,0,17,15,11,19,19,var_0 counter_var_1 +,17,counter_var_0 var_1 +
7584,114 40 78 107 113,25,114 110 68 71 113,11,23,14,9,9,22,20,var_0 counter_var_1 +,37,counter_var_0 var_1 +
7585,114 42 25 20 113,33,114 56 82 90 113,13,27,20,28,2,13,41,var_0 counter_var_1 +,47,counter_var_0 var_1 +
7586,114 46 111 79 113,34,114 105 57 97 113,17,18,17,4,19,11,21,var_0 counter_var_1 +,35,counter_var_0 var_1 +
7587,114 26 94 96 113,29,114 72 11 6 113,26,14,3,6,2,11,32,var_0 counter_var_1 +,17,counter_var_0 var_1 +
7588,114 89 79 58 113,29,114 23 104 4 113,2,23,27,4,10,12,6,var_0 counter_var_1 +,50,counter_var_0 var_1 +
7589,114 91 45 103 113,14,114 106 66 88 113,4,19,10,26,22,20,30,var_0 counter_var_1 +,29,counter_var_0 var_1 +
7590,114 83 34 47 113,41,114 28 24 35 113,25,28,16,4,11,1,29,var_0 counter_var_1 +,44,counter_var_0 var_1 +
7591,114 47 109 65 113,21,114 80 30 99 113,18,22,3,6,17,7,24,var_0 counter_var_1 +,25,counter_var_0 var_1 +
7592,114 106 76 54 113,42,114 2 111 79 113,19,2,23,17,7,19,36,var_0 counter_var_1 +,25,counter_var_0 var_1 +
7593,114 52 60 63 113,24,114 60 2 84 113,23,2,1,22,14,2,45,var_0 counter_var_1 +,3,counter_var_0 var_1 +
7594,114 26 48 95 113,28,114 110 28 55 113,26,23,2,24,2,5,50,var_0 counter_var_1 +,25,counter_var_0 var_1 +
7595,114 69 85 31 113,11,114 104 21 49 113,11,17,0,18,16,21,29,var_0 counter_var_1 +,17,counter_var_0 var_1 +
7596,114 109 45 103 113,32,114 104 102 45 113,22,17,10,14,22,10,36,var_0 counter_var_1 +,27,counter_var_0 var_1 +
7597,114 54 42 46 113,40,114 100 32 1 113,25,13,15,1,19,9,26,var_0 counter_var_1 +,28,counter_var_0 var_1 +
7598,114 106 98 74 113,31,114 94 105 111 113,19,7,12,18,6,13,37,var_0 counter_var_1 +,19,counter_var_0 var_1 +
7599,114 85 18 72 113,37,114 86 53 68 113,27,28,10,6,18,7,33,var_0 counter_var_1 +,38,counter_var_0 var_1 +
7600,114 77 65 67 113,24,114 76 34 47 113,19,18,5,16,19,11,35,var_0 counter_var_1 +,23,counter_var_0 var_1 +
7601,114 23 33 14 113,37,114 101 76 54 113,23,14,14,23,10,7,46,var_0 counter_var_1 +,28,counter_var_0 var_1 +
7602,114 52 46 87 113,48,114 35 84 44 113,23,6,25,13,0,15,36,var_0 counter_var_1 +,31,counter_var_0 var_1 +
7603,114 12 71 100 113,19,114 39 13 18 113,12,10,7,18,2,13,30,var_0 counter_var_1 +,17,counter_var_0 var_1 +
7604,114 63 55 10 113,15,114 14 75 8 113,5,14,10,8,9,6,13,var_0 counter_var_1 +,24,counter_var_0 var_1 +
7605,114 54 60 63 113,26,114 93 93 105 113,25,6,1,12,14,1,37,var_0 counter_var_1 +,7,counter_var_0 var_1 +
7606,114 22 45 103 113,32,114 52 5 24 113,22,23,10,24,22,5,46,var_0 counter_var_1 +,33,counter_var_0 var_1 +
7607,114 102 52 9 113,24,114 90 29 17 113,15,3,9,17,6,6,32,var_0 counter_var_1 +,12,counter_var_0 var_1 +
7608,114 65 85 31 113,7,114 22 63 26 113,7,22,0,26,16,17,33,var_0 counter_var_1 +,22,counter_var_0 var_1 +
7609,114 46 93 105 113,29,114 15 5 24 113,17,15,12,24,1,5,41,var_0 counter_var_1 +,27,counter_var_0 var_1 +
7610,114 58 58 2 113,2,114 57 50 27 113,0,28,2,27,12,4,27,var_0 counter_var_1 +,30,counter_var_0 var_1 +
7611,114 41 19 15 113,27,114 57 3 86 113,12,28,15,24,19,3,36,var_0 counter_var_1 +,43,counter_var_0 var_1 +
7612,114 72 95 109 113,30,114 81 56 5 113,14,23,16,5,3,10,19,var_0 counter_var_1 +,39,counter_var_0 var_1 +
7613,114 65 100 75 113,20,114 42 105 111 113,7,13,13,18,8,13,25,var_0 counter_var_1 +,26,counter_var_0 var_1 +
7614,114 58 110 108 113,15,114 23 87 60 113,0,23,15,29,18,18,29,var_0 counter_var_1 +,38,counter_var_0 var_1 +
7615,114 64 99 92 113,36,114 78 65 67 113,6,20,30,5,7,19,11,var_0 counter_var_1 +,50,counter_var_0 var_1 +
7616,114 2 110 108 113,17,114 17 20 50 113,2,17,15,19,18,20,21,var_0 counter_var_1 +,32,counter_var_0 var_1 +
7617,114 35 64 66 113,10,114 33 18 72 113,6,4,4,10,18,18,16,var_0 counter_var_1 +,8,counter_var_0 var_1 +
7618,114 105 35 37 113,24,114 30 62 43 113,18,1,6,12,12,16,30,var_0 counter_var_1 +,7,counter_var_0 var_1 +
7619,114 65 79 58 113,34,114 39 6 64 113,7,10,27,2,10,6,9,var_0 counter_var_1 +,37,counter_var_0 var_1 +
7620,114 97 45 103 113,20,114 10 94 96 113,10,10,10,3,22,2,13,var_0 counter_var_1 +,20,counter_var_0 var_1 +
7621,114 34 110 108 113,20,114 53 107 28 113,5,24,15,28,18,15,33,var_0 counter_var_1 +,39,counter_var_0 var_1 +
7622,114 66 3 86 113,32,114 30 87 60 113,8,1,24,29,3,18,37,var_0 counter_var_1 +,25,counter_var_0 var_1 +
7623,114 36 11 6 113,13,114 39 22 12 113,7,10,6,12,11,22,19,var_0 counter_var_1 +,16,counter_var_0 var_1 +
7624,114 23 26 25 113,48,114 38 53 68 113,23,9,25,6,3,7,29,var_0 counter_var_1 +,34,counter_var_0 var_1 +
7625,114 101 70 77 113,29,114 8 10 11 113,14,8,15,11,1,10,25,var_0 counter_var_1 +,23,counter_var_0 var_1 +
7626,114 97 25 20 113,30,114 78 104 4 113,10,20,20,4,2,12,14,var_0 counter_var_1 +,40,counter_var_0 var_1 +
7627,114 110 29 17 113,40,114 6 0 38 113,23,6,17,7,6,0,30,var_0 counter_var_1 +,23,counter_var_0 var_1 +
7628,114 94 112 13 113,20,114 32 38 59 113,7,3,13,28,20,15,35,var_0 counter_var_1 +,16,counter_var_0 var_1 +
7629,114 104 74 91 113,46,114 5 5 24 113,17,5,29,24,5,5,41,var_0 counter_var_1 +,34,counter_var_0 var_1 +
7630,114 100 29 17 113,30,114 81 25 20 113,13,23,17,20,6,2,33,var_0 counter_var_1 +,40,counter_var_0 var_1 +
7631,114 63 5 24 113,29,114 91 104 4 113,5,4,24,4,5,12,9,var_0 counter_var_1 +,28,counter_var_0 var_1 +
7632,114 109 48 95 113,24,114 41 49 32 113,22,12,2,1,2,3,23,var_0 counter_var_1 +,14,counter_var_0 var_1 +
7633,114 25 104 4 113,29,114 60 84 44 113,25,2,4,13,12,15,38,var_0 counter_var_1 +,6,counter_var_0 var_1 +
7634,114 99 97 23 113,35,114 86 13 18 113,12,28,23,18,5,13,30,var_0 counter_var_1 +,51,counter_var_0 var_1 +
7635,114 104 9 70 113,25,114 29 107 28 113,17,0,8,28,9,15,45,var_0 counter_var_1 +,8,counter_var_0 var_1 +
7636,114 69 29 17 113,28,114 65 96 7 113,11,7,17,7,6,4,18,var_0 counter_var_1 +,24,counter_var_0 var_1 +
7637,114 59 96 7 113,8,114 45 38 59 113,1,16,7,28,4,15,29,var_0 counter_var_1 +,23,counter_var_0 var_1 +
7638,114 3 11 6 113,9,114 98 19 15 113,3,11,6,15,11,19,18,var_0 counter_var_1 +,17,counter_var_0 var_1 +
7639,114 8 110 108 113,23,114 29 9 70 113,8,0,15,8,18,9,16,var_0 counter_var_1 +,15,counter_var_0 var_1 +
7640,114 17 57 97 113,21,114 46 86 94 113,17,17,4,1,11,17,18,var_0 counter_var_1 +,21,counter_var_0 var_1 +
7641,114 27 98 74 113,39,114 85 10 11 113,27,27,12,11,6,10,38,var_0 counter_var_1 +,39,counter_var_0 var_1 +
7642,114 40 52 9 113,20,114 50 106 56 113,11,21,9,25,6,14,36,var_0 counter_var_1 +,30,counter_var_0 var_1 +
7643,114 21 17 112 113,40,114 17 86 94 113,21,17,19,1,17,17,22,var_0 counter_var_1 +,36,counter_var_0 var_1 +
7644,114 102 89 29 113,44,114 66 70 77 113,15,8,29,15,20,1,30,var_0 counter_var_1 +,37,counter_var_0 var_1 +
7645,114 64 88 16 113,22,114 9 31 82 113,6,9,16,20,19,8,26,var_0 counter_var_1 +,25,counter_var_0 var_1 +
7646,114 75 6 64 113,19,114 57 4 78 113,17,28,2,16,6,4,33,var_0 counter_var_1 +,30,counter_var_0 var_1 +
7647,114 6 58 2 113,8,114 13 45 103 113,6,13,2,10,12,22,16,var_0 counter_var_1 +,15,counter_var_0 var_1 +
7648,114 80 53 68 113,28,114 53 54 53 113,22,24,6,22,7,8,44,var_0 counter_var_1 +,30,counter_var_0 var_1 +
7649,114 39 55 10 113,20,114 28 96 7 113,10,28,10,7,9,4,17,var_0 counter_var_1 +,38,counter_var_0 var_1 +
7650,114 15 54 53 113,37,114 41 38 59 113,15,12,22,28,8,15,43,var_0 counter_var_1 +,34,counter_var_0 var_1 +
7651,114 83 27 101 113,33,114 79 21 49 113,25,21,8,18,4,21,43,var_0 counter_var_1 +,29,counter_var_0 var_1 +
7652,114 93 76 54 113,29,114 3 71 100 113,6,3,23,7,7,2,13,var_0 counter_var_1 +,26,counter_var_0 var_1 +
7653,114 79 8 57 113,47,114 96 39 36 113,21,9,26,5,8,16,26,var_0 counter_var_1 +,35,counter_var_0 var_1 +
7654,114 110 111 79 113,40,114 4 41 34 113,23,4,17,3,19,18,26,var_0 counter_var_1 +,21,counter_var_0 var_1 +
7655,114 92 99 92 113,35,114 67 59 30 113,5,9,30,30,7,13,35,var_0 counter_var_1 +,39,counter_var_0 var_1 +
7656,114 4 17 112 113,23,114 75 50 27 113,4,17,19,27,17,4,31,var_0 counter_var_1 +,36,counter_var_0 var_1 +
7657,114 62 102 45 113,18,114 11 100 75 113,4,11,14,13,10,8,17,var_0 counter_var_1 +,25,counter_var_0 var_1 +
7658,114 13 27 101 113,21,114 30 57 97 113,13,1,8,4,4,11,17,var_0 counter_var_1 +,9,counter_var_0 var_1 +
7659,114 63 8 57 113,31,114 66 13 18 113,5,8,26,18,8,13,23,var_0 counter_var_1 +,34,counter_var_0 var_1 +
7660,114 27 91 106 113,40,114 16 83 3 113,27,16,13,3,22,14,30,var_0 counter_var_1 +,29,counter_var_0 var_1 +
