,data,labels,counterfactual_data,var_0,counter_var_0,var_1,counter_var_1,aux_0,counter_aux_0,CF_Label_0,CF_FN_0,CF_Label_1,CF_FN_1
0,115 84 63 43 113,43,115 78 38 20 113,26,20,17,15,12,20,41,var_0 counter_var_1 +,37,counter_var_0 var_1 +
1,115 34 42 55 113,24,115 60 61 18 113,5,2,19,15,24,18,20,var_0 counter_var_1 +,21,counter_var_0 var_1 +
2,115 29 55 48 113,9,115 22 109 79 113,0,22,9,17,17,17,17,var_0 counter_var_1 +,31,counter_var_0 var_1 +
3,115 51 92 2 113,22,115 24 86 45 113,22,24,0,17,2,14,39,var_0 counter_var_1 +,24,counter_var_0 var_1 +
4,115 41 53 51 113,19,115 21 97 81 113,12,21,7,5,20,19,17,var_0 counter_var_1 +,28,counter_var_0 var_1 +
5,115 82 91 33 113,46,115 51 88 66 113,24,22,22,19,2,4,43,var_0 counter_var_1 +,44,counter_var_0 var_1 +
6,115 91 101 104 113,13,115 28 68 100 113,4,28,9,22,11,7,26,var_0 counter_var_1 +,37,counter_var_0 var_1 +
7,115 45 34 27 113,27,115 111 103 49 113,16,24,11,11,27,18,27,var_0 counter_var_1 +,35,counter_var_0 var_1 +
8,115 18 109 79 113,35,115 44 101 104 113,18,15,17,9,17,11,27,var_0 counter_var_1 +,32,counter_var_0 var_1 +
9,115 9 69 99 113,9,115 102 23 4 113,9,15,0,0,6,4,9,var_0 counter_var_1 +,15,counter_var_0 var_1 +
10,115 37 41 22 113,26,115 40 49 72 113,8,11,18,3,22,10,11,var_0 counter_var_1 +,29,counter_var_0 var_1 +
11,115 78 2 63 113,22,115 111 42 55 113,20,24,2,19,1,24,39,var_0 counter_var_1 +,26,counter_var_0 var_1 +
12,115 12 25 111 113,14,115 0 111 12 113,12,0,2,19,18,12,31,var_0 counter_var_1 +,2,counter_var_0 var_1 +
13,115 92 69 99 113,5,115 81 112 103 113,5,23,0,20,6,10,25,var_0 counter_var_1 +,23,counter_var_0 var_1 +
14,115 90 50 77 113,7,115 105 20 8 113,3,18,4,20,15,8,23,var_0 counter_var_1 +,22,counter_var_0 var_1 +
15,115 99 8 26 113,20,115 102 93 37 113,12,15,8,1,26,6,13,var_0 counter_var_1 +,23,counter_var_0 var_1 +
16,115 0 58 98 113,12,115 85 99 85 113,0,27,12,7,5,23,7,var_0 counter_var_1 +,39,counter_var_0 var_1 +
17,115 90 52 95 113,9,115 107 72 71 113,3,20,6,3,2,9,6,var_0 counter_var_1 +,26,counter_var_0 var_1 +
18,115 76 10 68 113,28,115 82 14 24 113,18,24,10,14,6,24,32,var_0 counter_var_1 +,34,counter_var_0 var_1 +
19,115 110 1 40 113,24,115 59 85 3 113,23,1,1,16,9,3,39,var_0 counter_var_1 +,2,counter_var_0 var_1 +
20,115 25 32 64 113,34,115 82 97 81 113,25,24,9,5,2,19,30,var_0 counter_var_1 +,33,counter_var_0 var_1 +
21,115 75 50 77 113,21,115 108 80 31 113,17,21,4,11,15,0,28,var_0 counter_var_1 +,25,counter_var_0 var_1 +
22,115 57 108 58 113,44,115 83 74 13 113,28,25,16,5,27,13,33,var_0 counter_var_1 +,41,counter_var_0 var_1 +
23,115 100 39 14 113,29,115 77 74 13 113,13,19,16,5,14,13,18,var_0 counter_var_1 +,35,counter_var_0 var_1 +
24,115 25 12 21 113,37,115 51 83 38 113,25,22,12,14,21,7,39,var_0 counter_var_1 +,34,counter_var_0 var_1 +
25,115 111 76 93 113,31,115 13 98 78 113,24,13,7,6,0,16,30,var_0 counter_var_1 +,20,counter_var_0 var_1 +
26,115 90 77 105 113,11,115 3 43 110 113,3,3,8,20,12,17,23,var_0 counter_var_1 +,11,counter_var_0 var_1 +
27,115 26 63 43 113,43,115 29 2 63 113,26,0,17,2,12,1,28,var_0 counter_var_1 +,17,counter_var_0 var_1 +
28,115 14 16 94 113,30,115 83 57 1 113,14,25,16,11,1,1,25,var_0 counter_var_1 +,41,counter_var_0 var_1 +
29,115 39 31 109 113,18,115 25 23 4 113,10,25,8,0,16,4,10,var_0 counter_var_1 +,33,counter_var_0 var_1 +
30,115 108 64 19 113,39,115 84 52 95 113,21,26,18,6,19,2,27,var_0 counter_var_1 +,44,counter_var_0 var_1 +
31,115 74 98 78 113,22,115 102 92 2 113,16,15,6,0,16,2,16,var_0 counter_var_1 +,21,counter_var_0 var_1 +
32,115 39 8 26 113,18,115 50 101 104 113,10,21,8,9,26,11,19,var_0 counter_var_1 +,29,counter_var_0 var_1 +
33,115 102 58 98 113,27,115 95 103 49 113,15,8,12,11,5,18,26,var_0 counter_var_1 +,20,counter_var_0 var_1 +
34,115 95 96 6 113,12,115 47 18 73 113,8,18,4,18,6,11,26,var_0 counter_var_1 +,22,counter_var_0 var_1 +
35,115 31 43 110 113,22,115 19 54 83 113,2,19,20,8,17,21,10,var_0 counter_var_1 +,39,counter_var_0 var_1 +
36,115 18 35 9 113,30,115 34 64 19 113,18,5,12,18,9,19,36,var_0 counter_var_1 +,17,counter_var_0 var_1 +
37,115 2 85 3 113,18,115 29 81 54 113,2,0,16,12,3,23,14,var_0 counter_var_1 +,16,counter_var_0 var_1 +
38,115 41 5 47 113,17,115 56 3 15 113,12,27,5,3,16,15,15,var_0 counter_var_1 +,32,counter_var_0 var_1 +
39,115 102 69 99 113,15,115 112 69 99 113,15,25,0,0,6,6,15,var_0 counter_var_1 +,25,counter_var_0 var_1 +
40,115 44 1 40 113,16,115 21 31 109 113,15,21,1,8,9,16,23,var_0 counter_var_1 +,22,counter_var_0 var_1 +
41,115 62 23 4 113,4,115 11 1 40 113,4,11,0,1,4,9,5,var_0 counter_var_1 +,11,counter_var_0 var_1 +
42,115 52 83 38 113,37,115 6 112 103 113,23,6,14,20,7,10,43,var_0 counter_var_1 +,20,counter_var_0 var_1 +
43,115 2 97 81 113,7,115 72 87 69 113,2,14,5,18,19,7,20,var_0 counter_var_1 +,19,counter_var_0 var_1 +
44,115 43 59 23 113,27,115 82 8 26 113,14,24,13,8,23,26,22,var_0 counter_var_1 +,37,counter_var_0 var_1 +
45,115 108 89 28 113,41,115 67 81 54 113,21,9,20,12,28,23,33,var_0 counter_var_1 +,29,counter_var_0 var_1 +
46,115 90 45 76 113,25,115 23 80 31 113,3,23,22,11,14,0,14,var_0 counter_var_1 +,45,counter_var_0 var_1 +
47,115 81 84 32 113,38,115 20 103 49 113,23,20,15,11,1,18,34,var_0 counter_var_1 +,35,counter_var_0 var_1 +
48,115 41 88 66 113,31,115 32 14 24 113,12,3,19,14,4,24,26,var_0 counter_var_1 +,22,counter_var_0 var_1 +
49,115 47 27 88 113,22,115 84 96 6 113,18,26,4,4,26,6,22,var_0 counter_var_1 +,30,counter_var_0 var_1 +
50,115 83 1 40 113,26,115 4 101 104 113,25,4,1,9,9,11,34,var_0 counter_var_1 +,5,counter_var_0 var_1 +
51,115 14 56 59 113,24,115 72 41 22 113,14,14,10,18,28,22,32,var_0 counter_var_1 +,24,counter_var_0 var_1 +
52,115 8 27 88 113,12,115 7 53 51 113,8,7,4,7,26,20,15,var_0 counter_var_1 +,11,counter_var_0 var_1 +
53,115 103 61 18 113,31,115 88 104 84 113,16,1,15,12,18,22,28,var_0 counter_var_1 +,16,counter_var_0 var_1 +
54,115 25 106 35 113,39,115 66 87 69 113,25,8,14,18,4,7,43,var_0 counter_var_1 +,22,counter_var_0 var_1 +
55,115 26 97 81 113,31,115 20 71 74 113,26,20,5,2,19,12,28,var_0 counter_var_1 +,25,counter_var_0 var_1 +
56,115 94 88 66 113,26,115 34 84 32 113,7,5,19,15,4,1,22,var_0 counter_var_1 +,24,counter_var_0 var_1 +
57,115 108 75 82 113,27,115 29 107 60 113,21,0,6,15,20,29,36,var_0 counter_var_1 +,6,counter_var_0 var_1 +
58,115 28 77 105 113,36,115 101 84 32 113,28,14,8,15,12,1,43,var_0 counter_var_1 +,22,counter_var_0 var_1 +
59,115 51 3 15 113,25,115 111 94 39 113,22,24,3,2,15,8,24,var_0 counter_var_1 +,27,counter_var_0 var_1 +
60,115 21 48 89 113,23,115 110 70 36 113,21,23,2,1,27,5,22,var_0 counter_var_1 +,25,counter_var_0 var_1 +
61,115 110 22 75 113,45,115 100 14 24 113,23,13,22,14,13,24,37,var_0 counter_var_1 +,35,counter_var_0 var_1 +
62,115 7 80 31 113,18,115 97 30 70 113,7,10,11,7,0,8,14,var_0 counter_var_1 +,21,counter_var_0 var_1 +
63,115 64 4 52 113,10,115 75 22 75 113,6,17,4,22,21,13,28,var_0 counter_var_1 +,21,counter_var_0 var_1 +
64,115 103 33 50 113,26,115 99 104 84 113,16,12,10,12,19,22,28,var_0 counter_var_1 +,22,counter_var_0 var_1 +
65,115 102 75 82 113,21,115 85 85 3 113,15,27,6,16,20,3,31,var_0 counter_var_1 +,33,counter_var_0 var_1 +
66,115 89 73 96 113,6,115 91 13 91 113,2,4,4,13,3,29,15,var_0 counter_var_1 +,8,counter_var_0 var_1 +
67,115 30 10 68 113,11,115 93 15 53 113,1,6,10,15,6,22,16,var_0 counter_var_1 +,16,counter_var_0 var_1 +
68,115 77 85 3 113,35,115 103 46 80 113,19,16,16,0,3,18,19,var_0 counter_var_1 +,32,counter_var_0 var_1 +
69,115 18 43 110 113,38,115 94 52 95 113,18,7,20,6,17,2,24,var_0 counter_var_1 +,27,counter_var_0 var_1 +
70,115 32 104 84 113,15,115 109 30 70 113,3,22,12,7,22,8,10,var_0 counter_var_1 +,34,counter_var_0 var_1 +
71,115 24 90 90 113,45,115 35 62 41 113,24,6,21,16,28,10,40,var_0 counter_var_1 +,27,counter_var_0 var_1 +
72,115 68 4 52 113,14,115 107 63 43 113,10,20,4,17,21,12,27,var_0 counter_var_1 +,24,counter_var_0 var_1 +
73,115 104 58 98 113,29,115 62 67 46 113,17,4,12,21,5,15,38,var_0 counter_var_1 +,16,counter_var_0 var_1 +
74,115 14 76 93 113,21,115 59 9 87 113,14,1,7,9,0,25,23,var_0 counter_var_1 +,8,counter_var_0 var_1 +
75,115 112 41 22 113,43,115 5 70 36 113,25,5,18,1,22,5,26,var_0 counter_var_1 +,23,counter_var_0 var_1 +
76,115 111 58 98 113,36,115 105 13 91 113,24,18,12,13,5,29,37,var_0 counter_var_1 +,30,counter_var_0 var_1 +
77,115 40 57 1 113,22,115 53 20 8 113,11,24,11,20,1,8,31,var_0 counter_var_1 +,35,counter_var_0 var_1 +
78,115 36 26 112 113,10,115 14 85 3 113,7,14,3,16,19,3,23,var_0 counter_var_1 +,17,counter_var_0 var_1 +
79,115 54 75 82 113,31,115 4 21 92 113,25,4,6,21,20,30,46,var_0 counter_var_1 +,10,counter_var_0 var_1 +
80,115 88 26 112 113,4,115 60 107 60 113,1,2,3,15,19,29,16,var_0 counter_var_1 +,5,counter_var_0 var_1 +
81,115 93 96 6 113,10,115 57 110 61 113,6,28,4,18,6,30,24,var_0 counter_var_1 +,32,counter_var_0 var_1 +
82,115 8 46 80 113,8,115 84 55 48 113,8,26,0,9,18,17,17,var_0 counter_var_1 +,26,counter_var_0 var_1 +
83,115 66 91 33 113,30,115 88 10 68 113,8,1,22,10,2,6,18,var_0 counter_var_1 +,23,counter_var_0 var_1 +
84,115 27 42 55 113,46,115 54 104 84 113,27,25,19,12,24,22,39,var_0 counter_var_1 +,44,counter_var_0 var_1 +
85,115 83 63 43 113,42,115 93 31 109 113,25,6,17,8,12,16,33,var_0 counter_var_1 +,23,counter_var_0 var_1 +
86,115 14 43 110 113,34,115 110 25 111 113,14,23,20,2,17,18,16,var_0 counter_var_1 +,43,counter_var_0 var_1 +
87,115 48 65 17 113,38,115 79 8 26 113,19,21,19,8,17,26,27,var_0 counter_var_1 +,40,counter_var_0 var_1 +
88,115 73 75 82 113,21,115 41 94 39 113,15,12,6,2,20,8,17,var_0 counter_var_1 +,18,counter_var_0 var_1 +
89,115 105 13 91 113,31,115 43 21 92 113,18,14,13,21,29,30,39,var_0 counter_var_1 +,27,counter_var_0 var_1 +
90,115 31 25 111 113,4,115 24 25 111 113,2,24,2,2,18,18,4,var_0 counter_var_1 +,26,counter_var_0 var_1 +
91,115 101 97 81 113,19,115 44 110 61 113,14,15,5,18,19,30,32,var_0 counter_var_1 +,20,counter_var_0 var_1 +
92,115 96 53 51 113,16,115 40 27 88 113,9,11,7,4,20,26,13,var_0 counter_var_1 +,18,counter_var_0 var_1 +
93,115 77 109 79 113,36,115 54 111 12 113,19,25,17,19,17,12,38,var_0 counter_var_1 +,42,counter_var_0 var_1 +
94,115 5 45 76 113,27,115 102 91 33 113,5,15,22,22,14,2,27,var_0 counter_var_1 +,37,counter_var_0 var_1 +
95,115 19 17 108 113,36,115 45 56 59 113,19,16,17,10,15,28,29,var_0 counter_var_1 +,33,counter_var_0 var_1 +
96,115 48 84 32 113,34,115 32 78 65 113,19,3,15,9,1,3,28,var_0 counter_var_1 +,18,counter_var_0 var_1 +
97,115 15 91 33 113,37,115 95 36 106 113,15,8,22,13,2,13,28,var_0 counter_var_1 +,30,counter_var_0 var_1 +
98,115 44 69 99 113,15,115 26 72 71 113,15,26,0,3,6,9,18,var_0 counter_var_1 +,26,counter_var_0 var_1 +
99,115 112 42 55 113,44,115 10 73 96 113,25,10,19,4,24,3,29,var_0 counter_var_1 +,29,counter_var_0 var_1 +
100,115 89 31 109 113,10,115 79 25 111 113,2,21,8,2,16,18,4,var_0 counter_var_1 +,29,counter_var_0 var_1 +
101,115 78 6 56 113,26,115 9 101 104 113,20,9,6,9,25,11,29,var_0 counter_var_1 +,15,counter_var_0 var_1 +
102,115 73 29 25 113,21,115 44 4 52 113,15,15,6,4,25,21,19,var_0 counter_var_1 +,21,counter_var_0 var_1 +
103,115 57 26 112 113,31,115 32 112 103 113,28,3,3,20,19,10,48,var_0 counter_var_1 +,6,counter_var_0 var_1 +
104,115 4 5 47 113,9,115 44 103 49 113,4,15,5,11,16,18,15,var_0 counter_var_1 +,20,counter_var_0 var_1 +
105,115 13 23 4 113,13,115 109 73 96 113,13,22,0,4,4,3,17,var_0 counter_var_1 +,22,counter_var_0 var_1 +
106,115 17 101 104 113,26,115 13 82 67 113,17,13,9,13,11,5,30,var_0 counter_var_1 +,22,counter_var_0 var_1 +
107,115 82 86 45 113,41,115 30 88 66 113,24,1,17,19,14,4,43,var_0 counter_var_1 +,18,counter_var_0 var_1 +
108,115 70 93 37 113,13,115 3 87 69 113,12,3,1,18,6,7,30,var_0 counter_var_1 +,4,counter_var_0 var_1 +
109,115 74 87 69 113,34,115 89 97 81 113,16,2,18,5,7,19,21,var_0 counter_var_1 +,20,counter_var_0 var_1 +
110,115 33 85 3 113,20,115 96 62 41 113,4,9,16,16,3,10,20,var_0 counter_var_1 +,25,counter_var_0 var_1 +
111,115 70 25 111 113,14,115 112 38 20 113,12,25,2,15,18,20,27,var_0 counter_var_1 +,27,counter_var_0 var_1 +
112,115 37 38 20 113,23,115 62 108 58 113,8,4,15,16,20,27,24,var_0 counter_var_1 +,19,counter_var_0 var_1 +
113,115 62 64 19 113,22,115 62 101 104 113,4,4,18,9,19,11,13,var_0 counter_var_1 +,22,counter_var_0 var_1 +
114,115 52 112 103 113,43,115 51 18 73 113,23,22,20,18,10,11,41,var_0 counter_var_1 +,42,counter_var_0 var_1 +
115,115 83 16 94 113,41,115 21 68 100 113,25,21,16,22,1,7,47,var_0 counter_var_1 +,37,counter_var_0 var_1 +
116,115 96 46 80 113,9,115 28 38 20 113,9,28,0,15,18,20,24,var_0 counter_var_1 +,28,counter_var_0 var_1 +
117,115 2 51 97 113,7,115 88 68 100 113,2,1,5,22,4,7,24,var_0 counter_var_1 +,6,counter_var_0 var_1 +
118,115 6 70 36 113,7,115 6 78 65 113,6,6,1,9,5,3,15,var_0 counter_var_1 +,7,counter_var_0 var_1 +
119,115 50 112 103 113,41,115 102 19 86 113,21,15,20,19,10,24,40,var_0 counter_var_1 +,35,counter_var_0 var_1 +
120,115 34 31 109 113,13,115 14 10 68 113,5,14,8,10,16,6,15,var_0 counter_var_1 +,22,counter_var_0 var_1 +
121,115 0 41 22 113,18,115 9 112 103 113,0,9,18,20,22,10,20,var_0 counter_var_1 +,27,counter_var_0 var_1 +
122,115 80 58 98 113,34,115 42 109 79 113,22,13,12,17,5,17,39,var_0 counter_var_1 +,25,counter_var_0 var_1 +
123,115 83 3 15 113,28,115 68 25 111 113,25,10,3,2,15,18,27,var_0 counter_var_1 +,13,counter_var_0 var_1 +
124,115 77 53 51 113,26,115 39 49 72 113,19,10,7,3,20,10,22,var_0 counter_var_1 +,17,counter_var_0 var_1 +
125,115 51 8 26 113,30,115 107 89 28 113,22,20,8,20,26,28,42,var_0 counter_var_1 +,28,counter_var_0 var_1 +
126,115 61 38 20 113,18,115 48 104 84 113,3,19,15,12,20,22,15,var_0 counter_var_1 +,34,counter_var_0 var_1 +
127,115 45 52 95 113,22,115 4 58 98 113,16,4,6,12,2,5,28,var_0 counter_var_1 +,10,counter_var_0 var_1 +
128,115 109 108 58 113,38,115 47 86 45 113,22,18,16,17,27,14,39,var_0 counter_var_1 +,34,counter_var_0 var_1 +
129,115 68 45 76 113,32,115 47 37 42 113,10,18,22,14,14,11,24,var_0 counter_var_1 +,40,counter_var_0 var_1 +
130,115 50 68 100 113,43,115 112 77 105 113,21,25,22,8,7,12,29,var_0 counter_var_1 +,47,counter_var_0 var_1 +
131,115 80 45 76 113,44,115 100 33 50 113,22,13,22,10,14,19,32,var_0 counter_var_1 +,35,counter_var_0 var_1 +
132,115 47 74 13 113,23,115 79 27 88 113,18,21,5,4,13,26,22,var_0 counter_var_1 +,26,counter_var_0 var_1 +
133,115 16 108 58 113,32,115 0 50 77 113,16,0,16,4,27,15,20,var_0 counter_var_1 +,16,counter_var_0 var_1 +
134,115 92 43 110 113,25,115 12 26 112 113,5,12,20,3,17,19,8,var_0 counter_var_1 +,32,counter_var_0 var_1 +
135,115 96 41 22 113,27,115 104 109 79 113,9,17,18,17,22,17,26,var_0 counter_var_1 +,35,counter_var_0 var_1 +
136,115 46 82 67 113,30,115 93 48 89 113,17,6,13,2,5,27,19,var_0 counter_var_1 +,19,counter_var_0 var_1 +
137,115 107 6 56 113,26,115 93 65 17 113,20,6,6,19,25,17,39,var_0 counter_var_1 +,12,counter_var_0 var_1 +
138,115 27 101 104 113,36,115 61 106 35 113,27,3,9,14,11,4,41,var_0 counter_var_1 +,12,counter_var_0 var_1 +
139,115 111 109 79 113,41,115 110 65 17 113,24,23,17,19,17,17,43,var_0 counter_var_1 +,40,counter_var_0 var_1 +
140,115 39 34 27 113,21,115 55 54 83 113,10,26,11,8,27,21,18,var_0 counter_var_1 +,37,counter_var_0 var_1 +
141,115 83 35 9 113,37,115 35 6 56 113,25,6,12,6,9,25,31,var_0 counter_var_1 +,18,counter_var_0 var_1 +
142,115 19 34 27 113,30,115 80 6 56 113,19,22,11,6,27,25,25,var_0 counter_var_1 +,33,counter_var_0 var_1 +
143,115 86 31 109 113,36,115 104 58 98 113,28,17,8,12,16,5,40,var_0 counter_var_1 +,25,counter_var_0 var_1 +
144,115 28 63 43 113,45,115 2 96 6 113,28,2,17,4,12,6,32,var_0 counter_var_1 +,19,counter_var_0 var_1 +
145,115 98 80 31 113,22,115 51 13 91 113,11,22,11,13,0,29,24,var_0 counter_var_1 +,33,counter_var_0 var_1 +
146,115 91 66 102 113,24,115 64 55 48 113,4,6,20,9,9,17,13,var_0 counter_var_1 +,26,counter_var_0 var_1 +
147,115 35 22 75 113,28,115 2 36 106 113,6,2,22,13,13,13,19,var_0 counter_var_1 +,24,counter_var_0 var_1 +
148,115 8 73 96 113,12,115 90 48 89 113,8,3,4,2,3,27,10,var_0 counter_var_1 +,7,counter_var_0 var_1 +
149,115 47 100 0 113,26,115 67 71 74 113,18,9,8,2,0,12,20,var_0 counter_var_1 +,17,counter_var_0 var_1 +
150,115 78 9 87 113,29,115 39 89 28 113,20,10,9,20,25,28,40,var_0 counter_var_1 +,19,counter_var_0 var_1 +
151,115 23 17 108 113,40,115 33 79 57 113,23,4,17,10,15,26,33,var_0 counter_var_1 +,21,counter_var_0 var_1 +
152,115 0 67 46 113,21,115 36 89 28 113,0,7,21,20,15,28,20,var_0 counter_var_1 +,28,counter_var_0 var_1 +
153,115 44 65 17 113,34,115 70 10 68 113,15,12,19,10,17,6,25,var_0 counter_var_1 +,31,counter_var_0 var_1 +
154,115 71 105 62 113,26,115 3 19 86 113,13,3,13,19,0,24,32,var_0 counter_var_1 +,16,counter_var_0 var_1 +
155,115 23 32 64 113,32,115 70 12 21 113,23,12,9,12,2,21,35,var_0 counter_var_1 +,21,counter_var_0 var_1 +
156,115 68 109 79 113,27,115 99 48 89 113,10,12,17,2,17,27,12,var_0 counter_var_1 +,29,counter_var_0 var_1 +
157,115 0 64 19 113,18,115 9 33 50 113,0,9,18,10,19,19,10,var_0 counter_var_1 +,27,counter_var_0 var_1 +
158,115 91 3 15 113,7,115 64 71 74 113,4,6,3,2,15,12,6,var_0 counter_var_1 +,9,counter_var_0 var_1 +
159,115 48 14 24 113,33,115 46 31 109 113,19,17,14,8,24,16,27,var_0 counter_var_1 +,31,counter_var_0 var_1 +
160,115 22 40 11 113,39,115 54 58 98 113,22,25,17,12,11,5,34,var_0 counter_var_1 +,42,counter_var_0 var_1 +
161,115 80 64 19 113,40,115 84 112 103 113,22,26,18,20,19,10,42,var_0 counter_var_1 +,44,counter_var_0 var_1 +
162,115 27 55 48 113,36,115 64 27 88 113,27,6,9,4,17,26,31,var_0 counter_var_1 +,15,counter_var_0 var_1 +
163,115 44 96 6 113,19,115 68 81 54 113,15,10,4,12,6,23,27,var_0 counter_var_1 +,14,counter_var_0 var_1 +
164,115 98 30 70 113,18,115 61 45 76 113,11,3,7,22,8,14,33,var_0 counter_var_1 +,10,counter_var_0 var_1 +
165,115 49 73 96 113,24,115 88 50 77 113,20,1,4,4,3,15,24,var_0 counter_var_1 +,5,counter_var_0 var_1 +
166,115 36 93 37 113,8,115 111 1 40 113,7,24,1,1,6,9,8,var_0 counter_var_1 +,25,counter_var_0 var_1 +
167,115 22 50 77 113,26,115 109 103 49 113,22,22,4,11,15,18,33,var_0 counter_var_1 +,26,counter_var_0 var_1 +
168,115 58 33 50 113,10,115 26 81 54 113,0,26,10,12,19,23,12,var_0 counter_var_1 +,36,counter_var_0 var_1 +
169,115 24 9 87 113,33,115 108 90 90 113,24,21,9,21,25,28,45,var_0 counter_var_1 +,30,counter_var_0 var_1 +
170,115 97 7 10 113,17,115 60 92 2 113,10,2,7,0,10,2,10,var_0 counter_var_1 +,9,counter_var_0 var_1 +
171,115 16 43 110 113,36,115 19 100 0 113,16,19,20,8,17,0,24,var_0 counter_var_1 +,39,counter_var_0 var_1 +
172,115 1 16 94 113,17,115 7 10 68 113,1,7,16,10,1,6,11,var_0 counter_var_1 +,23,counter_var_0 var_1 +
173,115 112 92 2 113,25,115 19 7 10 113,25,19,0,7,2,10,32,var_0 counter_var_1 +,19,counter_var_0 var_1 +
174,115 106 6 56 113,25,115 102 5 47 113,19,15,6,5,25,16,24,var_0 counter_var_1 +,21,counter_var_0 var_1 +
175,115 62 49 72 113,7,115 31 37 42 113,4,2,3,14,10,11,18,var_0 counter_var_1 +,5,counter_var_0 var_1 +
176,115 76 89 28 113,38,115 7 40 11 113,18,7,20,17,28,11,35,var_0 counter_var_1 +,27,counter_var_0 var_1 +
177,115 12 1 40 113,13,115 39 1 40 113,12,10,1,1,9,9,13,var_0 counter_var_1 +,11,counter_var_0 var_1 +
178,115 15 70 36 113,16,115 39 102 16 113,15,10,1,10,5,16,25,var_0 counter_var_1 +,11,counter_var_0 var_1 +
179,115 80 17 108 113,39,115 4 104 84 113,22,4,17,12,15,22,34,var_0 counter_var_1 +,21,counter_var_0 var_1 +
180,115 63 55 48 113,14,115 9 23 4 113,5,9,9,0,17,4,5,var_0 counter_var_1 +,18,counter_var_0 var_1 +
181,115 89 42 55 113,21,115 19 87 69 113,2,19,19,18,24,7,20,var_0 counter_var_1 +,38,counter_var_0 var_1 +
182,115 83 10 68 113,35,115 84 32 64 113,25,26,10,9,6,2,34,var_0 counter_var_1 +,36,counter_var_0 var_1 +
183,115 71 31 109 113,21,115 65 7 10 113,13,7,8,7,16,10,20,var_0 counter_var_1 +,15,counter_var_0 var_1 +
184,115 62 69 99 113,4,115 11 40 11 113,4,11,0,17,6,11,21,var_0 counter_var_1 +,11,counter_var_0 var_1 +
185,115 64 5 47 113,11,115 46 9 87 113,6,17,5,9,16,25,15,var_0 counter_var_1 +,22,counter_var_0 var_1 +
186,115 94 60 44 113,21,115 19 68 100 113,7,19,14,22,13,7,29,var_0 counter_var_1 +,33,counter_var_0 var_1 +
187,115 1 31 109 113,9,115 24 17 108 113,1,24,8,17,16,15,18,var_0 counter_var_1 +,32,counter_var_0 var_1 +
188,115 13 104 84 113,25,115 27 61 18 113,13,27,12,15,22,18,28,var_0 counter_var_1 +,39,counter_var_0 var_1 +
189,115 52 4 52 113,27,115 21 78 65 113,23,21,4,9,21,3,32,var_0 counter_var_1 +,25,counter_var_0 var_1 +
190,115 53 101 104 113,33,115 38 64 19 113,24,9,9,18,11,19,42,var_0 counter_var_1 +,18,counter_var_0 var_1 +
191,115 52 46 80 113,23,115 13 8 26 113,23,13,0,8,18,26,31,var_0 counter_var_1 +,13,counter_var_0 var_1 +
192,115 37 80 31 113,19,115 45 41 22 113,8,16,11,18,0,22,26,var_0 counter_var_1 +,27,counter_var_0 var_1 +
193,115 105 5 47 113,23,115 55 89 28 113,18,26,5,20,16,28,38,var_0 counter_var_1 +,31,counter_var_0 var_1 +
194,115 50 24 5 113,22,115 29 33 50 113,21,0,1,10,5,19,31,var_0 counter_var_1 +,1,counter_var_0 var_1 +
195,115 4 47 34 113,5,115 0 24 5 113,4,0,1,1,3,5,5,var_0 counter_var_1 +,1,counter_var_0 var_1 +
196,115 64 6 56 113,12,115 72 47 34 113,6,14,6,1,25,3,7,var_0 counter_var_1 +,20,counter_var_0 var_1 +
197,115 14 18 73 113,32,115 72 16 94 113,14,14,18,16,11,1,30,var_0 counter_var_1 +,32,counter_var_0 var_1 +
198,115 54 77 105 113,33,115 47 82 67 113,25,18,8,13,12,5,38,var_0 counter_var_1 +,26,counter_var_0 var_1 +
199,115 84 49 72 113,29,115 53 65 17 113,26,24,3,19,10,17,45,var_0 counter_var_1 +,27,counter_var_0 var_1 +
200,115 69 108 58 113,27,115 95 1 40 113,11,8,16,1,27,9,12,var_0 counter_var_1 +,24,counter_var_0 var_1 +
201,115 52 59 23 113,36,115 75 25 111 113,23,17,13,2,23,18,25,var_0 counter_var_1 +,30,counter_var_0 var_1 +
202,115 7 9 87 113,16,115 107 35 9 113,7,20,9,12,25,9,19,var_0 counter_var_1 +,29,counter_var_0 var_1 +
203,115 94 8 26 113,15,115 31 83 38 113,7,2,8,14,26,7,21,var_0 counter_var_1 +,10,counter_var_0 var_1 +
204,115 79 106 35 113,35,115 22 16 94 113,21,22,14,16,4,1,37,var_0 counter_var_1 +,36,counter_var_0 var_1 +
205,115 104 74 13 113,22,115 17 41 22 113,17,17,5,18,13,22,35,var_0 counter_var_1 +,22,counter_var_0 var_1 +
206,115 33 35 9 113,16,115 30 81 54 113,4,1,12,12,9,23,16,var_0 counter_var_1 +,13,counter_var_0 var_1 +
207,115 68 10 68 113,20,115 69 11 30 113,10,11,10,11,6,30,21,var_0 counter_var_1 +,21,counter_var_0 var_1 +
208,115 21 58 98 113,33,115 16 73 96 113,21,16,12,4,5,3,25,var_0 counter_var_1 +,28,counter_var_0 var_1 +
209,115 11 33 50 113,21,115 5 47 34 113,11,5,10,1,19,3,12,var_0 counter_var_1 +,15,counter_var_0 var_1 +
210,115 69 2 63 113,13,115 0 90 90 113,11,0,2,21,1,28,32,var_0 counter_var_1 +,2,counter_var_0 var_1 +
211,115 59 99 85 113,8,115 99 109 79 113,1,12,7,17,23,17,18,var_0 counter_var_1 +,19,counter_var_0 var_1 +
212,115 82 15 53 113,39,115 18 100 0 113,24,18,15,8,22,0,32,var_0 counter_var_1 +,33,counter_var_0 var_1 +
213,115 33 27 88 113,8,115 95 109 79 113,4,8,4,17,26,17,21,var_0 counter_var_1 +,12,counter_var_0 var_1 +
214,115 17 21 92 113,38,115 90 89 28 113,17,3,21,20,30,28,37,var_0 counter_var_1 +,24,counter_var_0 var_1 +
215,115 20 39 14 113,36,115 16 21 92 113,20,16,16,21,14,30,41,var_0 counter_var_1 +,32,counter_var_0 var_1 +
216,115 98 34 27 113,22,115 49 73 96 113,11,20,11,4,27,3,15,var_0 counter_var_1 +,31,counter_var_0 var_1 +
217,115 36 74 13 113,12,115 108 39 14 113,7,21,5,16,13,14,23,var_0 counter_var_1 +,26,counter_var_0 var_1 +
218,115 45 102 16 113,26,115 104 48 89 113,16,17,10,2,16,27,18,var_0 counter_var_1 +,27,counter_var_0 var_1 +
219,115 9 24 5 113,10,115 89 94 39 113,9,2,1,2,5,8,11,var_0 counter_var_1 +,3,counter_var_0 var_1 +
220,115 102 20 8 113,35,115 52 73 96 113,15,23,20,4,8,3,19,var_0 counter_var_1 +,43,counter_var_0 var_1 +
221,115 91 8 26 113,12,115 74 77 105 113,4,16,8,8,26,12,12,var_0 counter_var_1 +,24,counter_var_0 var_1 +
222,115 76 43 110 113,38,115 43 81 54 113,18,14,20,12,17,23,30,var_0 counter_var_1 +,34,counter_var_0 var_1 +
223,115 14 84 32 113,29,115 16 45 76 113,14,16,15,22,1,14,36,var_0 counter_var_1 +,31,counter_var_0 var_1 +
224,115 10 102 16 113,20,115 64 48 89 113,10,6,10,2,16,27,12,var_0 counter_var_1 +,16,counter_var_0 var_1 +
225,115 58 23 4 113,0,115 52 88 66 113,0,23,0,19,4,4,19,var_0 counter_var_1 +,23,counter_var_0 var_1 +
226,115 54 34 27 113,36,115 25 92 2 113,25,25,11,0,27,2,25,var_0 counter_var_1 +,36,counter_var_0 var_1 +
227,115 91 2 63 113,6,115 63 35 9 113,4,5,2,12,1,9,16,var_0 counter_var_1 +,7,counter_var_0 var_1 +
228,115 68 41 22 113,28,115 53 15 53 113,10,24,18,15,22,22,25,var_0 counter_var_1 +,42,counter_var_0 var_1 +
229,115 10 88 66 113,29,115 108 109 79 113,10,21,19,17,4,17,27,var_0 counter_var_1 +,40,counter_var_0 var_1 +
230,115 35 74 13 113,11,115 48 106 35 113,6,19,5,14,13,4,20,var_0 counter_var_1 +,24,counter_var_0 var_1 +
231,115 88 4 52 113,5,115 88 65 17 113,1,1,4,19,21,17,20,var_0 counter_var_1 +,5,counter_var_0 var_1 +
232,115 108 56 59 113,31,115 98 15 53 113,21,11,10,15,28,22,36,var_0 counter_var_1 +,21,counter_var_0 var_1 +
233,115 53 18 73 113,42,115 43 34 27 113,24,14,18,11,11,27,35,var_0 counter_var_1 +,32,counter_var_0 var_1 +
234,115 92 26 112 113,8,115 50 20 8 113,5,21,3,20,19,8,25,var_0 counter_var_1 +,24,counter_var_0 var_1 +
235,115 74 93 37 113,17,115 19 71 74 113,16,19,1,2,6,12,18,var_0 counter_var_1 +,20,counter_var_0 var_1 +
236,115 56 61 18 113,42,115 23 96 6 113,27,23,15,4,18,6,31,var_0 counter_var_1 +,38,counter_var_0 var_1 +
237,115 99 74 13 113,17,115 33 111 12 113,12,4,5,19,13,12,31,var_0 counter_var_1 +,9,counter_var_0 var_1 +
238,115 19 4 52 113,23,115 43 46 80 113,19,14,4,0,21,18,19,var_0 counter_var_1 +,18,counter_var_0 var_1 +
239,115 97 102 16 113,20,115 105 41 22 113,10,18,10,18,16,22,28,var_0 counter_var_1 +,28,counter_var_0 var_1 +
240,115 14 11 30 113,25,115 17 22 75 113,14,17,11,22,30,13,36,var_0 counter_var_1 +,28,counter_var_0 var_1 +
241,115 102 112 103 113,35,115 105 110 61 113,15,18,20,18,10,30,33,var_0 counter_var_1 +,38,counter_var_0 var_1 +
242,115 61 43 110 113,23,115 111 93 37 113,3,24,20,1,17,6,4,var_0 counter_var_1 +,44,counter_var_0 var_1 +
243,115 73 31 109 113,23,115 7 25 111 113,15,7,8,2,16,18,17,var_0 counter_var_1 +,15,counter_var_0 var_1 +
244,115 28 55 48 113,37,115 4 109 79 113,28,4,9,17,17,17,45,var_0 counter_var_1 +,13,counter_var_0 var_1 +
245,115 4 112 103 113,24,115 54 110 61 113,4,25,20,18,10,30,22,var_0 counter_var_1 +,45,counter_var_0 var_1 +
246,115 66 106 35 113,22,115 61 27 88 113,8,3,14,4,4,26,12,var_0 counter_var_1 +,17,counter_var_0 var_1 +
247,115 84 99 85 113,33,115 42 106 35 113,26,13,7,14,23,4,40,var_0 counter_var_1 +,20,counter_var_0 var_1 +
248,115 67 76 93 113,16,115 102 62 41 113,9,15,7,16,0,10,25,var_0 counter_var_1 +,22,counter_var_0 var_1 +
249,115 16 78 65 113,25,115 80 111 12 113,16,22,9,19,3,12,35,var_0 counter_var_1 +,31,counter_var_0 var_1 +
250,115 13 93 37 113,14,115 67 2 63 113,13,9,1,2,6,1,15,var_0 counter_var_1 +,10,counter_var_0 var_1 +
251,115 0 42 55 113,19,115 48 102 16 113,0,19,19,10,24,16,10,var_0 counter_var_1 +,38,counter_var_0 var_1 +
252,115 40 90 90 113,32,115 48 111 12 113,11,19,21,19,28,12,30,var_0 counter_var_1 +,40,counter_var_0 var_1 +
253,115 37 15 53 113,23,115 39 58 98 113,8,10,15,12,22,5,20,var_0 counter_var_1 +,25,counter_var_0 var_1 +
254,115 105 79 57 113,28,115 4 62 41 113,18,4,10,16,26,10,34,var_0 counter_var_1 +,14,counter_var_0 var_1 +
255,115 21 69 99 113,21,115 76 97 81 113,21,18,0,5,6,19,26,var_0 counter_var_1 +,18,counter_var_0 var_1 +
256,115 57 82 67 113,41,115 20 59 23 113,28,20,13,13,5,23,41,var_0 counter_var_1 +,33,counter_var_0 var_1 +
257,115 75 42 55 113,36,115 101 18 73 113,17,14,19,18,24,11,35,var_0 counter_var_1 +,33,counter_var_0 var_1 +
258,115 37 30 70 113,15,115 64 54 83 113,8,6,7,8,8,21,16,var_0 counter_var_1 +,13,counter_var_0 var_1 +
259,115 26 79 57 113,36,115 26 17 108 113,26,26,10,17,26,15,43,var_0 counter_var_1 +,36,counter_var_0 var_1 +
260,115 31 7 10 113,9,115 57 87 69 113,2,28,7,18,10,7,20,var_0 counter_var_1 +,35,counter_var_0 var_1 +
261,115 101 48 89 113,16,115 37 86 45 113,14,8,2,17,27,14,31,var_0 counter_var_1 +,10,counter_var_0 var_1 +
262,115 71 56 59 113,23,115 74 98 78 113,13,16,10,6,28,16,19,var_0 counter_var_1 +,26,counter_var_0 var_1 +
263,115 78 60 44 113,34,115 45 61 18 113,20,16,14,15,13,18,35,var_0 counter_var_1 +,30,counter_var_0 var_1 +
264,115 84 40 11 113,43,115 44 60 44 113,26,15,17,14,11,13,40,var_0 counter_var_1 +,32,counter_var_0 var_1 +
265,115 51 33 50 113,32,115 39 0 101 113,22,10,10,0,19,8,22,var_0 counter_var_1 +,20,counter_var_0 var_1 +
266,115 103 63 43 113,33,115 2 25 111 113,16,2,17,2,12,18,18,var_0 counter_var_1 +,19,counter_var_0 var_1 +
267,115 59 61 18 113,16,115 35 13 91 113,1,6,15,13,18,29,14,var_0 counter_var_1 +,21,counter_var_0 var_1 +
268,115 18 31 109 113,26,115 95 42 55 113,18,8,8,19,16,24,37,var_0 counter_var_1 +,16,counter_var_0 var_1 +
269,115 36 22 75 113,29,115 109 92 2 113,7,22,22,0,13,2,7,var_0 counter_var_1 +,44,counter_var_0 var_1 +
270,115 82 107 60 113,39,115 26 20 8 113,24,26,15,20,29,8,44,var_0 counter_var_1 +,41,counter_var_0 var_1 +
271,115 88 100 0 113,9,115 28 43 110 113,1,28,8,20,0,17,21,var_0 counter_var_1 +,36,counter_var_0 var_1 +
272,115 21 12 21 113,33,115 21 111 12 113,21,21,12,19,21,12,40,var_0 counter_var_1 +,33,counter_var_0 var_1 +
273,115 54 53 51 113,32,115 107 60 44 113,25,20,7,14,20,13,39,var_0 counter_var_1 +,27,counter_var_0 var_1 +
274,115 67 85 3 113,25,115 66 42 55 113,9,8,16,19,3,24,28,var_0 counter_var_1 +,24,counter_var_0 var_1 +
275,115 0 96 6 113,4,115 20 88 66 113,0,20,4,19,6,4,19,var_0 counter_var_1 +,24,counter_var_0 var_1 +
276,115 97 105 62 113,23,115 88 0 101 113,10,1,13,0,0,8,10,var_0 counter_var_1 +,14,counter_var_0 var_1 +
277,115 58 43 110 113,20,115 78 17 108 113,0,20,20,17,17,15,17,var_0 counter_var_1 +,40,counter_var_0 var_1 +
278,115 13 98 78 113,19,115 83 24 5 113,13,25,6,1,16,5,14,var_0 counter_var_1 +,31,counter_var_0 var_1 +
279,115 6 21 92 113,27,115 19 3 15 113,6,19,21,3,30,15,9,var_0 counter_var_1 +,40,counter_var_0 var_1 +
280,115 79 26 112 113,24,115 100 63 43 113,21,13,3,17,19,12,38,var_0 counter_var_1 +,16,counter_var_0 var_1 +
281,115 86 70 36 113,29,115 92 103 49 113,28,5,1,11,5,18,39,var_0 counter_var_1 +,6,counter_var_0 var_1 +
282,115 81 44 107 113,44,115 60 53 51 113,23,2,21,7,14,20,30,var_0 counter_var_1 +,23,counter_var_0 var_1 +
283,115 75 80 31 113,28,115 83 106 35 113,17,25,11,14,0,4,31,var_0 counter_var_1 +,36,counter_var_0 var_1 +
284,115 56 9 87 113,36,115 42 2 63 113,27,13,9,2,25,1,29,var_0 counter_var_1 +,22,counter_var_0 var_1 +
285,115 14 53 51 113,21,115 103 68 100 113,14,16,7,22,20,7,36,var_0 counter_var_1 +,23,counter_var_0 var_1 +
286,115 112 57 1 113,36,115 51 69 99 113,25,22,11,0,1,6,25,var_0 counter_var_1 +,33,counter_var_0 var_1 +
287,115 41 90 90 113,33,115 11 29 25 113,12,11,21,6,28,25,18,var_0 counter_var_1 +,32,counter_var_0 var_1 +
288,115 27 21 92 113,48,115 82 9 87 113,27,24,21,9,30,25,36,var_0 counter_var_1 +,45,counter_var_0 var_1 +
289,115 7 88 66 113,26,115 94 36 106 113,7,7,19,13,4,13,20,var_0 counter_var_1 +,26,counter_var_0 var_1 +
290,115 81 7 10 113,30,115 68 0 101 113,23,10,7,0,10,8,23,var_0 counter_var_1 +,17,counter_var_0 var_1 +
291,115 21 103 49 113,32,115 38 46 80 113,21,9,11,0,18,18,21,var_0 counter_var_1 +,20,counter_var_0 var_1 +
292,115 73 46 80 113,15,115 75 86 45 113,15,17,0,17,18,14,32,var_0 counter_var_1 +,17,counter_var_0 var_1 +
293,115 106 9 87 113,28,115 107 77 105 113,19,20,9,8,25,12,27,var_0 counter_var_1 +,29,counter_var_0 var_1 +
294,115 78 108 58 113,36,115 69 74 13 113,20,11,16,5,27,13,25,var_0 counter_var_1 +,27,counter_var_0 var_1 +
295,115 68 32 64 113,19,115 12 99 85 113,10,12,9,7,2,23,17,var_0 counter_var_1 +,21,counter_var_0 var_1 +
296,115 21 64 19 113,39,115 1 36 106 113,21,1,18,13,19,13,34,var_0 counter_var_1 +,19,counter_var_0 var_1 +
297,115 25 78 65 113,34,115 47 43 110 113,25,18,9,20,3,17,45,var_0 counter_var_1 +,27,counter_var_0 var_1 +
298,115 107 82 67 113,33,115 56 26 112 113,20,27,13,3,5,19,23,var_0 counter_var_1 +,40,counter_var_0 var_1 +
299,115 35 103 49 113,17,115 37 7 10 113,6,8,11,7,18,10,13,var_0 counter_var_1 +,19,counter_var_0 var_1 +
300,115 90 49 72 113,6,115 1 81 54 113,3,1,3,12,10,23,15,var_0 counter_var_1 +,4,counter_var_0 var_1 +
301,115 49 101 104 113,29,115 86 97 81 113,20,28,9,5,11,19,25,var_0 counter_var_1 +,37,counter_var_0 var_1 +
302,115 12 50 77 113,16,115 112 4 52 113,12,25,4,4,15,21,16,var_0 counter_var_1 +,29,counter_var_0 var_1 +
303,115 55 85 3 113,42,115 78 75 82 113,26,20,16,6,3,20,32,var_0 counter_var_1 +,36,counter_var_0 var_1 +
304,115 26 110 61 113,44,115 52 38 20 113,26,23,18,15,30,20,41,var_0 counter_var_1 +,41,counter_var_0 var_1 +
305,115 8 99 85 113,15,115 28 58 98 113,8,28,7,12,23,5,20,var_0 counter_var_1 +,35,counter_var_0 var_1 +
306,115 81 74 13 113,28,115 35 4 52 113,23,6,5,4,13,21,27,var_0 counter_var_1 +,11,counter_var_0 var_1 +
307,115 97 47 34 113,11,115 74 30 70 113,10,16,1,7,3,8,17,var_0 counter_var_1 +,17,counter_var_0 var_1 +
308,115 21 107 60 113,36,115 96 77 105 113,21,9,15,8,29,12,29,var_0 counter_var_1 +,24,counter_var_0 var_1 +
309,115 19 12 21 113,31,115 24 99 85 113,19,24,12,7,21,23,26,var_0 counter_var_1 +,36,counter_var_0 var_1 +
310,115 13 63 43 113,30,115 30 70 36 113,13,1,17,1,12,5,14,var_0 counter_var_1 +,18,counter_var_0 var_1 +
311,115 86 86 45 113,45,115 27 78 65 113,28,27,17,9,14,3,37,var_0 counter_var_1 +,44,counter_var_0 var_1 +
312,115 11 45 76 113,33,115 11 100 0 113,11,11,22,8,14,0,19,var_0 counter_var_1 +,33,counter_var_0 var_1 +
313,115 80 60 44 113,36,115 7 102 16 113,22,7,14,10,13,16,32,var_0 counter_var_1 +,21,counter_var_0 var_1 +
314,115 31 110 61 113,20,115 104 12 21 113,2,17,18,12,30,21,14,var_0 counter_var_1 +,35,counter_var_0 var_1 +
315,115 79 32 64 113,30,115 82 106 35 113,21,24,9,14,2,4,35,var_0 counter_var_1 +,33,counter_var_0 var_1 +
316,115 83 40 11 113,42,115 35 32 64 113,25,6,17,9,11,2,34,var_0 counter_var_1 +,23,counter_var_0 var_1 +
317,115 74 34 27 113,27,115 1 30 70 113,16,1,11,7,27,8,23,var_0 counter_var_1 +,12,counter_var_0 var_1 +
318,115 62 67 46 113,25,115 28 5 47 113,4,28,21,5,15,16,9,var_0 counter_var_1 +,49,counter_var_0 var_1 +
319,115 32 84 32 113,18,115 112 3 15 113,3,25,15,3,1,15,6,var_0 counter_var_1 +,40,counter_var_0 var_1 +
320,115 43 94 39 113,16,115 7 12 21 113,14,7,2,12,8,21,26,var_0 counter_var_1 +,9,counter_var_0 var_1 +
321,115 102 92 2 113,15,115 42 77 105 113,15,13,0,8,2,12,23,var_0 counter_var_1 +,13,counter_var_0 var_1 +
322,115 94 20 8 113,27,115 41 58 98 113,7,12,20,12,8,5,19,var_0 counter_var_1 +,32,counter_var_0 var_1 +
323,115 18 33 50 113,28,115 83 111 12 113,18,25,10,19,19,12,37,var_0 counter_var_1 +,35,counter_var_0 var_1 +
324,115 46 71 74 113,19,115 65 100 0 113,17,7,2,8,12,0,25,var_0 counter_var_1 +,9,counter_var_0 var_1 +
325,115 66 77 105 113,16,115 96 91 33 113,8,9,8,22,12,2,30,var_0 counter_var_1 +,17,counter_var_0 var_1 +
326,115 55 54 83 113,34,115 50 87 69 113,26,21,8,18,21,7,44,var_0 counter_var_1 +,29,counter_var_0 var_1 +
327,115 84 67 46 113,47,115 47 63 43 113,26,18,21,17,15,12,43,var_0 counter_var_1 +,39,counter_var_0 var_1 +
328,115 17 73 96 113,21,115 45 34 27 113,17,16,4,11,3,27,28,var_0 counter_var_1 +,20,counter_var_0 var_1 +
329,115 51 63 43 113,39,115 26 79 57 113,22,26,17,10,12,26,32,var_0 counter_var_1 +,43,counter_var_0 var_1 +
330,115 81 67 46 113,44,115 110 28 7 113,23,23,21,5,15,7,28,var_0 counter_var_1 +,44,counter_var_0 var_1 +
331,115 49 81 54 113,32,115 77 2 63 113,20,19,12,2,23,1,22,var_0 counter_var_1 +,31,counter_var_0 var_1 +
332,115 36 73 96 113,11,115 76 85 3 113,7,18,4,16,3,3,23,var_0 counter_var_1 +,22,counter_var_0 var_1 +
333,115 86 62 41 113,44,115 112 28 7 113,28,25,16,5,10,7,33,var_0 counter_var_1 +,41,counter_var_0 var_1 +
334,115 69 65 17 113,30,115 89 8 26 113,11,2,19,8,17,26,19,var_0 counter_var_1 +,21,counter_var_0 var_1 +
335,115 37 49 72 113,11,115 77 11 30 113,8,19,3,11,10,30,19,var_0 counter_var_1 +,22,counter_var_0 var_1 +
336,115 47 83 38 113,32,115 77 17 108 113,18,19,14,17,7,15,35,var_0 counter_var_1 +,33,counter_var_0 var_1 +
337,115 58 48 89 113,2,115 84 54 83 113,0,26,2,8,27,21,8,var_0 counter_var_1 +,28,counter_var_0 var_1 +
338,115 109 81 54 113,34,115 107 45 76 113,22,20,12,22,23,14,44,var_0 counter_var_1 +,32,counter_var_0 var_1 +
339,115 17 111 12 113,36,115 4 72 71 113,17,4,19,3,12,9,20,var_0 counter_var_1 +,23,counter_var_0 var_1 +
340,115 48 34 27 113,30,115 112 62 41 113,19,25,11,16,27,10,35,var_0 counter_var_1 +,36,counter_var_0 var_1 +
341,115 87 36 106 113,13,115 31 84 32 113,0,2,13,15,13,1,15,var_0 counter_var_1 +,15,counter_var_0 var_1 +
342,115 32 64 19 113,21,115 53 90 90 113,3,24,18,21,19,28,24,var_0 counter_var_1 +,42,counter_var_0 var_1 +
343,115 7 103 49 113,18,115 45 15 53 113,7,16,11,15,18,22,22,var_0 counter_var_1 +,27,counter_var_0 var_1 +
344,115 98 86 45 113,28,115 29 56 59 113,11,0,17,10,14,28,21,var_0 counter_var_1 +,17,counter_var_0 var_1 +
345,115 3 77 105 113,11,115 21 32 64 113,3,21,8,9,12,2,12,var_0 counter_var_1 +,29,counter_var_0 var_1 +
346,115 59 73 96 113,5,115 68 38 20 113,1,10,4,15,3,20,16,var_0 counter_var_1 +,14,counter_var_0 var_1 +
347,115 1 55 48 113,10,115 40 71 74 113,1,11,9,2,17,12,3,var_0 counter_var_1 +,20,counter_var_0 var_1 +
348,115 97 45 76 113,32,115 92 13 91 113,10,5,22,13,14,29,23,var_0 counter_var_1 +,27,counter_var_0 var_1 +
349,115 75 17 108 113,34,115 17 11 30 113,17,17,17,11,15,30,28,var_0 counter_var_1 +,34,counter_var_0 var_1 +
350,115 9 111 12 113,28,115 64 39 14 113,9,6,19,16,12,14,25,var_0 counter_var_1 +,25,counter_var_0 var_1 +
351,115 49 88 66 113,39,115 4 15 53 113,20,4,19,15,4,22,35,var_0 counter_var_1 +,23,counter_var_0 var_1 +
352,115 20 13 91 113,33,115 65 104 84 113,20,7,13,12,29,22,32,var_0 counter_var_1 +,20,counter_var_0 var_1 +
353,115 40 16 94 113,27,115 109 91 33 113,11,22,16,22,1,2,33,var_0 counter_var_1 +,38,counter_var_0 var_1 +
354,115 72 32 64 113,23,115 33 98 78 113,14,4,9,6,2,16,20,var_0 counter_var_1 +,13,counter_var_0 var_1 +
355,115 88 106 35 113,15,115 15 11 30 113,1,15,14,11,4,30,12,var_0 counter_var_1 +,29,counter_var_0 var_1 +
356,115 5 58 98 113,17,115 97 94 39 113,5,10,12,2,5,8,7,var_0 counter_var_1 +,22,counter_var_0 var_1 +
357,115 67 111 12 113,28,115 104 69 99 113,9,17,19,0,12,6,9,var_0 counter_var_1 +,36,counter_var_0 var_1 +
358,115 26 5 47 113,31,115 26 16 94 113,26,26,5,16,16,1,42,var_0 counter_var_1 +,31,counter_var_0 var_1 +
359,115 54 68 100 113,47,115 13 75 82 113,25,13,22,6,7,20,31,var_0 counter_var_1 +,35,counter_var_0 var_1 +
360,115 92 25 111 113,7,115 22 12 21 113,5,22,2,12,18,21,17,var_0 counter_var_1 +,24,counter_var_0 var_1 +
361,115 12 0 101 113,12,115 102 31 109 113,12,15,0,8,8,16,20,var_0 counter_var_1 +,15,counter_var_0 var_1 +
362,115 108 23 4 113,21,115 13 68 100 113,21,13,0,22,4,7,43,var_0 counter_var_1 +,13,counter_var_0 var_1 +
363,115 81 83 38 113,37,115 71 14 24 113,23,13,14,14,7,24,37,var_0 counter_var_1 +,27,counter_var_0 var_1 +
364,115 51 108 58 113,38,115 43 101 104 113,22,14,16,9,27,11,31,var_0 counter_var_1 +,30,counter_var_0 var_1 +
365,115 80 13 91 113,35,115 58 29 25 113,22,0,13,6,29,25,28,var_0 counter_var_1 +,13,counter_var_0 var_1 +
366,115 112 15 53 113,40,115 21 61 18 113,25,21,15,15,22,18,40,var_0 counter_var_1 +,36,counter_var_0 var_1 +
367,115 98 6 56 113,17,115 13 37 42 113,11,13,6,14,25,11,25,var_0 counter_var_1 +,19,counter_var_0 var_1 +
368,115 36 38 20 113,22,115 81 90 90 113,7,23,15,21,20,28,28,var_0 counter_var_1 +,38,counter_var_0 var_1 +
369,115 24 28 7 113,29,115 101 44 107 113,24,14,5,21,7,14,45,var_0 counter_var_1 +,19,counter_var_0 var_1 +
370,115 81 45 76 113,45,115 29 16 94 113,23,0,22,16,14,1,39,var_0 counter_var_1 +,22,counter_var_0 var_1 +
371,115 56 85 3 113,43,115 51 63 43 113,27,22,16,17,3,12,44,var_0 counter_var_1 +,38,counter_var_0 var_1 +
372,115 108 98 78 113,27,115 103 47 34 113,21,16,6,1,16,3,22,var_0 counter_var_1 +,22,counter_var_0 var_1 +
373,115 82 70 36 113,25,115 104 92 2 113,24,17,1,0,5,2,24,var_0 counter_var_1 +,18,counter_var_0 var_1 +
374,115 20 89 28 113,40,115 11 31 109 113,20,11,20,8,28,16,28,var_0 counter_var_1 +,31,counter_var_0 var_1 +
375,115 51 44 107 113,43,115 81 8 26 113,22,23,21,8,14,26,30,var_0 counter_var_1 +,44,counter_var_0 var_1 +
376,115 10 87 69 113,28,115 104 5 47 113,10,17,18,5,7,16,15,var_0 counter_var_1 +,35,counter_var_0 var_1 +
377,115 61 98 78 113,9,115 11 11 30 113,3,11,6,11,16,30,14,var_0 counter_var_1 +,17,counter_var_0 var_1 +
378,115 10 53 51 113,17,115 64 101 104 113,10,6,7,9,20,11,19,var_0 counter_var_1 +,13,counter_var_0 var_1 +
379,115 14 99 85 113,21,115 109 76 93 113,14,22,7,7,23,0,21,var_0 counter_var_1 +,29,counter_var_0 var_1 +
380,115 24 58 98 113,36,115 107 90 90 113,24,20,12,21,5,28,45,var_0 counter_var_1 +,32,counter_var_0 var_1 +
381,115 61 25 111 113,5,115 61 12 21 113,3,3,2,12,18,21,15,var_0 counter_var_1 +,5,counter_var_0 var_1 +
382,115 91 109 79 113,21,115 5 44 107 113,4,5,17,21,17,14,25,var_0 counter_var_1 +,22,counter_var_0 var_1 +
383,115 79 59 23 113,34,115 40 22 75 113,21,11,13,22,23,13,43,var_0 counter_var_1 +,24,counter_var_0 var_1 +
384,115 52 49 72 113,26,115 59 102 16 113,23,1,3,10,10,16,33,var_0 counter_var_1 +,4,counter_var_0 var_1 +
385,115 51 31 109 113,30,115 97 15 53 113,22,10,8,15,16,22,37,var_0 counter_var_1 +,18,counter_var_0 var_1 +
386,115 43 2 63 113,16,115 53 18 73 113,14,24,2,18,1,11,32,var_0 counter_var_1 +,26,counter_var_0 var_1 +
387,115 109 75 82 113,28,115 20 53 51 113,22,20,6,7,20,20,29,var_0 counter_var_1 +,26,counter_var_0 var_1 +
388,115 19 10 68 113,29,115 51 78 65 113,19,22,10,9,6,3,28,var_0 counter_var_1 +,32,counter_var_0 var_1 +
389,115 22 54 83 113,30,115 24 79 57 113,22,24,8,10,21,26,32,var_0 counter_var_1 +,32,counter_var_0 var_1 +
390,115 13 82 67 113,26,115 27 14 24 113,13,27,13,14,5,24,27,var_0 counter_var_1 +,40,counter_var_0 var_1 +
391,115 90 51 97 113,8,115 33 25 111 113,3,4,5,2,4,18,5,var_0 counter_var_1 +,9,counter_var_0 var_1 +
392,115 10 79 57 113,20,115 41 41 22 113,10,12,10,18,26,22,28,var_0 counter_var_1 +,22,counter_var_0 var_1 +
393,115 80 31 109 113,30,115 100 97 81 113,22,13,8,5,16,19,27,var_0 counter_var_1 +,21,counter_var_0 var_1 +
394,115 88 68 100 113,23,115 48 45 76 113,1,19,22,22,7,14,23,var_0 counter_var_1 +,41,counter_var_0 var_1 +
395,115 81 3 15 113,26,115 96 28 7 113,23,9,3,5,15,7,28,var_0 counter_var_1 +,12,counter_var_0 var_1 +
396,115 96 47 34 113,10,115 23 40 11 113,9,23,1,17,3,11,26,var_0 counter_var_1 +,24,counter_var_0 var_1 +
397,115 3 68 100 113,25,115 83 14 24 113,3,25,22,14,7,24,17,var_0 counter_var_1 +,47,counter_var_0 var_1 +
398,115 56 60 44 113,41,115 79 70 36 113,27,21,14,1,13,5,28,var_0 counter_var_1 +,35,counter_var_0 var_1 +
399,115 3 49 72 113,6,115 50 7 10 113,3,21,3,7,10,10,10,var_0 counter_var_1 +,24,counter_var_0 var_1 +
400,115 26 4 52 113,30,115 79 33 50 113,26,21,4,10,21,19,36,var_0 counter_var_1 +,25,counter_var_0 var_1 +
401,115 60 28 7 113,7,115 13 103 49 113,2,13,5,11,7,18,13,var_0 counter_var_1 +,18,counter_var_0 var_1 +
402,115 97 77 105 113,18,115 36 41 22 113,10,7,8,18,12,22,28,var_0 counter_var_1 +,15,counter_var_0 var_1 +
403,115 99 0 101 113,12,115 54 15 53 113,12,25,0,15,8,22,27,var_0 counter_var_1 +,25,counter_var_0 var_1 +
404,115 63 52 95 113,11,115 56 73 96 113,5,27,6,4,2,3,9,var_0 counter_var_1 +,33,counter_var_0 var_1 +
405,115 100 71 74 113,15,115 73 94 39 113,13,15,2,2,12,8,15,var_0 counter_var_1 +,17,counter_var_0 var_1 +
406,115 13 55 48 113,22,115 65 96 6 113,13,7,9,4,17,6,17,var_0 counter_var_1 +,16,counter_var_0 var_1 +
407,115 75 107 60 113,32,115 73 31 109 113,17,15,15,8,29,16,25,var_0 counter_var_1 +,30,counter_var_0 var_1 +
408,115 82 33 50 113,34,115 67 63 43 113,24,9,10,17,19,12,41,var_0 counter_var_1 +,19,counter_var_0 var_1 +
409,115 50 93 37 113,22,115 10 25 111 113,21,10,1,2,6,18,23,var_0 counter_var_1 +,11,counter_var_0 var_1 +
410,115 64 24 5 113,7,115 26 25 111 113,6,26,1,2,5,18,8,var_0 counter_var_1 +,27,counter_var_0 var_1 +
411,115 3 43 110 113,23,115 52 100 0 113,3,23,20,8,17,0,11,var_0 counter_var_1 +,43,counter_var_0 var_1 +
412,115 95 33 50 113,18,115 36 111 12 113,8,7,10,19,19,12,27,var_0 counter_var_1 +,17,counter_var_0 var_1 +
413,115 11 15 53 113,26,115 6 29 25 113,11,6,15,6,22,25,17,var_0 counter_var_1 +,21,counter_var_0 var_1 +
414,115 1 56 59 113,11,115 29 18 73 113,1,0,10,18,28,11,19,var_0 counter_var_1 +,10,counter_var_0 var_1 +
415,115 53 78 65 113,33,115 38 108 58 113,24,9,9,16,3,27,40,var_0 counter_var_1 +,18,counter_var_0 var_1 +
416,115 81 27 88 113,27,115 22 4 52 113,23,22,4,4,26,21,27,var_0 counter_var_1 +,26,counter_var_0 var_1 +
417,115 64 33 50 113,16,115 109 105 62 113,6,22,10,13,19,0,19,var_0 counter_var_1 +,32,counter_var_0 var_1 +
418,115 67 40 11 113,26,115 68 59 23 113,9,10,17,13,11,23,22,var_0 counter_var_1 +,27,counter_var_0 var_1 +
419,115 19 6 56 113,25,115 54 55 48 113,19,25,6,9,25,17,28,var_0 counter_var_1 +,31,counter_var_0 var_1 +
420,115 2 10 68 113,12,115 15 42 55 113,2,15,10,19,6,24,21,var_0 counter_var_1 +,25,counter_var_0 var_1 +
421,115 46 110 61 113,35,115 48 12 21 113,17,19,18,12,30,21,29,var_0 counter_var_1 +,37,counter_var_0 var_1 +
422,115 34 43 110 113,25,115 26 52 95 113,5,26,20,6,17,2,11,var_0 counter_var_1 +,46,counter_var_0 var_1 +
423,115 76 96 6 113,22,115 21 101 104 113,18,21,4,9,6,11,27,var_0 counter_var_1 +,25,counter_var_0 var_1 +
424,115 86 5 47 113,33,115 11 60 44 113,28,11,5,14,16,13,42,var_0 counter_var_1 +,16,counter_var_0 var_1 +
425,115 41 51 97 113,17,115 80 67 46 113,12,22,5,21,4,15,33,var_0 counter_var_1 +,27,counter_var_0 var_1 +
426,115 37 18 73 113,26,115 42 100 0 113,8,13,18,8,11,0,16,var_0 counter_var_1 +,31,counter_var_0 var_1 +
427,115 2 20 8 113,22,115 25 5 47 113,2,25,20,5,8,16,7,var_0 counter_var_1 +,45,counter_var_0 var_1 +
428,115 12 109 79 113,29,115 101 85 3 113,12,14,17,16,17,3,28,var_0 counter_var_1 +,31,counter_var_0 var_1 +
429,115 95 24 5 113,9,115 61 83 38 113,8,3,1,14,5,7,22,var_0 counter_var_1 +,4,counter_var_0 var_1 +
430,115 105 49 72 113,21,115 47 80 31 113,18,18,3,11,10,0,29,var_0 counter_var_1 +,21,counter_var_0 var_1 +
431,115 76 92 2 113,18,115 20 67 46 113,18,20,0,21,2,15,39,var_0 counter_var_1 +,20,counter_var_0 var_1 +
432,115 60 48 89 113,4,115 87 88 66 113,2,0,2,19,27,4,21,var_0 counter_var_1 +,2,counter_var_0 var_1 +
433,115 20 34 27 113,31,115 102 61 18 113,20,15,11,15,27,18,35,var_0 counter_var_1 +,26,counter_var_0 var_1 +
434,115 4 101 104 113,13,115 16 93 37 113,4,16,9,1,11,6,5,var_0 counter_var_1 +,25,counter_var_0 var_1 +
435,115 96 81 54 113,21,115 41 76 93 113,9,12,12,7,23,0,16,var_0 counter_var_1 +,24,counter_var_0 var_1 +
436,115 78 59 23 113,33,115 42 86 45 113,20,13,13,17,23,14,37,var_0 counter_var_1 +,26,counter_var_0 var_1 +
437,115 19 56 59 113,29,115 81 42 55 113,19,23,10,19,28,24,38,var_0 counter_var_1 +,33,counter_var_0 var_1 +
438,115 103 97 81 113,21,115 67 66 102 113,16,9,5,20,19,9,36,var_0 counter_var_1 +,14,counter_var_0 var_1 +
439,115 21 28 7 113,26,115 0 92 2 113,21,0,5,0,7,2,21,var_0 counter_var_1 +,5,counter_var_0 var_1 +
440,115 1 83 38 113,15,115 89 7 10 113,1,2,14,7,7,10,8,var_0 counter_var_1 +,16,counter_var_0 var_1 +
441,115 49 52 95 113,26,115 84 79 57 113,20,26,6,10,2,26,30,var_0 counter_var_1 +,32,counter_var_0 var_1 +
442,115 20 107 60 113,35,115 66 86 45 113,20,8,15,17,29,14,37,var_0 counter_var_1 +,23,counter_var_0 var_1 +
443,115 109 20 8 113,42,115 21 39 14 113,22,21,20,16,8,14,38,var_0 counter_var_1 +,41,counter_var_0 var_1 +
444,115 105 33 50 113,28,115 8 49 72 113,18,8,10,3,19,10,21,var_0 counter_var_1 +,18,counter_var_0 var_1 +
445,115 5 36 106 113,18,115 13 84 32 113,5,13,13,15,13,1,20,var_0 counter_var_1 +,26,counter_var_0 var_1 +
446,115 109 92 2 113,22,115 17 8 26 113,22,17,0,8,2,26,30,var_0 counter_var_1 +,17,counter_var_0 var_1 +
447,115 70 55 48 113,21,115 70 53 51 113,12,12,9,7,17,20,19,var_0 counter_var_1 +,21,counter_var_0 var_1 +
448,115 104 14 24 113,31,115 75 84 32 113,17,17,14,15,24,1,32,var_0 counter_var_1 +,31,counter_var_0 var_1 +
449,115 98 112 103 113,31,115 32 100 0 113,11,3,20,8,10,0,19,var_0 counter_var_1 +,23,counter_var_0 var_1 +
450,115 112 13 91 113,38,115 2 22 75 113,25,2,13,22,29,13,47,var_0 counter_var_1 +,15,counter_var_0 var_1 +
451,115 61 24 5 113,4,115 66 97 81 113,3,8,1,5,5,19,8,var_0 counter_var_1 +,9,counter_var_0 var_1 +
452,115 36 98 78 113,13,115 16 42 55 113,7,16,6,19,16,24,26,var_0 counter_var_1 +,22,counter_var_0 var_1 +
453,115 53 41 22 113,42,115 111 97 81 113,24,24,18,5,22,19,29,var_0 counter_var_1 +,42,counter_var_0 var_1 +
454,115 63 8 26 113,13,115 72 5 47 113,5,14,8,5,26,16,10,var_0 counter_var_1 +,22,counter_var_0 var_1 +
455,115 72 78 65 113,23,115 94 112 103 113,14,7,9,20,3,10,34,var_0 counter_var_1 +,16,counter_var_0 var_1 +
456,115 1 48 89 113,3,115 64 76 93 113,1,6,2,7,27,0,8,var_0 counter_var_1 +,8,counter_var_0 var_1 +
457,115 78 72 71 113,23,115 4 52 95 113,20,4,3,6,9,2,26,var_0 counter_var_1 +,7,counter_var_0 var_1 +
458,115 91 103 49 113,15,115 66 106 35 113,4,8,11,14,18,4,18,var_0 counter_var_1 +,19,counter_var_0 var_1 +
459,115 47 67 46 113,39,115 45 72 71 113,18,16,21,3,15,9,21,var_0 counter_var_1 +,37,counter_var_0 var_1 +
460,115 65 1 40 113,8,115 66 57 1 113,7,8,1,11,9,1,18,var_0 counter_var_1 +,9,counter_var_0 var_1 +
461,115 42 76 93 113,20,115 2 43 110 113,13,2,7,20,0,17,33,var_0 counter_var_1 +,9,counter_var_0 var_1 +
462,115 96 6 56 113,15,115 30 50 77 113,9,1,6,4,25,15,13,var_0 counter_var_1 +,7,counter_var_0 var_1 +
463,115 74 29 25 113,22,115 8 104 84 113,16,8,6,12,25,22,28,var_0 counter_var_1 +,14,counter_var_0 var_1 +
464,115 54 33 50 113,35,115 36 62 41 113,25,7,10,16,19,10,41,var_0 counter_var_1 +,17,counter_var_0 var_1 +
465,115 15 22 75 113,37,115 92 61 18 113,15,5,22,15,13,18,30,var_0 counter_var_1 +,27,counter_var_0 var_1 +
466,115 14 83 38 113,28,115 3 53 51 113,14,3,14,7,7,20,21,var_0 counter_var_1 +,17,counter_var_0 var_1 +
467,115 98 39 14 113,27,115 86 71 74 113,11,28,16,2,14,12,13,var_0 counter_var_1 +,44,counter_var_0 var_1 +
468,115 63 43 110 113,25,115 52 59 23 113,5,23,20,13,17,23,18,var_0 counter_var_1 +,43,counter_var_0 var_1 +
469,115 51 101 104 113,31,115 53 63 43 113,22,24,9,17,11,12,39,var_0 counter_var_1 +,33,counter_var_0 var_1 +
470,115 87 50 77 113,4,115 82 37 42 113,0,24,4,14,15,11,14,var_0 counter_var_1 +,28,counter_var_0 var_1 +
471,115 58 25 111 113,2,115 97 58 98 113,0,10,2,12,18,5,12,var_0 counter_var_1 +,12,counter_var_0 var_1 +
472,115 45 38 20 113,31,115 82 1 40 113,16,24,15,1,20,9,17,var_0 counter_var_1 +,39,counter_var_0 var_1 +
473,115 30 27 88 113,5,115 15 50 77 113,1,15,4,4,26,15,5,var_0 counter_var_1 +,19,counter_var_0 var_1 +
474,115 109 41 22 113,40,115 1 58 98 113,22,1,18,12,22,5,34,var_0 counter_var_1 +,19,counter_var_0 var_1 +
475,115 3 86 45 113,20,115 99 53 51 113,3,12,17,7,14,20,10,var_0 counter_var_1 +,29,counter_var_0 var_1 +
476,115 58 78 65 113,9,115 53 9 87 113,0,24,9,9,3,25,9,var_0 counter_var_1 +,33,counter_var_0 var_1 +
477,115 21 37 42 113,35,115 16 38 20 113,21,16,14,15,11,20,36,var_0 counter_var_1 +,30,counter_var_0 var_1 +
478,115 0 94 39 113,2,115 96 93 37 113,0,9,2,1,8,6,1,var_0 counter_var_1 +,11,counter_var_0 var_1 +
479,115 104 72 71 113,20,115 70 93 37 113,17,12,3,1,9,6,18,var_0 counter_var_1 +,15,counter_var_0 var_1 +
480,115 53 60 44 113,38,115 21 60 44 113,24,21,14,14,13,13,38,var_0 counter_var_1 +,35,counter_var_0 var_1 +
481,115 77 57 1 113,30,115 1 91 33 113,19,1,11,22,1,2,41,var_0 counter_var_1 +,12,counter_var_0 var_1 +
482,115 105 95 29 113,21,115 17 21 92 113,18,17,3,21,29,30,39,var_0 counter_var_1 +,20,counter_var_0 var_1 +
483,115 7 76 93 113,14,115 108 78 65 113,7,21,7,9,0,3,16,var_0 counter_var_1 +,28,counter_var_0 var_1 +
484,115 2 78 65 113,11,115 96 18 73 113,2,9,9,18,3,11,20,var_0 counter_var_1 +,18,counter_var_0 var_1 +
485,115 68 88 66 113,29,115 98 8 26 113,10,11,19,8,4,26,18,var_0 counter_var_1 +,30,counter_var_0 var_1 +
486,115 109 112 103 113,42,115 30 77 105 113,22,1,20,8,10,12,30,var_0 counter_var_1 +,21,counter_var_0 var_1 +
487,115 72 64 19 113,32,115 109 106 35 113,14,22,18,14,19,4,28,var_0 counter_var_1 +,40,counter_var_0 var_1 +
488,115 10 60 44 113,24,115 109 14 24 113,10,22,14,14,13,24,24,var_0 counter_var_1 +,36,counter_var_0 var_1 +
489,115 45 5 47 113,21,115 67 37 42 113,16,9,5,14,16,11,30,var_0 counter_var_1 +,14,counter_var_0 var_1 +
490,115 17 41 22 113,35,115 26 14 24 113,17,26,18,14,22,24,31,var_0 counter_var_1 +,44,counter_var_0 var_1 +
491,115 45 77 105 113,24,115 98 41 22 113,16,11,8,18,12,22,34,var_0 counter_var_1 +,19,counter_var_0 var_1 +
492,115 84 112 103 113,46,115 32 43 110 113,26,3,20,20,10,17,46,var_0 counter_var_1 +,23,counter_var_0 var_1 +
493,115 69 14 24 113,25,115 12 92 2 113,11,12,14,0,24,2,11,var_0 counter_var_1 +,26,counter_var_0 var_1 +
494,115 48 36 106 113,32,115 95 33 50 113,19,8,13,10,13,19,29,var_0 counter_var_1 +,21,counter_var_0 var_1 +
495,115 70 110 61 113,30,115 8 12 21 113,12,8,18,12,30,21,24,var_0 counter_var_1 +,26,counter_var_0 var_1 +
496,115 86 58 98 113,40,115 58 17 108 113,28,0,12,17,5,15,45,var_0 counter_var_1 +,12,counter_var_0 var_1 +
497,115 11 74 13 113,16,115 90 81 54 113,11,3,5,12,13,23,23,var_0 counter_var_1 +,8,counter_var_0 var_1 +
498,115 88 23 4 113,1,115 71 15 53 113,1,13,0,15,4,22,16,var_0 counter_var_1 +,13,counter_var_0 var_1 +
499,115 25 27 88 113,29,115 23 104 84 113,25,23,4,12,26,22,37,var_0 counter_var_1 +,27,counter_var_0 var_1 +
500,115 80 23 4 113,22,115 26 47 34 113,22,26,0,1,4,3,23,var_0 counter_var_1 +,26,counter_var_0 var_1 +
501,115 20 97 81 113,25,115 56 57 1 113,20,27,5,11,19,1,31,var_0 counter_var_1 +,32,counter_var_0 var_1 +
502,115 47 64 19 113,36,115 52 36 106 113,18,23,18,13,19,13,31,var_0 counter_var_1 +,41,counter_var_0 var_1 +
503,115 23 0 101 113,23,115 70 81 54 113,23,12,0,12,8,23,35,var_0 counter_var_1 +,12,counter_var_0 var_1 +
504,115 56 100 0 113,35,115 1 61 18 113,27,1,8,15,0,18,42,var_0 counter_var_1 +,9,counter_var_0 var_1 +
505,115 109 43 110 113,42,115 10 81 54 113,22,10,20,12,17,23,34,var_0 counter_var_1 +,30,counter_var_0 var_1 +
506,115 106 54 83 113,27,115 50 49 72 113,19,21,8,3,21,10,22,var_0 counter_var_1 +,29,counter_var_0 var_1 +
507,115 59 69 99 113,1,115 43 60 44 113,1,14,0,14,6,13,15,var_0 counter_var_1 +,14,counter_var_0 var_1 +
508,115 38 76 93 113,16,115 49 50 77 113,9,20,7,4,0,15,13,var_0 counter_var_1 +,27,counter_var_0 var_1 +
509,115 10 55 48 113,19,115 90 51 97 113,10,3,9,5,17,4,15,var_0 counter_var_1 +,12,counter_var_0 var_1 +
510,115 26 23 4 113,26,115 4 33 50 113,26,4,0,10,4,19,36,var_0 counter_var_1 +,4,counter_var_0 var_1 +
511,115 86 91 33 113,50,115 102 95 29 113,28,15,22,3,2,29,31,var_0 counter_var_1 +,37,counter_var_0 var_1 +
512,115 20 60 44 113,34,115 98 28 7 113,20,11,14,5,13,7,25,var_0 counter_var_1 +,25,counter_var_0 var_1 +
513,115 79 98 78 113,27,115 78 35 9 113,21,20,6,12,16,9,33,var_0 counter_var_1 +,26,counter_var_0 var_1 +
514,115 7 63 43 113,24,115 53 100 0 113,7,24,17,8,12,0,15,var_0 counter_var_1 +,41,counter_var_0 var_1 +
515,115 39 61 18 113,25,115 29 94 39 113,10,0,15,2,18,8,12,var_0 counter_var_1 +,15,counter_var_0 var_1 +
516,115 2 12 21 113,14,115 14 101 104 113,2,14,12,9,21,11,11,var_0 counter_var_1 +,26,counter_var_0 var_1 +
517,115 60 79 57 113,12,115 68 22 75 113,2,10,10,22,26,13,24,var_0 counter_var_1 +,20,counter_var_0 var_1 +
518,115 7 67 46 113,28,115 59 25 111 113,7,1,21,2,15,18,9,var_0 counter_var_1 +,22,counter_var_0 var_1 +
519,115 73 8 26 113,23,115 41 13 91 113,15,12,8,13,26,29,28,var_0 counter_var_1 +,20,counter_var_0 var_1 +
520,115 36 24 5 113,8,115 107 97 81 113,7,20,1,5,5,19,12,var_0 counter_var_1 +,21,counter_var_0 var_1 +
521,115 109 38 20 113,37,115 17 89 28 113,22,17,15,20,20,28,42,var_0 counter_var_1 +,32,counter_var_0 var_1 +
522,115 74 66 102 113,36,115 50 74 13 113,16,21,20,5,9,13,21,var_0 counter_var_1 +,41,counter_var_0 var_1 +
523,115 79 65 17 113,40,115 96 59 23 113,21,9,19,13,17,23,34,var_0 counter_var_1 +,28,counter_var_0 var_1 +
524,115 74 41 22 113,34,115 49 38 20 113,16,20,18,15,22,20,31,var_0 counter_var_1 +,38,counter_var_0 var_1 +
525,115 97 50 77 113,14,115 109 22 75 113,10,22,4,22,15,13,32,var_0 counter_var_1 +,26,counter_var_0 var_1 +
526,115 76 72 71 113,21,115 61 16 94 113,18,3,3,16,9,1,34,var_0 counter_var_1 +,6,counter_var_0 var_1 +
527,115 66 37 42 113,22,115 70 55 48 113,8,12,14,9,11,17,17,var_0 counter_var_1 +,26,counter_var_0 var_1 +
528,115 40 38 20 113,26,115 65 28 7 113,11,7,15,5,20,7,16,var_0 counter_var_1 +,22,counter_var_0 var_1 +
529,115 22 38 20 113,37,115 73 108 58 113,22,15,15,16,20,27,38,var_0 counter_var_1 +,30,counter_var_0 var_1 +
530,115 23 18 73 113,41,115 58 33 50 113,23,0,18,10,11,19,33,var_0 counter_var_1 +,18,counter_var_0 var_1 +
531,115 31 105 62 113,15,115 23 13 91 113,2,23,13,13,0,29,15,var_0 counter_var_1 +,36,counter_var_0 var_1 +
532,115 4 46 80 113,4,115 28 3 15 113,4,28,0,3,18,15,7,var_0 counter_var_1 +,28,counter_var_0 var_1 +
533,115 49 2 63 113,22,115 22 70 36 113,20,22,2,1,1,5,21,var_0 counter_var_1 +,24,counter_var_0 var_1 +
534,115 62 11 30 113,15,115 9 19 86 113,4,9,11,19,30,24,23,var_0 counter_var_1 +,20,counter_var_0 var_1 +
535,115 55 99 85 113,33,115 105 8 26 113,26,18,7,8,23,26,34,var_0 counter_var_1 +,25,counter_var_0 var_1 +
536,115 85 22 75 113,49,115 42 7 10 113,27,13,22,7,13,10,34,var_0 counter_var_1 +,35,counter_var_0 var_1 +
537,115 6 85 3 113,22,115 18 72 71 113,6,18,16,3,3,9,9,var_0 counter_var_1 +,34,counter_var_0 var_1 +
538,115 19 67 46 113,40,115 77 14 24 113,19,19,21,14,15,24,33,var_0 counter_var_1 +,40,counter_var_0 var_1 +
539,115 77 52 95 113,25,115 16 83 38 113,19,16,6,14,2,7,33,var_0 counter_var_1 +,22,counter_var_0 var_1 +
540,115 50 98 78 113,27,115 8 85 3 113,21,8,6,16,16,3,37,var_0 counter_var_1 +,14,counter_var_0 var_1 +
541,115 57 62 41 113,44,115 39 107 60 113,28,10,16,15,10,29,43,var_0 counter_var_1 +,26,counter_var_0 var_1 +
542,115 14 90 90 113,35,115 32 74 13 113,14,3,21,5,28,13,19,var_0 counter_var_1 +,24,counter_var_0 var_1 +
543,115 85 31 109 113,35,115 25 30 70 113,27,25,8,7,16,8,34,var_0 counter_var_1 +,33,counter_var_0 var_1 +
544,115 102 60 44 113,29,115 25 24 5 113,15,25,14,1,13,5,16,var_0 counter_var_1 +,39,counter_var_0 var_1 +
545,115 33 49 72 113,7,115 110 12 21 113,4,23,3,12,10,21,16,var_0 counter_var_1 +,26,counter_var_0 var_1 +
546,115 96 5 47 113,14,115 91 80 31 113,9,4,5,11,16,0,20,var_0 counter_var_1 +,9,counter_var_0 var_1 +
547,115 35 56 59 113,16,115 49 43 110 113,6,20,10,20,28,17,26,var_0 counter_var_1 +,30,counter_var_0 var_1 +
548,115 13 51 97 113,18,115 90 9 87 113,13,3,5,9,4,25,22,var_0 counter_var_1 +,8,counter_var_0 var_1 +
549,115 8 0 101 113,8,115 97 92 2 113,8,10,0,0,8,2,8,var_0 counter_var_1 +,10,counter_var_0 var_1 +
550,115 57 89 28 113,48,115 30 68 100 113,28,1,20,22,28,7,50,var_0 counter_var_1 +,21,counter_var_0 var_1 +
551,115 15 51 97 113,20,115 18 12 21 113,15,18,5,12,4,21,27,var_0 counter_var_1 +,23,counter_var_0 var_1 +
552,115 41 105 62 113,25,115 41 47 34 113,12,12,13,1,0,3,13,var_0 counter_var_1 +,25,counter_var_0 var_1 +
553,115 97 53 51 113,17,115 96 60 44 113,10,9,7,14,20,13,24,var_0 counter_var_1 +,16,counter_var_0 var_1 +
554,115 55 55 48 113,35,115 108 38 20 113,26,21,9,15,17,20,41,var_0 counter_var_1 +,30,counter_var_0 var_1 +
555,115 39 2 63 113,12,115 78 85 3 113,10,20,2,16,1,3,26,var_0 counter_var_1 +,22,counter_var_0 var_1 +
556,115 40 63 43 113,28,115 43 102 16 113,11,14,17,10,12,16,21,var_0 counter_var_1 +,31,counter_var_0 var_1 +
557,115 7 112 103 113,27,115 82 68 100 113,7,24,20,22,10,7,29,var_0 counter_var_1 +,44,counter_var_0 var_1 +
558,115 110 13 91 113,36,115 107 15 53 113,23,20,13,15,29,22,38,var_0 counter_var_1 +,33,counter_var_0 var_1 +
559,115 112 96 6 113,29,115 110 27 88 113,25,23,4,4,6,26,29,var_0 counter_var_1 +,27,counter_var_0 var_1 +
560,115 15 65 17 113,34,115 5 19 86 113,15,5,19,19,17,24,34,var_0 counter_var_1 +,24,counter_var_0 var_1 +
561,115 47 101 104 113,27,115 8 62 41 113,18,8,9,16,11,10,34,var_0 counter_var_1 +,17,counter_var_0 var_1 +
562,115 42 112 103 113,33,115 87 58 98 113,13,0,20,12,10,5,25,var_0 counter_var_1 +,20,counter_var_0 var_1 +
563,115 27 24 5 113,28,115 88 38 20 113,27,1,1,15,5,20,42,var_0 counter_var_1 +,2,counter_var_0 var_1 +
564,115 76 31 109 113,26,115 66 83 38 113,18,8,8,14,16,7,32,var_0 counter_var_1 +,16,counter_var_0 var_1 +
565,115 3 16 94 113,19,115 30 0 101 113,3,1,16,0,1,8,3,var_0 counter_var_1 +,17,counter_var_0 var_1 +
566,115 68 27 88 113,14,115 44 71 74 113,10,15,4,2,26,12,12,var_0 counter_var_1 +,19,counter_var_0 var_1 +
567,115 77 29 25 113,25,115 53 91 33 113,19,24,6,22,25,2,41,var_0 counter_var_1 +,30,counter_var_0 var_1 +
568,115 33 104 84 113,16,115 105 80 31 113,4,18,12,11,22,0,15,var_0 counter_var_1 +,30,counter_var_0 var_1 +
569,115 20 65 17 113,39,115 26 87 69 113,20,26,19,18,17,7,38,var_0 counter_var_1 +,45,counter_var_0 var_1 +
570,115 96 62 41 113,25,115 5 42 55 113,9,5,16,19,10,24,28,var_0 counter_var_1 +,21,counter_var_0 var_1 +
571,115 11 81 54 113,23,115 2 4 52 113,11,2,12,4,23,21,15,var_0 counter_var_1 +,14,counter_var_0 var_1 +
572,115 63 97 81 113,10,115 46 99 85 113,5,17,5,7,19,23,12,var_0 counter_var_1 +,22,counter_var_0 var_1 +
573,115 30 75 82 113,7,115 7 32 64 113,1,7,6,9,20,2,10,var_0 counter_var_1 +,13,counter_var_0 var_1 +
574,115 13 54 83 113,21,115 94 104 84 113,13,7,8,12,21,22,25,var_0 counter_var_1 +,15,counter_var_0 var_1 +
575,115 61 84 32 113,18,115 58 85 3 113,3,0,15,16,1,3,19,var_0 counter_var_1 +,15,counter_var_0 var_1 +
576,115 30 92 2 113,1,115 4 81 54 113,1,4,0,12,2,23,13,var_0 counter_var_1 +,4,counter_var_0 var_1 +
577,115 30 80 31 113,12,115 10 8 26 113,1,10,11,8,0,26,9,var_0 counter_var_1 +,21,counter_var_0 var_1 +
578,115 74 28 7 113,21,115 12 31 109 113,16,12,5,8,7,16,24,var_0 counter_var_1 +,17,counter_var_0 var_1 +
579,115 47 18 73 113,36,115 101 59 23 113,18,14,18,13,11,23,31,var_0 counter_var_1 +,32,counter_var_0 var_1 +
580,115 83 52 95 113,31,115 65 74 13 113,25,7,6,5,2,13,30,var_0 counter_var_1 +,13,counter_var_0 var_1 +
581,115 39 0 101 113,10,115 43 5 47 113,10,14,0,5,8,16,15,var_0 counter_var_1 +,14,counter_var_0 var_1 +
582,115 95 84 32 113,23,115 108 83 38 113,8,21,15,14,1,7,22,var_0 counter_var_1 +,36,counter_var_0 var_1 +
583,115 7 96 6 113,11,115 74 70 36 113,7,16,4,1,6,5,8,var_0 counter_var_1 +,20,counter_var_0 var_1 +
584,115 84 10 68 113,36,115 20 96 6 113,26,20,10,4,6,6,30,var_0 counter_var_1 +,30,counter_var_0 var_1 +
585,115 68 50 77 113,14,115 111 61 18 113,10,24,4,15,15,18,25,var_0 counter_var_1 +,28,counter_var_0 var_1 +
586,115 48 79 57 113,29,115 22 99 85 113,19,22,10,7,26,23,26,var_0 counter_var_1 +,32,counter_var_0 var_1 +
587,115 107 90 90 113,41,115 13 100 0 113,20,13,21,8,28,0,28,var_0 counter_var_1 +,34,counter_var_0 var_1 +
588,115 62 87 69 113,22,115 60 111 12 113,4,2,18,19,7,12,23,var_0 counter_var_1 +,20,counter_var_0 var_1 +
589,115 65 65 17 113,26,115 102 17 108 113,7,15,19,17,17,15,24,var_0 counter_var_1 +,34,counter_var_0 var_1 +
590,115 76 90 90 113,39,115 83 89 28 113,18,25,21,20,28,28,38,var_0 counter_var_1 +,46,counter_var_0 var_1 +
591,115 112 47 34 113,26,115 11 44 107 113,25,11,1,21,3,14,46,var_0 counter_var_1 +,12,counter_var_0 var_1 +
592,115 58 90 90 113,21,115 78 92 2 113,0,20,21,0,28,2,0,var_0 counter_var_1 +,41,counter_var_0 var_1 +
593,115 26 68 100 113,48,115 36 88 66 113,26,7,22,19,7,4,45,var_0 counter_var_1 +,29,counter_var_0 var_1 +
594,115 47 62 41 113,34,115 88 106 35 113,18,1,16,14,10,4,32,var_0 counter_var_1 +,17,counter_var_0 var_1 +
595,115 30 20 8 113,21,115 64 92 2 113,1,6,20,0,8,2,1,var_0 counter_var_1 +,26,counter_var_0 var_1 +
596,115 108 90 90 113,42,115 105 52 95 113,21,18,21,6,28,2,27,var_0 counter_var_1 +,39,counter_var_0 var_1 +
597,115 33 66 102 113,24,115 107 7 10 113,4,20,20,7,9,10,11,var_0 counter_var_1 +,40,counter_var_0 var_1 +
598,115 38 100 0 113,17,115 82 12 21 113,9,24,8,12,0,21,21,var_0 counter_var_1 +,32,counter_var_0 var_1 +
599,115 36 84 32 113,22,115 82 15 53 113,7,24,15,15,1,22,22,var_0 counter_var_1 +,39,counter_var_0 var_1 +
600,115 15 77 105 113,23,115 61 105 62 113,15,3,8,13,12,0,28,var_0 counter_var_1 +,11,counter_var_0 var_1 +
601,115 50 107 60 113,36,115 19 70 36 113,21,19,15,1,29,5,22,var_0 counter_var_1 +,34,counter_var_0 var_1 +
602,115 112 110 61 113,43,115 93 94 39 113,25,6,18,2,30,8,27,var_0 counter_var_1 +,24,counter_var_0 var_1 +
603,115 77 6 56 113,25,115 24 49 72 113,19,24,6,3,25,10,22,var_0 counter_var_1 +,30,counter_var_0 var_1 +
604,115 43 42 55 113,33,115 54 42 55 113,14,25,19,19,24,24,33,var_0 counter_var_1 +,44,counter_var_0 var_1 +
605,115 94 108 58 113,23,115 73 59 23 113,7,15,16,13,27,23,20,var_0 counter_var_1 +,31,counter_var_0 var_1 +
606,115 51 17 108 113,39,115 11 18 73 113,22,11,17,18,15,11,40,var_0 counter_var_1 +,28,counter_var_0 var_1 +
607,115 29 3 15 113,3,115 43 17 108 113,0,14,3,17,15,15,17,var_0 counter_var_1 +,17,counter_var_0 var_1 +
608,115 37 102 16 113,18,115 45 79 57 113,8,16,10,10,16,26,18,var_0 counter_var_1 +,26,counter_var_0 var_1 +
609,115 33 100 0 113,12,115 25 52 95 113,4,25,8,6,0,2,10,var_0 counter_var_1 +,33,counter_var_0 var_1 +
610,115 39 27 88 113,14,115 44 6 56 113,10,15,4,6,26,25,16,var_0 counter_var_1 +,19,counter_var_0 var_1 +
611,115 69 99 85 113,18,115 83 84 32 113,11,25,7,15,23,1,26,var_0 counter_var_1 +,32,counter_var_0 var_1 +
612,115 65 68 100 113,29,115 85 68 100 113,7,27,22,22,7,7,29,var_0 counter_var_1 +,49,counter_var_0 var_1 +
613,115 103 69 99 113,16,115 76 13 91 113,16,18,0,13,6,29,29,var_0 counter_var_1 +,18,counter_var_0 var_1 +
614,115 83 62 41 113,41,115 31 50 77 113,25,2,16,4,10,15,29,var_0 counter_var_1 +,18,counter_var_0 var_1 +
615,115 60 24 5 113,3,115 20 85 3 113,2,20,1,16,5,3,18,var_0 counter_var_1 +,21,counter_var_0 var_1 +
616,115 78 70 36 113,21,115 8 26 112 113,20,8,1,3,5,19,23,var_0 counter_var_1 +,9,counter_var_0 var_1 +
617,115 90 91 33 113,25,115 81 94 39 113,3,23,22,2,2,8,5,var_0 counter_var_1 +,45,counter_var_0 var_1 +
618,115 54 28 7 113,30,115 26 50 77 113,25,26,5,4,7,15,29,var_0 counter_var_1 +,31,counter_var_0 var_1 +
619,115 94 77 105 113,15,115 9 15 53 113,7,9,8,15,12,22,22,var_0 counter_var_1 +,17,counter_var_0 var_1 +
620,115 5 109 79 113,22,115 29 11 30 113,5,0,17,11,17,30,16,var_0 counter_var_1 +,17,counter_var_0 var_1 +
621,115 57 35 9 113,40,115 67 3 15 113,28,9,12,3,9,15,31,var_0 counter_var_1 +,21,counter_var_0 var_1 +
622,115 14 6 56 113,20,115 45 48 89 113,14,16,6,2,25,27,16,var_0 counter_var_1 +,22,counter_var_0 var_1 +
623,115 76 95 29 113,21,115 57 73 96 113,18,28,3,4,29,3,22,var_0 counter_var_1 +,31,counter_var_0 var_1 +
624,115 45 112 103 113,36,115 8 64 19 113,16,8,20,18,10,19,34,var_0 counter_var_1 +,28,counter_var_0 var_1 +
625,115 13 38 20 113,28,115 89 1 40 113,13,2,15,1,20,9,14,var_0 counter_var_1 +,17,counter_var_0 var_1 +
626,115 64 51 97 113,11,115 108 94 39 113,6,21,5,2,4,8,8,var_0 counter_var_1 +,26,counter_var_0 var_1 +
627,115 44 85 3 113,31,115 12 14 24 113,15,12,16,14,3,24,29,var_0 counter_var_1 +,28,counter_var_0 var_1 +
628,115 109 83 38 113,36,115 71 23 4 113,22,13,14,0,7,4,22,var_0 counter_var_1 +,27,counter_var_0 var_1 +
629,115 15 83 38 113,29,115 51 68 100 113,15,22,14,22,7,7,37,var_0 counter_var_1 +,36,counter_var_0 var_1 +
630,115 32 50 77 113,7,115 110 75 82 113,3,23,4,6,15,20,9,var_0 counter_var_1 +,27,counter_var_0 var_1 +
631,115 77 96 6 113,23,115 75 23 4 113,19,17,4,0,6,4,19,var_0 counter_var_1 +,21,counter_var_0 var_1 +
632,115 55 40 11 113,43,115 98 5 47 113,26,11,17,5,11,16,31,var_0 counter_var_1 +,28,counter_var_0 var_1 +
633,115 31 94 39 113,4,115 99 28 7 113,2,12,2,5,8,7,7,var_0 counter_var_1 +,14,counter_var_0 var_1 +
634,115 26 28 7 113,31,115 107 20 8 113,26,20,5,20,7,8,46,var_0 counter_var_1 +,25,counter_var_0 var_1 +
635,115 30 84 32 113,16,115 3 46 80 113,1,3,15,0,1,18,1,var_0 counter_var_1 +,18,counter_var_0 var_1 +
636,115 10 5 47 113,15,115 42 110 61 113,10,13,5,18,16,30,28,var_0 counter_var_1 +,18,counter_var_0 var_1 +
637,115 101 79 57 113,24,115 15 49 72 113,14,15,10,3,26,10,17,var_0 counter_var_1 +,25,counter_var_0 var_1 +
638,115 27 51 97 113,32,115 42 56 59 113,27,13,5,10,4,28,37,var_0 counter_var_1 +,18,counter_var_0 var_1 +
639,115 38 91 33 113,31,115 99 112 103 113,9,12,22,20,2,10,29,var_0 counter_var_1 +,34,counter_var_0 var_1 +
640,115 88 92 2 113,1,115 22 66 102 113,1,22,0,20,2,9,21,var_0 counter_var_1 +,22,counter_var_0 var_1 +
641,115 89 100 0 113,10,115 83 48 89 113,2,25,8,2,0,27,4,var_0 counter_var_1 +,33,counter_var_0 var_1 +
642,115 72 82 67 113,27,115 71 4 52 113,14,13,13,4,5,21,18,var_0 counter_var_1 +,26,counter_var_0 var_1 +
643,115 58 10 68 113,10,115 91 22 75 113,0,4,10,22,6,13,22,var_0 counter_var_1 +,14,counter_var_0 var_1 +
644,115 82 8 26 113,32,115 2 17 108 113,24,2,8,17,26,15,41,var_0 counter_var_1 +,10,counter_var_0 var_1 +
645,115 34 8 26 113,13,115 18 34 27 113,5,18,8,11,26,27,16,var_0 counter_var_1 +,26,counter_var_0 var_1 +
646,115 85 73 96 113,31,115 12 53 51 113,27,12,4,7,3,20,34,var_0 counter_var_1 +,16,counter_var_0 var_1 +
647,115 75 77 105 113,25,115 6 111 12 113,17,6,8,19,12,12,36,var_0 counter_var_1 +,14,counter_var_0 var_1 +
648,115 32 82 67 113,16,115 30 57 1 113,3,1,13,11,5,1,14,var_0 counter_var_1 +,14,counter_var_0 var_1 +
649,115 21 24 5 113,22,115 95 84 32 113,21,8,1,15,5,1,36,var_0 counter_var_1 +,9,counter_var_0 var_1 +
650,115 6 7 10 113,13,115 13 45 76 113,6,13,7,22,10,14,28,var_0 counter_var_1 +,20,counter_var_0 var_1 +
651,115 63 38 20 113,20,115 111 23 4 113,5,24,15,0,20,4,5,var_0 counter_var_1 +,39,counter_var_0 var_1 +
652,115 101 63 43 113,31,115 93 76 93 113,14,6,17,7,12,0,21,var_0 counter_var_1 +,23,counter_var_0 var_1 +
653,115 33 26 112 113,7,115 85 106 35 113,4,27,3,14,19,4,18,var_0 counter_var_1 +,30,counter_var_0 var_1 +
654,115 102 90 90 113,36,115 97 70 36 113,15,10,21,1,28,5,16,var_0 counter_var_1 +,31,counter_var_0 var_1 +
655,115 100 65 17 113,32,115 102 41 22 113,13,15,19,18,17,22,31,var_0 counter_var_1 +,34,counter_var_0 var_1 +
656,115 49 64 19 113,38,115 51 107 60 113,20,22,18,15,19,29,35,var_0 counter_var_1 +,40,counter_var_0 var_1 +
657,115 60 10 68 113,12,115 2 47 34 113,2,2,10,1,6,3,3,var_0 counter_var_1 +,12,counter_var_0 var_1 +
658,115 104 83 38 113,31,115 55 12 21 113,17,26,14,12,7,21,29,var_0 counter_var_1 +,40,counter_var_0 var_1 +
659,115 31 90 90 113,23,115 0 31 109 113,2,0,21,8,28,16,10,var_0 counter_var_1 +,21,counter_var_0 var_1 +
660,115 95 69 99 113,8,115 24 93 37 113,8,24,0,1,6,6,9,var_0 counter_var_1 +,24,counter_var_0 var_1 +
661,115 5 84 32 113,20,115 67 98 78 113,5,9,15,6,1,16,11,var_0 counter_var_1 +,24,counter_var_0 var_1 +
662,115 22 68 100 113,44,115 22 102 16 113,22,22,22,10,7,16,32,var_0 counter_var_1 +,44,counter_var_0 var_1 +
663,115 91 89 28 113,24,115 32 87 69 113,4,3,20,18,28,7,22,var_0 counter_var_1 +,23,counter_var_0 var_1 +
664,115 89 71 74 113,4,115 112 51 97 113,2,25,2,5,12,4,7,var_0 counter_var_1 +,27,counter_var_0 var_1 +
665,115 104 101 104 113,26,115 103 45 76 113,17,16,9,22,11,14,39,var_0 counter_var_1 +,25,counter_var_0 var_1 +
666,115 12 45 76 113,34,115 64 20 8 113,12,6,22,20,14,8,32,var_0 counter_var_1 +,28,counter_var_0 var_1 +
667,115 73 26 112 113,18,115 15 101 104 113,15,15,3,9,19,11,24,var_0 counter_var_1 +,18,counter_var_0 var_1 +
668,115 20 42 55 113,39,115 24 50 77 113,20,24,19,4,24,15,24,var_0 counter_var_1 +,43,counter_var_0 var_1 +
669,115 81 43 110 113,43,115 97 86 45 113,23,10,20,17,17,14,40,var_0 counter_var_1 +,30,counter_var_0 var_1 +
670,115 45 93 37 113,17,115 93 92 2 113,16,6,1,0,6,2,16,var_0 counter_var_1 +,7,counter_var_0 var_1 +
671,115 39 15 53 113,25,115 68 84 32 113,10,10,15,15,22,1,25,var_0 counter_var_1 +,25,counter_var_0 var_1 +
672,115 93 31 109 113,14,115 68 16 94 113,6,10,8,16,16,1,22,var_0 counter_var_1 +,18,counter_var_0 var_1 +
673,115 25 21 92 113,46,115 102 50 77 113,25,15,21,4,30,15,29,var_0 counter_var_1 +,36,counter_var_0 var_1 +
674,115 61 52 95 113,9,115 55 50 77 113,3,26,6,4,2,15,7,var_0 counter_var_1 +,32,counter_var_0 var_1 +
675,115 20 1 40 113,21,115 14 72 71 113,20,14,1,3,9,9,23,var_0 counter_var_1 +,15,counter_var_0 var_1 +
676,115 46 92 2 113,17,115 94 47 34 113,17,7,0,1,2,3,18,var_0 counter_var_1 +,7,counter_var_0 var_1 +
677,115 105 32 64 113,27,115 48 93 37 113,18,19,9,1,2,6,19,var_0 counter_var_1 +,28,counter_var_0 var_1 +
678,115 77 72 71 113,22,115 56 8 26 113,19,27,3,8,9,26,27,var_0 counter_var_1 +,30,counter_var_0 var_1 +
679,115 39 99 85 113,17,115 47 19 86 113,10,18,7,19,23,24,29,var_0 counter_var_1 +,25,counter_var_0 var_1 +
680,115 41 14 24 113,26,115 112 44 107 113,12,25,14,21,24,14,33,var_0 counter_var_1 +,39,counter_var_0 var_1 +
681,115 46 100 0 113,25,115 15 85 3 113,17,15,8,16,0,3,33,var_0 counter_var_1 +,23,counter_var_0 var_1 +
682,115 36 34 27 113,18,115 106 28 7 113,7,19,11,5,27,7,12,var_0 counter_var_1 +,30,counter_var_0 var_1 +
683,115 25 35 9 113,37,115 18 37 42 113,25,18,12,14,9,11,39,var_0 counter_var_1 +,30,counter_var_0 var_1 +
684,115 62 62 41 113,20,115 97 106 35 113,4,10,16,14,10,4,18,var_0 counter_var_1 +,26,counter_var_0 var_1 +
685,115 64 69 99 113,6,115 31 48 89 113,6,2,0,2,6,27,8,var_0 counter_var_1 +,2,counter_var_0 var_1 +
686,115 47 9 87 113,27,115 1 55 48 113,18,1,9,9,25,17,27,var_0 counter_var_1 +,10,counter_var_0 var_1 +
687,115 85 56 59 113,37,115 44 43 110 113,27,15,10,20,28,17,47,var_0 counter_var_1 +,25,counter_var_0 var_1 +
688,115 39 112 103 113,30,115 56 49 72 113,10,27,20,3,10,10,13,var_0 counter_var_1 +,47,counter_var_0 var_1 +
689,115 107 97 81 113,25,115 112 65 17 113,20,25,5,19,19,17,39,var_0 counter_var_1 +,30,counter_var_0 var_1 +
690,115 7 5 47 113,12,115 10 84 32 113,7,10,5,15,16,1,22,var_0 counter_var_1 +,15,counter_var_0 var_1 +
691,115 100 83 38 113,27,115 28 35 9 113,13,28,14,12,7,9,25,var_0 counter_var_1 +,42,counter_var_0 var_1 +
692,115 50 3 15 113,24,115 21 90 90 113,21,21,3,21,15,28,42,var_0 counter_var_1 +,24,counter_var_0 var_1 +
693,115 110 3 15 113,26,115 17 106 35 113,23,17,3,14,15,4,37,var_0 counter_var_1 +,20,counter_var_0 var_1 +
694,115 111 63 43 113,41,115 68 3 15 113,24,10,17,3,12,15,27,var_0 counter_var_1 +,27,counter_var_0 var_1 +
695,115 55 76 93 113,33,115 8 86 45 113,26,8,7,17,0,14,43,var_0 counter_var_1 +,15,counter_var_0 var_1 +
696,115 25 29 25 113,31,115 88 99 85 113,25,1,6,7,25,23,32,var_0 counter_var_1 +,7,counter_var_0 var_1 +
697,115 68 49 72 113,13,115 62 50 77 113,10,4,3,4,10,15,14,var_0 counter_var_1 +,7,counter_var_0 var_1 +
698,115 111 61 18 113,39,115 58 101 104 113,24,0,15,9,18,11,33,var_0 counter_var_1 +,15,counter_var_0 var_1 +
699,115 21 94 39 113,23,115 39 101 104 113,21,10,2,9,8,11,30,var_0 counter_var_1 +,12,counter_var_0 var_1 +
700,115 29 7 10 113,7,115 38 7 10 113,0,9,7,7,10,10,7,var_0 counter_var_1 +,16,counter_var_0 var_1 +
701,115 46 0 101 113,17,115 85 49 72 113,17,27,0,3,8,10,20,var_0 counter_var_1 +,27,counter_var_0 var_1 +
702,115 33 78 65 113,13,115 26 111 12 113,4,26,9,19,3,12,23,var_0 counter_var_1 +,35,counter_var_0 var_1 +
703,115 29 26 112 113,3,115 24 112 103 113,0,24,3,20,19,10,20,var_0 counter_var_1 +,27,counter_var_0 var_1 +
704,115 6 16 94 113,22,115 61 61 18 113,6,3,16,15,1,18,21,var_0 counter_var_1 +,19,counter_var_0 var_1 +
705,115 75 11 30 113,28,115 107 19 86 113,17,20,11,19,30,24,36,var_0 counter_var_1 +,31,counter_var_0 var_1 +
706,115 12 24 5 113,13,115 6 10 68 113,12,6,1,10,5,6,22,var_0 counter_var_1 +,7,counter_var_0 var_1 +
707,115 34 51 97 113,10,115 86 49 72 113,5,28,5,3,4,10,8,var_0 counter_var_1 +,33,counter_var_0 var_1 +
708,115 84 80 31 113,37,115 73 52 95 113,26,15,11,6,0,2,32,var_0 counter_var_1 +,26,counter_var_0 var_1 +
709,115 102 94 39 113,17,115 42 99 85 113,15,13,2,7,8,23,22,var_0 counter_var_1 +,15,counter_var_0 var_1 +
710,115 76 94 39 113,20,115 12 50 77 113,18,12,2,4,8,15,22,var_0 counter_var_1 +,14,counter_var_0 var_1 +
711,115 57 52 95 113,34,115 25 0 101 113,28,25,6,0,2,8,28,var_0 counter_var_1 +,31,counter_var_0 var_1 +
712,115 52 5 47 113,28,115 63 70 36 113,23,5,5,1,16,5,24,var_0 counter_var_1 +,10,counter_var_0 var_1 +
713,115 8 21 92 113,29,115 9 59 23 113,8,9,21,13,30,23,21,var_0 counter_var_1 +,30,counter_var_0 var_1 +
714,115 72 11 30 113,25,115 85 39 14 113,14,27,11,16,30,14,30,var_0 counter_var_1 +,38,counter_var_0 var_1 +
715,115 3 60 44 113,17,115 33 30 70 113,3,4,14,7,13,8,10,var_0 counter_var_1 +,18,counter_var_0 var_1 +
716,115 111 107 60 113,39,115 23 70 36 113,24,23,15,1,29,5,25,var_0 counter_var_1 +,38,counter_var_0 var_1 +
717,115 27 107 60 113,42,115 5 82 67 113,27,5,15,13,29,5,40,var_0 counter_var_1 +,20,counter_var_0 var_1 +
718,115 1 62 41 113,17,115 101 48 89 113,1,14,16,2,10,27,3,var_0 counter_var_1 +,30,counter_var_0 var_1 +
719,115 29 58 98 113,12,115 21 86 45 113,0,21,12,17,5,14,17,var_0 counter_var_1 +,33,counter_var_0 var_1 +
720,115 36 112 103 113,27,115 42 59 23 113,7,13,20,13,10,23,20,var_0 counter_var_1 +,33,counter_var_0 var_1 +
721,115 103 26 112 113,19,115 66 12 21 113,16,8,3,12,19,21,28,var_0 counter_var_1 +,11,counter_var_0 var_1 +
722,115 98 88 66 113,30,115 8 103 49 113,11,8,19,11,4,18,22,var_0 counter_var_1 +,27,counter_var_0 var_1 +
723,115 82 18 73 113,42,115 68 2 63 113,24,10,18,2,11,1,26,var_0 counter_var_1 +,28,counter_var_0 var_1 +
724,115 21 77 105 113,29,115 39 50 77 113,21,10,8,4,12,15,25,var_0 counter_var_1 +,18,counter_var_0 var_1 +
725,115 58 29 25 113,6,115 92 1 40 113,0,5,6,1,25,9,1,var_0 counter_var_1 +,11,counter_var_0 var_1 +
726,115 63 60 44 113,19,115 104 99 85 113,5,17,14,7,13,23,12,var_0 counter_var_1 +,31,counter_var_0 var_1 +
727,115 59 55 48 113,10,115 78 20 8 113,1,20,9,20,17,8,21,var_0 counter_var_1 +,29,counter_var_0 var_1 +
728,115 110 83 38 113,37,115 98 92 2 113,23,11,14,0,7,2,23,var_0 counter_var_1 +,25,counter_var_0 var_1 +
729,115 63 12 21 113,17,115 50 46 80 113,5,21,12,0,21,18,5,var_0 counter_var_1 +,33,counter_var_0 var_1 +
730,115 56 20 8 113,47,115 103 7 10 113,27,16,20,7,8,10,34,var_0 counter_var_1 +,36,counter_var_0 var_1 +
731,115 101 85 3 113,30,115 44 92 2 113,14,15,16,0,3,2,14,var_0 counter_var_1 +,31,counter_var_0 var_1 +
732,115 110 66 102 113,43,115 98 79 57 113,23,11,20,10,9,26,33,var_0 counter_var_1 +,31,counter_var_0 var_1 +
733,115 62 105 62 113,17,115 11 23 4 113,4,11,13,0,0,4,4,var_0 counter_var_1 +,24,counter_var_0 var_1 +
734,115 10 109 79 113,27,115 50 52 95 113,10,21,17,6,17,2,16,var_0 counter_var_1 +,38,counter_var_0 var_1 +
735,115 8 57 1 113,19,115 11 16 94 113,8,11,11,16,1,1,24,var_0 counter_var_1 +,22,counter_var_0 var_1 +
736,115 8 63 43 113,25,115 17 63 43 113,8,17,17,17,12,12,25,var_0 counter_var_1 +,34,counter_var_0 var_1 +
737,115 91 90 90 113,25,115 39 34 27 113,4,10,21,11,28,27,15,var_0 counter_var_1 +,31,counter_var_0 var_1 +
738,115 102 99 85 113,22,115 33 83 38 113,15,4,7,14,23,7,29,var_0 counter_var_1 +,11,counter_var_0 var_1 +
739,115 71 16 94 113,29,115 50 100 0 113,13,21,16,8,1,0,21,var_0 counter_var_1 +,37,counter_var_0 var_1 +
740,115 72 37 42 113,28,115 80 46 80 113,14,22,14,0,11,18,14,var_0 counter_var_1 +,36,counter_var_0 var_1 +
741,115 97 78 65 113,19,115 40 28 7 113,10,11,9,5,3,7,15,var_0 counter_var_1 +,20,counter_var_0 var_1 +
742,115 16 16 94 113,32,115 112 22 75 113,16,25,16,22,1,13,38,var_0 counter_var_1 +,41,counter_var_0 var_1 +
743,115 52 85 3 113,39,115 86 74 13 113,23,28,16,5,3,13,28,var_0 counter_var_1 +,44,counter_var_0 var_1 +
744,115 3 34 27 113,14,115 89 80 31 113,3,2,11,11,27,0,14,var_0 counter_var_1 +,13,counter_var_0 var_1 +
745,115 105 63 43 113,35,115 42 11 30 113,18,13,17,11,12,30,29,var_0 counter_var_1 +,30,counter_var_0 var_1 +
746,115 43 60 44 113,28,115 42 97 81 113,14,13,14,5,13,19,19,var_0 counter_var_1 +,27,counter_var_0 var_1 +
747,115 53 23 4 113,24,115 95 55 48 113,24,8,0,9,4,17,33,var_0 counter_var_1 +,8,counter_var_0 var_1 +
748,115 72 36 106 113,27,115 84 41 22 113,14,26,13,18,13,22,32,var_0 counter_var_1 +,39,counter_var_0 var_1 +
749,115 4 83 38 113,18,115 22 78 65 113,4,22,14,9,7,3,13,var_0 counter_var_1 +,36,counter_var_0 var_1 +
750,115 19 11 30 113,30,115 40 103 49 113,19,11,11,11,30,18,30,var_0 counter_var_1 +,22,counter_var_0 var_1 +
751,115 40 8 26 113,19,115 70 49 72 113,11,12,8,3,26,10,14,var_0 counter_var_1 +,20,counter_var_0 var_1 +
752,115 77 78 65 113,28,115 12 33 50 113,19,12,9,10,3,19,29,var_0 counter_var_1 +,21,counter_var_0 var_1 +
753,115 21 18 73 113,39,115 31 98 78 113,21,2,18,6,11,16,27,var_0 counter_var_1 +,20,counter_var_0 var_1 +
754,115 51 68 100 113,44,115 104 44 107 113,22,17,22,21,7,14,43,var_0 counter_var_1 +,39,counter_var_0 var_1 +
755,115 67 21 92 113,30,115 27 32 64 113,9,27,21,9,30,2,18,var_0 counter_var_1 +,48,counter_var_0 var_1 +
756,115 45 64 19 113,34,115 79 2 63 113,16,21,18,2,19,1,18,var_0 counter_var_1 +,39,counter_var_0 var_1 +
757,115 3 72 71 113,6,115 22 71 74 113,3,22,3,2,9,12,5,var_0 counter_var_1 +,25,counter_var_0 var_1 +
758,115 52 94 39 113,25,115 34 20 8 113,23,5,2,20,8,8,43,var_0 counter_var_1 +,7,counter_var_0 var_1 +
759,115 17 59 23 113,30,115 80 16 94 113,17,22,13,16,23,1,33,var_0 counter_var_1 +,35,counter_var_0 var_1 +
760,115 37 34 27 113,19,115 60 106 35 113,8,2,11,14,27,4,22,var_0 counter_var_1 +,13,counter_var_0 var_1 +
761,115 107 65 17 113,39,115 60 110 61 113,20,2,19,18,17,30,38,var_0 counter_var_1 +,21,counter_var_0 var_1 +
762,115 49 12 21 113,32,115 67 111 12 113,20,9,12,19,21,12,39,var_0 counter_var_1 +,21,counter_var_0 var_1 +
763,115 61 79 57 113,13,115 6 85 3 113,3,6,10,16,26,3,19,var_0 counter_var_1 +,16,counter_var_0 var_1 +
764,115 3 38 20 113,18,115 44 36 106 113,3,15,15,13,20,13,16,var_0 counter_var_1 +,30,counter_var_0 var_1 +
765,115 89 6 56 113,8,115 29 101 104 113,2,0,6,9,25,11,11,var_0 counter_var_1 +,6,counter_var_0 var_1 +
766,115 112 88 66 113,44,115 51 52 95 113,25,22,19,6,4,2,31,var_0 counter_var_1 +,41,counter_var_0 var_1 +
767,115 80 42 55 113,41,115 18 87 69 113,22,18,19,18,24,7,40,var_0 counter_var_1 +,37,counter_var_0 var_1 +
768,115 57 70 36 113,29,115 73 32 64 113,28,15,1,9,5,2,37,var_0 counter_var_1 +,16,counter_var_0 var_1 +
769,115 1 13 91 113,14,115 107 11 30 113,1,20,13,11,29,30,12,var_0 counter_var_1 +,33,counter_var_0 var_1 +
770,115 83 41 22 113,43,115 53 82 67 113,25,24,18,13,22,5,38,var_0 counter_var_1 +,42,counter_var_0 var_1 +
771,115 6 23 4 113,6,115 103 58 98 113,6,16,0,12,4,5,18,var_0 counter_var_1 +,16,counter_var_0 var_1 +
772,115 90 112 103 113,23,115 12 104 84 113,3,12,20,12,10,22,15,var_0 counter_var_1 +,32,counter_var_0 var_1 +
773,115 31 39 14 113,18,115 32 2 63 113,2,3,16,2,14,1,4,var_0 counter_var_1 +,19,counter_var_0 var_1 +
774,115 102 9 87 113,24,115 86 39 14 113,15,28,9,16,25,14,31,var_0 counter_var_1 +,37,counter_var_0 var_1 +
775,115 44 40 11 113,32,115 101 60 44 113,15,14,17,14,11,13,29,var_0 counter_var_1 +,31,counter_var_0 var_1 +
776,115 70 18 73 113,30,115 112 64 19 113,12,25,18,18,11,19,30,var_0 counter_var_1 +,43,counter_var_0 var_1 +
777,115 90 35 9 113,15,115 15 38 20 113,3,15,12,15,9,20,18,var_0 counter_var_1 +,27,counter_var_0 var_1 +
778,115 11 56 59 113,21,115 107 48 89 113,11,20,10,2,28,27,13,var_0 counter_var_1 +,30,counter_var_0 var_1 +
779,115 18 104 84 113,30,115 86 21 92 113,18,28,12,21,22,30,39,var_0 counter_var_1 +,40,counter_var_0 var_1 +
780,115 92 51 97 113,10,115 68 66 102 113,5,10,5,20,4,9,25,var_0 counter_var_1 +,15,counter_var_0 var_1 +
781,115 77 59 23 113,32,115 99 111 12 113,19,12,13,19,23,12,38,var_0 counter_var_1 +,25,counter_var_0 var_1 +
782,115 41 82 67 113,25,115 102 57 1 113,12,15,13,11,5,1,23,var_0 counter_var_1 +,28,counter_var_0 var_1 +
783,115 31 29 25 113,8,115 3 64 19 113,2,3,6,18,25,19,20,var_0 counter_var_1 +,9,counter_var_0 var_1 +
784,115 48 48 89 113,21,115 21 37 42 113,19,21,2,14,27,11,33,var_0 counter_var_1 +,23,counter_var_0 var_1 +
785,115 20 77 105 113,28,115 27 72 71 113,20,27,8,3,12,9,23,var_0 counter_var_1 +,35,counter_var_0 var_1 +
786,115 8 34 27 113,19,115 28 7 10 113,8,28,11,7,27,10,15,var_0 counter_var_1 +,39,counter_var_0 var_1 +
787,115 80 36 106 113,35,115 111 52 95 113,22,24,13,6,13,2,28,var_0 counter_var_1 +,37,counter_var_0 var_1 +
788,115 61 53 51 113,10,115 28 64 19 113,3,28,7,18,20,19,21,var_0 counter_var_1 +,35,counter_var_0 var_1 +
789,115 27 110 61 113,45,115 75 26 112 113,27,17,18,3,30,19,30,var_0 counter_var_1 +,35,counter_var_0 var_1 +
790,115 82 7 10 113,31,115 22 107 60 113,24,22,7,15,10,29,39,var_0 counter_var_1 +,29,counter_var_0 var_1 +
791,115 0 14 24 113,14,115 88 7 10 113,0,1,14,7,24,10,7,var_0 counter_var_1 +,15,counter_var_0 var_1 +
792,115 83 57 1 113,36,115 107 34 27 113,25,20,11,11,1,27,36,var_0 counter_var_1 +,31,counter_var_0 var_1 +
793,115 58 65 17 113,19,115 106 44 107 113,0,19,19,21,17,14,21,var_0 counter_var_1 +,38,counter_var_0 var_1 +
794,115 108 14 24 113,35,115 110 37 42 113,21,23,14,14,24,11,35,var_0 counter_var_1 +,37,counter_var_0 var_1 +
795,115 25 68 100 113,47,115 10 20 8 113,25,10,22,20,7,8,45,var_0 counter_var_1 +,32,counter_var_0 var_1 +
796,115 51 38 20 113,37,115 107 3 15 113,22,20,15,3,20,15,25,var_0 counter_var_1 +,35,counter_var_0 var_1 +
797,115 6 112 103 113,26,115 33 9 87 113,6,4,20,9,10,25,15,var_0 counter_var_1 +,24,counter_var_0 var_1 +
798,115 75 112 103 113,37,115 106 41 22 113,17,19,20,18,10,22,35,var_0 counter_var_1 +,39,counter_var_0 var_1 +
799,115 103 76 93 113,23,115 54 33 50 113,16,25,7,10,0,19,26,var_0 counter_var_1 +,32,counter_var_0 var_1 +
800,115 107 86 45 113,37,115 60 88 66 113,20,2,17,19,14,4,39,var_0 counter_var_1 +,19,counter_var_0 var_1 +
801,115 18 68 100 113,40,115 35 109 79 113,18,6,22,17,7,17,35,var_0 counter_var_1 +,28,counter_var_0 var_1 +
802,115 74 72 71 113,19,115 79 7 10 113,16,21,3,7,9,10,23,var_0 counter_var_1 +,24,counter_var_0 var_1 +
803,115 48 0 101 113,19,115 40 67 46 113,19,11,0,21,8,15,40,var_0 counter_var_1 +,11,counter_var_0 var_1 +
804,115 49 106 35 113,34,115 19 103 49 113,20,19,14,11,4,18,31,var_0 counter_var_1 +,33,counter_var_0 var_1 +
805,115 106 86 45 113,36,115 82 61 18 113,19,24,17,15,14,18,34,var_0 counter_var_1 +,41,counter_var_0 var_1 +
806,115 55 98 78 113,32,115 32 56 59 113,26,3,6,10,16,28,36,var_0 counter_var_1 +,9,counter_var_0 var_1 +
807,115 49 57 1 113,31,115 95 70 36 113,20,8,11,1,1,5,21,var_0 counter_var_1 +,19,counter_var_0 var_1 +
808,115 105 77 105 113,26,115 79 63 43 113,18,21,8,17,12,12,35,var_0 counter_var_1 +,29,counter_var_0 var_1 +
809,115 63 86 45 113,22,115 95 49 72 113,5,8,17,3,14,10,8,var_0 counter_var_1 +,25,counter_var_0 var_1 +
810,115 107 29 25 113,26,115 90 90 90 113,20,3,6,21,25,28,41,var_0 counter_var_1 +,9,counter_var_0 var_1 +
811,115 48 44 107 113,40,115 106 87 69 113,19,19,21,18,14,7,37,var_0 counter_var_1 +,40,counter_var_0 var_1 +
812,115 8 87 69 113,26,115 58 97 81 113,8,0,18,5,7,19,13,var_0 counter_var_1 +,18,counter_var_0 var_1 +
813,115 88 39 14 113,17,115 47 97 81 113,1,18,16,5,14,19,6,var_0 counter_var_1 +,34,counter_var_0 var_1 +
814,115 39 75 82 113,16,115 1 89 28 113,10,1,6,20,20,28,30,var_0 counter_var_1 +,7,counter_var_0 var_1 +
815,115 100 47 34 113,14,115 82 112 103 113,13,24,1,20,3,10,33,var_0 counter_var_1 +,25,counter_var_0 var_1 +
816,115 81 22 75 113,45,115 33 46 80 113,23,4,22,0,13,18,23,var_0 counter_var_1 +,26,counter_var_0 var_1 +
817,115 76 59 23 113,31,115 30 75 82 113,18,1,13,6,23,20,24,var_0 counter_var_1 +,14,counter_var_0 var_1 +
818,115 4 1 40 113,5,115 82 17 108 113,4,24,1,17,9,15,21,var_0 counter_var_1 +,25,counter_var_0 var_1 +
819,115 53 65 17 113,43,115 100 86 45 113,24,13,19,17,17,14,41,var_0 counter_var_1 +,32,counter_var_0 var_1 +
820,115 38 67 46 113,30,115 109 104 84 113,9,22,21,12,15,22,21,var_0 counter_var_1 +,43,counter_var_0 var_1 +
821,115 40 64 19 113,29,115 99 5 47 113,11,12,18,5,19,16,16,var_0 counter_var_1 +,30,counter_var_0 var_1 +
822,115 96 75 82 113,15,115 36 74 13 113,9,7,6,5,20,13,14,var_0 counter_var_1 +,13,counter_var_0 var_1 +
823,115 51 70 36 113,23,115 29 26 112 113,22,0,1,3,5,19,25,var_0 counter_var_1 +,1,counter_var_0 var_1 +
824,115 99 37 42 113,26,115 82 87 69 113,12,24,14,18,11,7,30,var_0 counter_var_1 +,38,counter_var_0 var_1 +
825,115 75 75 82 113,23,115 5 60 44 113,17,5,6,14,20,13,31,var_0 counter_var_1 +,11,counter_var_0 var_1 +
826,115 98 47 34 113,12,115 61 78 65 113,11,3,1,9,3,3,20,var_0 counter_var_1 +,4,counter_var_0 var_1 +
827,115 70 56 59 113,22,115 3 82 67 113,12,3,10,13,28,5,25,var_0 counter_var_1 +,13,counter_var_0 var_1 +
828,115 55 81 54 113,38,115 61 98 78 113,26,3,12,6,23,16,32,var_0 counter_var_1 +,15,counter_var_0 var_1 +
829,115 58 86 45 113,17,115 67 10 68 113,0,9,17,10,14,6,10,var_0 counter_var_1 +,26,counter_var_0 var_1 +
830,115 69 86 45 113,28,115 60 40 11 113,11,2,17,17,14,11,28,var_0 counter_var_1 +,19,counter_var_0 var_1 +
831,115 75 55 48 113,26,115 85 23 4 113,17,27,9,0,17,4,17,var_0 counter_var_1 +,36,counter_var_0 var_1 +
832,115 96 109 79 113,26,115 38 4 52 113,9,9,17,4,17,21,13,var_0 counter_var_1 +,26,counter_var_0 var_1 +
833,115 63 28 7 113,10,115 73 28 7 113,5,15,5,5,7,7,10,var_0 counter_var_1 +,20,counter_var_0 var_1 +
834,115 27 10 68 113,37,115 0 38 20 113,27,0,10,15,6,20,42,var_0 counter_var_1 +,10,counter_var_0 var_1 +
835,115 3 19 86 113,22,115 26 65 17 113,3,26,19,19,24,17,22,var_0 counter_var_1 +,45,counter_var_0 var_1 +
836,115 67 100 0 113,17,115 71 5 47 113,9,13,8,5,0,16,14,var_0 counter_var_1 +,21,counter_var_0 var_1 +
837,115 11 73 96 113,15,115 102 26 112 113,11,15,4,3,3,19,14,var_0 counter_var_1 +,19,counter_var_0 var_1 +
838,115 41 97 81 113,17,115 103 89 28 113,12,16,5,20,19,28,32,var_0 counter_var_1 +,21,counter_var_0 var_1 +
839,115 84 45 76 113,48,115 81 98 78 113,26,23,22,6,14,16,32,var_0 counter_var_1 +,45,counter_var_0 var_1 +
840,115 3 110 61 113,21,115 71 73 96 113,3,13,18,4,30,3,7,var_0 counter_var_1 +,31,counter_var_0 var_1 +
841,115 48 68 100 113,41,115 48 44 107 113,19,19,22,21,7,14,40,var_0 counter_var_1 +,41,counter_var_0 var_1 +
842,115 35 97 81 113,11,115 44 41 22 113,6,15,5,18,19,22,24,var_0 counter_var_1 +,20,counter_var_0 var_1 +
843,115 95 109 79 113,25,115 2 57 1 113,8,2,17,11,17,1,19,var_0 counter_var_1 +,19,counter_var_0 var_1 +
844,115 51 2 63 113,24,115 48 63 43 113,22,19,2,17,1,12,39,var_0 counter_var_1 +,21,counter_var_0 var_1 +
845,115 78 45 76 113,42,115 62 19 86 113,20,4,22,19,14,24,39,var_0 counter_var_1 +,26,counter_var_0 var_1 +
846,115 1 47 34 113,2,115 73 46 80 113,1,15,1,0,3,18,1,var_0 counter_var_1 +,16,counter_var_0 var_1 +
847,115 4 12 21 113,16,115 95 85 3 113,4,8,12,16,21,3,20,var_0 counter_var_1 +,20,counter_var_0 var_1 +
848,115 7 70 36 113,8,115 52 95 29 113,7,23,1,3,5,29,10,var_0 counter_var_1 +,24,counter_var_0 var_1 +
849,115 78 64 19 113,38,115 1 64 19 113,20,1,18,18,19,19,38,var_0 counter_var_1 +,19,counter_var_0 var_1 +
850,115 49 37 42 113,34,115 99 46 80 113,20,12,14,0,11,18,20,var_0 counter_var_1 +,26,counter_var_0 var_1 +
851,115 41 61 18 113,27,115 30 46 80 113,12,1,15,0,18,18,12,var_0 counter_var_1 +,16,counter_var_0 var_1 +
852,115 80 95 29 113,25,115 13 46 80 113,22,13,3,0,29,18,22,var_0 counter_var_1 +,16,counter_var_0 var_1 +
853,115 80 21 92 113,43,115 43 84 32 113,22,14,21,15,30,1,37,var_0 counter_var_1 +,35,counter_var_0 var_1 +
854,115 0 45 76 113,22,115 59 74 13 113,0,1,22,5,14,13,5,var_0 counter_var_1 +,23,counter_var_0 var_1 +
855,115 0 30 70 113,7,115 73 67 46 113,0,15,7,21,8,15,21,var_0 counter_var_1 +,22,counter_var_0 var_1 +
856,115 88 111 12 113,20,115 76 29 25 113,1,18,19,6,12,25,7,var_0 counter_var_1 +,37,counter_var_0 var_1 +
857,115 7 60 44 113,21,115 37 100 0 113,7,8,14,8,13,0,15,var_0 counter_var_1 +,22,counter_var_0 var_1 +
858,115 40 85 3 113,27,115 99 63 43 113,11,12,16,17,3,12,28,var_0 counter_var_1 +,28,counter_var_0 var_1 +
859,115 33 98 78 113,10,115 2 83 38 113,4,2,6,14,16,7,18,var_0 counter_var_1 +,8,counter_var_0 var_1 +
860,115 78 25 111 113,22,115 58 35 9 113,20,0,2,12,18,9,32,var_0 counter_var_1 +,2,counter_var_0 var_1 +
861,115 7 49 72 113,10,115 100 57 1 113,7,13,3,11,10,1,18,var_0 counter_var_1 +,16,counter_var_0 var_1 +
862,115 27 75 82 113,33,115 112 86 45 113,27,25,6,17,20,14,44,var_0 counter_var_1 +,31,counter_var_0 var_1 +
863,115 28 37 42 113,42,115 111 0 101 113,28,24,14,0,11,8,28,var_0 counter_var_1 +,38,counter_var_0 var_1 +
864,115 109 98 78 113,28,115 14 71 74 113,22,14,6,2,16,12,24,var_0 counter_var_1 +,20,counter_var_0 var_1 +
865,115 21 11 30 113,32,115 71 38 20 113,21,13,11,15,30,20,36,var_0 counter_var_1 +,24,counter_var_0 var_1 +
866,115 109 47 34 113,23,115 85 14 24 113,22,27,1,14,3,24,36,var_0 counter_var_1 +,28,counter_var_0 var_1 +
867,115 107 25 111 113,22,115 10 69 99 113,20,10,2,0,18,6,20,var_0 counter_var_1 +,12,counter_var_0 var_1 +
868,115 4 77 105 113,12,115 82 88 66 113,4,24,8,19,12,4,23,var_0 counter_var_1 +,32,counter_var_0 var_1 +
869,115 100 8 26 113,21,115 41 35 9 113,13,12,8,12,26,9,25,var_0 counter_var_1 +,20,counter_var_0 var_1 +
870,115 17 33 50 113,27,115 55 71 74 113,17,26,10,2,19,12,19,var_0 counter_var_1 +,36,counter_var_0 var_1 +
871,115 21 71 74 113,23,115 16 76 93 113,21,16,2,7,12,0,28,var_0 counter_var_1 +,18,counter_var_0 var_1 +
872,115 62 33 50 113,14,115 103 8 26 113,4,16,10,8,19,26,12,var_0 counter_var_1 +,26,counter_var_0 var_1 +
873,115 100 67 46 113,34,115 28 19 86 113,13,28,21,19,15,24,32,var_0 counter_var_1 +,49,counter_var_0 var_1 +
874,115 37 112 103 113,28,115 49 46 80 113,8,20,20,0,10,18,8,var_0 counter_var_1 +,40,counter_var_0 var_1 +
875,115 109 37 42 113,36,115 58 71 74 113,22,0,14,2,11,12,24,var_0 counter_var_1 +,14,counter_var_0 var_1 +
876,115 53 28 7 113,29,115 106 50 77 113,24,19,5,4,7,15,28,var_0 counter_var_1 +,24,counter_var_0 var_1 +
877,115 14 73 96 113,18,115 62 44 107 113,14,4,4,21,3,14,35,var_0 counter_var_1 +,8,counter_var_0 var_1 +
878,115 111 38 20 113,39,115 90 1 40 113,24,3,15,1,20,9,25,var_0 counter_var_1 +,18,counter_var_0 var_1 +
879,115 37 52 95 113,14,115 77 84 32 113,8,19,6,15,2,1,23,var_0 counter_var_1 +,25,counter_var_0 var_1 +
880,115 13 53 51 113,20,115 95 37 42 113,13,8,7,14,20,11,27,var_0 counter_var_1 +,15,counter_var_0 var_1 +
881,115 49 5 47 113,25,115 23 10 68 113,20,23,5,10,16,6,30,var_0 counter_var_1 +,28,counter_var_0 var_1 +
882,115 84 78 65 113,35,115 31 34 27 113,26,2,9,11,3,27,37,var_0 counter_var_1 +,11,counter_var_0 var_1 +
883,115 4 66 102 113,24,115 63 109 79 113,4,5,20,17,9,17,21,var_0 counter_var_1 +,25,counter_var_0 var_1 +
884,115 83 99 85 113,32,115 67 21 92 113,25,9,7,21,23,30,46,var_0 counter_var_1 +,16,counter_var_0 var_1 +
885,115 108 30 70 113,28,115 84 21 92 113,21,26,7,21,8,30,42,var_0 counter_var_1 +,33,counter_var_0 var_1 +
886,115 10 14 24 113,24,115 108 11 30 113,10,21,14,11,24,30,21,var_0 counter_var_1 +,35,counter_var_0 var_1 +
887,115 42 16 94 113,29,115 111 87 69 113,13,24,16,18,1,7,31,var_0 counter_var_1 +,40,counter_var_0 var_1 +
888,115 78 41 22 113,38,115 83 27 88 113,20,25,18,4,22,26,24,var_0 counter_var_1 +,43,counter_var_0 var_1 +
889,115 83 90 90 113,46,115 99 51 97 113,25,12,21,5,28,4,30,var_0 counter_var_1 +,33,counter_var_0 var_1 +
890,115 109 25 111 113,24,115 47 14 24 113,22,18,2,14,18,24,36,var_0 counter_var_1 +,20,counter_var_0 var_1 +
891,115 70 0 101 113,12,115 68 63 43 113,12,10,0,17,8,12,29,var_0 counter_var_1 +,10,counter_var_0 var_1 +
892,115 45 2 63 113,18,115 56 23 4 113,16,27,2,0,1,4,16,var_0 counter_var_1 +,29,counter_var_0 var_1 +
893,115 81 95 29 113,26,115 56 79 57 113,23,27,3,10,29,26,33,var_0 counter_var_1 +,30,counter_var_0 var_1 +
894,115 43 78 65 113,23,115 73 72 71 113,14,15,9,3,3,9,17,var_0 counter_var_1 +,24,counter_var_0 var_1 +
895,115 37 98 78 113,14,115 40 37 42 113,8,11,6,14,16,11,22,var_0 counter_var_1 +,17,counter_var_0 var_1 +
896,115 97 46 80 113,10,115 64 25 111 113,10,6,0,2,18,18,12,var_0 counter_var_1 +,6,counter_var_0 var_1 +
897,115 104 70 36 113,18,115 60 10 68 113,17,2,1,10,5,6,27,var_0 counter_var_1 +,3,counter_var_0 var_1 +
898,115 28 62 41 113,44,115 82 13 91 113,28,24,16,13,10,29,41,var_0 counter_var_1 +,40,counter_var_0 var_1 +
899,115 77 81 54 113,31,115 75 99 85 113,19,17,12,7,23,23,26,var_0 counter_var_1 +,29,counter_var_0 var_1 +
900,115 1 6 56 113,7,115 8 90 90 113,1,8,6,21,25,28,22,var_0 counter_var_1 +,14,counter_var_0 var_1 +
901,115 8 51 97 113,13,115 100 77 105 113,8,13,5,8,4,12,16,var_0 counter_var_1 +,18,counter_var_0 var_1 +
902,115 43 33 50 113,24,115 78 41 22 113,14,20,10,18,19,22,32,var_0 counter_var_1 +,30,counter_var_0 var_1 +
903,115 58 66 102 113,20,115 0 88 66 113,0,0,20,19,9,4,19,var_0 counter_var_1 +,20,counter_var_0 var_1 +
904,115 103 109 79 113,33,115 5 43 110 113,16,5,17,20,17,17,36,var_0 counter_var_1 +,22,counter_var_0 var_1 +
905,115 94 29 25 113,13,115 40 90 90 113,7,11,6,21,25,28,28,var_0 counter_var_1 +,17,counter_var_0 var_1 +
906,115 31 2 63 113,4,115 92 82 67 113,2,5,2,13,1,5,15,var_0 counter_var_1 +,7,counter_var_0 var_1 +
907,115 26 56 59 113,36,115 38 56 59 113,26,9,10,10,28,28,36,var_0 counter_var_1 +,19,counter_var_0 var_1 +
908,115 62 94 39 113,6,115 10 35 9 113,4,10,2,12,8,9,16,var_0 counter_var_1 +,12,counter_var_0 var_1 +
909,115 99 112 103 113,32,115 97 72 71 113,12,10,20,3,10,9,15,var_0 counter_var_1 +,30,counter_var_0 var_1 +
910,115 106 39 14 113,35,115 31 29 25 113,19,2,16,6,14,25,25,var_0 counter_var_1 +,18,counter_var_0 var_1 +
911,115 51 109 79 113,39,115 87 19 86 113,22,0,17,19,17,24,41,var_0 counter_var_1 +,17,counter_var_0 var_1 +
912,115 62 91 33 113,26,115 23 94 39 113,4,23,22,2,2,8,6,var_0 counter_var_1 +,45,counter_var_0 var_1 +
913,115 14 46 80 113,14,115 65 12 21 113,14,7,0,12,18,21,26,var_0 counter_var_1 +,7,counter_var_0 var_1 +
914,115 86 42 55 113,47,115 52 106 35 113,28,23,19,14,24,4,42,var_0 counter_var_1 +,42,counter_var_0 var_1 +
915,115 96 4 52 113,13,115 74 111 12 113,9,16,4,19,21,12,28,var_0 counter_var_1 +,20,counter_var_0 var_1 +
916,115 62 104 84 113,16,115 11 83 38 113,4,11,12,14,22,7,18,var_0 counter_var_1 +,23,counter_var_0 var_1 +
917,115 67 95 29 113,12,115 38 85 3 113,9,9,3,16,29,3,25,var_0 counter_var_1 +,12,counter_var_0 var_1 +
918,115 4 43 110 113,24,115 47 107 60 113,4,18,20,15,17,29,19,var_0 counter_var_1 +,38,counter_var_0 var_1 +
919,115 24 69 99 113,24,115 111 85 3 113,24,24,0,16,6,3,40,var_0 counter_var_1 +,24,counter_var_0 var_1 +
920,115 9 75 82 113,15,115 84 66 102 113,9,26,6,20,20,9,29,var_0 counter_var_1 +,32,counter_var_0 var_1 +
921,115 107 108 58 113,36,115 28 51 97 113,20,28,16,5,27,4,25,var_0 counter_var_1 +,44,counter_var_0 var_1 +
922,115 29 74 13 113,5,115 45 98 78 113,0,16,5,6,13,16,6,var_0 counter_var_1 +,21,counter_var_0 var_1 +
923,115 70 45 76 113,34,115 30 100 0 113,12,1,22,8,14,0,20,var_0 counter_var_1 +,23,counter_var_0 var_1 +
924,115 10 31 109 113,18,115 63 31 109 113,10,5,8,8,16,16,18,var_0 counter_var_1 +,13,counter_var_0 var_1 +
925,115 71 2 63 113,15,115 17 2 63 113,13,17,2,2,1,1,15,var_0 counter_var_1 +,19,counter_var_0 var_1 +
926,115 27 12 21 113,39,115 35 14 24 113,27,6,12,14,21,24,41,var_0 counter_var_1 +,18,counter_var_0 var_1 +
927,115 35 106 35 113,20,115 43 57 1 113,6,14,14,11,4,1,17,var_0 counter_var_1 +,28,counter_var_0 var_1 +
928,115 2 32 64 113,11,115 38 28 7 113,2,9,9,5,2,7,7,var_0 counter_var_1 +,18,counter_var_0 var_1 +
929,115 48 23 4 113,19,115 33 78 65 113,19,4,0,9,4,3,28,var_0 counter_var_1 +,4,counter_var_0 var_1 +
930,115 5 46 80 113,5,115 35 5 47 113,5,6,0,5,18,16,10,var_0 counter_var_1 +,6,counter_var_0 var_1 +
931,115 110 78 65 113,32,115 81 41 22 113,23,23,9,18,3,22,41,var_0 counter_var_1 +,32,counter_var_0 var_1 +
932,115 98 92 2 113,11,115 39 28 7 113,11,10,0,5,2,7,16,var_0 counter_var_1 +,10,counter_var_0 var_1 +
933,115 57 10 68 113,38,115 18 6 56 113,28,18,10,6,6,25,34,var_0 counter_var_1 +,28,counter_var_0 var_1 +
934,115 106 68 100 113,41,115 64 103 49 113,19,6,22,11,7,18,30,var_0 counter_var_1 +,28,counter_var_0 var_1 +
935,115 4 3 15 113,7,115 74 76 93 113,4,16,3,7,15,0,11,var_0 counter_var_1 +,19,counter_var_0 var_1 +
936,115 53 40 11 113,41,115 70 16 94 113,24,12,17,16,11,1,40,var_0 counter_var_1 +,29,counter_var_0 var_1 +
937,115 44 2 63 113,17,115 85 92 2 113,15,27,2,0,1,2,15,var_0 counter_var_1 +,29,counter_var_0 var_1 +
938,115 65 101 104 113,16,115 10 66 102 113,7,10,9,20,11,9,27,var_0 counter_var_1 +,19,counter_var_0 var_1 +
939,115 43 71 74 113,16,115 8 36 106 113,14,8,2,13,12,13,27,var_0 counter_var_1 +,10,counter_var_0 var_1 +
940,115 86 97 81 113,33,115 77 81 54 113,28,19,5,12,19,23,40,var_0 counter_var_1 +,24,counter_var_0 var_1 +
941,115 79 103 49 113,32,115 39 70 36 113,21,10,11,1,18,5,22,var_0 counter_var_1 +,21,counter_var_0 var_1 +
942,115 75 4 52 113,21,115 22 59 23 113,17,22,4,13,21,23,30,var_0 counter_var_1 +,26,counter_var_0 var_1 +
943,115 42 58 98 113,25,115 64 91 33 113,13,6,12,22,5,2,35,var_0 counter_var_1 +,18,counter_var_0 var_1 +
944,115 66 10 68 113,18,115 5 59 23 113,8,5,10,13,6,23,21,var_0 counter_var_1 +,15,counter_var_0 var_1 +
945,115 11 99 85 113,18,115 93 74 13 113,11,6,7,5,23,13,16,var_0 counter_var_1 +,13,counter_var_0 var_1 +
946,115 5 37 42 113,19,115 108 68 100 113,5,21,14,22,11,7,27,var_0 counter_var_1 +,35,counter_var_0 var_1 +
947,115 11 5 47 113,16,115 49 4 52 113,11,20,5,4,16,21,15,var_0 counter_var_1 +,25,counter_var_0 var_1 +
948,115 2 18 73 113,20,115 75 74 13 113,2,17,18,5,11,13,7,var_0 counter_var_1 +,35,counter_var_0 var_1 +
949,115 56 22 75 113,49,115 2 19 86 113,27,2,22,19,13,24,46,var_0 counter_var_1 +,24,counter_var_0 var_1 +
950,115 107 39 14 113,36,115 6 71 74 113,20,6,16,2,14,12,22,var_0 counter_var_1 +,22,counter_var_0 var_1 +
951,115 49 21 92 113,41,115 81 102 16 113,20,23,21,10,30,16,30,var_0 counter_var_1 +,44,counter_var_0 var_1 +
952,115 15 41 22 113,33,115 29 35 9 113,15,0,18,12,22,9,27,var_0 counter_var_1 +,18,counter_var_0 var_1 +
953,115 20 45 76 113,42,115 5 63 43 113,20,5,22,17,14,12,37,var_0 counter_var_1 +,27,counter_var_0 var_1 +
954,115 38 25 111 113,11,115 84 99 85 113,9,26,2,7,18,23,16,var_0 counter_var_1 +,28,counter_var_0 var_1 +
955,115 40 28 7 113,16,115 26 36 106 113,11,26,5,13,7,13,24,var_0 counter_var_1 +,31,counter_var_0 var_1 +
956,115 20 88 66 113,39,115 44 14 24 113,20,15,19,14,4,24,34,var_0 counter_var_1 +,34,counter_var_0 var_1 +
957,115 37 29 25 113,14,115 35 20 8 113,8,6,6,20,25,8,28,var_0 counter_var_1 +,12,counter_var_0 var_1 +
958,115 71 84 32 113,28,115 24 44 107 113,13,24,15,21,1,14,34,var_0 counter_var_1 +,39,counter_var_0 var_1 +
959,115 104 59 23 113,30,115 55 62 41 113,17,26,13,16,23,10,33,var_0 counter_var_1 +,39,counter_var_0 var_1 +
960,115 85 20 8 113,47,115 49 1 40 113,27,20,20,1,8,9,28,var_0 counter_var_1 +,40,counter_var_0 var_1 +
961,115 5 96 6 113,9,115 11 25 111 113,5,11,4,2,6,18,7,var_0 counter_var_1 +,15,counter_var_0 var_1 +
962,115 54 55 48 113,34,115 14 15 53 113,25,14,9,15,17,22,40,var_0 counter_var_1 +,23,counter_var_0 var_1 +
963,115 32 69 99 113,3,115 95 63 43 113,3,8,0,17,6,12,20,var_0 counter_var_1 +,8,counter_var_0 var_1 +
964,115 72 72 71 113,17,115 15 61 18 113,14,15,3,15,9,18,29,var_0 counter_var_1 +,18,counter_var_0 var_1 +
965,115 85 96 6 113,31,115 58 61 18 113,27,0,4,15,6,18,42,var_0 counter_var_1 +,4,counter_var_0 var_1 +
966,115 3 63 43 113,20,115 68 109 79 113,3,10,17,17,12,17,20,var_0 counter_var_1 +,27,counter_var_0 var_1 +
967,115 82 22 75 113,46,115 76 39 14 113,24,18,22,16,13,14,40,var_0 counter_var_1 +,40,counter_var_0 var_1 +
968,115 22 21 92 113,43,115 54 74 13 113,22,25,21,5,30,13,27,var_0 counter_var_1 +,46,counter_var_0 var_1 +
969,115 23 47 34 113,24,115 50 96 6 113,23,21,1,4,3,6,27,var_0 counter_var_1 +,22,counter_var_0 var_1 +
970,115 90 36 106 113,16,115 85 24 5 113,3,27,13,1,13,5,4,var_0 counter_var_1 +,40,counter_var_0 var_1 +
971,115 99 40 11 113,29,115 84 46 80 113,12,26,17,0,11,18,12,var_0 counter_var_1 +,43,counter_var_0 var_1 +
972,115 15 111 12 113,34,115 30 32 64 113,15,1,19,9,12,2,24,var_0 counter_var_1 +,20,counter_var_0 var_1 +
973,115 76 109 79 113,35,115 103 30 70 113,18,16,17,7,17,8,25,var_0 counter_var_1 +,33,counter_var_0 var_1 +
974,115 18 22 75 113,40,115 75 21 92 113,18,17,22,21,13,30,39,var_0 counter_var_1 +,39,counter_var_0 var_1 +
975,115 25 17 108 113,42,115 80 83 38 113,25,22,17,14,15,7,39,var_0 counter_var_1 +,39,counter_var_0 var_1 +
976,115 2 100 0 113,10,115 44 40 11 113,2,15,8,17,0,11,19,var_0 counter_var_1 +,23,counter_var_0 var_1 +
977,115 18 108 58 113,34,115 70 18 73 113,18,12,16,18,27,11,36,var_0 counter_var_1 +,28,counter_var_0 var_1 +
978,115 90 88 66 113,22,115 22 13 91 113,3,22,19,13,4,29,16,var_0 counter_var_1 +,41,counter_var_0 var_1 +
979,115 109 94 39 113,24,115 90 13 91 113,22,3,2,13,8,29,35,var_0 counter_var_1 +,5,counter_var_0 var_1 +
980,115 20 102 16 113,30,115 15 0 101 113,20,15,10,0,16,8,20,var_0 counter_var_1 +,25,counter_var_0 var_1 +
981,115 16 67 46 113,37,115 16 51 97 113,16,16,21,5,15,4,21,var_0 counter_var_1 +,37,counter_var_0 var_1 +
982,115 49 44 107 113,41,115 72 62 41 113,20,14,21,16,14,10,36,var_0 counter_var_1 +,35,counter_var_0 var_1 +
983,115 101 102 16 113,24,115 91 99 85 113,14,4,10,7,16,23,21,var_0 counter_var_1 +,14,counter_var_0 var_1 +
984,115 29 24 5 113,1,115 81 27 88 113,0,23,1,4,5,26,4,var_0 counter_var_1 +,24,counter_var_0 var_1 +
985,115 4 104 84 113,16,115 70 72 71 113,4,12,12,3,22,9,7,var_0 counter_var_1 +,24,counter_var_0 var_1 +
986,115 2 87 69 113,20,115 62 66 102 113,2,4,18,20,7,9,22,var_0 counter_var_1 +,22,counter_var_0 var_1 +
987,115 82 13 91 113,37,115 106 57 1 113,24,19,13,11,29,1,35,var_0 counter_var_1 +,32,counter_var_0 var_1 +
988,115 56 74 13 113,32,115 18 35 9 113,27,18,5,12,13,9,39,var_0 counter_var_1 +,23,counter_var_0 var_1 +
989,115 109 109 79 113,39,115 57 57 1 113,22,28,17,11,17,1,33,var_0 counter_var_1 +,45,counter_var_0 var_1 +
990,115 3 53 51 113,10,115 25 56 59 113,3,25,7,10,20,28,13,var_0 counter_var_1 +,32,counter_var_0 var_1 +
991,115 99 50 77 113,16,115 98 32 64 113,12,11,4,9,15,2,21,var_0 counter_var_1 +,15,counter_var_0 var_1 +
992,115 96 31 109 113,17,115 94 60 44 113,9,7,8,14,16,13,23,var_0 counter_var_1 +,15,counter_var_0 var_1 +
993,115 59 32 64 113,10,115 43 65 17 113,1,14,9,19,2,17,20,var_0 counter_var_1 +,23,counter_var_0 var_1 +
994,115 80 107 60 113,37,115 31 97 81 113,22,2,15,5,29,19,27,var_0 counter_var_1 +,17,counter_var_0 var_1 +
995,115 26 50 77 113,30,115 41 17 108 113,26,12,4,17,15,15,43,var_0 counter_var_1 +,16,counter_var_0 var_1 +
996,115 22 104 84 113,34,115 47 104 84 113,22,18,12,12,22,22,34,var_0 counter_var_1 +,30,counter_var_0 var_1 +
997,115 5 75 82 113,11,115 1 47 34 113,5,1,6,1,20,3,6,var_0 counter_var_1 +,7,counter_var_0 var_1 +
998,115 79 83 38 113,35,115 89 64 19 113,21,2,14,18,7,19,39,var_0 counter_var_1 +,16,counter_var_0 var_1 +
999,115 33 111 12 113,23,115 27 67 46 113,4,27,19,21,12,15,25,var_0 counter_var_1 +,46,counter_var_0 var_1 +
1000,115 35 21 92 113,27,115 30 21 92 113,6,1,21,21,30,30,27,var_0 counter_var_1 +,22,counter_var_0 var_1 +
1001,115 70 98 78 113,18,115 67 51 97 113,12,9,6,5,16,4,17,var_0 counter_var_1 +,15,counter_var_0 var_1 +
1002,115 6 75 82 113,12,115 12 56 59 113,6,12,6,10,20,28,16,var_0 counter_var_1 +,18,counter_var_0 var_1 +
1003,115 6 110 61 113,24,115 82 62 41 113,6,24,18,16,30,10,22,var_0 counter_var_1 +,42,counter_var_0 var_1 +
1004,115 98 35 9 113,23,115 104 4 52 113,11,17,12,4,9,21,15,var_0 counter_var_1 +,29,counter_var_0 var_1 +
1005,115 28 14 24 113,42,115 4 54 83 113,28,4,14,8,24,21,36,var_0 counter_var_1 +,18,counter_var_0 var_1 +
1006,115 65 53 51 113,14,115 98 110 61 113,7,11,7,18,20,30,25,var_0 counter_var_1 +,18,counter_var_0 var_1 +
1007,115 110 94 39 113,25,115 105 62 41 113,23,18,2,16,8,10,39,var_0 counter_var_1 +,20,counter_var_0 var_1 +
1008,115 31 111 12 113,21,115 16 71 74 113,2,16,19,2,12,12,4,var_0 counter_var_1 +,35,counter_var_0 var_1 +
1009,115 45 99 85 113,23,115 93 33 50 113,16,6,7,10,23,19,26,var_0 counter_var_1 +,13,counter_var_0 var_1 +
1010,115 103 2 63 113,18,115 57 27 88 113,16,28,2,4,1,26,20,var_0 counter_var_1 +,30,counter_var_0 var_1 +
1011,115 70 73 96 113,16,115 38 12 21 113,12,9,4,12,3,21,24,var_0 counter_var_1 +,13,counter_var_0 var_1 +
1012,115 95 36 106 113,21,115 20 42 55 113,8,20,13,19,13,24,27,var_0 counter_var_1 +,33,counter_var_0 var_1 +
1013,115 63 75 82 113,11,115 111 105 62 113,5,24,6,13,20,0,18,var_0 counter_var_1 +,30,counter_var_0 var_1 +
1014,115 17 90 90 113,38,115 82 79 57 113,17,24,21,10,28,26,27,var_0 counter_var_1 +,45,counter_var_0 var_1 +
1015,115 79 23 4 113,21,115 30 33 50 113,21,1,0,10,4,19,31,var_0 counter_var_1 +,1,counter_var_0 var_1 +
1016,115 3 32 64 113,12,115 23 85 3 113,3,23,9,16,2,3,19,var_0 counter_var_1 +,32,counter_var_0 var_1 +
1017,115 42 81 54 113,25,115 69 5 47 113,13,11,12,5,23,16,18,var_0 counter_var_1 +,23,counter_var_0 var_1 +
1018,115 62 84 32 113,19,115 21 92 2 113,4,21,15,0,1,2,4,var_0 counter_var_1 +,36,counter_var_0 var_1 +
1019,115 36 10 68 113,17,115 23 17 108 113,7,23,10,17,6,15,24,var_0 counter_var_1 +,33,counter_var_0 var_1 +
1020,115 92 31 109 113,13,115 94 21 92 113,5,7,8,21,16,30,26,var_0 counter_var_1 +,15,counter_var_0 var_1 +
1021,115 64 17 108 113,23,115 48 14 24 113,6,19,17,14,15,24,20,var_0 counter_var_1 +,36,counter_var_0 var_1 +
1022,115 46 78 65 113,26,115 111 32 64 113,17,24,9,9,3,2,26,var_0 counter_var_1 +,33,counter_var_0 var_1 +
1023,115 85 69 99 113,27,115 13 67 46 113,27,13,0,21,6,15,48,var_0 counter_var_1 +,13,counter_var_0 var_1 +
1024,115 108 12 21 113,33,115 82 20 8 113,21,24,12,20,21,8,41,var_0 counter_var_1 +,36,counter_var_0 var_1 +
1025,115 23 62 41 113,39,115 28 23 4 113,23,28,16,0,10,4,23,var_0 counter_var_1 +,44,counter_var_0 var_1 +
1026,115 73 106 35 113,29,115 45 14 24 113,15,16,14,14,4,24,29,var_0 counter_var_1 +,30,counter_var_0 var_1 +
1027,115 95 44 107 113,29,115 28 102 16 113,8,28,21,10,14,16,18,var_0 counter_var_1 +,49,counter_var_0 var_1 +
1028,115 1 96 6 113,5,115 53 53 51 113,1,24,4,7,6,20,8,var_0 counter_var_1 +,28,counter_var_0 var_1 +
1029,115 15 94 39 113,17,115 62 41 22 113,15,4,2,18,8,22,33,var_0 counter_var_1 +,6,counter_var_0 var_1 +
1030,115 54 0 101 113,25,115 86 35 9 113,25,28,0,12,8,9,37,var_0 counter_var_1 +,28,counter_var_0 var_1 +
1031,115 54 104 84 113,37,115 39 48 89 113,25,10,12,2,22,27,27,var_0 counter_var_1 +,22,counter_var_0 var_1 +
1032,115 41 72 71 113,15,115 49 49 72 113,12,20,3,3,9,10,15,var_0 counter_var_1 +,23,counter_var_0 var_1 +
1033,115 51 35 9 113,34,115 11 80 31 113,22,11,12,11,9,0,33,var_0 counter_var_1 +,23,counter_var_0 var_1 +
1034,115 13 0 101 113,13,115 51 94 39 113,13,22,0,2,8,8,15,var_0 counter_var_1 +,22,counter_var_0 var_1 +
1035,115 6 78 65 113,15,115 61 74 13 113,6,3,9,5,3,13,11,var_0 counter_var_1 +,12,counter_var_0 var_1 +
1036,115 58 54 83 113,8,115 104 63 43 113,0,17,8,17,21,12,17,var_0 counter_var_1 +,25,counter_var_0 var_1 +
1037,115 52 0 101 113,23,115 106 110 61 113,23,19,0,18,8,30,41,var_0 counter_var_1 +,19,counter_var_0 var_1 +
1038,115 25 14 24 113,39,115 19 88 66 113,25,19,14,19,24,4,44,var_0 counter_var_1 +,33,counter_var_0 var_1 +
1039,115 18 57 1 113,29,115 78 30 70 113,18,20,11,7,1,8,25,var_0 counter_var_1 +,31,counter_var_0 var_1 +
1040,115 102 54 83 113,23,115 94 1 40 113,15,7,8,1,21,9,16,var_0 counter_var_1 +,15,counter_var_0 var_1 +
1041,115 17 93 37 113,18,115 9 41 22 113,17,9,1,18,6,22,35,var_0 counter_var_1 +,10,counter_var_0 var_1 +
1042,115 107 72 71 113,23,115 107 32 64 113,20,20,3,9,9,2,29,var_0 counter_var_1 +,23,counter_var_0 var_1 +
1043,115 28 18 73 113,46,115 39 59 23 113,28,10,18,13,11,23,41,var_0 counter_var_1 +,28,counter_var_0 var_1 +
1044,115 32 80 31 113,14,115 56 9 87 113,3,27,11,9,0,25,12,var_0 counter_var_1 +,38,counter_var_0 var_1 +
1045,115 112 39 14 113,41,115 85 93 37 113,25,27,16,1,14,6,26,var_0 counter_var_1 +,43,counter_var_0 var_1 +
1046,115 36 63 43 113,24,115 41 26 112 113,7,12,17,3,12,19,10,var_0 counter_var_1 +,29,counter_var_0 var_1 +
1047,115 54 36 106 113,38,115 65 37 42 113,25,7,13,14,13,11,39,var_0 counter_var_1 +,20,counter_var_0 var_1 +
1048,115 44 29 25 113,21,115 107 26 112 113,15,20,6,3,25,19,18,var_0 counter_var_1 +,26,counter_var_0 var_1 +
1049,115 49 31 109 113,28,115 60 100 0 113,20,2,8,8,16,0,28,var_0 counter_var_1 +,10,counter_var_0 var_1 +
1050,115 41 95 29 113,15,115 27 99 85 113,12,27,3,7,29,23,19,var_0 counter_var_1 +,30,counter_var_0 var_1 +
1051,115 104 28 7 113,22,115 45 49 72 113,17,16,5,3,7,10,20,var_0 counter_var_1 +,21,counter_var_0 var_1 +
1052,115 21 104 84 113,33,115 94 68 100 113,21,7,12,22,22,7,43,var_0 counter_var_1 +,19,counter_var_0 var_1 +
1053,115 93 43 110 113,26,115 59 2 63 113,6,1,20,2,17,1,8,var_0 counter_var_1 +,21,counter_var_0 var_1 +
1054,115 43 61 18 113,29,115 8 6 56 113,14,8,15,6,18,25,20,var_0 counter_var_1 +,23,counter_var_0 var_1 +
1055,115 47 0 101 113,18,115 106 67 46 113,18,19,0,21,8,15,39,var_0 counter_var_1 +,19,counter_var_0 var_1 +
1056,115 108 78 65 113,30,115 41 37 42 113,21,12,9,14,3,11,35,var_0 counter_var_1 +,21,counter_var_0 var_1 +
1057,115 66 98 78 113,14,115 43 51 97 113,8,14,6,5,16,4,13,var_0 counter_var_1 +,20,counter_var_0 var_1 +
1058,115 26 66 102 113,46,115 49 23 4 113,26,20,20,0,9,4,26,var_0 counter_var_1 +,40,counter_var_0 var_1 +
1059,115 87 107 60 113,15,115 18 105 62 113,0,18,15,13,29,0,13,var_0 counter_var_1 +,33,counter_var_0 var_1 +
1060,115 34 104 84 113,17,115 88 41 22 113,5,1,12,18,22,22,23,var_0 counter_var_1 +,13,counter_var_0 var_1 +
1061,115 69 79 57 113,21,115 102 29 25 113,11,15,10,6,26,25,17,var_0 counter_var_1 +,25,counter_var_0 var_1 +
1062,115 102 71 74 113,17,115 45 5 47 113,15,16,2,5,12,16,20,var_0 counter_var_1 +,18,counter_var_0 var_1 +
1063,115 20 69 99 113,20,115 21 69 99 113,20,21,0,0,6,6,20,var_0 counter_var_1 +,21,counter_var_0 var_1 +
1064,115 22 102 16 113,32,115 77 19 86 113,22,19,10,19,16,24,41,var_0 counter_var_1 +,29,counter_var_0 var_1 +
1065,115 0 34 27 113,11,115 11 74 13 113,0,11,11,5,27,13,5,var_0 counter_var_1 +,22,counter_var_0 var_1 +
1066,115 103 9 87 113,25,115 25 84 32 113,16,25,9,15,25,1,31,var_0 counter_var_1 +,34,counter_var_0 var_1 +
1067,115 56 93 37 113,28,115 50 90 90 113,27,21,1,21,6,28,48,var_0 counter_var_1 +,22,counter_var_0 var_1 +
1068,115 92 38 20 113,20,115 18 22 75 113,5,18,15,22,20,13,27,var_0 counter_var_1 +,33,counter_var_0 var_1 +
1069,115 6 73 96 113,10,115 81 91 33 113,6,23,4,22,3,2,28,var_0 counter_var_1 +,27,counter_var_0 var_1 +
1070,115 99 20 8 113,32,115 58 112 103 113,12,0,20,20,8,10,32,var_0 counter_var_1 +,20,counter_var_0 var_1 +
1071,115 104 42 55 113,36,115 98 112 103 113,17,11,19,20,24,10,37,var_0 counter_var_1 +,30,counter_var_0 var_1 +
1072,115 46 89 28 113,37,115 49 61 18 113,17,20,20,15,28,18,32,var_0 counter_var_1 +,40,counter_var_0 var_1 +
1073,115 26 41 22 113,44,115 28 2 63 113,26,28,18,2,22,1,28,var_0 counter_var_1 +,46,counter_var_0 var_1 +
1074,115 24 44 107 113,45,115 93 111 12 113,24,6,21,19,14,12,43,var_0 counter_var_1 +,27,counter_var_0 var_1 +
1075,115 37 84 32 113,23,115 94 10 68 113,8,7,15,10,1,6,18,var_0 counter_var_1 +,22,counter_var_0 var_1 +
1076,115 104 18 73 113,35,115 95 34 27 113,17,8,18,11,11,27,28,var_0 counter_var_1 +,26,counter_var_0 var_1 +
1077,115 28 76 93 113,35,115 37 62 41 113,28,8,7,16,0,10,44,var_0 counter_var_1 +,15,counter_var_0 var_1 +
1078,115 42 68 100 113,35,115 106 91 33 113,13,19,22,22,7,2,35,var_0 counter_var_1 +,41,counter_var_0 var_1 +
1079,115 81 52 95 113,29,115 74 79 57 113,23,16,6,10,2,26,33,var_0 counter_var_1 +,22,counter_var_0 var_1 +
1080,115 40 21 92 113,32,115 14 107 60 113,11,14,21,15,30,29,26,var_0 counter_var_1 +,35,counter_var_0 var_1 +
1081,115 49 79 57 113,30,115 34 100 0 113,20,5,10,8,26,0,28,var_0 counter_var_1 +,15,counter_var_0 var_1 +
1082,115 13 39 14 113,29,115 93 10 68 113,13,6,16,10,14,6,23,var_0 counter_var_1 +,22,counter_var_0 var_1 +
1083,115 7 104 84 113,19,115 21 33 50 113,7,21,12,10,22,19,17,var_0 counter_var_1 +,33,counter_var_0 var_1 +
1084,115 76 46 80 113,18,115 70 19 86 113,18,12,0,19,18,24,37,var_0 counter_var_1 +,12,counter_var_0 var_1 +
1085,115 18 24 5 113,19,115 87 10 68 113,18,0,1,10,5,6,28,var_0 counter_var_1 +,1,counter_var_0 var_1 +
1086,115 53 70 36 113,25,115 83 21 92 113,24,25,1,21,5,30,45,var_0 counter_var_1 +,26,counter_var_0 var_1 +
1087,115 86 51 97 113,33,115 82 23 4 113,28,24,5,0,4,4,28,var_0 counter_var_1 +,29,counter_var_0 var_1 +
1088,115 81 47 34 113,24,115 31 75 82 113,23,2,1,6,3,20,29,var_0 counter_var_1 +,3,counter_var_0 var_1 +
1089,115 71 37 42 113,27,115 24 28 7 113,13,24,14,5,11,7,18,var_0 counter_var_1 +,38,counter_var_0 var_1 +
1090,115 93 29 25 113,12,115 49 48 89 113,6,20,6,2,25,27,8,var_0 counter_var_1 +,26,counter_var_0 var_1 +
1091,115 77 10 68 113,29,115 36 15 53 113,19,7,10,15,6,22,34,var_0 counter_var_1 +,17,counter_var_0 var_1 +
1092,115 100 14 24 113,27,115 68 106 35 113,13,10,14,14,24,4,27,var_0 counter_var_1 +,24,counter_var_0 var_1 +
1093,115 93 77 105 113,14,115 85 66 102 113,6,27,8,20,12,9,26,var_0 counter_var_1 +,35,counter_var_0 var_1 +
1094,115 72 41 22 113,32,115 55 5 47 113,14,26,18,5,22,16,19,var_0 counter_var_1 +,44,counter_var_0 var_1 +
1095,115 80 105 62 113,35,115 41 52 95 113,22,12,13,6,0,2,28,var_0 counter_var_1 +,25,counter_var_0 var_1 +
1096,115 96 63 43 113,26,115 85 61 18 113,9,27,17,15,12,18,24,var_0 counter_var_1 +,44,counter_var_0 var_1 +
1097,115 35 37 42 113,20,115 107 50 77 113,6,20,14,4,11,15,10,var_0 counter_var_1 +,34,counter_var_0 var_1 +
1098,115 5 79 57 113,15,115 74 83 38 113,5,16,10,14,26,7,19,var_0 counter_var_1 +,26,counter_var_0 var_1 +
1099,115 24 33 50 113,34,115 93 26 112 113,24,6,10,3,19,19,27,var_0 counter_var_1 +,16,counter_var_0 var_1 +
1100,115 76 24 5 113,19,115 32 16 94 113,18,3,1,16,5,1,34,var_0 counter_var_1 +,4,counter_var_0 var_1 +
1101,115 76 71 74 113,20,115 17 14 24 113,18,17,2,14,12,24,32,var_0 counter_var_1 +,19,counter_var_0 var_1 +
1102,115 83 17 108 113,42,115 20 10 68 113,25,20,17,10,15,6,35,var_0 counter_var_1 +,37,counter_var_0 var_1 +
1103,115 98 2 63 113,13,115 65 49 72 113,11,7,2,3,1,10,14,var_0 counter_var_1 +,9,counter_var_0 var_1 +
1104,115 98 62 41 113,27,115 83 62 41 113,11,25,16,16,10,10,27,var_0 counter_var_1 +,41,counter_var_0 var_1 +
1105,115 86 53 51 113,35,115 52 48 89 113,28,23,7,2,20,27,30,var_0 counter_var_1 +,30,counter_var_0 var_1 +
1106,115 66 18 73 113,26,115 6 77 105 113,8,6,18,8,11,12,16,var_0 counter_var_1 +,24,counter_var_0 var_1 +
1107,115 56 56 59 113,37,115 67 78 65 113,27,9,10,9,28,3,36,var_0 counter_var_1 +,19,counter_var_0 var_1 +
1108,115 3 6 56 113,9,115 18 11 30 113,3,18,6,11,25,30,14,var_0 counter_var_1 +,24,counter_var_0 var_1 +
1109,115 34 53 51 113,12,115 108 2 63 113,5,21,7,2,20,1,7,var_0 counter_var_1 +,28,counter_var_0 var_1 +
1110,115 104 46 80 113,17,115 32 98 78 113,17,3,0,6,18,16,23,var_0 counter_var_1 +,3,counter_var_0 var_1 +
1111,115 73 104 84 113,27,115 111 47 34 113,15,24,12,1,22,3,16,var_0 counter_var_1 +,36,counter_var_0 var_1 +
1112,115 65 80 31 113,18,115 60 21 92 113,7,2,11,21,0,30,28,var_0 counter_var_1 +,13,counter_var_0 var_1 +
1113,115 98 40 11 113,28,115 82 50 77 113,11,24,17,4,11,15,15,var_0 counter_var_1 +,41,counter_var_0 var_1 +
1114,115 20 80 31 113,31,115 9 82 67 113,20,9,11,13,0,5,33,var_0 counter_var_1 +,20,counter_var_0 var_1 +
1115,115 5 86 45 113,22,115 7 11 30 113,5,7,17,11,14,30,16,var_0 counter_var_1 +,24,counter_var_0 var_1 +
1116,115 63 110 61 113,23,115 47 1 40 113,5,18,18,1,30,9,6,var_0 counter_var_1 +,36,counter_var_0 var_1 +
1117,115 56 63 43 113,44,115 70 97 81 113,27,12,17,5,12,19,32,var_0 counter_var_1 +,29,counter_var_0 var_1 +
1118,115 65 36 106 113,20,115 6 14 24 113,7,6,13,14,13,24,21,var_0 counter_var_1 +,19,counter_var_0 var_1 +
1119,115 56 12 21 113,39,115 48 101 104 113,27,19,12,9,21,11,36,var_0 counter_var_1 +,31,counter_var_0 var_1 +
1120,115 10 22 75 113,32,115 7 24 5 113,10,7,22,1,13,5,11,var_0 counter_var_1 +,29,counter_var_0 var_1 +
1121,115 85 8 26 113,35,115 68 6 56 113,27,10,8,6,26,25,33,var_0 counter_var_1 +,18,counter_var_0 var_1 +
1122,115 48 30 70 113,26,115 25 43 110 113,19,25,7,20,8,17,39,var_0 counter_var_1 +,32,counter_var_0 var_1 +
1123,115 74 39 14 113,32,115 34 33 50 113,16,5,16,10,14,19,26,var_0 counter_var_1 +,21,counter_var_0 var_1 +
1124,115 8 105 62 113,21,115 19 50 77 113,8,19,13,4,0,15,12,var_0 counter_var_1 +,32,counter_var_0 var_1 +
1125,115 111 112 103 113,44,115 81 106 35 113,24,23,20,14,10,4,38,var_0 counter_var_1 +,43,counter_var_0 var_1 +
1126,115 102 38 20 113,30,115 19 58 98 113,15,19,15,12,20,5,27,var_0 counter_var_1 +,34,counter_var_0 var_1 +
1127,115 11 52 95 113,17,115 46 33 50 113,11,17,6,10,2,19,21,var_0 counter_var_1 +,23,counter_var_0 var_1 +
1128,115 108 66 102 113,41,115 43 97 81 113,21,14,20,5,9,19,26,var_0 counter_var_1 +,34,counter_var_0 var_1 +
1129,115 102 43 110 113,35,115 48 94 39 113,15,19,20,2,17,8,17,var_0 counter_var_1 +,39,counter_var_0 var_1 +
1130,115 73 9 87 113,24,115 67 13 91 113,15,9,9,13,25,29,28,var_0 counter_var_1 +,18,counter_var_0 var_1 +
1131,115 100 59 23 113,26,115 20 34 27 113,13,20,13,11,23,27,24,var_0 counter_var_1 +,33,counter_var_0 var_1 +
1132,115 106 110 61 113,37,115 11 12 21 113,19,11,18,12,30,21,31,var_0 counter_var_1 +,29,counter_var_0 var_1 +
1133,115 60 27 88 113,6,115 33 18 73 113,2,4,4,18,26,11,20,var_0 counter_var_1 +,8,counter_var_0 var_1 +
1134,115 91 15 53 113,19,115 0 22 75 113,4,0,15,22,22,13,26,var_0 counter_var_1 +,15,counter_var_0 var_1 +
1135,115 101 110 61 113,32,115 63 68 100 113,14,5,18,22,30,7,36,var_0 counter_var_1 +,23,counter_var_0 var_1 +
1136,115 77 61 18 113,34,115 103 57 1 113,19,16,15,11,18,1,30,var_0 counter_var_1 +,31,counter_var_0 var_1 +
1137,115 103 24 5 113,17,115 21 8 26 113,16,21,1,8,5,26,24,var_0 counter_var_1 +,22,counter_var_0 var_1 +
1138,115 39 50 77 113,14,115 48 32 64 113,10,19,4,9,15,2,19,var_0 counter_var_1 +,23,counter_var_0 var_1 +
1139,115 53 102 16 113,34,115 86 84 32 113,24,28,10,15,16,1,39,var_0 counter_var_1 +,38,counter_var_0 var_1 +
1140,115 67 1 40 113,10,115 48 50 77 113,9,19,1,4,9,15,13,var_0 counter_var_1 +,20,counter_var_0 var_1 +
1141,115 12 51 97 113,17,115 107 2 63 113,12,20,5,2,4,1,14,var_0 counter_var_1 +,25,counter_var_0 var_1 +
1142,115 71 85 3 113,29,115 9 46 80 113,13,9,16,0,3,18,13,var_0 counter_var_1 +,25,counter_var_0 var_1 +
1143,115 90 64 19 113,21,115 83 72 71 113,3,25,18,3,19,9,6,var_0 counter_var_1 +,43,counter_var_0 var_1 +
1144,115 97 14 24 113,24,115 29 64 19 113,10,0,14,18,24,19,28,var_0 counter_var_1 +,14,counter_var_0 var_1 +
1145,115 32 33 50 113,13,115 60 2 63 113,3,2,10,2,19,1,5,var_0 counter_var_1 +,12,counter_var_0 var_1 +
1146,115 36 86 45 113,24,115 63 6 56 113,7,5,17,6,14,25,13,var_0 counter_var_1 +,22,counter_var_0 var_1 +
1147,115 43 6 56 113,20,115 64 31 109 113,14,6,6,8,25,16,22,var_0 counter_var_1 +,12,counter_var_0 var_1 +
1148,115 35 38 20 113,21,115 72 50 77 113,6,14,15,4,20,15,10,var_0 counter_var_1 +,29,counter_var_0 var_1 +
1149,115 69 36 106 113,24,115 71 85 3 113,11,13,13,16,13,3,27,var_0 counter_var_1 +,26,counter_var_0 var_1 +
1150,115 66 32 64 113,17,115 71 107 60 113,8,13,9,15,2,29,23,var_0 counter_var_1 +,22,counter_var_0 var_1 +
1151,115 2 104 84 113,14,115 77 43 110 113,2,19,12,20,22,17,22,var_0 counter_var_1 +,31,counter_var_0 var_1 +
1152,115 1 77 105 113,9,115 76 55 48 113,1,18,8,9,12,17,10,var_0 counter_var_1 +,26,counter_var_0 var_1 +
1153,115 1 106 35 113,15,115 89 85 3 113,1,2,14,16,4,3,17,var_0 counter_var_1 +,16,counter_var_0 var_1 +
1154,115 62 19 86 113,23,115 37 94 39 113,4,8,19,2,24,8,6,var_0 counter_var_1 +,27,counter_var_0 var_1 +
1155,115 39 1 40 113,11,115 66 66 102 113,10,8,1,20,9,9,30,var_0 counter_var_1 +,9,counter_var_0 var_1 +
1156,115 55 57 1 113,37,115 30 71 74 113,26,1,11,2,1,12,28,var_0 counter_var_1 +,12,counter_var_0 var_1 +
1157,115 88 1 40 113,2,115 51 15 53 113,1,22,1,15,9,22,16,var_0 counter_var_1 +,23,counter_var_0 var_1 +
1158,115 50 22 75 113,43,115 85 77 105 113,21,27,22,8,13,12,29,var_0 counter_var_1 +,49,counter_var_0 var_1 +
1159,115 70 1 40 113,13,115 78 111 12 113,12,20,1,19,9,12,31,var_0 counter_var_1 +,21,counter_var_0 var_1 +
1160,115 32 66 102 113,23,115 37 68 100 113,3,8,20,22,9,7,25,var_0 counter_var_1 +,28,counter_var_0 var_1 +
1161,115 73 47 34 113,16,115 30 98 78 113,15,1,1,6,3,16,21,var_0 counter_var_1 +,2,counter_var_0 var_1 +
1162,115 93 10 68 113,16,115 23 42 55 113,6,23,10,19,6,24,25,var_0 counter_var_1 +,33,counter_var_0 var_1 +
1163,115 85 21 92 113,48,115 77 15 53 113,27,19,21,15,30,22,42,var_0 counter_var_1 +,40,counter_var_0 var_1 +
1164,115 65 108 58 113,23,115 104 106 35 113,7,17,16,14,27,4,21,var_0 counter_var_1 +,33,counter_var_0 var_1 +
1165,115 38 23 4 113,9,115 90 43 110 113,9,3,0,20,4,17,29,var_0 counter_var_1 +,3,counter_var_0 var_1 +
1166,115 33 18 73 113,22,115 60 91 33 113,4,2,18,22,11,2,26,var_0 counter_var_1 +,20,counter_var_0 var_1 +
1167,115 29 43 110 113,20,115 67 87 69 113,0,9,20,18,17,7,18,var_0 counter_var_1 +,29,counter_var_0 var_1 +
1168,115 63 7 10 113,12,115 10 12 21 113,5,10,7,12,10,21,17,var_0 counter_var_1 +,17,counter_var_0 var_1 +
1169,115 57 66 102 113,48,115 21 23 4 113,28,21,20,0,9,4,28,var_0 counter_var_1 +,41,counter_var_0 var_1 +
1170,115 21 49 72 113,24,115 108 24 5 113,21,21,3,1,10,5,22,var_0 counter_var_1 +,24,counter_var_0 var_1 +
1171,115 63 90 90 113,26,115 78 101 104 113,5,20,21,9,28,11,14,var_0 counter_var_1 +,41,counter_var_0 var_1 +
1172,115 107 0 101 113,20,115 18 92 2 113,20,18,0,0,8,2,20,var_0 counter_var_1 +,18,counter_var_0 var_1 +
1173,115 57 97 81 113,33,115 50 84 32 113,28,21,5,15,19,1,43,var_0 counter_var_1 +,26,counter_var_0 var_1 +
1174,115 50 35 9 113,33,115 111 28 7 113,21,24,12,5,9,7,26,var_0 counter_var_1 +,36,counter_var_0 var_1 +
1175,115 24 39 14 113,40,115 36 12 21 113,24,7,16,12,14,21,36,var_0 counter_var_1 +,23,counter_var_0 var_1 +
1176,115 87 105 62 113,13,115 28 69 99 113,0,28,13,0,0,6,0,var_0 counter_var_1 +,41,counter_var_0 var_1 +
1177,115 94 69 99 113,7,115 42 39 14 113,7,13,0,16,6,14,23,var_0 counter_var_1 +,13,counter_var_0 var_1 +
1178,115 64 58 98 113,18,115 101 109 79 113,6,14,12,17,5,17,23,var_0 counter_var_1 +,26,counter_var_0 var_1 +
1179,115 52 21 92 113,44,115 45 33 50 113,23,16,21,10,30,19,33,var_0 counter_var_1 +,37,counter_var_0 var_1 +
1180,115 93 86 45 113,23,115 34 8 26 113,6,5,17,8,14,26,14,var_0 counter_var_1 +,22,counter_var_0 var_1 +
1181,115 48 53 51 113,26,115 74 93 37 113,19,16,7,1,20,6,20,var_0 counter_var_1 +,23,counter_var_0 var_1 +
1182,115 28 41 22 113,46,115 15 73 96 113,28,15,18,4,22,3,32,var_0 counter_var_1 +,33,counter_var_0 var_1 +
1183,115 26 84 32 113,41,115 34 32 64 113,26,5,15,9,1,2,35,var_0 counter_var_1 +,20,counter_var_0 var_1 +
1184,115 11 107 60 113,26,115 9 24 5 113,11,9,15,1,29,5,12,var_0 counter_var_1 +,24,counter_var_0 var_1 +
1185,115 64 41 22 113,24,115 2 42 55 113,6,2,18,19,22,24,25,var_0 counter_var_1 +,20,counter_var_0 var_1 +
1186,115 26 29 25 113,32,115 14 26 112 113,26,14,6,3,25,19,29,var_0 counter_var_1 +,20,counter_var_0 var_1 +
1187,115 104 56 59 113,27,115 49 92 2 113,17,20,10,0,28,2,17,var_0 counter_var_1 +,30,counter_var_0 var_1 +
1188,115 60 29 25 113,8,115 7 95 29 113,2,7,6,3,25,29,5,var_0 counter_var_1 +,13,counter_var_0 var_1 +
1189,115 26 62 41 113,42,115 105 56 59 113,26,18,16,10,10,28,36,var_0 counter_var_1 +,34,counter_var_0 var_1 +
1190,115 74 103 49 113,27,115 11 4 52 113,16,11,11,4,18,21,20,var_0 counter_var_1 +,22,counter_var_0 var_1 +
1191,115 64 80 31 113,17,115 90 56 59 113,6,3,11,10,0,28,16,var_0 counter_var_1 +,14,counter_var_0 var_1 +
1192,115 97 72 71 113,13,115 9 85 3 113,10,9,3,16,9,3,26,var_0 counter_var_1 +,12,counter_var_0 var_1 +
1193,115 112 89 28 113,45,115 58 90 90 113,25,0,20,21,28,28,46,var_0 counter_var_1 +,20,counter_var_0 var_1 +
1194,115 67 79 57 113,19,115 18 25 111 113,9,18,10,2,26,18,11,var_0 counter_var_1 +,28,counter_var_0 var_1 +
1195,115 79 36 106 113,34,115 29 57 1 113,21,0,13,11,13,1,32,var_0 counter_var_1 +,13,counter_var_0 var_1 +
1196,115 107 102 16 113,30,115 20 57 1 113,20,20,10,11,16,1,31,var_0 counter_var_1 +,30,counter_var_0 var_1 +
1197,115 56 91 33 113,49,115 39 91 33 113,27,10,22,22,2,2,49,var_0 counter_var_1 +,32,counter_var_0 var_1 +
1198,115 28 15 53 113,43,115 112 111 12 113,28,25,15,19,22,12,47,var_0 counter_var_1 +,40,counter_var_0 var_1 +
1199,115 30 107 60 113,16,115 98 90 90 113,1,11,15,21,29,28,22,var_0 counter_var_1 +,26,counter_var_0 var_1 +
1200,115 34 68 100 113,27,115 67 52 95 113,5,9,22,6,7,2,11,var_0 counter_var_1 +,31,counter_var_0 var_1 +
1201,115 56 82 67 113,40,115 81 0 101 113,27,23,13,0,5,8,27,var_0 counter_var_1 +,36,counter_var_0 var_1 +
1202,115 8 93 37 113,9,115 104 40 11 113,8,17,1,17,6,11,25,var_0 counter_var_1 +,18,counter_var_0 var_1 +
1203,115 92 1 40 113,6,115 77 12 21 113,5,19,1,12,9,21,17,var_0 counter_var_1 +,20,counter_var_0 var_1 +
1204,115 35 57 1 113,17,115 104 6 56 113,6,17,11,6,1,25,12,var_0 counter_var_1 +,28,counter_var_0 var_1 +
1205,115 87 94 39 113,2,115 2 28 7 113,0,2,2,5,8,7,5,var_0 counter_var_1 +,4,counter_var_0 var_1 +
1206,115 71 58 98 113,25,115 87 46 80 113,13,0,12,0,5,18,13,var_0 counter_var_1 +,12,counter_var_0 var_1 +
1207,115 27 70 36 113,28,115 5 38 20 113,27,5,1,15,5,20,42,var_0 counter_var_1 +,6,counter_var_0 var_1 +
1208,115 32 65 17 113,22,115 1 82 67 113,3,1,19,13,17,5,16,var_0 counter_var_1 +,20,counter_var_0 var_1 +
1209,115 26 109 79 113,43,115 89 16 94 113,26,2,17,16,17,1,42,var_0 counter_var_1 +,19,counter_var_0 var_1 +
1210,115 74 42 55 113,35,115 33 99 85 113,16,4,19,7,24,23,23,var_0 counter_var_1 +,23,counter_var_0 var_1 +
1211,115 89 70 36 113,3,115 29 32 64 113,2,0,1,9,5,2,11,var_0 counter_var_1 +,1,counter_var_0 var_1 +
1212,115 95 90 90 113,29,115 48 27 88 113,8,19,21,4,28,26,12,var_0 counter_var_1 +,40,counter_var_0 var_1 +
1213,115 80 15 53 113,37,115 77 96 6 113,22,19,15,4,22,6,26,var_0 counter_var_1 +,34,counter_var_0 var_1 +
1214,115 50 14 24 113,35,115 14 102 16 113,21,14,14,10,24,16,31,var_0 counter_var_1 +,28,counter_var_0 var_1 +
1215,115 84 42 55 113,45,115 74 34 27 113,26,16,19,11,24,27,37,var_0 counter_var_1 +,35,counter_var_0 var_1 +
1216,115 105 76 93 113,25,115 50 64 19 113,18,21,7,18,0,19,36,var_0 counter_var_1 +,28,counter_var_0 var_1 +
1217,115 105 50 77 113,22,115 59 5 47 113,18,1,4,5,15,16,23,var_0 counter_var_1 +,5,counter_var_0 var_1 +
1218,115 60 45 76 113,24,115 26 10 68 113,2,26,22,10,14,6,12,var_0 counter_var_1 +,48,counter_var_0 var_1 +
1219,115 43 57 1 113,25,115 22 90 90 113,14,22,11,21,1,28,35,var_0 counter_var_1 +,33,counter_var_0 var_1 +
1220,115 18 58 98 113,30,115 27 11 30 113,18,27,12,11,5,30,29,var_0 counter_var_1 +,39,counter_var_0 var_1 +
1221,115 76 30 70 113,25,115 58 53 51 113,18,0,7,7,8,20,25,var_0 counter_var_1 +,7,counter_var_0 var_1 +
1222,115 98 60 44 113,25,115 29 106 35 113,11,0,14,14,13,4,25,var_0 counter_var_1 +,14,counter_var_0 var_1 +
1223,115 64 99 85 113,13,115 98 38 20 113,6,11,7,15,23,20,21,var_0 counter_var_1 +,18,counter_var_0 var_1 +
1224,115 25 19 86 113,44,115 67 69 99 113,25,9,19,0,24,6,25,var_0 counter_var_1 +,28,counter_var_0 var_1 +
1225,115 52 23 4 113,23,115 12 38 20 113,23,12,0,15,4,20,38,var_0 counter_var_1 +,12,counter_var_0 var_1 +
1226,115 78 49 72 113,23,115 47 58 98 113,20,18,3,12,10,5,32,var_0 counter_var_1 +,21,counter_var_0 var_1 +
1227,115 43 108 58 113,30,115 72 81 54 113,14,14,16,12,27,23,26,var_0 counter_var_1 +,30,counter_var_0 var_1 +
1228,115 2 101 104 113,11,115 83 73 96 113,2,25,9,4,11,3,6,var_0 counter_var_1 +,34,counter_var_0 var_1 +
1229,115 14 52 95 113,20,115 71 33 50 113,14,13,6,10,2,19,24,var_0 counter_var_1 +,19,counter_var_0 var_1 +
1230,115 95 45 76 113,30,115 12 34 27 113,8,12,22,11,14,27,19,var_0 counter_var_1 +,34,counter_var_0 var_1 +
1231,115 66 107 60 113,23,115 92 84 32 113,8,5,15,15,29,1,23,var_0 counter_var_1 +,20,counter_var_0 var_1 +
1232,115 51 10 68 113,32,115 13 6 56 113,22,13,10,6,6,25,28,var_0 counter_var_1 +,23,counter_var_0 var_1 +
1233,115 45 26 112 113,19,115 54 53 51 113,16,25,3,7,19,20,23,var_0 counter_var_1 +,28,counter_var_0 var_1 +
1234,115 20 47 34 113,21,115 11 98 78 113,20,11,1,6,3,16,26,var_0 counter_var_1 +,12,counter_var_0 var_1 +
1235,115 85 92 2 113,27,115 102 103 49 113,27,15,0,11,2,18,38,var_0 counter_var_1 +,15,counter_var_0 var_1 +
1236,115 50 67 46 113,42,115 91 29 25 113,21,4,21,6,15,25,27,var_0 counter_var_1 +,25,counter_var_0 var_1 +
1237,115 33 93 37 113,5,115 72 14 24 113,4,14,1,14,6,24,18,var_0 counter_var_1 +,15,counter_var_0 var_1 +
1238,115 3 39 14 113,19,115 98 20 8 113,3,11,16,20,14,8,23,var_0 counter_var_1 +,27,counter_var_0 var_1 +
1239,115 22 27 88 113,26,115 23 24 5 113,22,23,4,1,26,5,23,var_0 counter_var_1 +,27,counter_var_0 var_1 +
1240,115 24 73 96 113,28,115 16 112 103 113,24,16,4,20,3,10,44,var_0 counter_var_1 +,20,counter_var_0 var_1 +
1241,115 18 14 24 113,32,115 19 94 39 113,18,19,14,2,24,8,20,var_0 counter_var_1 +,33,counter_var_0 var_1 +
1242,115 27 60 44 113,41,115 49 47 34 113,27,20,14,1,13,3,28,var_0 counter_var_1 +,34,counter_var_0 var_1 +
1243,115 103 50 77 113,20,115 66 61 18 113,16,8,4,15,15,18,31,var_0 counter_var_1 +,12,counter_var_0 var_1 +
1244,115 13 79 57 113,23,115 59 106 35 113,13,1,10,14,26,4,27,var_0 counter_var_1 +,11,counter_var_0 var_1 +
1245,115 92 21 92 113,26,115 110 32 64 113,5,23,21,9,30,2,14,var_0 counter_var_1 +,44,counter_var_0 var_1 +
1246,115 16 58 98 113,28,115 112 71 74 113,16,25,12,2,5,12,18,var_0 counter_var_1 +,37,counter_var_0 var_1 +
1247,115 38 70 36 113,10,115 58 34 27 113,9,0,1,11,5,27,20,var_0 counter_var_1 +,1,counter_var_0 var_1 +
1248,115 100 42 55 113,32,115 56 61 18 113,13,27,19,15,24,18,28,var_0 counter_var_1 +,46,counter_var_0 var_1 +
1249,115 33 84 32 113,19,115 50 91 33 113,4,21,15,22,1,2,26,var_0 counter_var_1 +,36,counter_var_0 var_1 +
1250,115 87 92 2 113,0,115 55 65 17 113,0,26,0,19,2,17,19,var_0 counter_var_1 +,26,counter_var_0 var_1 +
1251,115 76 74 13 113,23,115 15 28 7 113,18,15,5,5,13,7,23,var_0 counter_var_1 +,20,counter_var_0 var_1 +
1252,115 15 50 77 113,19,115 29 10 68 113,15,0,4,10,15,6,25,var_0 counter_var_1 +,4,counter_var_0 var_1 +
1253,115 57 12 21 113,40,115 68 50 77 113,28,10,12,4,21,15,32,var_0 counter_var_1 +,22,counter_var_0 var_1 +
1254,115 41 16 94 113,28,115 36 72 71 113,12,7,16,3,1,9,15,var_0 counter_var_1 +,23,counter_var_0 var_1 +
1255,115 35 27 88 113,10,115 28 82 67 113,6,28,4,13,26,5,19,var_0 counter_var_1 +,32,counter_var_0 var_1 +
1256,115 18 93 37 113,19,115 92 20 8 113,18,5,1,20,6,8,38,var_0 counter_var_1 +,6,counter_var_0 var_1 +
1257,115 13 17 108 113,30,115 40 47 34 113,13,11,17,1,15,3,14,var_0 counter_var_1 +,28,counter_var_0 var_1 +
1258,115 22 26 112 113,25,115 85 56 59 113,22,27,3,10,19,28,32,var_0 counter_var_1 +,30,counter_var_0 var_1 +
1259,115 101 13 91 113,27,115 18 56 59 113,14,18,13,10,29,28,24,var_0 counter_var_1 +,31,counter_var_0 var_1 +
1260,115 62 20 8 113,24,115 64 8 26 113,4,6,20,8,8,26,12,var_0 counter_var_1 +,26,counter_var_0 var_1 +
1261,115 72 94 39 113,16,115 67 65 17 113,14,9,2,19,8,17,33,var_0 counter_var_1 +,11,counter_var_0 var_1 +
1262,115 61 57 1 113,14,115 79 11 30 113,3,21,11,11,1,30,14,var_0 counter_var_1 +,32,counter_var_0 var_1 +
1263,115 105 91 33 113,40,115 106 23 4 113,18,19,22,0,2,4,18,var_0 counter_var_1 +,41,counter_var_0 var_1 +
1264,115 7 84 32 113,22,115 49 20 8 113,7,20,15,20,1,8,27,var_0 counter_var_1 +,35,counter_var_0 var_1 +
1265,115 18 29 25 113,24,115 59 80 31 113,18,1,6,11,25,0,29,var_0 counter_var_1 +,7,counter_var_0 var_1 +
1266,115 3 0 101 113,3,115 96 30 70 113,3,9,0,7,8,8,10,var_0 counter_var_1 +,9,counter_var_0 var_1 +
1267,115 75 52 95 113,23,115 69 106 35 113,17,11,6,14,2,4,31,var_0 counter_var_1 +,17,counter_var_0 var_1 +
1268,115 61 68 100 113,25,115 6 24 5 113,3,6,22,1,7,5,4,var_0 counter_var_1 +,28,counter_var_0 var_1 +
1269,115 40 55 48 113,20,115 111 29 25 113,11,24,9,6,17,25,17,var_0 counter_var_1 +,33,counter_var_0 var_1 +
1270,115 91 76 93 113,11,115 91 7 10 113,4,4,7,7,0,10,11,var_0 counter_var_1 +,11,counter_var_0 var_1 +
1271,115 48 22 75 113,41,115 16 104 84 113,19,16,22,12,13,22,31,var_0 counter_var_1 +,38,counter_var_0 var_1 +
1272,115 45 30 70 113,23,115 108 62 41 113,16,21,7,16,8,10,32,var_0 counter_var_1 +,28,counter_var_0 var_1 +
1273,115 91 64 19 113,22,115 6 16 94 113,4,6,18,16,19,1,20,var_0 counter_var_1 +,24,counter_var_0 var_1 +
1274,115 41 39 14 113,28,115 96 46 80 113,12,9,16,0,14,18,12,var_0 counter_var_1 +,25,counter_var_0 var_1 +
1275,115 49 7 10 113,27,115 31 80 31 113,20,2,7,11,10,0,31,var_0 counter_var_1 +,9,counter_var_0 var_1 +
1276,115 60 93 37 113,3,115 68 78 65 113,2,10,1,9,6,3,11,var_0 counter_var_1 +,11,counter_var_0 var_1 +
1277,115 54 87 69 113,43,115 60 74 13 113,25,2,18,5,7,13,30,var_0 counter_var_1 +,20,counter_var_0 var_1 +
1278,115 33 12 21 113,16,115 54 3 15 113,4,25,12,3,21,15,7,var_0 counter_var_1 +,37,counter_var_0 var_1 +
1279,115 42 96 6 113,17,115 86 110 61 113,13,28,4,18,6,30,31,var_0 counter_var_1 +,32,counter_var_0 var_1 +
1280,115 81 88 66 113,42,115 23 5 47 113,23,23,19,5,4,16,28,var_0 counter_var_1 +,42,counter_var_0 var_1 +
1281,115 82 98 78 113,30,115 58 48 89 113,24,0,6,2,16,27,26,var_0 counter_var_1 +,6,counter_var_0 var_1 +
1282,115 8 80 31 113,19,115 89 52 95 113,8,2,11,6,0,2,14,var_0 counter_var_1 +,13,counter_var_0 var_1 +
1283,115 104 77 105 113,25,115 5 9 87 113,17,5,8,9,12,25,26,var_0 counter_var_1 +,13,counter_var_0 var_1 +
1284,115 63 65 17 113,24,115 82 105 62 113,5,24,19,13,17,0,18,var_0 counter_var_1 +,43,counter_var_0 var_1 +
1285,115 10 26 112 113,13,115 51 47 34 113,10,22,3,1,19,3,11,var_0 counter_var_1 +,25,counter_var_0 var_1 +
1286,115 21 2 63 113,23,115 92 30 70 113,21,5,2,7,1,8,28,var_0 counter_var_1 +,7,counter_var_0 var_1 +
1287,115 14 72 71 113,17,115 49 56 59 113,14,20,3,10,9,28,24,var_0 counter_var_1 +,23,counter_var_0 var_1 +
1288,115 100 97 81 113,18,115 86 14 24 113,13,28,5,14,19,24,27,var_0 counter_var_1 +,33,counter_var_0 var_1 +
1289,115 64 52 95 113,12,115 78 44 107 113,6,20,6,21,2,14,27,var_0 counter_var_1 +,26,counter_var_0 var_1 +
1290,115 31 1 40 113,3,115 38 87 69 113,2,9,1,18,9,7,20,var_0 counter_var_1 +,10,counter_var_0 var_1 +
1291,115 8 41 22 113,26,115 33 22 75 113,8,4,18,22,22,13,30,var_0 counter_var_1 +,22,counter_var_0 var_1 +
1292,115 94 44 107 113,28,115 45 111 12 113,7,16,21,19,14,12,26,var_0 counter_var_1 +,37,counter_var_0 var_1 +
1293,115 40 45 76 113,33,115 30 5 47 113,11,1,22,5,14,16,16,var_0 counter_var_1 +,23,counter_var_0 var_1 +
1294,115 5 105 62 113,18,115 69 1 40 113,5,11,13,1,0,9,6,var_0 counter_var_1 +,24,counter_var_0 var_1 +
1295,115 34 96 6 113,9,115 1 88 66 113,5,1,4,19,6,4,24,var_0 counter_var_1 +,5,counter_var_0 var_1 +
1296,115 76 47 34 113,19,115 50 78 65 113,18,21,1,9,3,3,27,var_0 counter_var_1 +,22,counter_var_0 var_1 +
1297,115 7 52 95 113,13,115 85 73 96 113,7,27,6,4,2,3,11,var_0 counter_var_1 +,33,counter_var_0 var_1 +
1298,115 72 56 59 113,24,115 100 50 77 113,14,13,10,4,28,15,18,var_0 counter_var_1 +,23,counter_var_0 var_1 +
1299,115 80 49 72 113,25,115 85 11 30 113,22,27,3,11,10,30,33,var_0 counter_var_1 +,30,counter_var_0 var_1 +
1300,115 15 17 108 113,32,115 70 100 0 113,15,12,17,8,15,0,23,var_0 counter_var_1 +,29,counter_var_0 var_1 +
1301,115 43 107 60 113,29,115 75 19 86 113,14,17,15,19,29,24,33,var_0 counter_var_1 +,32,counter_var_0 var_1 +
1302,115 82 97 81 113,29,115 4 60 44 113,24,4,5,14,19,13,38,var_0 counter_var_1 +,9,counter_var_0 var_1 +
1303,115 23 9 87 113,32,115 56 110 61 113,23,27,9,18,25,30,41,var_0 counter_var_1 +,36,counter_var_0 var_1 +
1304,115 25 86 45 113,42,115 47 106 35 113,25,18,17,14,14,4,39,var_0 counter_var_1 +,35,counter_var_0 var_1 +
1305,115 60 32 64 113,11,115 90 11 30 113,2,3,9,11,2,30,13,var_0 counter_var_1 +,12,counter_var_0 var_1 +
1306,115 84 57 1 113,37,115 85 35 9 113,26,27,11,12,1,9,38,var_0 counter_var_1 +,38,counter_var_0 var_1 +
1307,115 11 41 22 113,29,115 75 13 91 113,11,17,18,13,22,29,24,var_0 counter_var_1 +,35,counter_var_0 var_1 +
1308,115 42 85 3 113,29,115 100 41 22 113,13,13,16,18,3,22,31,var_0 counter_var_1 +,29,counter_var_0 var_1 +
1309,115 39 46 80 113,10,115 15 4 52 113,10,15,0,4,18,21,14,var_0 counter_var_1 +,15,counter_var_0 var_1 +
1310,115 38 92 2 113,9,115 107 70 36 113,9,20,0,1,2,5,10,var_0 counter_var_1 +,20,counter_var_0 var_1 +
1311,115 12 106 35 113,26,115 68 31 109 113,12,10,14,8,4,16,20,var_0 counter_var_1 +,24,counter_var_0 var_1 +
1312,115 51 49 72 113,25,115 106 69 99 113,22,19,3,0,10,6,22,var_0 counter_var_1 +,22,counter_var_0 var_1 +
1313,115 12 36 106 113,25,115 92 66 102 113,12,5,13,20,13,9,32,var_0 counter_var_1 +,18,counter_var_0 var_1 +
1314,115 112 10 68 113,35,115 66 7 10 113,25,8,10,7,6,10,32,var_0 counter_var_1 +,18,counter_var_0 var_1 +
1315,115 5 17 108 113,22,115 57 56 59 113,5,28,17,10,15,28,15,var_0 counter_var_1 +,45,counter_var_0 var_1 +
1316,115 90 46 80 113,3,115 39 105 62 113,3,10,0,13,18,0,16,var_0 counter_var_1 +,10,counter_var_0 var_1 +
1317,115 20 40 11 113,37,115 102 66 102 113,20,15,17,20,11,9,40,var_0 counter_var_1 +,32,counter_var_0 var_1 +
1318,115 71 107 60 113,28,115 7 85 3 113,13,7,15,16,29,3,29,var_0 counter_var_1 +,22,counter_var_0 var_1 +
1319,115 45 31 109 113,24,115 82 47 34 113,16,24,8,1,16,3,17,var_0 counter_var_1 +,32,counter_var_0 var_1 +
1320,115 69 26 112 113,14,115 15 86 45 113,11,15,3,17,19,14,28,var_0 counter_var_1 +,18,counter_var_0 var_1 +
1321,115 62 8 26 113,12,115 20 38 20 113,4,20,8,15,26,20,19,var_0 counter_var_1 +,28,counter_var_0 var_1 +
1322,115 60 101 104 113,11,115 78 74 13 113,2,20,9,5,11,13,7,var_0 counter_var_1 +,29,counter_var_0 var_1 +
1323,115 59 89 28 113,21,115 58 99 85 113,1,0,20,7,28,23,8,var_0 counter_var_1 +,20,counter_var_0 var_1 +
1324,115 52 6 56 113,29,115 6 6 56 113,23,6,6,6,25,25,29,var_0 counter_var_1 +,12,counter_var_0 var_1 +
1325,115 78 16 94 113,36,115 76 34 27 113,20,18,16,11,1,27,31,var_0 counter_var_1 +,34,counter_var_0 var_1 +
1326,115 48 83 38 113,33,115 15 91 33 113,19,15,14,22,7,2,41,var_0 counter_var_1 +,29,counter_var_0 var_1 +
1327,115 88 7 10 113,8,115 65 33 50 113,1,7,7,10,10,19,11,var_0 counter_var_1 +,14,counter_var_0 var_1 +
1328,115 110 106 35 113,37,115 20 50 77 113,23,20,14,4,4,15,27,var_0 counter_var_1 +,34,counter_var_0 var_1 +
1329,115 93 18 73 113,24,115 91 63 43 113,6,4,18,17,11,12,23,var_0 counter_var_1 +,22,counter_var_0 var_1 +
1330,115 7 98 78 113,13,115 54 56 59 113,7,25,6,10,16,28,17,var_0 counter_var_1 +,31,counter_var_0 var_1 +
1331,115 39 70 36 113,11,115 105 33 50 113,10,18,1,10,5,19,20,var_0 counter_var_1 +,19,counter_var_0 var_1 +
1332,115 103 6 56 113,22,115 97 56 59 113,16,10,6,10,25,28,26,var_0 counter_var_1 +,16,counter_var_0 var_1 +
1333,115 64 26 112 113,9,115 91 86 45 113,6,4,3,17,19,14,23,var_0 counter_var_1 +,7,counter_var_0 var_1 +
1334,115 109 74 13 113,27,115 5 0 101 113,22,5,5,0,13,8,22,var_0 counter_var_1 +,10,counter_var_0 var_1 +
1335,115 76 3 15 113,21,115 53 61 18 113,18,24,3,15,15,18,33,var_0 counter_var_1 +,27,counter_var_0 var_1 +
1336,115 86 100 0 113,36,115 1 98 78 113,28,1,8,6,0,16,34,var_0 counter_var_1 +,9,counter_var_0 var_1 +
1337,115 34 84 32 113,20,115 47 0 101 113,5,18,15,0,1,8,5,var_0 counter_var_1 +,33,counter_var_0 var_1 +
1338,115 88 18 73 113,19,115 36 90 90 113,1,7,18,21,11,28,22,var_0 counter_var_1 +,25,counter_var_0 var_1 +
1339,115 69 72 71 113,14,115 47 87 69 113,11,18,3,18,9,7,29,var_0 counter_var_1 +,21,counter_var_0 var_1 +
1340,115 43 67 46 113,35,115 28 91 33 113,14,28,21,22,15,2,36,var_0 counter_var_1 +,49,counter_var_0 var_1 +
1341,115 111 64 19 113,42,115 79 52 95 113,24,21,18,6,19,2,30,var_0 counter_var_1 +,39,counter_var_0 var_1 +
1342,115 43 22 75 113,36,115 91 19 86 113,14,4,22,19,13,24,33,var_0 counter_var_1 +,26,counter_var_0 var_1 +
1343,115 10 10 68 113,20,115 69 47 34 113,10,11,10,1,6,3,11,var_0 counter_var_1 +,21,counter_var_0 var_1 +
1344,115 86 34 27 113,39,115 54 1 40 113,28,25,11,1,27,9,29,var_0 counter_var_1 +,36,counter_var_0 var_1 +
1345,115 11 111 12 113,30,115 82 59 23 113,11,24,19,13,12,23,24,var_0 counter_var_1 +,43,counter_var_0 var_1 +
1346,115 51 52 95 113,28,115 96 12 21 113,22,9,6,12,2,21,34,var_0 counter_var_1 +,15,counter_var_0 var_1 +
1347,115 17 39 14 113,33,115 90 99 85 113,17,3,16,7,14,23,24,var_0 counter_var_1 +,19,counter_var_0 var_1 +
1348,115 78 54 83 113,28,115 38 34 27 113,20,9,8,11,21,27,31,var_0 counter_var_1 +,17,counter_var_0 var_1 +
1349,115 104 16 94 113,33,115 102 22 75 113,17,15,16,22,1,13,39,var_0 counter_var_1 +,31,counter_var_0 var_1 +
1350,115 11 8 26 113,19,115 6 52 95 113,11,6,8,6,26,2,17,var_0 counter_var_1 +,14,counter_var_0 var_1 +
1351,115 14 48 89 113,16,115 7 45 76 113,14,7,2,22,27,14,36,var_0 counter_var_1 +,9,counter_var_0 var_1 +
1352,115 12 111 12 113,31,115 76 47 34 113,12,18,19,1,12,3,13,var_0 counter_var_1 +,37,counter_var_0 var_1 +
1353,115 99 80 31 113,23,115 27 58 98 113,12,27,11,12,0,5,24,var_0 counter_var_1 +,38,counter_var_0 var_1 +
1354,115 14 26 112 113,17,115 70 25 111 113,14,12,3,2,19,18,16,var_0 counter_var_1 +,15,counter_var_0 var_1 +
1355,115 51 18 73 113,40,115 98 24 5 113,22,11,18,1,11,5,23,var_0 counter_var_1 +,29,counter_var_0 var_1 +
1356,115 55 32 64 113,35,115 69 76 93 113,26,11,9,7,2,0,33,var_0 counter_var_1 +,20,counter_var_0 var_1 +
1357,115 54 23 4 113,25,115 16 52 95 113,25,16,0,6,4,2,31,var_0 counter_var_1 +,16,counter_var_0 var_1 +
1358,115 64 36 106 113,19,115 55 87 69 113,6,26,13,18,13,7,24,var_0 counter_var_1 +,39,counter_var_0 var_1 +
1359,115 82 102 16 113,34,115 5 53 51 113,24,5,10,7,16,20,31,var_0 counter_var_1 +,15,counter_var_0 var_1 +
1360,115 105 66 102 113,38,115 3 25 111 113,18,3,20,2,9,18,20,var_0 counter_var_1 +,23,counter_var_0 var_1 +
1361,115 53 72 71 113,27,115 27 46 80 113,24,27,3,0,9,18,24,var_0 counter_var_1 +,30,counter_var_0 var_1 +
1362,115 38 43 110 113,29,115 70 108 58 113,9,12,20,16,17,27,25,var_0 counter_var_1 +,32,counter_var_0 var_1 +
1363,115 17 66 102 113,37,115 74 43 110 113,17,16,20,20,9,17,37,var_0 counter_var_1 +,36,counter_var_0 var_1 +
1364,115 112 31 109 113,33,115 47 81 54 113,25,18,8,12,16,23,37,var_0 counter_var_1 +,26,counter_var_0 var_1 +
1365,115 79 86 45 113,38,115 1 3 15 113,21,1,17,3,14,15,24,var_0 counter_var_1 +,18,counter_var_0 var_1 +
1366,115 53 37 42 113,38,115 100 70 36 113,24,13,14,1,11,5,25,var_0 counter_var_1 +,27,counter_var_0 var_1 +
1367,115 89 18 73 113,20,115 43 69 99 113,2,14,18,0,11,6,2,var_0 counter_var_1 +,32,counter_var_0 var_1 +
1368,115 25 3 15 113,28,115 29 9 87 113,25,0,3,9,15,25,34,var_0 counter_var_1 +,3,counter_var_0 var_1 +
1369,115 55 56 59 113,36,115 16 75 82 113,26,16,10,6,28,20,32,var_0 counter_var_1 +,26,counter_var_0 var_1 +
1370,115 45 53 51 113,23,115 46 81 54 113,16,17,7,12,20,23,28,var_0 counter_var_1 +,24,counter_var_0 var_1 +
1371,115 81 62 41 113,39,115 97 109 79 113,23,10,16,17,10,17,40,var_0 counter_var_1 +,26,counter_var_0 var_1 +
1372,115 69 85 3 113,27,115 28 62 41 113,11,28,16,16,3,10,27,var_0 counter_var_1 +,44,counter_var_0 var_1 +
1373,115 29 6 56 113,6,115 37 2 63 113,0,8,6,2,25,1,2,var_0 counter_var_1 +,14,counter_var_0 var_1 +
1374,115 45 41 22 113,34,115 104 103 49 113,16,17,18,11,22,18,27,var_0 counter_var_1 +,35,counter_var_0 var_1 +
1375,115 94 95 29 113,10,115 55 41 22 113,7,26,3,18,29,22,25,var_0 counter_var_1 +,29,counter_var_0 var_1 +
1376,115 52 52 95 113,29,115 0 109 79 113,23,0,6,17,2,17,40,var_0 counter_var_1 +,6,counter_var_0 var_1 +
1377,115 109 32 64 113,31,115 12 36 106 113,22,12,9,13,2,13,35,var_0 counter_var_1 +,21,counter_var_0 var_1 +
1378,115 23 58 98 113,35,115 34 62 41 113,23,5,12,16,5,10,39,var_0 counter_var_1 +,17,counter_var_0 var_1 +
1379,115 88 97 81 113,6,115 74 108 58 113,1,16,5,16,19,27,17,var_0 counter_var_1 +,21,counter_var_0 var_1 +
1380,115 75 39 14 113,33,115 16 101 104 113,17,16,16,9,14,11,26,var_0 counter_var_1 +,32,counter_var_0 var_1 +
1381,115 5 73 96 113,9,115 85 0 101 113,5,27,4,0,3,8,5,var_0 counter_var_1 +,31,counter_var_0 var_1 +
1382,115 101 55 48 113,23,115 38 83 38 113,14,9,9,14,17,7,28,var_0 counter_var_1 +,18,counter_var_0 var_1 +
1383,115 39 51 97 113,15,115 100 30 70 113,10,13,5,7,4,8,17,var_0 counter_var_1 +,18,counter_var_0 var_1 +
1384,115 51 30 70 113,29,115 2 41 22 113,22,2,7,18,8,22,40,var_0 counter_var_1 +,9,counter_var_0 var_1 +
1385,115 13 105 62 113,26,115 37 40 11 113,13,8,13,17,0,11,30,var_0 counter_var_1 +,21,counter_var_0 var_1 +
1386,115 34 81 54 113,17,115 51 92 2 113,5,22,12,0,23,2,5,var_0 counter_var_1 +,34,counter_var_0 var_1 +
1387,115 110 103 49 113,34,115 51 17 108 113,23,22,11,17,18,15,40,var_0 counter_var_1 +,33,counter_var_0 var_1 +
1388,115 86 95 29 113,31,115 83 88 66 113,28,25,3,19,29,4,47,var_0 counter_var_1 +,28,counter_var_0 var_1 +
1389,115 7 68 100 113,29,115 54 49 72 113,7,25,22,3,7,10,10,var_0 counter_var_1 +,47,counter_var_0 var_1 +
1390,115 104 49 72 113,20,115 2 5 47 113,17,2,3,5,10,16,22,var_0 counter_var_1 +,5,counter_var_0 var_1 +
1391,115 46 95 29 113,20,115 72 60 44 113,17,14,3,14,29,13,31,var_0 counter_var_1 +,17,counter_var_0 var_1 +
1392,115 26 42 55 113,45,115 89 37 42 113,26,2,19,14,24,11,40,var_0 counter_var_1 +,21,counter_var_0 var_1 +
1393,115 95 106 35 113,22,115 78 21 92 113,8,20,14,21,4,30,29,var_0 counter_var_1 +,34,counter_var_0 var_1 +
1394,115 49 68 100 113,42,115 63 50 77 113,20,5,22,4,7,15,24,var_0 counter_var_1 +,27,counter_var_0 var_1 +
1395,115 75 99 85 113,24,115 95 8 26 113,17,8,7,8,23,26,25,var_0 counter_var_1 +,15,counter_var_0 var_1 +
1396,115 36 31 109 113,15,115 21 103 49 113,7,21,8,11,16,18,18,var_0 counter_var_1 +,29,counter_var_0 var_1 +
1397,115 8 79 57 113,18,115 71 12 21 113,8,13,10,12,26,21,20,var_0 counter_var_1 +,23,counter_var_0 var_1 +
1398,115 50 101 104 113,30,115 47 101 104 113,21,18,9,9,11,11,30,var_0 counter_var_1 +,27,counter_var_0 var_1 +
1399,115 75 14 24 113,31,115 28 50 77 113,17,28,14,4,24,15,21,var_0 counter_var_1 +,42,counter_var_0 var_1 +
1400,115 63 98 78 113,11,115 24 11 30 113,5,24,6,11,16,30,16,var_0 counter_var_1 +,30,counter_var_0 var_1 +
1401,115 42 69 99 113,13,115 68 112 103 113,13,10,0,20,6,10,33,var_0 counter_var_1 +,10,counter_var_0 var_1 +
1402,115 41 67 46 113,33,115 20 108 58 113,12,20,21,16,15,27,28,var_0 counter_var_1 +,41,counter_var_0 var_1 +
1403,115 85 39 14 113,43,115 7 82 67 113,27,7,16,13,14,5,40,var_0 counter_var_1 +,23,counter_var_0 var_1 +
1404,115 16 73 96 113,20,115 71 92 2 113,16,13,4,0,3,2,16,var_0 counter_var_1 +,17,counter_var_0 var_1 +
1405,115 6 99 85 113,13,115 37 59 23 113,6,8,7,13,23,23,19,var_0 counter_var_1 +,15,counter_var_0 var_1 +
1406,115 16 75 82 113,22,115 66 82 67 113,16,8,6,13,20,5,29,var_0 counter_var_1 +,14,counter_var_0 var_1 +
1407,115 51 6 56 113,28,115 69 40 11 113,22,11,6,17,25,11,39,var_0 counter_var_1 +,17,counter_var_0 var_1 +
1408,115 43 58 98 113,26,115 7 6 56 113,14,7,12,6,5,25,20,var_0 counter_var_1 +,19,counter_var_0 var_1 +
1409,115 87 112 103 113,20,115 54 57 1 113,0,25,20,11,10,1,11,var_0 counter_var_1 +,45,counter_var_0 var_1 +
1410,115 80 32 64 113,31,115 1 87 69 113,22,1,9,18,2,7,40,var_0 counter_var_1 +,10,counter_var_0 var_1 +
1411,115 10 12 21 113,22,115 1 25 111 113,10,1,12,2,21,18,12,var_0 counter_var_1 +,13,counter_var_0 var_1 +
1412,115 39 109 79 113,27,115 14 3 15 113,10,14,17,3,17,15,13,var_0 counter_var_1 +,31,counter_var_0 var_1 +
1413,115 14 54 83 113,22,115 108 66 102 113,14,21,8,20,21,9,34,var_0 counter_var_1 +,29,counter_var_0 var_1 +
1414,115 31 34 27 113,13,115 54 64 19 113,2,25,11,18,27,19,20,var_0 counter_var_1 +,36,counter_var_0 var_1 +
1415,115 68 7 10 113,17,115 59 56 59 113,10,1,7,10,10,28,20,var_0 counter_var_1 +,8,counter_var_0 var_1 +
1416,115 90 71 74 113,5,115 48 5 47 113,3,19,2,5,12,16,8,var_0 counter_var_1 +,21,counter_var_0 var_1 +
1417,115 22 95 29 113,25,115 32 95 29 113,22,3,3,3,29,29,25,var_0 counter_var_1 +,6,counter_var_0 var_1 +
1418,115 99 41 22 113,30,115 109 81 54 113,12,22,18,12,22,23,24,var_0 counter_var_1 +,40,counter_var_0 var_1 +
1419,115 9 93 37 113,10,115 74 67 46 113,9,16,1,21,6,15,30,var_0 counter_var_1 +,17,counter_var_0 var_1 +
1420,115 12 57 1 113,23,115 68 5 47 113,12,10,11,5,1,16,17,var_0 counter_var_1 +,21,counter_var_0 var_1 +
1421,115 85 14 24 113,41,115 29 23 4 113,27,0,14,0,24,4,27,var_0 counter_var_1 +,14,counter_var_0 var_1 +
1422,115 77 40 11 113,36,115 41 53 51 113,19,12,17,7,11,20,26,var_0 counter_var_1 +,29,counter_var_0 var_1 +
1423,115 58 40 11 113,17,115 84 106 35 113,0,26,17,14,11,4,14,var_0 counter_var_1 +,43,counter_var_0 var_1 +
1424,115 109 7 10 113,29,115 103 70 36 113,22,16,7,1,10,5,23,var_0 counter_var_1 +,23,counter_var_0 var_1 +
1425,115 26 53 51 113,33,115 42 104 84 113,26,13,7,12,20,22,38,var_0 counter_var_1 +,20,counter_var_0 var_1 +
1426,115 26 61 18 113,41,115 0 110 61 113,26,0,15,18,18,30,44,var_0 counter_var_1 +,15,counter_var_0 var_1 +
1427,115 106 67 46 113,40,115 12 16 94 113,19,12,21,16,15,1,35,var_0 counter_var_1 +,33,counter_var_0 var_1 +
1428,115 54 42 55 113,44,115 0 51 97 113,25,0,19,5,24,4,30,var_0 counter_var_1 +,19,counter_var_0 var_1 +
1429,115 2 58 98 113,14,115 66 68 100 113,2,8,12,22,5,7,24,var_0 counter_var_1 +,20,counter_var_0 var_1 +
1430,115 21 41 22 113,39,115 67 57 1 113,21,9,18,11,22,1,32,var_0 counter_var_1 +,27,counter_var_0 var_1 +
1431,115 79 47 34 113,22,115 28 26 112 113,21,28,1,3,3,19,24,var_0 counter_var_1 +,29,counter_var_0 var_1 +
1432,115 75 60 44 113,31,115 71 46 80 113,17,13,14,0,13,18,17,var_0 counter_var_1 +,27,counter_var_0 var_1 +
1433,115 44 105 62 113,28,115 31 38 20 113,15,2,13,15,0,20,30,var_0 counter_var_1 +,15,counter_var_0 var_1 +
1434,115 91 51 97 113,9,115 22 82 67 113,4,22,5,13,4,5,17,var_0 counter_var_1 +,27,counter_var_0 var_1 +
1435,115 59 86 45 113,18,115 70 47 34 113,1,12,17,1,14,3,2,var_0 counter_var_1 +,29,counter_var_0 var_1 +
1436,115 35 50 77 113,10,115 87 40 11 113,6,0,4,17,15,11,23,var_0 counter_var_1 +,4,counter_var_0 var_1 +
1437,115 16 40 11 113,33,115 32 51 97 113,16,3,17,5,11,4,21,var_0 counter_var_1 +,20,counter_var_0 var_1 +
1438,115 44 95 29 113,18,115 86 75 82 113,15,28,3,6,29,20,21,var_0 counter_var_1 +,31,counter_var_0 var_1 +
1439,115 99 9 87 113,21,115 52 56 59 113,12,23,9,10,25,28,22,var_0 counter_var_1 +,32,counter_var_0 var_1 +
1440,115 86 59 23 113,41,115 107 104 84 113,28,20,13,12,23,22,40,var_0 counter_var_1 +,33,counter_var_0 var_1 +
1441,115 91 96 6 113,8,115 1 73 96 113,4,1,4,4,6,3,8,var_0 counter_var_1 +,5,counter_var_0 var_1 +
1442,115 80 99 85 113,29,115 86 89 28 113,22,28,7,20,23,28,42,var_0 counter_var_1 +,35,counter_var_0 var_1 +
1443,115 112 55 48 113,34,115 46 103 49 113,25,17,9,11,17,18,36,var_0 counter_var_1 +,26,counter_var_0 var_1 +
1444,115 15 19 86 113,34,115 63 107 60 113,15,5,19,15,24,29,30,var_0 counter_var_1 +,24,counter_var_0 var_1 +
1445,115 40 23 4 113,11,115 79 107 60 113,11,21,0,15,4,29,26,var_0 counter_var_1 +,21,counter_var_0 var_1 +
1446,115 11 94 39 113,13,115 35 69 99 113,11,6,2,0,8,6,11,var_0 counter_var_1 +,8,counter_var_0 var_1 +
1447,115 97 12 21 113,22,115 11 8 26 113,10,11,12,8,21,26,18,var_0 counter_var_1 +,23,counter_var_0 var_1 +
1448,115 97 40 11 113,27,115 98 94 39 113,10,11,17,2,11,8,12,var_0 counter_var_1 +,28,counter_var_0 var_1 +
1449,115 3 109 79 113,20,115 58 30 70 113,3,0,17,7,17,8,10,var_0 counter_var_1 +,17,counter_var_0 var_1 +
1450,115 7 90 90 113,28,115 101 5 47 113,7,14,21,5,28,16,12,var_0 counter_var_1 +,35,counter_var_0 var_1 +
1451,115 50 54 83 113,29,115 62 71 74 113,21,4,8,2,21,12,23,var_0 counter_var_1 +,12,counter_var_0 var_1 +
1452,115 106 14 24 113,33,115 30 108 58 113,19,1,14,16,24,27,35,var_0 counter_var_1 +,15,counter_var_0 var_1 +
1453,115 4 56 59 113,14,115 90 87 69 113,4,3,10,18,28,7,22,var_0 counter_var_1 +,13,counter_var_0 var_1 +
1454,115 50 89 28 113,41,115 21 112 103 113,21,21,20,20,28,10,41,var_0 counter_var_1 +,41,counter_var_0 var_1 +
1455,115 64 34 27 113,17,115 100 5 47 113,6,13,11,5,27,16,11,var_0 counter_var_1 +,24,counter_var_0 var_1 +
1456,115 112 103 49 113,36,115 78 16 94 113,25,20,11,16,18,1,41,var_0 counter_var_1 +,31,counter_var_0 var_1 +
1457,115 40 99 85 113,18,115 42 3 15 113,11,13,7,3,23,15,14,var_0 counter_var_1 +,20,counter_var_0 var_1 +
1458,115 8 88 66 113,27,115 89 89 28 113,8,2,19,20,4,28,28,var_0 counter_var_1 +,21,counter_var_0 var_1 +
1459,115 22 65 17 113,41,115 100 65 17 113,22,13,19,19,17,17,41,var_0 counter_var_1 +,32,counter_var_0 var_1 +
1460,115 72 42 55 113,33,115 8 55 48 113,14,8,19,9,24,17,23,var_0 counter_var_1 +,27,counter_var_0 var_1 +
1461,115 99 75 82 113,18,115 51 80 31 113,12,22,6,11,20,0,23,var_0 counter_var_1 +,28,counter_var_0 var_1 +
1462,115 104 36 106 113,30,115 32 27 88 113,17,3,13,4,13,26,21,var_0 counter_var_1 +,16,counter_var_0 var_1 +
1463,115 93 45 76 113,28,115 55 25 111 113,6,26,22,2,14,18,8,var_0 counter_var_1 +,48,counter_var_0 var_1 +
1464,115 25 5 47 113,30,115 47 50 77 113,25,18,5,4,16,15,29,var_0 counter_var_1 +,23,counter_var_0 var_1 +
1465,115 55 1 40 113,27,115 92 33 50 113,26,5,1,10,9,19,36,var_0 counter_var_1 +,6,counter_var_0 var_1 +
1466,115 0 32 64 113,9,115 82 26 112 113,0,24,9,3,2,19,3,var_0 counter_var_1 +,33,counter_var_0 var_1 +
1467,115 101 90 90 113,35,115 95 87 69 113,14,8,21,18,28,7,32,var_0 counter_var_1 +,29,counter_var_0 var_1 +
1468,115 70 84 32 113,27,115 71 112 103 113,12,13,15,20,1,10,32,var_0 counter_var_1 +,28,counter_var_0 var_1 +
1469,115 22 16 94 113,38,115 90 91 33 113,22,3,16,22,1,2,44,var_0 counter_var_1 +,19,counter_var_0 var_1 +
1470,115 28 19 86 113,47,115 42 34 27 113,28,13,19,11,24,27,39,var_0 counter_var_1 +,32,counter_var_0 var_1 +
1471,115 5 32 64 113,14,115 102 83 38 113,5,15,9,14,2,7,19,var_0 counter_var_1 +,24,counter_var_0 var_1 +
1472,115 11 19 86 113,30,115 40 9 87 113,11,11,19,9,24,25,20,var_0 counter_var_1 +,30,counter_var_0 var_1 +
1473,115 2 62 41 113,18,115 63 103 49 113,2,5,16,11,10,18,13,var_0 counter_var_1 +,21,counter_var_0 var_1 +
1474,115 9 47 34 113,10,115 20 41 22 113,9,20,1,18,3,22,27,var_0 counter_var_1 +,21,counter_var_0 var_1 +
1475,115 89 90 90 113,23,115 55 51 97 113,2,26,21,5,28,4,7,var_0 counter_var_1 +,47,counter_var_0 var_1 +
1476,115 66 60 44 113,22,115 42 98 78 113,8,13,14,6,13,16,14,var_0 counter_var_1 +,27,counter_var_0 var_1 +
1477,115 108 58 98 113,33,115 3 69 99 113,21,3,12,0,5,6,21,var_0 counter_var_1 +,15,counter_var_0 var_1 +
1478,115 70 24 5 113,13,115 61 79 57 113,12,3,1,10,5,26,22,var_0 counter_var_1 +,4,counter_var_0 var_1 +
1479,115 4 106 35 113,18,115 97 69 99 113,4,10,14,0,4,6,4,var_0 counter_var_1 +,24,counter_var_0 var_1 +
1480,115 86 37 42 113,42,115 88 46 80 113,28,1,14,0,11,18,28,var_0 counter_var_1 +,15,counter_var_0 var_1 +
1481,115 33 80 31 113,15,115 19 8 26 113,4,19,11,8,0,26,12,var_0 counter_var_1 +,30,counter_var_0 var_1 +
1482,115 68 77 105 113,18,115 112 1 40 113,10,25,8,1,12,9,11,var_0 counter_var_1 +,33,counter_var_0 var_1 +
1483,115 47 103 49 113,29,115 79 55 48 113,18,21,11,9,18,17,27,var_0 counter_var_1 +,32,counter_var_0 var_1 +
1484,115 39 84 32 113,25,115 87 15 53 113,10,0,15,15,1,22,25,var_0 counter_var_1 +,15,counter_var_0 var_1 +
1485,115 26 30 70 113,33,115 13 70 36 113,26,13,7,1,8,5,27,var_0 counter_var_1 +,20,counter_var_0 var_1 +
1486,115 42 111 12 113,32,115 85 58 98 113,13,27,19,12,12,5,25,var_0 counter_var_1 +,46,counter_var_0 var_1 +
1487,115 66 31 109 113,16,115 97 101 104 113,8,10,8,9,16,11,17,var_0 counter_var_1 +,18,counter_var_0 var_1 +
1488,115 15 29 25 113,21,115 70 73 96 113,15,12,6,4,25,3,19,var_0 counter_var_1 +,18,counter_var_0 var_1 +
1489,115 74 75 82 113,22,115 28 60 44 113,16,28,6,14,20,13,30,var_0 counter_var_1 +,34,counter_var_0 var_1 +
1490,115 12 77 105 113,20,115 1 33 50 113,12,1,8,10,12,19,22,var_0 counter_var_1 +,9,counter_var_0 var_1 +
1491,115 8 12 21 113,20,115 6 73 96 113,8,6,12,4,21,3,12,var_0 counter_var_1 +,18,counter_var_0 var_1 +
1492,115 14 38 20 113,29,115 90 84 32 113,14,3,15,15,20,1,29,var_0 counter_var_1 +,18,counter_var_0 var_1 +
1493,115 84 31 109 113,34,115 36 22 75 113,26,7,8,22,16,13,48,var_0 counter_var_1 +,15,counter_var_0 var_1 +
1494,115 25 8 26 113,33,115 106 82 67 113,25,19,8,13,26,5,38,var_0 counter_var_1 +,27,counter_var_0 var_1 +
1495,115 61 3 15 113,6,115 1 41 22 113,3,1,3,18,15,22,21,var_0 counter_var_1 +,4,counter_var_0 var_1 +
1496,115 101 22 75 113,36,115 79 99 85 113,14,21,22,7,13,23,21,var_0 counter_var_1 +,43,counter_var_0 var_1 +
1497,115 63 53 51 113,12,115 66 84 32 113,5,8,7,15,20,1,20,var_0 counter_var_1 +,15,counter_var_0 var_1 +
1498,115 1 21 92 113,22,115 80 47 34 113,1,22,21,1,30,3,2,var_0 counter_var_1 +,43,counter_var_0 var_1 +
1499,115 16 70 36 113,17,115 45 75 82 113,16,16,1,6,5,20,22,var_0 counter_var_1 +,17,counter_var_0 var_1 +
1500,115 73 95 29 113,18,115 84 87 69 113,15,26,3,18,29,7,33,var_0 counter_var_1 +,29,counter_var_0 var_1 +
1501,115 42 91 33 113,35,115 19 47 34 113,13,19,22,1,2,3,14,var_0 counter_var_1 +,41,counter_var_0 var_1 +
1502,115 34 10 68 113,15,115 66 94 39 113,5,8,10,2,6,8,7,var_0 counter_var_1 +,18,counter_var_0 var_1 +
1503,115 49 50 77 113,24,115 52 22 75 113,20,23,4,22,15,13,42,var_0 counter_var_1 +,27,counter_var_0 var_1 +
1504,115 112 95 29 113,28,115 2 79 57 113,25,2,3,10,29,26,35,var_0 counter_var_1 +,5,counter_var_0 var_1 +
1505,115 47 112 103 113,38,115 47 71 74 113,18,18,20,2,10,12,20,var_0 counter_var_1 +,38,counter_var_0 var_1 +
1506,115 93 94 39 113,8,115 7 26 112 113,6,7,2,3,8,19,9,var_0 counter_var_1 +,9,counter_var_0 var_1 +
1507,115 8 54 83 113,16,115 24 96 6 113,8,24,8,4,21,6,12,var_0 counter_var_1 +,32,counter_var_0 var_1 +
1508,115 109 99 85 113,29,115 61 9 87 113,22,3,7,9,23,25,31,var_0 counter_var_1 +,10,counter_var_0 var_1 +
1509,115 20 105 62 113,33,115 9 35 9 113,20,9,13,12,0,9,32,var_0 counter_var_1 +,22,counter_var_0 var_1 +
1510,115 111 30 70 113,31,115 49 62 41 113,24,20,7,16,8,10,40,var_0 counter_var_1 +,27,counter_var_0 var_1 +
1511,115 60 99 85 113,9,115 42 70 36 113,2,13,7,1,23,5,3,var_0 counter_var_1 +,20,counter_var_0 var_1 +
1512,115 93 15 53 113,21,115 12 108 58 113,6,12,15,16,22,27,22,var_0 counter_var_1 +,27,counter_var_0 var_1 +
1513,115 13 35 9 113,25,115 49 107 60 113,13,20,12,15,9,29,28,var_0 counter_var_1 +,32,counter_var_0 var_1 +
1514,115 34 49 72 113,8,115 107 38 20 113,5,20,3,15,10,20,20,var_0 counter_var_1 +,23,counter_var_0 var_1 +
1515,115 23 77 105 113,31,115 36 44 107 113,23,7,8,21,12,14,44,var_0 counter_var_1 +,15,counter_var_0 var_1 +
1516,115 28 96 6 113,32,115 48 58 98 113,28,19,4,12,6,5,40,var_0 counter_var_1 +,23,counter_var_0 var_1 +
1517,115 52 54 83 113,31,115 22 60 44 113,23,22,8,14,21,13,37,var_0 counter_var_1 +,30,counter_var_0 var_1 +
1518,115 26 71 74 113,28,115 21 59 23 113,26,21,2,13,12,23,39,var_0 counter_var_1 +,23,counter_var_0 var_1 +
1519,115 8 58 98 113,20,115 50 10 68 113,8,21,12,10,5,6,18,var_0 counter_var_1 +,33,counter_var_0 var_1 +
1520,115 110 7 10 113,30,115 21 29 25 113,23,21,7,6,10,25,29,var_0 counter_var_1 +,28,counter_var_0 var_1 +
1521,115 94 65 17 113,26,115 34 78 65 113,7,5,19,9,17,3,16,var_0 counter_var_1 +,24,counter_var_0 var_1 +
1522,115 34 27 88 113,9,115 112 85 3 113,5,25,4,16,26,3,21,var_0 counter_var_1 +,29,counter_var_0 var_1 +
1523,115 109 4 52 113,26,115 46 60 44 113,22,17,4,14,21,13,36,var_0 counter_var_1 +,21,counter_var_0 var_1 +
1524,115 69 90 90 113,32,115 41 61 18 113,11,12,21,15,28,18,26,var_0 counter_var_1 +,33,counter_var_0 var_1 +
1525,115 35 36 106 113,19,115 70 1 40 113,6,12,13,1,13,9,7,var_0 counter_var_1 +,25,counter_var_0 var_1 +
1526,115 36 68 100 113,29,115 36 80 31 113,7,7,22,11,7,0,18,var_0 counter_var_1 +,29,counter_var_0 var_1 +
1527,115 108 47 34 113,22,115 0 91 33 113,21,0,1,22,3,2,43,var_0 counter_var_1 +,1,counter_var_0 var_1 +
1528,115 26 24 5 113,27,115 9 107 60 113,26,9,1,15,5,29,41,var_0 counter_var_1 +,10,counter_var_0 var_1 +
1529,115 84 28 7 113,31,115 107 98 78 113,26,20,5,6,7,16,32,var_0 counter_var_1 +,25,counter_var_0 var_1 +
1530,115 75 2 63 113,19,115 27 40 11 113,17,27,2,17,1,11,34,var_0 counter_var_1 +,29,counter_var_0 var_1 +
1531,115 64 23 4 113,6,115 110 40 11 113,6,23,0,17,4,11,23,var_0 counter_var_1 +,23,counter_var_0 var_1 +
1532,115 0 0 101 113,0,115 10 89 28 113,0,10,0,20,8,28,20,var_0 counter_var_1 +,10,counter_var_0 var_1 +
1533,115 14 102 16 113,24,115 48 90 90 113,14,19,10,21,16,28,35,var_0 counter_var_1 +,29,counter_var_0 var_1 +
1534,115 108 24 5 113,22,115 28 37 42 113,21,28,1,14,5,11,35,var_0 counter_var_1 +,29,counter_var_0 var_1 +
1535,115 107 93 37 113,21,115 109 44 107 113,20,22,1,21,6,14,41,var_0 counter_var_1 +,23,counter_var_0 var_1 +
1536,115 6 83 38 113,20,115 3 34 27 113,6,3,14,11,7,27,17,var_0 counter_var_1 +,17,counter_var_0 var_1 +
1537,115 19 7 10 113,26,115 93 4 52 113,19,6,7,4,10,21,23,var_0 counter_var_1 +,13,counter_var_0 var_1 +
1538,115 6 107 60 113,21,115 43 33 50 113,6,14,15,10,29,19,16,var_0 counter_var_1 +,29,counter_var_0 var_1 +
1539,115 99 28 7 113,17,115 50 92 2 113,12,21,5,0,7,2,12,var_0 counter_var_1 +,26,counter_var_0 var_1 +
1540,115 45 57 1 113,27,115 88 48 89 113,16,1,11,2,1,27,18,var_0 counter_var_1 +,12,counter_var_0 var_1 +
1541,115 98 14 24 113,25,115 49 9 87 113,11,20,14,9,24,25,20,var_0 counter_var_1 +,34,counter_var_0 var_1 +
1542,115 20 51 97 113,25,115 40 5 47 113,20,11,5,5,4,16,25,var_0 counter_var_1 +,16,counter_var_0 var_1 +
1543,115 1 70 36 113,2,115 26 99 85 113,1,26,1,7,5,23,8,var_0 counter_var_1 +,27,counter_var_0 var_1 +
1544,115 76 82 67 113,31,115 71 55 48 113,18,13,13,9,5,17,27,var_0 counter_var_1 +,26,counter_var_0 var_1 +
1545,115 65 16 94 113,23,115 31 88 66 113,7,2,16,19,1,4,26,var_0 counter_var_1 +,18,counter_var_0 var_1 +
1546,115 56 4 52 113,31,115 41 19 86 113,27,12,4,19,21,24,46,var_0 counter_var_1 +,16,counter_var_0 var_1 +
1547,115 48 32 64 113,28,115 34 80 31 113,19,5,9,11,2,0,30,var_0 counter_var_1 +,14,counter_var_0 var_1 +
1548,115 18 111 12 113,37,115 66 30 70 113,18,8,19,7,12,8,25,var_0 counter_var_1 +,27,counter_var_0 var_1 +
1549,115 35 1 40 113,7,115 91 58 98 113,6,4,1,12,9,5,18,var_0 counter_var_1 +,5,counter_var_0 var_1 +
1550,115 40 61 18 113,26,115 101 7 10 113,11,14,15,7,18,10,18,var_0 counter_var_1 +,29,counter_var_0 var_1 +
1551,115 31 48 89 113,4,115 104 65 17 113,2,17,2,19,27,17,21,var_0 counter_var_1 +,19,counter_var_0 var_1 +
1552,115 104 96 6 113,21,115 108 92 2 113,17,21,4,0,6,2,17,var_0 counter_var_1 +,25,counter_var_0 var_1 +
1553,115 4 20 8 113,24,115 43 98 78 113,4,14,20,6,8,16,10,var_0 counter_var_1 +,34,counter_var_0 var_1 +
1554,115 0 24 5 113,1,115 22 35 9 113,0,22,1,12,5,9,12,var_0 counter_var_1 +,23,counter_var_0 var_1 +
1555,115 89 74 13 113,7,115 51 27 88 113,2,22,5,4,13,26,6,var_0 counter_var_1 +,27,counter_var_0 var_1 +
1556,115 17 8 26 113,25,115 45 96 6 113,17,16,8,4,26,6,21,var_0 counter_var_1 +,24,counter_var_0 var_1 +
1557,115 28 80 31 113,39,115 46 70 36 113,28,17,11,1,0,5,29,var_0 counter_var_1 +,28,counter_var_0 var_1 +
1558,115 94 59 23 113,20,115 8 108 58 113,7,8,13,16,23,27,23,var_0 counter_var_1 +,21,counter_var_0 var_1 +
1559,115 13 7 10 113,20,115 100 10 68 113,13,13,7,10,10,6,23,var_0 counter_var_1 +,20,counter_var_0 var_1 +
1560,115 92 9 87 113,14,115 110 49 72 113,5,23,9,3,25,10,8,var_0 counter_var_1 +,32,counter_var_0 var_1 +
1561,115 37 96 6 113,12,115 31 1 40 113,8,2,4,1,6,9,9,var_0 counter_var_1 +,6,counter_var_0 var_1 +
1562,115 61 105 62 113,16,115 60 72 71 113,3,2,13,3,0,9,6,var_0 counter_var_1 +,15,counter_var_0 var_1 +
1563,115 92 109 79 113,22,115 23 6 56 113,5,23,17,6,17,25,11,var_0 counter_var_1 +,40,counter_var_0 var_1 +
1564,115 7 32 64 113,16,115 5 75 82 113,7,5,9,6,2,20,13,var_0 counter_var_1 +,14,counter_var_0 var_1 +
1565,115 74 4 52 113,20,115 31 92 2 113,16,2,4,0,21,2,16,var_0 counter_var_1 +,6,counter_var_0 var_1 +
1566,115 93 21 92 113,27,115 5 67 46 113,6,5,21,21,30,15,27,var_0 counter_var_1 +,26,counter_var_0 var_1 +
1567,115 101 104 84 113,26,115 12 62 41 113,14,12,12,16,22,10,30,var_0 counter_var_1 +,24,counter_var_0 var_1 +
1568,115 84 75 82 113,32,115 41 60 44 113,26,12,6,14,20,13,40,var_0 counter_var_1 +,18,counter_var_0 var_1 +
1569,115 112 65 17 113,44,115 27 68 100 113,25,27,19,22,17,7,47,var_0 counter_var_1 +,46,counter_var_0 var_1 +
1570,115 96 59 23 113,22,115 25 50 77 113,9,25,13,4,23,15,13,var_0 counter_var_1 +,38,counter_var_0 var_1 +
1571,115 98 24 5 113,12,115 67 70 36 113,11,9,1,1,5,5,12,var_0 counter_var_1 +,10,counter_var_0 var_1 +
1572,115 12 91 33 113,34,115 4 70 36 113,12,4,22,1,2,5,13,var_0 counter_var_1 +,26,counter_var_0 var_1 +
1573,115 59 0 101 113,1,115 16 99 85 113,1,16,0,7,8,23,8,var_0 counter_var_1 +,16,counter_var_0 var_1 +
1574,115 66 2 63 113,10,115 97 99 85 113,8,10,2,7,1,23,15,var_0 counter_var_1 +,12,counter_var_0 var_1 +
1575,115 73 62 41 113,31,115 36 27 88 113,15,7,16,4,10,26,19,var_0 counter_var_1 +,23,counter_var_0 var_1 +
1576,115 79 93 37 113,22,115 87 91 33 113,21,0,1,22,6,2,43,var_0 counter_var_1 +,1,counter_var_0 var_1 +
1577,115 48 92 2 113,19,115 10 9 87 113,19,10,0,9,2,25,28,var_0 counter_var_1 +,10,counter_var_0 var_1 +
1578,115 77 5 47 113,24,115 24 98 78 113,19,24,5,6,16,16,25,var_0 counter_var_1 +,29,counter_var_0 var_1 +
1579,115 81 39 14 113,39,115 15 51 97 113,23,15,16,5,14,4,28,var_0 counter_var_1 +,31,counter_var_0 var_1 +
1580,115 70 90 90 113,33,115 71 72 71 113,12,13,21,3,28,9,15,var_0 counter_var_1 +,34,counter_var_0 var_1 +
1581,115 103 96 6 113,20,115 79 17 108 113,16,21,4,17,6,15,33,var_0 counter_var_1 +,25,counter_var_0 var_1 +
1582,115 105 41 22 113,36,115 61 41 22 113,18,3,18,18,22,22,36,var_0 counter_var_1 +,21,counter_var_0 var_1 +
1583,115 1 32 64 113,10,115 2 85 3 113,1,2,9,16,2,3,17,var_0 counter_var_1 +,11,counter_var_0 var_1 +
1584,115 80 57 1 113,33,115 87 51 97 113,22,0,11,5,1,4,27,var_0 counter_var_1 +,11,counter_var_0 var_1 +
1585,115 26 106 35 113,40,115 10 2 63 113,26,10,14,2,4,1,28,var_0 counter_var_1 +,24,counter_var_0 var_1 +
1586,115 7 56 59 113,17,115 44 12 21 113,7,15,10,12,28,21,19,var_0 counter_var_1 +,25,counter_var_0 var_1 +
1587,115 31 31 109 113,10,115 89 2 63 113,2,2,8,2,16,1,4,var_0 counter_var_1 +,10,counter_var_0 var_1 +
1588,115 25 93 37 113,26,115 17 0 101 113,25,17,1,0,6,8,25,var_0 counter_var_1 +,18,counter_var_0 var_1 +
1589,115 31 0 101 113,2,115 74 27 88 113,2,16,0,4,8,26,6,var_0 counter_var_1 +,16,counter_var_0 var_1 +
1590,115 94 53 51 113,14,115 85 100 0 113,7,27,7,8,20,0,15,var_0 counter_var_1 +,34,counter_var_0 var_1 +
1591,115 72 30 70 113,21,115 33 34 27 113,14,4,7,11,8,27,25,var_0 counter_var_1 +,11,counter_var_0 var_1 +
1592,115 73 36 106 113,28,115 23 16 94 113,15,23,13,16,13,1,31,var_0 counter_var_1 +,36,counter_var_0 var_1 +
1593,115 27 1 40 113,28,115 60 90 90 113,27,2,1,21,9,28,48,var_0 counter_var_1 +,3,counter_var_0 var_1 +
1594,115 14 33 50 113,24,115 11 91 33 113,14,11,10,22,19,2,36,var_0 counter_var_1 +,21,counter_var_0 var_1 +
1595,115 109 16 94 113,38,115 79 92 2 113,22,21,16,0,1,2,22,var_0 counter_var_1 +,37,counter_var_0 var_1 +
1596,115 90 67 46 113,24,115 91 32 64 113,3,4,21,9,15,2,12,var_0 counter_var_1 +,25,counter_var_0 var_1 +
1597,115 112 67 46 113,46,115 110 66 102 113,25,23,21,20,15,9,45,var_0 counter_var_1 +,44,counter_var_0 var_1 +
1598,115 44 86 45 113,32,115 95 10 68 113,15,8,17,10,14,6,25,var_0 counter_var_1 +,25,counter_var_0 var_1 +
1599,115 83 110 61 113,43,115 102 70 36 113,25,15,18,1,30,5,26,var_0 counter_var_1 +,33,counter_var_0 var_1 +
1600,115 99 90 90 113,33,115 9 26 112 113,12,9,21,3,28,19,15,var_0 counter_var_1 +,30,counter_var_0 var_1 +
1601,115 3 90 90 113,24,115 88 70 36 113,3,1,21,1,28,5,4,var_0 counter_var_1 +,22,counter_var_0 var_1 +
1602,115 67 67 46 113,30,115 110 7 10 113,9,23,21,7,15,10,16,var_0 counter_var_1 +,44,counter_var_0 var_1 +
1603,115 52 62 41 113,39,115 104 76 93 113,23,17,16,7,10,0,30,var_0 counter_var_1 +,33,counter_var_0 var_1 +
1604,115 25 99 85 113,32,115 1 51 97 113,25,1,7,5,23,4,30,var_0 counter_var_1 +,8,counter_var_0 var_1 +
1605,115 41 110 61 113,30,115 38 81 54 113,12,9,18,12,30,23,24,var_0 counter_var_1 +,27,counter_var_0 var_1 +
1606,115 47 63 43 113,35,115 25 32 64 113,18,25,17,9,12,2,27,var_0 counter_var_1 +,42,counter_var_0 var_1 +
1607,115 103 103 49 113,27,115 55 69 99 113,16,26,11,0,18,6,16,var_0 counter_var_1 +,37,counter_var_0 var_1 +
1608,115 109 64 19 113,40,115 102 39 14 113,22,15,18,16,19,14,38,var_0 counter_var_1 +,33,counter_var_0 var_1 +
1609,115 43 75 82 113,20,115 50 44 107 113,14,21,6,21,20,14,35,var_0 counter_var_1 +,27,counter_var_0 var_1 +
1610,115 39 40 11 113,27,115 92 14 24 113,10,5,17,14,11,24,24,var_0 counter_var_1 +,22,counter_var_0 var_1 +
1611,115 7 42 55 113,26,115 31 13 91 113,7,2,19,13,24,29,20,var_0 counter_var_1 +,21,counter_var_0 var_1 +
1612,115 58 58 98 113,12,115 57 102 16 113,0,28,12,10,5,16,10,var_0 counter_var_1 +,40,counter_var_0 var_1 +
1613,115 87 21 92 113,21,115 38 111 12 113,0,9,21,19,30,12,19,var_0 counter_var_1 +,30,counter_var_0 var_1 +
1614,115 19 40 11 113,36,115 69 79 57 113,19,11,17,10,11,26,29,var_0 counter_var_1 +,28,counter_var_0 var_1 +
1615,115 12 80 31 113,23,115 65 91 33 113,12,7,11,22,0,2,34,var_0 counter_var_1 +,18,counter_var_0 var_1 +
1616,115 1 111 12 113,20,115 21 76 93 113,1,21,19,7,12,0,8,var_0 counter_var_1 +,40,counter_var_0 var_1 +
1617,115 108 93 37 113,22,115 109 9 87 113,21,22,1,9,6,25,30,var_0 counter_var_1 +,23,counter_var_0 var_1 +
1618,115 30 52 95 113,7,115 29 79 57 113,1,0,6,10,2,26,11,var_0 counter_var_1 +,6,counter_var_0 var_1 +
1619,115 31 10 68 113,12,115 52 93 37 113,2,23,10,1,6,6,3,var_0 counter_var_1 +,33,counter_var_0 var_1 +
1620,115 73 102 16 113,25,115 43 2 63 113,15,14,10,2,16,1,17,var_0 counter_var_1 +,24,counter_var_0 var_1 +
1621,115 90 101 104 113,12,115 100 31 109 113,3,13,9,8,11,16,11,var_0 counter_var_1 +,22,counter_var_0 var_1 +
1622,115 74 24 5 113,17,115 79 91 33 113,16,21,1,22,5,2,38,var_0 counter_var_1 +,22,counter_var_0 var_1 +
1623,115 97 98 78 113,16,115 48 20 8 113,10,19,6,20,16,8,30,var_0 counter_var_1 +,25,counter_var_0 var_1 +
1624,115 4 11 30 113,15,115 107 40 11 113,4,20,11,17,30,11,21,var_0 counter_var_1 +,31,counter_var_0 var_1 +
1625,115 31 107 60 113,17,115 106 33 50 113,2,19,15,10,29,19,12,var_0 counter_var_1 +,34,counter_var_0 var_1 +
1626,115 60 26 112 113,5,115 99 110 61 113,2,12,3,18,19,30,20,var_0 counter_var_1 +,15,counter_var_0 var_1 +
1627,115 59 81 54 113,13,115 9 7 10 113,1,9,12,7,23,10,8,var_0 counter_var_1 +,21,counter_var_0 var_1 +
1628,115 55 31 109 113,34,115 5 26 112 113,26,5,8,3,16,19,29,var_0 counter_var_1 +,13,counter_var_0 var_1 +
1629,115 50 106 35 113,35,115 63 7 10 113,21,5,14,7,4,10,28,var_0 counter_var_1 +,19,counter_var_0 var_1 +
1630,115 24 54 83 113,32,115 32 64 19 113,24,3,8,18,21,19,42,var_0 counter_var_1 +,11,counter_var_0 var_1 +
1631,115 51 39 14 113,38,115 73 38 20 113,22,15,16,15,14,20,37,var_0 counter_var_1 +,31,counter_var_0 var_1 +
1632,115 107 74 13 113,25,115 40 82 67 113,20,11,5,13,13,5,33,var_0 counter_var_1 +,16,counter_var_0 var_1 +
1633,115 74 58 98 113,28,115 77 59 23 113,16,19,12,13,5,23,29,var_0 counter_var_1 +,31,counter_var_0 var_1 +
1634,115 62 16 94 113,20,115 76 42 55 113,4,18,16,19,1,24,23,var_0 counter_var_1 +,34,counter_var_0 var_1 +
1635,115 80 22 75 113,44,115 104 111 12 113,22,17,22,19,13,12,41,var_0 counter_var_1 +,39,counter_var_0 var_1 +
1636,115 78 50 77 113,24,115 50 107 60 113,20,21,4,15,15,29,35,var_0 counter_var_1 +,25,counter_var_0 var_1 +
1637,115 15 62 41 113,31,115 81 97 81 113,15,23,16,5,10,19,20,var_0 counter_var_1 +,39,counter_var_0 var_1 +
1638,115 79 104 84 113,33,115 73 40 11 113,21,15,12,17,22,11,38,var_0 counter_var_1 +,27,counter_var_0 var_1 +
1639,115 80 65 17 113,41,115 104 8 26 113,22,17,19,8,17,26,30,var_0 counter_var_1 +,36,counter_var_0 var_1 +
1640,115 82 21 92 113,45,115 24 64 19 113,24,24,21,18,30,19,42,var_0 counter_var_1 +,45,counter_var_0 var_1 +
1641,115 14 59 23 113,27,115 101 47 34 113,14,14,13,1,23,3,15,var_0 counter_var_1 +,27,counter_var_0 var_1 +
1642,115 98 54 83 113,19,115 106 20 8 113,11,19,8,20,21,8,31,var_0 counter_var_1 +,27,counter_var_0 var_1 +
1643,115 40 17 108 113,28,115 93 69 99 113,11,6,17,0,15,6,11,var_0 counter_var_1 +,23,counter_var_0 var_1 +
1644,115 43 89 28 113,34,115 77 47 34 113,14,19,20,1,28,3,15,var_0 counter_var_1 +,39,counter_var_0 var_1 +
1645,115 90 98 78 113,9,115 62 104 84 113,3,4,6,12,16,22,15,var_0 counter_var_1 +,10,counter_var_0 var_1 +
1646,115 7 39 14 113,23,115 33 82 67 113,7,4,16,13,14,5,20,var_0 counter_var_1 +,20,counter_var_0 var_1 +
1647,115 109 88 66 113,41,115 68 100 0 113,22,10,19,8,4,0,30,var_0 counter_var_1 +,29,counter_var_0 var_1 +
1648,115 79 90 90 113,42,115 59 50 77 113,21,1,21,4,28,15,25,var_0 counter_var_1 +,22,counter_var_0 var_1 +
1649,115 78 38 20 113,35,115 46 28 7 113,20,17,15,5,20,7,25,var_0 counter_var_1 +,32,counter_var_0 var_1 +
1650,115 12 58 98 113,24,115 32 70 36 113,12,3,12,1,5,5,13,var_0 counter_var_1 +,15,counter_var_0 var_1 +
1651,115 46 7 10 113,24,115 9 61 18 113,17,9,7,15,10,18,32,var_0 counter_var_1 +,16,counter_var_0 var_1 +
1652,115 99 18 73 113,30,115 103 83 38 113,12,16,18,14,11,7,26,var_0 counter_var_1 +,34,counter_var_0 var_1 +
1653,115 90 66 102 113,23,115 44 72 71 113,3,15,20,3,9,9,6,var_0 counter_var_1 +,35,counter_var_0 var_1 +
1654,115 30 106 35 113,15,115 87 94 39 113,1,0,14,2,4,8,3,var_0 counter_var_1 +,14,counter_var_0 var_1 +
1655,115 85 84 32 113,42,115 11 51 97 113,27,11,15,5,1,4,32,var_0 counter_var_1 +,26,counter_var_0 var_1 +
1656,115 55 8 26 113,34,115 63 8 26 113,26,5,8,8,26,26,34,var_0 counter_var_1 +,13,counter_var_0 var_1 +
1657,115 68 69 99 113,10,115 56 32 64 113,10,27,0,9,6,2,19,var_0 counter_var_1 +,27,counter_var_0 var_1 +
1658,115 50 64 19 113,39,115 56 99 85 113,21,27,18,7,19,23,28,var_0 counter_var_1 +,45,counter_var_0 var_1 +
1659,115 99 79 57 113,22,115 77 25 111 113,12,19,10,2,26,18,14,var_0 counter_var_1 +,29,counter_var_0 var_1 +
1660,115 27 86 45 113,44,115 65 56 59 113,27,7,17,10,14,28,37,var_0 counter_var_1 +,24,counter_var_0 var_1 +
1661,115 57 57 1 113,39,115 79 61 18 113,28,21,11,15,1,18,43,var_0 counter_var_1 +,32,counter_var_0 var_1 +
1662,115 10 85 3 113,26,115 13 61 18 113,10,13,16,15,3,18,25,var_0 counter_var_1 +,29,counter_var_0 var_1 +
1663,115 22 67 46 113,43,115 48 35 9 113,22,19,21,12,15,9,34,var_0 counter_var_1 +,40,counter_var_0 var_1 +
1664,115 37 48 89 113,10,115 34 58 98 113,8,5,2,12,27,5,20,var_0 counter_var_1 +,7,counter_var_0 var_1 +
1665,115 46 108 58 113,33,115 33 91 33 113,17,4,16,22,27,2,39,var_0 counter_var_1 +,20,counter_var_0 var_1 +
1666,115 34 9 87 113,14,115 81 70 36 113,5,23,9,1,25,5,6,var_0 counter_var_1 +,32,counter_var_0 var_1 +
1667,115 99 105 62 113,25,115 44 27 88 113,12,15,13,4,0,26,16,var_0 counter_var_1 +,28,counter_var_0 var_1 +
1668,115 1 49 72 113,4,115 31 46 80 113,1,2,3,0,10,18,1,var_0 counter_var_1 +,5,counter_var_0 var_1 +
1669,115 19 101 104 113,28,115 79 101 104 113,19,21,9,9,11,11,28,var_0 counter_var_1 +,30,counter_var_0 var_1 +
1670,115 9 61 18 113,24,115 106 49 72 113,9,19,15,3,18,10,12,var_0 counter_var_1 +,34,counter_var_0 var_1 +
1671,115 26 73 96 113,30,115 36 109 79 113,26,7,4,17,3,17,43,var_0 counter_var_1 +,11,counter_var_0 var_1 +
1672,115 99 33 50 113,22,115 14 82 67 113,12,14,10,13,19,5,25,var_0 counter_var_1 +,24,counter_var_0 var_1 +
1673,115 62 2 63 113,6,115 49 32 64 113,4,20,2,9,1,2,13,var_0 counter_var_1 +,22,counter_var_0 var_1 +
1674,115 99 11 30 113,23,115 37 6 56 113,12,8,11,6,30,25,18,var_0 counter_var_1 +,19,counter_var_0 var_1 +
1675,115 40 37 42 113,25,115 5 89 28 113,11,5,14,20,11,28,31,var_0 counter_var_1 +,19,counter_var_0 var_1 +
1676,115 59 28 7 113,6,115 42 75 82 113,1,13,5,6,7,20,7,var_0 counter_var_1 +,18,counter_var_0 var_1 +
1677,115 101 71 74 113,16,115 35 45 76 113,14,6,2,22,12,14,36,var_0 counter_var_1 +,8,counter_var_0 var_1 +
1678,115 46 42 55 113,36,115 109 54 83 113,17,22,19,8,24,21,25,var_0 counter_var_1 +,41,counter_var_0 var_1 +
1679,115 111 14 24 113,38,115 74 50 77 113,24,16,14,4,24,15,28,var_0 counter_var_1 +,30,counter_var_0 var_1 +
1680,115 5 89 28 113,25,115 101 40 11 113,5,14,20,17,28,11,22,var_0 counter_var_1 +,34,counter_var_0 var_1 +
1681,115 42 35 9 113,25,115 57 88 66 113,13,28,12,19,9,4,32,var_0 counter_var_1 +,40,counter_var_0 var_1 +
1682,115 47 50 77 113,22,115 50 61 18 113,18,21,4,15,15,18,33,var_0 counter_var_1 +,25,counter_var_0 var_1 +
1683,115 48 6 56 113,25,115 49 12 21 113,19,20,6,12,25,21,31,var_0 counter_var_1 +,26,counter_var_0 var_1 +
1684,115 32 52 95 113,9,115 36 30 70 113,3,7,6,7,2,8,10,var_0 counter_var_1 +,13,counter_var_0 var_1 +
1685,115 106 104 84 113,31,115 78 59 23 113,19,20,12,13,22,23,32,var_0 counter_var_1 +,32,counter_var_0 var_1 +
1686,115 80 82 67 113,35,115 61 76 93 113,22,3,13,7,5,0,29,var_0 counter_var_1 +,16,counter_var_0 var_1 +
1687,115 71 101 104 113,22,115 84 7 10 113,13,26,9,7,11,10,20,var_0 counter_var_1 +,35,counter_var_0 var_1 +
1688,115 53 99 85 113,31,115 69 107 60 113,24,11,7,15,23,29,39,var_0 counter_var_1 +,18,counter_var_0 var_1 +
1689,115 15 34 27 113,26,115 96 0 101 113,15,9,11,0,27,8,15,var_0 counter_var_1 +,20,counter_var_0 var_1 +
1690,115 109 65 17 113,41,115 29 15 53 113,22,0,19,15,17,22,37,var_0 counter_var_1 +,19,counter_var_0 var_1 +
1691,115 81 24 5 113,24,115 24 76 93 113,23,24,1,7,5,0,30,var_0 counter_var_1 +,25,counter_var_0 var_1 +
1692,115 95 6 56 113,14,115 69 91 33 113,8,11,6,22,25,2,30,var_0 counter_var_1 +,17,counter_var_0 var_1 +
1693,115 57 81 54 113,40,115 55 56 59 113,28,26,12,10,23,28,38,var_0 counter_var_1 +,38,counter_var_0 var_1 +
1694,115 99 21 92 113,33,115 71 51 97 113,12,13,21,5,30,4,17,var_0 counter_var_1 +,34,counter_var_0 var_1 +
1695,115 38 68 100 113,31,115 45 31 109 113,9,16,22,8,7,16,17,var_0 counter_var_1 +,38,counter_var_0 var_1 +
1696,115 108 77 105 113,29,115 85 65 17 113,21,27,8,19,12,17,40,var_0 counter_var_1 +,35,counter_var_0 var_1 +
1697,115 108 4 52 113,25,115 103 26 112 113,21,16,4,3,21,19,24,var_0 counter_var_1 +,20,counter_var_0 var_1 +
1698,115 97 18 73 113,28,115 106 102 16 113,10,19,18,10,11,16,20,var_0 counter_var_1 +,37,counter_var_0 var_1 +
1699,115 46 54 83 113,25,115 10 42 55 113,17,10,8,19,21,24,36,var_0 counter_var_1 +,18,counter_var_0 var_1 +
1700,115 108 105 62 113,34,115 15 74 13 113,21,15,13,5,0,13,26,var_0 counter_var_1 +,28,counter_var_0 var_1 +
1701,115 40 102 16 113,21,115 48 8 26 113,11,19,10,8,16,26,19,var_0 counter_var_1 +,29,counter_var_0 var_1 +
1702,115 86 77 105 113,36,115 90 24 5 113,28,3,8,1,12,5,29,var_0 counter_var_1 +,11,counter_var_0 var_1 +
1703,115 56 11 30 113,38,115 83 63 43 113,27,25,11,17,30,12,44,var_0 counter_var_1 +,36,counter_var_0 var_1 +
1704,115 19 38 20 113,34,115 82 90 90 113,19,24,15,21,20,28,40,var_0 counter_var_1 +,39,counter_var_0 var_1 +
1705,115 19 43 110 113,39,115 55 85 3 113,19,26,20,16,17,3,35,var_0 counter_var_1 +,46,counter_var_0 var_1 +
1706,115 11 105 62 113,24,115 25 12 21 113,11,25,13,12,0,21,23,var_0 counter_var_1 +,38,counter_var_0 var_1 +
1707,115 84 79 57 113,36,115 45 62 41 113,26,16,10,16,26,10,42,var_0 counter_var_1 +,26,counter_var_0 var_1 +
1708,115 85 68 100 113,49,115 73 107 60 113,27,15,22,15,7,29,42,var_0 counter_var_1 +,37,counter_var_0 var_1 +
1709,115 24 13 91 113,37,115 99 74 13 113,24,12,13,5,29,13,29,var_0 counter_var_1 +,25,counter_var_0 var_1 +
1710,115 49 16 94 113,36,115 29 29 25 113,20,0,16,6,1,25,26,var_0 counter_var_1 +,16,counter_var_0 var_1 +
1711,115 59 104 84 113,13,115 20 40 11 113,1,20,12,17,22,11,18,var_0 counter_var_1 +,32,counter_var_0 var_1 +
1712,115 11 112 103 113,31,115 88 26 112 113,11,1,20,3,10,19,14,var_0 counter_var_1 +,21,counter_var_0 var_1 +
1713,115 69 18 73 113,29,115 11 92 2 113,11,11,18,0,11,2,11,var_0 counter_var_1 +,29,counter_var_0 var_1 +
1714,115 42 71 74 113,15,115 56 50 77 113,13,27,2,4,12,15,17,var_0 counter_var_1 +,29,counter_var_0 var_1 +
1715,115 84 54 83 113,34,115 16 5 47 113,26,16,8,5,21,16,31,var_0 counter_var_1 +,24,counter_var_0 var_1 +
1716,115 68 62 41 113,26,115 33 2 63 113,10,4,16,2,10,1,12,var_0 counter_var_1 +,20,counter_var_0 var_1 +
1717,115 57 24 5 113,29,115 86 52 95 113,28,28,1,6,5,2,34,var_0 counter_var_1 +,29,counter_var_0 var_1 +
1718,115 40 52 95 113,17,115 29 105 62 113,11,0,6,13,2,0,24,var_0 counter_var_1 +,6,counter_var_0 var_1 +
1719,115 68 86 45 113,27,115 23 53 51 113,10,23,17,7,14,20,17,var_0 counter_var_1 +,40,counter_var_0 var_1 +
1720,115 78 95 29 113,23,115 4 30 70 113,20,4,3,7,29,8,27,var_0 counter_var_1 +,7,counter_var_0 var_1 +
1721,115 28 105 62 113,41,115 32 5 47 113,28,3,13,5,0,16,33,var_0 counter_var_1 +,16,counter_var_0 var_1 +
1722,115 19 31 109 113,27,115 43 94 39 113,19,14,8,2,16,8,21,var_0 counter_var_1 +,22,counter_var_0 var_1 +
1723,115 4 70 36 113,5,115 17 88 66 113,4,17,1,19,5,4,23,var_0 counter_var_1 +,18,counter_var_0 var_1 +
1724,115 86 1 40 113,29,115 86 9 87 113,28,28,1,9,9,25,37,var_0 counter_var_1 +,29,counter_var_0 var_1 +
1725,115 76 81 54 113,30,115 37 108 58 113,18,8,12,16,23,27,34,var_0 counter_var_1 +,20,counter_var_0 var_1 +
1726,115 60 25 111 113,4,115 75 45 76 113,2,17,2,22,18,14,24,var_0 counter_var_1 +,19,counter_var_0 var_1 +
1727,115 87 65 17 113,19,115 7 74 13 113,0,7,19,5,17,13,5,var_0 counter_var_1 +,26,counter_var_0 var_1 +
1728,115 38 9 87 113,18,115 27 35 9 113,9,27,9,12,25,9,21,var_0 counter_var_1 +,36,counter_var_0 var_1 +
1729,115 20 67 46 113,41,115 29 27 88 113,20,0,21,4,15,26,24,var_0 counter_var_1 +,21,counter_var_0 var_1 +
1730,115 75 49 72 113,20,115 1 10 68 113,17,1,3,10,10,6,27,var_0 counter_var_1 +,4,counter_var_0 var_1 +
1731,115 89 52 95 113,8,115 13 111 12 113,2,13,6,19,2,12,21,var_0 counter_var_1 +,19,counter_var_0 var_1 +
1732,115 40 29 25 113,17,115 109 99 85 113,11,22,6,7,25,23,18,var_0 counter_var_1 +,28,counter_var_0 var_1 +
1733,115 98 110 61 113,29,115 108 13 91 113,11,21,18,13,30,29,24,var_0 counter_var_1 +,39,counter_var_0 var_1 +
1734,115 29 91 33 113,22,115 59 13 91 113,0,1,22,13,2,29,13,var_0 counter_var_1 +,23,counter_var_0 var_1 +
1735,115 59 59 23 113,14,115 70 40 11 113,1,12,13,17,23,11,18,var_0 counter_var_1 +,25,counter_var_0 var_1 +
1736,115 51 11 30 113,33,115 26 53 51 113,22,26,11,7,30,20,29,var_0 counter_var_1 +,37,counter_var_0 var_1 +
1737,115 77 91 33 113,41,115 47 31 109 113,19,18,22,8,2,16,27,var_0 counter_var_1 +,40,counter_var_0 var_1 +
1738,115 39 32 64 113,19,115 78 67 46 113,10,20,9,21,2,15,31,var_0 counter_var_1 +,29,counter_var_0 var_1 +
1739,115 22 105 62 113,35,115 89 54 83 113,22,2,13,8,0,21,30,var_0 counter_var_1 +,15,counter_var_0 var_1 +
1740,115 73 5 47 113,20,115 68 1 40 113,15,10,5,1,16,9,16,var_0 counter_var_1 +,15,counter_var_0 var_1 +
1741,115 12 64 19 113,30,115 100 8 26 113,12,13,18,8,19,26,20,var_0 counter_var_1 +,31,counter_var_0 var_1 +
1742,115 19 47 34 113,20,115 6 7 10 113,19,6,1,7,3,10,26,var_0 counter_var_1 +,7,counter_var_0 var_1 +
1743,115 46 99 85 113,24,115 73 45 76 113,17,15,7,22,23,14,39,var_0 counter_var_1 +,22,counter_var_0 var_1 +
1744,115 2 105 62 113,15,115 102 53 51 113,2,15,13,7,0,20,9,var_0 counter_var_1 +,28,counter_var_0 var_1 +
1745,115 32 10 68 113,13,115 1 78 65 113,3,1,10,9,6,3,12,var_0 counter_var_1 +,11,counter_var_0 var_1 +
1746,115 91 22 75 113,26,115 27 62 41 113,4,27,22,16,13,10,20,var_0 counter_var_1 +,49,counter_var_0 var_1 +
1747,115 87 99 85 113,7,115 28 40 11 113,0,28,7,17,23,11,17,var_0 counter_var_1 +,35,counter_var_0 var_1 +
1748,115 58 68 100 113,22,115 53 105 62 113,0,24,22,13,7,0,13,var_0 counter_var_1 +,46,counter_var_0 var_1 +
1749,115 11 55 48 113,20,115 91 49 72 113,11,4,9,3,17,10,14,var_0 counter_var_1 +,13,counter_var_0 var_1 +
1750,115 70 35 9 113,24,115 41 28 7 113,12,12,12,5,9,7,17,var_0 counter_var_1 +,24,counter_var_0 var_1 +
1751,115 47 43 110 113,38,115 34 106 35 113,18,5,20,14,17,4,32,var_0 counter_var_1 +,25,counter_var_0 var_1 +
1752,115 63 46 80 113,5,115 23 46 80 113,5,23,0,0,18,18,5,var_0 counter_var_1 +,23,counter_var_0 var_1 +
1753,115 75 10 68 113,27,115 2 91 33 113,17,2,10,22,6,2,39,var_0 counter_var_1 +,12,counter_var_0 var_1 +
1754,115 93 52 95 113,12,115 100 95 29 113,6,13,6,3,2,29,9,var_0 counter_var_1 +,19,counter_var_0 var_1 +
1755,115 86 7 10 113,35,115 26 11 30 113,28,26,7,11,10,30,39,var_0 counter_var_1 +,33,counter_var_0 var_1 +
1756,115 99 96 6 113,16,115 107 69 99 113,12,20,4,0,6,6,12,var_0 counter_var_1 +,24,counter_var_0 var_1 +
1757,115 34 69 99 113,5,115 44 17 108 113,5,15,0,17,6,15,22,var_0 counter_var_1 +,15,counter_var_0 var_1 +
1758,115 2 42 55 113,21,115 89 25 111 113,2,2,19,2,24,18,4,var_0 counter_var_1 +,21,counter_var_0 var_1 +
1759,115 13 47 34 113,14,115 0 11 30 113,13,0,1,11,3,30,24,var_0 counter_var_1 +,1,counter_var_0 var_1 +
1760,115 45 97 81 113,21,115 71 59 23 113,16,13,5,13,19,23,29,var_0 counter_var_1 +,18,counter_var_0 var_1 +
1761,115 104 69 99 113,17,115 15 90 90 113,17,15,0,21,6,28,38,var_0 counter_var_1 +,15,counter_var_0 var_1 +
1762,115 92 18 73 113,23,115 109 12 21 113,5,22,18,12,11,21,17,var_0 counter_var_1 +,40,counter_var_0 var_1 +
1763,115 63 33 50 113,15,115 8 1 40 113,5,8,10,1,19,9,6,var_0 counter_var_1 +,18,counter_var_0 var_1 +
1764,115 39 42 55 113,29,115 3 44 107 113,10,3,19,21,24,14,31,var_0 counter_var_1 +,22,counter_var_0 var_1 +
1765,115 10 44 107 113,31,115 46 100 0 113,10,17,21,8,14,0,18,var_0 counter_var_1 +,38,counter_var_0 var_1 +
1766,115 61 49 72 113,6,115 85 46 80 113,3,27,3,0,10,18,3,var_0 counter_var_1 +,30,counter_var_0 var_1 +
1767,115 97 20 8 113,30,115 0 55 48 113,10,0,20,9,8,17,19,var_0 counter_var_1 +,20,counter_var_0 var_1 +
1768,115 41 8 26 113,20,115 57 6 56 113,12,28,8,6,26,25,18,var_0 counter_var_1 +,36,counter_var_0 var_1 +
1769,115 67 11 30 113,20,115 74 65 17 113,9,16,11,19,30,17,28,var_0 counter_var_1 +,27,counter_var_0 var_1 +
1770,115 57 79 57 113,38,115 75 112 103 113,28,17,10,20,26,10,48,var_0 counter_var_1 +,27,counter_var_0 var_1 +
1771,115 33 75 82 113,10,115 17 98 78 113,4,17,6,6,20,16,10,var_0 counter_var_1 +,23,counter_var_0 var_1 +
1772,115 85 81 54 113,39,115 39 78 65 113,27,10,12,9,23,3,36,var_0 counter_var_1 +,22,counter_var_0 var_1 +
1773,115 0 85 3 113,16,115 42 103 49 113,0,13,16,11,3,18,11,var_0 counter_var_1 +,29,counter_var_0 var_1 +
1774,115 108 63 43 113,38,115 39 27 88 113,21,10,17,4,12,26,25,var_0 counter_var_1 +,27,counter_var_0 var_1 +
1775,115 93 81 54 113,18,115 9 5 47 113,6,9,12,5,23,16,11,var_0 counter_var_1 +,21,counter_var_0 var_1 +
1776,115 34 65 17 113,24,115 88 89 28 113,5,1,19,20,17,28,25,var_0 counter_var_1 +,20,counter_var_0 var_1 +
1777,115 0 53 51 113,7,115 86 31 109 113,0,28,7,8,20,16,8,var_0 counter_var_1 +,35,counter_var_0 var_1 +
1778,115 76 110 61 113,36,115 111 110 61 113,18,24,18,18,30,30,36,var_0 counter_var_1 +,42,counter_var_0 var_1 +
1779,115 94 40 11 113,24,115 111 69 99 113,7,24,17,0,11,6,7,var_0 counter_var_1 +,41,counter_var_0 var_1 +
1780,115 104 81 54 113,29,115 3 65 17 113,17,3,12,19,23,17,36,var_0 counter_var_1 +,15,counter_var_0 var_1 +
1781,115 95 68 100 113,30,115 91 87 69 113,8,4,22,18,7,7,26,var_0 counter_var_1 +,26,counter_var_0 var_1 +
1782,115 27 97 81 113,32,115 65 106 35 113,27,7,5,14,19,4,41,var_0 counter_var_1 +,12,counter_var_0 var_1 +
1783,115 25 92 2 113,25,115 112 24 5 113,25,25,0,1,2,5,26,var_0 counter_var_1 +,25,counter_var_0 var_1 +
1784,115 33 81 54 113,16,115 78 96 6 113,4,20,12,4,23,6,8,var_0 counter_var_1 +,32,counter_var_0 var_1 +
1785,115 69 45 76 113,33,115 6 2 63 113,11,6,22,2,14,1,13,var_0 counter_var_1 +,28,counter_var_0 var_1 +
1786,115 69 63 43 113,28,115 96 3 15 113,11,9,17,3,12,15,14,var_0 counter_var_1 +,26,counter_var_0 var_1 +
1787,115 53 8 26 113,32,115 89 86 45 113,24,2,8,17,26,14,41,var_0 counter_var_1 +,10,counter_var_0 var_1 +
1788,115 21 63 43 113,38,115 7 84 32 113,21,7,17,15,12,1,36,var_0 counter_var_1 +,24,counter_var_0 var_1 +
1789,115 38 33 50 113,19,115 6 90 90 113,9,6,10,21,19,28,30,var_0 counter_var_1 +,16,counter_var_0 var_1 +
1790,115 10 46 80 113,10,115 60 64 19 113,10,2,0,18,18,19,28,var_0 counter_var_1 +,2,counter_var_0 var_1 +
1791,115 71 38 20 113,28,115 46 94 39 113,13,17,15,2,20,8,15,var_0 counter_var_1 +,32,counter_var_0 var_1 +
1792,115 85 58 98 113,39,115 101 83 38 113,27,14,12,14,5,7,41,var_0 counter_var_1 +,26,counter_var_0 var_1 +
1793,115 61 44 107 113,24,115 79 57 1 113,3,21,21,11,14,1,14,var_0 counter_var_1 +,42,counter_var_0 var_1 +
1794,115 85 106 35 113,41,115 58 103 49 113,27,0,14,11,4,18,38,var_0 counter_var_1 +,14,counter_var_0 var_1 +
1795,115 60 16 94 113,18,115 6 51 97 113,2,6,16,5,1,4,7,var_0 counter_var_1 +,22,counter_var_0 var_1 +
1796,115 30 55 48 113,10,115 32 45 76 113,1,3,9,22,17,14,23,var_0 counter_var_1 +,12,counter_var_0 var_1 +
1797,115 87 80 31 113,11,115 60 59 23 113,0,2,11,13,0,23,13,var_0 counter_var_1 +,13,counter_var_0 var_1 +
1798,115 10 82 67 113,23,115 109 18 73 113,10,22,13,18,5,11,28,var_0 counter_var_1 +,35,counter_var_0 var_1 +
1799,115 94 61 18 113,22,115 15 94 39 113,7,15,15,2,18,8,9,var_0 counter_var_1 +,30,counter_var_0 var_1 +
1800,115 79 100 0 113,29,115 46 65 17 113,21,17,8,19,0,17,40,var_0 counter_var_1 +,25,counter_var_0 var_1 +
1801,115 24 53 51 113,31,115 109 59 23 113,24,22,7,13,20,23,37,var_0 counter_var_1 +,29,counter_var_0 var_1 +
1802,115 65 105 62 113,20,115 79 51 97 113,7,21,13,5,0,4,12,var_0 counter_var_1 +,34,counter_var_0 var_1 +
1803,115 57 22 75 113,50,115 74 74 13 113,28,16,22,5,13,13,33,var_0 counter_var_1 +,38,counter_var_0 var_1 +
1804,115 75 63 43 113,34,115 72 102 16 113,17,14,17,10,12,16,27,var_0 counter_var_1 +,31,counter_var_0 var_1 +
1805,115 55 82 67 113,39,115 5 10 68 113,26,5,13,10,5,6,36,var_0 counter_var_1 +,18,counter_var_0 var_1 +
1806,115 50 104 84 113,33,115 79 69 99 113,21,21,12,0,22,6,21,var_0 counter_var_1 +,33,counter_var_0 var_1 +
1807,115 47 95 29 113,21,115 2 2 63 113,18,2,3,2,29,1,20,var_0 counter_var_1 +,5,counter_var_0 var_1 +
1808,115 50 4 52 113,25,115 72 42 55 113,21,14,4,19,21,24,40,var_0 counter_var_1 +,18,counter_var_0 var_1 +
1809,115 32 111 12 113,22,115 4 22 75 113,3,4,19,22,12,13,25,var_0 counter_var_1 +,23,counter_var_0 var_1 +
1810,115 98 75 82 113,17,115 44 93 37 113,11,15,6,1,20,6,12,var_0 counter_var_1 +,21,counter_var_0 var_1 +
1811,115 55 90 90 113,47,115 112 55 48 113,26,25,21,9,28,17,35,var_0 counter_var_1 +,46,counter_var_0 var_1 +
1812,115 100 26 112 113,16,115 44 48 89 113,13,15,3,2,19,27,15,var_0 counter_var_1 +,18,counter_var_0 var_1 +
1813,115 23 53 51 113,30,115 105 105 62 113,23,18,7,13,20,0,36,var_0 counter_var_1 +,25,counter_var_0 var_1 +
1814,115 50 81 54 113,33,115 8 37 42 113,21,8,12,14,23,11,35,var_0 counter_var_1 +,20,counter_var_0 var_1 +
1815,115 79 5 47 113,26,115 7 90 90 113,21,7,5,21,16,28,42,var_0 counter_var_1 +,12,counter_var_0 var_1 +
1816,115 18 21 92 113,39,115 67 97 81 113,18,9,21,5,30,19,23,var_0 counter_var_1 +,30,counter_var_0 var_1 +
1817,115 17 108 58 113,33,115 73 8 26 113,17,15,16,8,27,26,25,var_0 counter_var_1 +,31,counter_var_0 var_1 +
1818,115 19 29 25 113,25,115 73 93 37 113,19,15,6,1,25,6,20,var_0 counter_var_1 +,21,counter_var_0 var_1 +
1819,115 39 58 98 113,22,115 0 3 15 113,10,0,12,3,5,15,13,var_0 counter_var_1 +,12,counter_var_0 var_1 +
1820,115 3 80 31 113,14,115 83 34 27 113,3,25,11,11,0,27,14,var_0 counter_var_1 +,36,counter_var_0 var_1 +
1821,115 70 86 45 113,29,115 32 102 16 113,12,3,17,10,14,16,22,var_0 counter_var_1 +,20,counter_var_0 var_1 +
1822,115 18 12 21 113,30,115 110 52 95 113,18,23,12,6,21,2,24,var_0 counter_var_1 +,35,counter_var_0 var_1 +
1823,115 74 76 93 113,23,115 7 80 31 113,16,7,7,11,0,0,27,var_0 counter_var_1 +,14,counter_var_0 var_1 +
1824,115 8 59 23 113,21,115 54 93 37 113,8,25,13,1,23,6,9,var_0 counter_var_1 +,38,counter_var_0 var_1 +
1825,115 26 103 49 113,37,115 17 9 87 113,26,17,11,9,18,25,35,var_0 counter_var_1 +,28,counter_var_0 var_1 +
1826,115 9 112 103 113,29,115 53 74 13 113,9,24,20,5,10,13,14,var_0 counter_var_1 +,44,counter_var_0 var_1 +
1827,115 1 87 69 113,19,115 21 64 19 113,1,21,18,18,7,19,19,var_0 counter_var_1 +,39,counter_var_0 var_1 +
1828,115 17 88 66 113,36,115 22 34 27 113,17,22,19,11,4,27,28,var_0 counter_var_1 +,41,counter_var_0 var_1 +
1829,115 105 28 7 113,23,115 70 33 50 113,18,12,5,10,7,19,28,var_0 counter_var_1 +,17,counter_var_0 var_1 +
1830,115 104 7 10 113,24,115 91 51 97 113,17,4,7,5,10,4,22,var_0 counter_var_1 +,11,counter_var_0 var_1 +
1831,115 93 25 111 113,8,115 4 25 111 113,6,4,2,2,18,18,8,var_0 counter_var_1 +,6,counter_var_0 var_1 +
1832,115 79 81 54 113,33,115 46 0 101 113,21,17,12,0,23,8,21,var_0 counter_var_1 +,29,counter_var_0 var_1 +
1833,115 77 94 39 113,21,115 25 37 42 113,19,25,2,14,8,11,33,var_0 counter_var_1 +,27,counter_var_0 var_1 +
1834,115 77 90 90 113,40,115 108 19 86 113,19,21,21,19,28,24,38,var_0 counter_var_1 +,42,counter_var_0 var_1 +
1835,115 42 61 18 113,28,115 67 15 53 113,13,9,15,15,18,22,28,var_0 counter_var_1 +,24,counter_var_0 var_1 +
1836,115 69 93 37 113,12,115 64 15 53 113,11,6,1,15,6,22,26,var_0 counter_var_1 +,7,counter_var_0 var_1 +
1837,115 62 15 53 113,19,115 30 11 30 113,4,1,15,11,22,30,15,var_0 counter_var_1 +,16,counter_var_0 var_1 +
1838,115 18 62 41 113,34,115 37 23 4 113,18,8,16,0,10,4,18,var_0 counter_var_1 +,24,counter_var_0 var_1 +
1839,115 63 89 28 113,25,115 101 99 85 113,5,14,20,7,28,23,12,var_0 counter_var_1 +,34,counter_var_0 var_1 +
1840,115 47 36 106 113,31,115 80 30 70 113,18,22,13,7,13,8,25,var_0 counter_var_1 +,35,counter_var_0 var_1 +
1841,115 86 83 38 113,42,115 7 19 86 113,28,7,14,19,7,24,47,var_0 counter_var_1 +,21,counter_var_0 var_1 +
1842,115 16 15 53 113,31,115 14 67 46 113,16,14,15,21,22,15,37,var_0 counter_var_1 +,29,counter_var_0 var_1 +
1843,115 1 86 45 113,18,115 33 38 20 113,1,4,17,15,14,20,16,var_0 counter_var_1 +,21,counter_var_0 var_1 +
1844,115 4 14 24 113,18,115 56 59 23 113,4,27,14,13,24,23,17,var_0 counter_var_1 +,41,counter_var_0 var_1 +
1845,115 47 79 57 113,28,115 90 50 77 113,18,3,10,4,26,15,22,var_0 counter_var_1 +,13,counter_var_0 var_1 +
1846,115 90 32 64 113,12,115 102 21 92 113,3,15,9,21,2,30,24,var_0 counter_var_1 +,24,counter_var_0 var_1 +
1847,115 96 66 102 113,29,115 90 75 82 113,9,3,20,6,9,20,15,var_0 counter_var_1 +,23,counter_var_0 var_1 +
1848,115 21 10 68 113,31,115 4 67 46 113,21,4,10,21,6,15,42,var_0 counter_var_1 +,14,counter_var_0 var_1 +
1849,115 90 96 6 113,7,115 97 83 38 113,3,10,4,14,6,7,17,var_0 counter_var_1 +,14,counter_var_0 var_1 +
1850,115 8 78 65 113,17,115 5 40 11 113,8,5,9,17,3,11,25,var_0 counter_var_1 +,14,counter_var_0 var_1 +
1851,115 94 50 77 113,11,115 62 46 80 113,7,4,4,0,15,18,7,var_0 counter_var_1 +,8,counter_var_0 var_1 +
1852,115 88 88 66 113,20,115 67 40 11 113,1,9,19,17,4,11,18,var_0 counter_var_1 +,28,counter_var_0 var_1 +
1853,115 72 29 25 113,20,115 52 17 108 113,14,23,6,17,25,15,31,var_0 counter_var_1 +,29,counter_var_0 var_1 +
1854,115 103 56 59 113,26,115 40 13 91 113,16,11,10,13,28,29,29,var_0 counter_var_1 +,21,counter_var_0 var_1 +
1855,115 32 68 100 113,25,115 15 60 44 113,3,15,22,14,7,13,17,var_0 counter_var_1 +,37,counter_var_0 var_1 +
1856,115 110 93 37 113,24,115 92 56 59 113,23,5,1,10,6,28,33,var_0 counter_var_1 +,6,counter_var_0 var_1 +
1857,115 64 27 88 113,10,115 100 37 42 113,6,13,4,14,26,11,20,var_0 counter_var_1 +,17,counter_var_0 var_1 +
1858,115 7 99 85 113,14,115 76 40 11 113,7,18,7,17,23,11,24,var_0 counter_var_1 +,25,counter_var_0 var_1 +
1859,115 97 43 110 113,30,115 57 19 86 113,10,28,20,19,17,24,29,var_0 counter_var_1 +,48,counter_var_0 var_1 +
1860,115 10 21 92 113,31,115 34 19 86 113,10,5,21,19,30,24,29,var_0 counter_var_1 +,26,counter_var_0 var_1 +
1861,115 43 112 103 113,34,115 83 36 106 113,14,25,20,13,10,13,27,var_0 counter_var_1 +,45,counter_var_0 var_1 +
1862,115 7 97 81 113,12,115 15 14 24 113,7,15,5,14,19,24,21,var_0 counter_var_1 +,20,counter_var_0 var_1 +
1863,115 9 79 57 113,19,115 99 58 98 113,9,12,10,12,26,5,21,var_0 counter_var_1 +,22,counter_var_0 var_1 +
1864,115 98 51 97 113,16,115 49 18 73 113,11,20,5,18,4,11,29,var_0 counter_var_1 +,25,counter_var_0 var_1 +
1865,115 96 93 37 113,10,115 21 54 83 113,9,21,1,8,6,21,17,var_0 counter_var_1 +,22,counter_var_0 var_1 +
1866,115 67 7 10 113,16,115 94 90 90 113,9,7,7,21,10,28,30,var_0 counter_var_1 +,14,counter_var_0 var_1 +
1867,115 17 30 70 113,24,115 39 72 71 113,17,10,7,3,8,9,20,var_0 counter_var_1 +,17,counter_var_0 var_1 +
1868,115 36 100 0 113,15,115 24 9 87 113,7,24,8,9,0,25,16,var_0 counter_var_1 +,32,counter_var_0 var_1 +
1869,115 75 64 19 113,35,115 109 87 69 113,17,22,18,18,19,7,35,var_0 counter_var_1 +,40,counter_var_0 var_1 +
1870,115 13 57 1 113,24,115 84 75 82 113,13,26,11,6,1,20,19,var_0 counter_var_1 +,37,counter_var_0 var_1 +
1871,115 55 79 57 113,36,115 66 15 53 113,26,8,10,15,26,22,41,var_0 counter_var_1 +,18,counter_var_0 var_1 +
1872,115 46 87 69 113,35,115 99 47 34 113,17,12,18,1,7,3,18,var_0 counter_var_1 +,30,counter_var_0 var_1 +
1873,115 35 31 109 113,14,115 112 6 56 113,6,25,8,6,16,25,12,var_0 counter_var_1 +,33,counter_var_0 var_1 +
1874,115 105 110 61 113,36,115 34 50 77 113,18,5,18,4,30,15,22,var_0 counter_var_1 +,23,counter_var_0 var_1 +
1875,115 98 19 86 113,30,115 69 38 20 113,11,11,19,15,24,20,26,var_0 counter_var_1 +,30,counter_var_0 var_1 +
1876,115 7 14 24 113,21,115 92 83 38 113,7,5,14,14,24,7,21,var_0 counter_var_1 +,19,counter_var_0 var_1 +
1877,115 96 60 44 113,23,115 30 93 37 113,9,1,14,1,13,6,10,var_0 counter_var_1 +,15,counter_var_0 var_1 +
1878,115 72 8 26 113,22,115 16 86 45 113,14,16,8,17,26,14,31,var_0 counter_var_1 +,24,counter_var_0 var_1 +
1879,115 66 17 108 113,25,115 95 44 107 113,8,8,17,21,15,14,29,var_0 counter_var_1 +,25,counter_var_0 var_1 +
1880,115 13 90 90 113,34,115 33 73 96 113,13,4,21,4,28,3,17,var_0 counter_var_1 +,25,counter_var_0 var_1 +
1881,115 14 10 68 113,24,115 101 70 36 113,14,14,10,1,6,5,15,var_0 counter_var_1 +,24,counter_var_0 var_1 +
1882,115 45 95 29 113,19,115 83 41 22 113,16,25,3,18,29,22,34,var_0 counter_var_1 +,28,counter_var_0 var_1 +
1883,115 108 44 107 113,42,115 72 29 25 113,21,14,21,6,14,25,27,var_0 counter_var_1 +,35,counter_var_0 var_1 +
1884,115 15 0 101 113,15,115 57 81 54 113,15,28,0,12,8,23,27,var_0 counter_var_1 +,28,counter_var_0 var_1 +
1885,115 111 11 30 113,35,115 65 26 112 113,24,7,11,3,30,19,27,var_0 counter_var_1 +,18,counter_var_0 var_1 +
1886,115 29 112 103 113,20,115 22 11 30 113,0,22,20,11,10,30,11,var_0 counter_var_1 +,42,counter_var_0 var_1 +
1887,115 0 83 38 113,14,115 85 95 29 113,0,27,14,3,7,29,3,var_0 counter_var_1 +,41,counter_var_0 var_1 +
1888,115 68 92 2 113,10,115 23 14 24 113,10,23,0,14,2,24,24,var_0 counter_var_1 +,23,counter_var_0 var_1 +
1889,115 84 82 67 113,39,115 88 34 27 113,26,1,13,11,5,27,37,var_0 counter_var_1 +,14,counter_var_0 var_1 +
1890,115 60 30 70 113,9,115 89 93 37 113,2,2,7,1,8,6,3,var_0 counter_var_1 +,9,counter_var_0 var_1 +
1891,115 70 19 86 113,31,115 52 66 102 113,12,23,19,20,24,9,32,var_0 counter_var_1 +,42,counter_var_0 var_1 +
1892,115 34 2 63 113,7,115 97 24 5 113,5,10,2,1,1,5,6,var_0 counter_var_1 +,12,counter_var_0 var_1 +
1893,115 71 24 5 113,14,115 54 4 52 113,13,25,1,4,5,21,17,var_0 counter_var_1 +,26,counter_var_0 var_1 +
1894,115 64 74 13 113,11,115 84 95 29 113,6,26,5,3,13,29,9,var_0 counter_var_1 +,31,counter_var_0 var_1 +
1895,115 109 78 65 113,31,115 59 68 100 113,22,1,9,22,3,7,44,var_0 counter_var_1 +,10,counter_var_0 var_1 +
1896,115 105 16 94 113,34,115 51 2 63 113,18,22,16,2,1,1,20,var_0 counter_var_1 +,38,counter_var_0 var_1 +
1897,115 61 74 13 113,8,115 57 74 13 113,3,28,5,5,13,13,8,var_0 counter_var_1 +,33,counter_var_0 var_1 +
1898,115 57 92 2 113,28,115 36 23 4 113,28,7,0,0,2,4,28,var_0 counter_var_1 +,7,counter_var_0 var_1 +
1899,115 8 72 71 113,11,115 40 91 33 113,8,11,3,22,9,2,30,var_0 counter_var_1 +,14,counter_var_0 var_1 +
1900,115 76 78 65 113,27,115 11 67 46 113,18,11,9,21,3,15,39,var_0 counter_var_1 +,20,counter_var_0 var_1 +
1901,115 107 5 47 113,25,115 39 99 85 113,20,10,5,7,16,23,27,var_0 counter_var_1 +,15,counter_var_0 var_1 +
1902,115 27 103 49 113,38,115 17 92 2 113,27,17,11,0,18,2,27,var_0 counter_var_1 +,28,counter_var_0 var_1 +
1903,115 28 88 66 113,47,115 14 109 79 113,28,14,19,17,4,17,45,var_0 counter_var_1 +,33,counter_var_0 var_1 +
1904,115 93 49 72 113,9,115 81 77 105 113,6,23,3,8,10,12,14,var_0 counter_var_1 +,26,counter_var_0 var_1 +
1905,115 16 18 73 113,34,115 86 70 36 113,16,28,18,1,11,5,17,var_0 counter_var_1 +,46,counter_var_0 var_1 +
1906,115 25 70 36 113,26,115 88 14 24 113,25,1,1,14,5,24,39,var_0 counter_var_1 +,2,counter_var_0 var_1 +
1907,115 96 110 61 113,27,115 48 55 48 113,9,19,18,9,30,17,18,var_0 counter_var_1 +,37,counter_var_0 var_1 +
1908,115 107 46 80 113,20,115 86 98 78 113,20,28,0,6,18,16,26,var_0 counter_var_1 +,28,counter_var_0 var_1 +
1909,115 22 93 37 113,23,115 0 61 18 113,22,0,1,15,6,18,37,var_0 counter_var_1 +,1,counter_var_0 var_1 +
1910,115 51 0 101 113,22,115 71 106 35 113,22,13,0,14,8,4,36,var_0 counter_var_1 +,13,counter_var_0 var_1 +
1911,115 33 82 67 113,17,115 58 78 65 113,4,0,13,9,5,3,13,var_0 counter_var_1 +,13,counter_var_0 var_1 +
1912,115 18 19 86 113,37,115 40 17 108 113,18,11,19,17,24,15,35,var_0 counter_var_1 +,30,counter_var_0 var_1 +
1913,115 90 9 87 113,12,115 112 66 102 113,3,25,9,20,25,9,23,var_0 counter_var_1 +,34,counter_var_0 var_1 +
1914,115 65 70 36 113,8,115 82 95 29 113,7,24,1,3,5,29,10,var_0 counter_var_1 +,25,counter_var_0 var_1 +
1915,115 88 34 27 113,12,115 78 25 111 113,1,20,11,2,27,18,3,var_0 counter_var_1 +,31,counter_var_0 var_1 +
1916,115 103 1 40 113,17,115 99 67 46 113,16,12,1,21,9,15,37,var_0 counter_var_1 +,13,counter_var_0 var_1 +
1917,115 97 52 95 113,16,115 98 35 9 113,10,11,6,12,2,9,22,var_0 counter_var_1 +,17,counter_var_0 var_1 +
1918,115 2 69 99 113,2,115 28 41 22 113,2,28,0,18,6,22,20,var_0 counter_var_1 +,28,counter_var_0 var_1 +
1919,115 2 88 66 113,21,115 14 29 25 113,2,14,19,6,4,25,8,var_0 counter_var_1 +,33,counter_var_0 var_1 +
1920,115 80 98 78 113,28,115 99 12 21 113,22,12,6,12,16,21,34,var_0 counter_var_1 +,18,counter_var_0 var_1 +
1921,115 111 62 41 113,40,115 8 25 111 113,24,8,16,2,10,18,26,var_0 counter_var_1 +,24,counter_var_0 var_1 +
1922,115 103 110 61 113,34,115 55 3 15 113,16,26,18,3,30,15,19,var_0 counter_var_1 +,44,counter_var_0 var_1 +
1923,115 88 112 103 113,21,115 57 100 0 113,1,28,20,8,10,0,9,var_0 counter_var_1 +,48,counter_var_0 var_1 +
1924,115 76 39 14 113,34,115 101 38 20 113,18,14,16,15,14,20,33,var_0 counter_var_1 +,30,counter_var_0 var_1 +
1925,115 30 59 23 113,14,115 24 71 74 113,1,24,13,2,23,12,3,var_0 counter_var_1 +,37,counter_var_0 var_1 +
1926,115 101 9 87 113,23,115 88 55 48 113,14,1,9,9,25,17,23,var_0 counter_var_1 +,10,counter_var_0 var_1 +
1927,115 33 91 33 113,26,115 97 5 47 113,4,10,22,5,2,16,9,var_0 counter_var_1 +,32,counter_var_0 var_1 +
1928,115 19 57 1 113,30,115 14 66 102 113,19,14,11,20,1,9,39,var_0 counter_var_1 +,25,counter_var_0 var_1 +
1929,115 103 91 33 113,38,115 104 112 103 113,16,17,22,20,2,10,36,var_0 counter_var_1 +,39,counter_var_0 var_1 +
1930,115 112 48 89 113,27,115 14 92 2 113,25,14,2,0,27,2,25,var_0 counter_var_1 +,16,counter_var_0 var_1 +
1931,115 92 27 88 113,9,115 94 108 58 113,5,7,4,16,26,27,21,var_0 counter_var_1 +,11,counter_var_0 var_1 +
1932,115 24 75 82 113,30,115 86 59 23 113,24,28,6,13,20,23,37,var_0 counter_var_1 +,34,counter_var_0 var_1 +
1933,115 85 4 52 113,31,115 105 30 70 113,27,18,4,7,21,8,34,var_0 counter_var_1 +,22,counter_var_0 var_1 +
1934,115 96 37 42 113,23,115 13 42 55 113,9,13,14,19,11,24,28,var_0 counter_var_1 +,27,counter_var_0 var_1 +
1935,115 49 85 3 113,36,115 103 56 59 113,20,16,16,10,3,28,30,var_0 counter_var_1 +,32,counter_var_0 var_1 +
1936,115 16 19 86 113,35,115 70 99 85 113,16,12,19,7,24,23,23,var_0 counter_var_1 +,31,counter_var_0 var_1 +
1937,115 73 99 85 113,22,115 64 45 76 113,15,6,7,22,23,14,37,var_0 counter_var_1 +,13,counter_var_0 var_1 +
1938,115 56 59 23 113,40,115 105 7 10 113,27,18,13,7,23,10,34,var_0 counter_var_1 +,31,counter_var_0 var_1 +
1939,115 36 52 95 113,13,115 10 61 18 113,7,10,6,15,2,18,22,var_0 counter_var_1 +,16,counter_var_0 var_1 +
1940,115 91 50 77 113,8,115 16 109 79 113,4,16,4,17,15,17,21,var_0 counter_var_1 +,20,counter_var_0 var_1 +
1941,115 20 4 52 113,24,115 71 61 18 113,20,13,4,15,21,18,35,var_0 counter_var_1 +,17,counter_var_0 var_1 +
1942,115 11 16 94 113,27,115 26 84 32 113,11,26,16,15,1,1,26,var_0 counter_var_1 +,42,counter_var_0 var_1 +
1943,115 25 94 39 113,27,115 95 104 84 113,25,8,2,12,8,22,37,var_0 counter_var_1 +,10,counter_var_0 var_1 +
1944,115 67 50 77 113,13,115 33 45 76 113,9,4,4,22,15,14,31,var_0 counter_var_1 +,8,counter_var_0 var_1 +
1945,115 76 73 96 113,22,115 65 65 17 113,18,7,4,19,3,17,37,var_0 counter_var_1 +,11,counter_var_0 var_1 +
1946,115 0 99 85 113,7,115 21 25 111 113,0,21,7,2,23,18,2,var_0 counter_var_1 +,28,counter_var_0 var_1 +
1947,115 71 78 65 113,22,115 0 89 28 113,13,0,9,20,3,28,33,var_0 counter_var_1 +,9,counter_var_0 var_1 +
1948,115 63 70 36 113,6,115 19 26 112 113,5,19,1,3,5,19,8,var_0 counter_var_1 +,20,counter_var_0 var_1 +
1949,115 38 27 88 113,13,115 85 101 104 113,9,27,4,9,26,11,18,var_0 counter_var_1 +,31,counter_var_0 var_1 +
1950,115 84 107 60 113,41,115 41 88 66 113,26,12,15,19,29,4,45,var_0 counter_var_1 +,27,counter_var_0 var_1 +
1951,115 69 59 23 113,24,115 46 16 94 113,11,17,13,16,23,1,27,var_0 counter_var_1 +,30,counter_var_0 var_1 +
1952,115 103 67 46 113,37,115 44 8 26 113,16,15,21,8,15,26,24,var_0 counter_var_1 +,36,counter_var_0 var_1 +
1953,115 21 13 91 113,34,115 45 21 92 113,21,16,13,21,29,30,42,var_0 counter_var_1 +,29,counter_var_0 var_1 +
1954,115 60 33 50 113,12,115 96 23 4 113,2,9,10,0,19,4,2,var_0 counter_var_1 +,19,counter_var_0 var_1 +
1955,115 99 101 104 113,21,115 41 75 82 113,12,12,9,6,11,20,18,var_0 counter_var_1 +,21,counter_var_0 var_1 +
1956,115 50 96 6 113,25,115 64 107 60 113,21,6,4,15,6,29,36,var_0 counter_var_1 +,10,counter_var_0 var_1 +
1957,115 17 18 73 113,35,115 79 0 101 113,17,21,18,0,11,8,17,var_0 counter_var_1 +,39,counter_var_0 var_1 +
1958,115 16 99 85 113,23,115 92 57 1 113,16,5,7,11,23,1,27,var_0 counter_var_1 +,12,counter_var_0 var_1 +
1959,115 41 29 25 113,18,115 24 14 24 113,12,24,6,14,25,24,26,var_0 counter_var_1 +,30,counter_var_0 var_1 +
1960,115 101 26 112 113,17,115 23 84 32 113,14,23,3,15,19,1,29,var_0 counter_var_1 +,26,counter_var_0 var_1 +
1961,115 41 2 63 113,14,115 78 112 103 113,12,20,2,20,1,10,32,var_0 counter_var_1 +,22,counter_var_0 var_1 +
1962,115 76 27 88 113,22,115 17 6 56 113,18,17,4,6,26,25,24,var_0 counter_var_1 +,21,counter_var_0 var_1 +
1963,115 35 17 108 113,23,115 10 5 47 113,6,10,17,5,15,16,11,var_0 counter_var_1 +,27,counter_var_0 var_1 +
1964,115 70 23 4 113,12,115 12 2 63 113,12,12,0,2,4,1,14,var_0 counter_var_1 +,12,counter_var_0 var_1 +
1965,115 88 53 51 113,8,115 0 43 110 113,1,0,7,20,20,17,21,var_0 counter_var_1 +,7,counter_var_0 var_1 +
1966,115 5 5 47 113,10,115 4 41 22 113,5,4,5,18,16,22,23,var_0 counter_var_1 +,9,counter_var_0 var_1 +
1967,115 102 39 14 113,31,115 5 39 14 113,15,5,16,16,14,14,31,var_0 counter_var_1 +,21,counter_var_0 var_1 +
1968,115 3 88 66 113,22,115 78 89 28 113,3,20,19,20,4,28,23,var_0 counter_var_1 +,39,counter_var_0 var_1 +
1969,115 15 63 43 113,32,115 38 94 39 113,15,9,17,2,12,8,17,var_0 counter_var_1 +,26,counter_var_0 var_1 +
1970,115 42 84 32 113,28,115 54 5 47 113,13,25,15,5,1,16,18,var_0 counter_var_1 +,40,counter_var_0 var_1 +
1971,115 44 14 24 113,29,115 71 1 40 113,15,13,14,1,24,9,16,var_0 counter_var_1 +,27,counter_var_0 var_1 +
1972,115 67 22 75 113,31,115 87 96 6 113,9,0,22,4,13,6,13,var_0 counter_var_1 +,22,counter_var_0 var_1 +
1973,115 90 78 65 113,12,115 52 104 84 113,3,23,9,12,3,22,15,var_0 counter_var_1 +,32,counter_var_0 var_1 +
1974,115 32 76 93 113,10,115 68 43 110 113,3,10,7,20,0,17,23,var_0 counter_var_1 +,17,counter_var_0 var_1 +
1975,115 104 65 17 113,36,115 94 40 11 113,17,7,19,17,17,11,34,var_0 counter_var_1 +,26,counter_var_0 var_1 +
1976,115 17 92 2 113,17,115 77 52 95 113,17,19,0,6,2,2,23,var_0 counter_var_1 +,19,counter_var_0 var_1 +
1977,115 90 56 59 113,13,115 28 66 102 113,3,28,10,20,28,9,23,var_0 counter_var_1 +,38,counter_var_0 var_1 +
1978,115 81 96 6 113,27,115 88 9 87 113,23,1,4,9,6,25,32,var_0 counter_var_1 +,5,counter_var_0 var_1 +
1979,115 84 11 30 113,37,115 40 55 48 113,26,11,11,9,30,17,35,var_0 counter_var_1 +,22,counter_var_0 var_1 +
1980,115 71 42 55 113,32,115 60 93 37 113,13,2,19,1,24,6,14,var_0 counter_var_1 +,21,counter_var_0 var_1 +
1981,115 4 62 41 113,20,115 3 107 60 113,4,3,16,15,10,29,19,var_0 counter_var_1 +,19,counter_var_0 var_1 +
1982,115 28 50 77 113,32,115 45 57 1 113,28,16,4,11,15,1,39,var_0 counter_var_1 +,20,counter_var_0 var_1 +
1983,115 101 112 103 113,34,115 112 32 64 113,14,25,20,9,10,2,23,var_0 counter_var_1 +,45,counter_var_0 var_1 +
1984,115 21 32 64 113,30,115 50 43 110 113,21,21,9,20,2,17,41,var_0 counter_var_1 +,30,counter_var_0 var_1 +
1985,115 51 59 23 113,35,115 102 97 81 113,22,15,13,5,23,19,27,var_0 counter_var_1 +,28,counter_var_0 var_1 +
1986,115 58 74 13 113,5,115 111 91 33 113,0,24,5,22,13,2,22,var_0 counter_var_1 +,29,counter_var_0 var_1 +
1987,115 86 10 68 113,38,115 10 27 88 113,28,10,10,4,6,26,32,var_0 counter_var_1 +,20,counter_var_0 var_1 +
1988,115 89 95 29 113,5,115 14 65 17 113,2,14,3,19,29,17,21,var_0 counter_var_1 +,17,counter_var_0 var_1 +
1989,115 85 85 3 113,43,115 27 31 109 113,27,27,16,8,3,16,35,var_0 counter_var_1 +,43,counter_var_0 var_1 +
1990,115 78 66 102 113,40,115 3 3 15 113,20,3,20,3,9,15,23,var_0 counter_var_1 +,23,counter_var_0 var_1 +
1991,115 66 43 110 113,28,115 23 89 28 113,8,23,20,20,17,28,28,var_0 counter_var_1 +,43,counter_var_0 var_1 +
1992,115 12 89 28 113,32,115 68 105 62 113,12,10,20,13,28,0,25,var_0 counter_var_1 +,30,counter_var_0 var_1 +
1993,115 82 77 105 113,32,115 107 4 52 113,24,20,8,4,12,21,28,var_0 counter_var_1 +,28,counter_var_0 var_1 +
1994,115 42 78 65 113,22,115 51 37 42 113,13,22,9,14,3,11,27,var_0 counter_var_1 +,31,counter_var_0 var_1 +
1995,115 48 55 48 113,28,115 109 94 39 113,19,22,9,2,17,8,21,var_0 counter_var_1 +,31,counter_var_0 var_1 +
1996,115 47 98 78 113,24,115 18 1 40 113,18,18,6,1,16,9,19,var_0 counter_var_1 +,24,counter_var_0 var_1 +
1997,115 63 72 71 113,8,115 90 78 65 113,5,3,3,9,9,3,14,var_0 counter_var_1 +,6,counter_var_0 var_1 +
1998,115 70 89 28 113,32,115 65 77 105 113,12,7,20,8,28,12,20,var_0 counter_var_1 +,27,counter_var_0 var_1 +
1999,115 91 77 105 113,12,115 0 82 67 113,4,0,8,13,12,5,17,var_0 counter_var_1 +,8,counter_var_0 var_1 +
2000,115 52 97 81 113,28,115 110 2 63 113,23,23,5,2,19,1,25,var_0 counter_var_1 +,28,counter_var_0 var_1 +
2001,115 60 34 27 113,13,115 78 11 30 113,2,20,11,11,27,30,13,var_0 counter_var_1 +,31,counter_var_0 var_1 +
2002,115 4 86 45 113,21,115 32 88 66 113,4,3,17,19,14,4,23,var_0 counter_var_1 +,20,counter_var_0 var_1 +
2003,115 108 18 73 113,39,115 33 15 53 113,21,4,18,15,11,22,36,var_0 counter_var_1 +,22,counter_var_0 var_1 +
2004,115 20 94 39 113,22,115 44 55 48 113,20,15,2,9,8,17,29,var_0 counter_var_1 +,17,counter_var_0 var_1 +
2005,115 77 67 46 113,40,115 110 1 40 113,19,23,21,1,15,9,20,var_0 counter_var_1 +,44,counter_var_0 var_1 +
2006,115 72 48 89 113,16,115 92 11 30 113,14,5,2,11,27,30,25,var_0 counter_var_1 +,7,counter_var_0 var_1 +
2007,115 112 72 71 113,28,115 67 95 29 113,25,9,3,3,9,29,28,var_0 counter_var_1 +,12,counter_var_0 var_1 +
2008,115 19 71 74 113,21,115 48 74 13 113,19,19,2,5,12,13,24,var_0 counter_var_1 +,21,counter_var_0 var_1 +
2009,115 13 78 65 113,22,115 17 49 72 113,13,17,9,3,3,10,16,var_0 counter_var_1 +,26,counter_var_0 var_1 +
2010,115 43 87 69 113,32,115 20 55 48 113,14,20,18,9,7,17,23,var_0 counter_var_1 +,38,counter_var_0 var_1 +
2011,115 104 100 0 113,25,115 17 95 29 113,17,17,8,3,0,29,20,var_0 counter_var_1 +,25,counter_var_0 var_1 +
2012,115 94 42 55 113,26,115 27 108 58 113,7,27,19,16,24,27,23,var_0 counter_var_1 +,46,counter_var_0 var_1 +
2013,115 13 32 64 113,22,115 73 98 78 113,13,15,9,6,2,16,19,var_0 counter_var_1 +,24,counter_var_0 var_1 +
2014,115 31 97 81 113,7,115 6 87 69 113,2,6,5,18,19,7,20,var_0 counter_var_1 +,11,counter_var_0 var_1 +
2015,115 62 65 17 113,23,115 81 86 45 113,4,23,19,17,17,14,21,var_0 counter_var_1 +,42,counter_var_0 var_1 +
2016,115 67 98 78 113,15,115 65 50 77 113,9,7,6,4,16,15,13,var_0 counter_var_1 +,13,counter_var_0 var_1 +
2017,115 39 30 70 113,17,115 51 82 67 113,10,22,7,13,8,5,23,var_0 counter_var_1 +,29,counter_var_0 var_1 +
2018,115 78 82 67 113,33,115 109 26 112 113,20,22,13,3,5,19,23,var_0 counter_var_1 +,35,counter_var_0 var_1 +
2019,115 26 6 56 113,32,115 51 84 32 113,26,22,6,15,25,1,41,var_0 counter_var_1 +,28,counter_var_0 var_1 +
2020,115 89 57 1 113,13,115 90 58 98 113,2,3,11,12,1,5,14,var_0 counter_var_1 +,14,counter_var_0 var_1 +
2021,115 78 8 26 113,28,115 6 107 60 113,20,6,8,15,26,29,35,var_0 counter_var_1 +,14,counter_var_0 var_1 +
2022,115 88 89 28 113,21,115 73 88 66 113,1,15,20,19,28,4,20,var_0 counter_var_1 +,35,counter_var_0 var_1 +
2023,115 22 76 93 113,29,115 73 71 74 113,22,15,7,2,0,12,24,var_0 counter_var_1 +,22,counter_var_0 var_1 +
2024,115 3 93 37 113,4,115 57 95 29 113,3,28,1,3,6,29,6,var_0 counter_var_1 +,29,counter_var_0 var_1 +
2025,115 52 8 26 113,31,115 106 22 75 113,23,19,8,22,26,13,45,var_0 counter_var_1 +,27,counter_var_0 var_1 +
2026,115 22 96 6 113,26,115 76 38 20 113,22,18,4,15,6,20,37,var_0 counter_var_1 +,22,counter_var_0 var_1 +
2027,115 92 37 42 113,19,115 97 84 32 113,5,10,14,15,11,1,20,var_0 counter_var_1 +,24,counter_var_0 var_1 +
2028,115 18 40 11 113,35,115 5 84 32 113,18,5,17,15,11,1,33,var_0 counter_var_1 +,22,counter_var_0 var_1 +
2029,115 100 32 64 113,22,115 65 41 22 113,13,7,9,18,2,22,31,var_0 counter_var_1 +,16,counter_var_0 var_1 +
2030,115 92 48 89 113,7,115 70 69 99 113,5,12,2,0,27,6,5,var_0 counter_var_1 +,14,counter_var_0 var_1 +
2031,115 107 77 105 113,28,115 73 29 25 113,20,15,8,6,12,25,26,var_0 counter_var_1 +,23,counter_var_0 var_1 +
2032,115 106 36 106 113,32,115 43 47 34 113,19,14,13,1,13,3,20,var_0 counter_var_1 +,27,counter_var_0 var_1 +
2033,115 34 50 77 113,9,115 49 10 68 113,5,20,4,10,15,6,15,var_0 counter_var_1 +,24,counter_var_0 var_1 +
2034,115 109 111 12 113,41,115 9 80 31 113,22,9,19,11,12,0,33,var_0 counter_var_1 +,28,counter_var_0 var_1 +
2035,115 79 21 92 113,42,115 91 25 111 113,21,4,21,2,30,18,23,var_0 counter_var_1 +,25,counter_var_0 var_1 +
2036,115 94 109 79 113,24,115 40 70 36 113,7,11,17,1,17,5,8,var_0 counter_var_1 +,28,counter_var_0 var_1 +
2037,115 20 90 90 113,41,115 94 97 81 113,20,7,21,5,28,19,25,var_0 counter_var_1 +,28,counter_var_0 var_1 +
2038,115 35 60 44 113,20,115 23 101 104 113,6,23,14,9,13,11,15,var_0 counter_var_1 +,37,counter_var_0 var_1 +
2039,115 106 91 33 113,41,115 72 104 84 113,19,14,22,12,2,22,31,var_0 counter_var_1 +,36,counter_var_0 var_1 +
2040,115 65 100 0 113,15,115 74 15 53 113,7,16,8,15,0,22,22,var_0 counter_var_1 +,24,counter_var_0 var_1 +
2041,115 94 23 4 113,7,115 24 0 101 113,7,24,0,0,4,8,7,var_0 counter_var_1 +,24,counter_var_0 var_1 +
2042,115 6 50 77 113,10,115 82 39 14 113,6,24,4,16,15,14,22,var_0 counter_var_1 +,28,counter_var_0 var_1 +
2043,115 39 82 67 113,23,115 62 63 43 113,10,4,13,17,5,12,27,var_0 counter_var_1 +,17,counter_var_0 var_1 +
2044,115 20 103 49 113,31,115 82 96 6 113,20,24,11,4,18,6,24,var_0 counter_var_1 +,35,counter_var_0 var_1 +
2045,115 10 64 19 113,28,115 70 52 95 113,10,12,18,6,19,2,16,var_0 counter_var_1 +,30,counter_var_0 var_1 +
2046,115 67 103 49 113,20,115 8 31 109 113,9,8,11,8,18,16,17,var_0 counter_var_1 +,19,counter_var_0 var_1 +
2047,115 52 18 73 113,41,115 7 69 99 113,23,7,18,0,11,6,23,var_0 counter_var_1 +,25,counter_var_0 var_1 +
2048,115 36 19 86 113,26,115 100 72 71 113,7,13,19,3,24,9,10,var_0 counter_var_1 +,32,counter_var_0 var_1 +
2049,115 67 101 104 113,18,115 27 89 28 113,9,27,9,20,11,28,29,var_0 counter_var_1 +,36,counter_var_0 var_1 +
2050,115 84 17 108 113,43,115 34 108 58 113,26,5,17,16,15,27,42,var_0 counter_var_1 +,22,counter_var_0 var_1 +
2051,115 0 27 88 113,4,115 13 9 87 113,0,13,4,9,26,25,9,var_0 counter_var_1 +,17,counter_var_0 var_1 +
2052,115 81 57 1 113,34,115 34 1 40 113,23,5,11,1,1,9,24,var_0 counter_var_1 +,16,counter_var_0 var_1 +
2053,115 39 53 51 113,17,115 54 77 105 113,10,25,7,8,20,12,18,var_0 counter_var_1 +,32,counter_var_0 var_1 +
2054,115 101 46 80 113,14,115 87 49 72 113,14,0,0,3,18,10,17,var_0 counter_var_1 +,0,counter_var_0 var_1 +
2055,115 6 64 19 113,24,115 80 45 76 113,6,22,18,22,19,14,28,var_0 counter_var_1 +,40,counter_var_0 var_1 +
2056,115 92 77 105 113,13,115 3 7 10 113,5,3,8,7,12,10,12,var_0 counter_var_1 +,11,counter_var_0 var_1 +
2057,115 76 66 102 113,38,115 18 16 94 113,18,18,20,16,9,1,34,var_0 counter_var_1 +,38,counter_var_0 var_1 +
2058,115 77 15 53 113,34,115 23 79 57 113,19,23,15,10,22,26,29,var_0 counter_var_1 +,38,counter_var_0 var_1 +
2059,115 112 64 19 113,43,115 93 56 59 113,25,6,18,10,19,28,35,var_0 counter_var_1 +,24,counter_var_0 var_1 +
2060,115 67 93 37 113,10,115 55 24 5 113,9,26,1,1,6,5,10,var_0 counter_var_1 +,27,counter_var_0 var_1 +
2061,115 47 54 83 113,26,115 74 63 43 113,18,16,8,17,21,12,35,var_0 counter_var_1 +,24,counter_var_0 var_1 +
2062,115 68 25 111 113,12,115 38 106 35 113,10,9,2,14,18,4,24,var_0 counter_var_1 +,11,counter_var_0 var_1 +
2063,115 16 7 10 113,23,115 76 94 39 113,16,18,7,2,10,8,18,var_0 counter_var_1 +,25,counter_var_0 var_1 +
2064,115 60 97 81 113,7,115 51 25 111 113,2,22,5,2,19,18,4,var_0 counter_var_1 +,27,counter_var_0 var_1 +
2065,115 11 13 91 113,24,115 17 17 108 113,11,17,13,17,29,15,28,var_0 counter_var_1 +,30,counter_var_0 var_1 +
2066,115 53 3 15 113,27,115 12 109 79 113,24,12,3,17,15,17,41,var_0 counter_var_1 +,15,counter_var_0 var_1 +
2067,115 61 65 17 113,22,115 57 66 102 113,3,28,19,20,17,9,23,var_0 counter_var_1 +,47,counter_var_0 var_1 +
2068,115 67 26 112 113,12,115 72 45 76 113,9,14,3,22,19,14,31,var_0 counter_var_1 +,17,counter_var_0 var_1 +
2069,115 100 87 69 113,31,115 50 94 39 113,13,21,18,2,7,8,15,var_0 counter_var_1 +,39,counter_var_0 var_1 +
2070,115 75 24 5 113,18,115 96 107 60 113,17,9,1,15,5,29,32,var_0 counter_var_1 +,10,counter_var_0 var_1 +
2071,115 25 37 42 113,39,115 69 97 81 113,25,11,14,5,11,19,30,var_0 counter_var_1 +,25,counter_var_0 var_1 +
2072,115 17 71 74 113,19,115 66 53 51 113,17,8,2,7,12,20,24,var_0 counter_var_1 +,10,counter_var_0 var_1 +
2073,115 19 104 84 113,31,115 54 76 93 113,19,25,12,7,22,0,26,var_0 counter_var_1 +,37,counter_var_0 var_1 +
2074,115 75 67 46 113,38,115 106 8 26 113,17,19,21,8,15,26,25,var_0 counter_var_1 +,40,counter_var_0 var_1 +
2075,115 30 8 26 113,9,115 79 85 3 113,1,21,8,16,26,3,17,var_0 counter_var_1 +,29,counter_var_0 var_1 +
2076,115 105 72 71 113,21,115 40 15 53 113,18,11,3,15,9,22,33,var_0 counter_var_1 +,14,counter_var_0 var_1 +
2077,115 94 35 9 113,19,115 86 25 111 113,7,28,12,2,9,18,9,var_0 counter_var_1 +,40,counter_var_0 var_1 +
2078,115 77 71 74 113,21,115 93 67 46 113,19,6,2,21,12,15,40,var_0 counter_var_1 +,8,counter_var_0 var_1 +
2079,115 61 82 67 113,16,115 97 22 75 113,3,10,13,22,5,13,25,var_0 counter_var_1 +,23,counter_var_0 var_1 +
2080,115 57 13 91 113,41,115 66 63 43 113,28,8,13,17,29,12,45,var_0 counter_var_1 +,21,counter_var_0 var_1 +
2081,115 95 93 37 113,9,115 85 25 111 113,8,27,1,2,6,18,10,var_0 counter_var_1 +,28,counter_var_0 var_1 +
2082,115 15 99 85 113,22,115 81 47 34 113,15,23,7,1,23,3,16,var_0 counter_var_1 +,30,counter_var_0 var_1 +
2083,115 102 73 96 113,19,115 54 63 43 113,15,25,4,17,3,12,32,var_0 counter_var_1 +,29,counter_var_0 var_1 +
2084,115 44 24 5 113,16,115 69 105 62 113,15,11,1,13,5,0,28,var_0 counter_var_1 +,12,counter_var_0 var_1 +
2085,115 55 18 73 113,44,115 77 42 55 113,26,19,18,19,11,24,45,var_0 counter_var_1 +,37,counter_var_0 var_1 +
2086,115 34 85 3 113,21,115 90 85 3 113,5,3,16,16,3,3,21,var_0 counter_var_1 +,19,counter_var_0 var_1 +
2087,115 108 53 51 113,28,115 47 66 102 113,21,18,7,20,20,9,41,var_0 counter_var_1 +,25,counter_var_0 var_1 +
2088,115 3 70 36 113,4,115 39 60 44 113,3,10,1,14,5,13,17,var_0 counter_var_1 +,11,counter_var_0 var_1 +
2089,115 82 76 93 113,31,115 42 72 71 113,24,13,7,3,0,9,27,var_0 counter_var_1 +,20,counter_var_0 var_1 +
2090,115 41 0 101 113,12,115 10 17 108 113,12,10,0,17,8,15,29,var_0 counter_var_1 +,10,counter_var_0 var_1 +
2091,115 54 1 40 113,26,115 37 79 57 113,25,8,1,10,9,26,35,var_0 counter_var_1 +,9,counter_var_0 var_1 +
2092,115 76 36 106 113,31,115 90 103 49 113,18,3,13,11,13,18,29,var_0 counter_var_1 +,16,counter_var_0 var_1 +
2093,115 66 100 0 113,16,115 37 33 50 113,8,8,8,10,0,19,18,var_0 counter_var_1 +,16,counter_var_0 var_1 +
2094,115 48 69 99 113,19,115 97 25 111 113,19,10,0,2,6,18,21,var_0 counter_var_1 +,10,counter_var_0 var_1 +
2095,115 28 57 1 113,39,115 109 52 95 113,28,22,11,6,1,2,34,var_0 counter_var_1 +,33,counter_var_0 var_1 +
2096,115 27 59 23 113,40,115 11 73 96 113,27,11,13,4,23,3,31,var_0 counter_var_1 +,24,counter_var_0 var_1 +
2097,115 76 14 24 113,32,115 101 81 54 113,18,14,14,12,24,23,30,var_0 counter_var_1 +,28,counter_var_0 var_1 +
2098,115 23 22 75 113,45,115 74 21 92 113,23,16,22,21,13,30,44,var_0 counter_var_1 +,38,counter_var_0 var_1 +
2099,115 38 45 76 113,31,115 92 92 2 113,9,5,22,0,14,2,9,var_0 counter_var_1 +,27,counter_var_0 var_1 +
2100,115 107 85 3 113,36,115 12 10 68 113,20,12,16,10,3,6,30,var_0 counter_var_1 +,28,counter_var_0 var_1 +
2101,115 92 110 61 113,23,115 37 39 14 113,5,8,18,16,30,14,21,var_0 counter_var_1 +,26,counter_var_0 var_1 +
2102,115 39 35 9 113,22,115 46 71 74 113,10,17,12,2,9,12,12,var_0 counter_var_1 +,29,counter_var_0 var_1 +
2103,115 13 81 54 113,25,115 46 29 25 113,13,17,12,6,23,25,19,var_0 counter_var_1 +,29,counter_var_0 var_1 +
2104,115 11 1 40 113,12,115 88 40 11 113,11,1,1,17,9,11,28,var_0 counter_var_1 +,2,counter_var_0 var_1 +
2105,115 8 6 56 113,14,115 76 44 107 113,8,18,6,21,25,14,29,var_0 counter_var_1 +,24,counter_var_0 var_1 +
2106,115 74 108 58 113,32,115 33 105 62 113,16,4,16,13,27,0,29,var_0 counter_var_1 +,20,counter_var_0 var_1 +
2107,115 60 14 24 113,16,115 110 21 92 113,2,23,14,21,24,30,23,var_0 counter_var_1 +,37,counter_var_0 var_1 +
2108,115 16 1 40 113,17,115 88 64 19 113,16,1,1,18,9,19,34,var_0 counter_var_1 +,2,counter_var_0 var_1 +
2109,115 52 57 1 113,34,115 52 64 19 113,23,23,11,18,1,19,41,var_0 counter_var_1 +,34,counter_var_0 var_1 +
2110,115 69 64 19 113,29,115 34 102 16 113,11,5,18,10,19,16,21,var_0 counter_var_1 +,23,counter_var_0 var_1 +
2111,115 42 44 107 113,34,115 86 30 70 113,13,28,21,7,14,8,20,var_0 counter_var_1 +,49,counter_var_0 var_1 +
2112,115 36 57 1 113,18,115 101 90 90 113,7,14,11,21,1,28,28,var_0 counter_var_1 +,25,counter_var_0 var_1 +
2113,115 49 47 34 113,21,115 50 12 21 113,20,21,1,12,3,21,32,var_0 counter_var_1 +,22,counter_var_0 var_1 +
2114,115 43 85 3 113,30,115 106 30 70 113,14,19,16,7,3,8,21,var_0 counter_var_1 +,35,counter_var_0 var_1 +
2115,115 10 76 93 113,17,115 26 98 78 113,10,26,7,6,0,16,16,var_0 counter_var_1 +,33,counter_var_0 var_1 +
2116,115 86 66 102 113,48,115 4 42 55 113,28,4,20,19,9,24,47,var_0 counter_var_1 +,24,counter_var_0 var_1 +
2117,115 54 90 90 113,46,115 43 104 84 113,25,14,21,12,28,22,37,var_0 counter_var_1 +,35,counter_var_0 var_1 +
2118,115 31 46 80 113,2,115 97 10 68 113,2,10,0,10,18,6,12,var_0 counter_var_1 +,10,counter_var_0 var_1 +
2119,115 48 35 9 113,31,115 73 79 57 113,19,15,12,10,9,26,29,var_0 counter_var_1 +,27,counter_var_0 var_1 +
2120,115 31 98 78 113,8,115 46 58 98 113,2,17,6,12,16,5,14,var_0 counter_var_1 +,23,counter_var_0 var_1 +
2121,115 111 94 39 113,26,115 43 22 75 113,24,14,2,22,8,13,46,var_0 counter_var_1 +,16,counter_var_0 var_1 +
2122,115 81 85 3 113,39,115 48 6 56 113,23,19,16,6,3,25,29,var_0 counter_var_1 +,35,counter_var_0 var_1 +
2123,115 46 43 110 113,37,115 54 50 77 113,17,25,20,4,17,15,21,var_0 counter_var_1 +,45,counter_var_0 var_1 +
2124,115 22 94 39 113,24,115 34 4 52 113,22,5,2,4,8,21,26,var_0 counter_var_1 +,7,counter_var_0 var_1 +
2125,115 51 64 19 113,40,115 61 2 63 113,22,3,18,2,19,1,24,var_0 counter_var_1 +,21,counter_var_0 var_1 +
2126,115 76 1 40 113,19,115 22 98 78 113,18,22,1,6,9,16,24,var_0 counter_var_1 +,23,counter_var_0 var_1 +
2127,115 58 52 95 113,6,115 67 38 20 113,0,9,6,15,2,20,15,var_0 counter_var_1 +,15,counter_var_0 var_1 +
2128,115 51 83 38 113,36,115 36 51 97 113,22,7,14,5,7,4,27,var_0 counter_var_1 +,21,counter_var_0 var_1 +
2129,115 83 89 28 113,45,115 54 89 28 113,25,25,20,20,28,28,45,var_0 counter_var_1 +,45,counter_var_0 var_1 +
2130,115 27 111 12 113,46,115 36 11 30 113,27,7,19,11,12,30,38,var_0 counter_var_1 +,26,counter_var_0 var_1 +
2131,115 14 62 41 113,30,115 20 22 75 113,14,20,16,22,10,13,36,var_0 counter_var_1 +,36,counter_var_0 var_1 +
2132,115 110 77 105 113,31,115 39 23 4 113,23,10,8,0,12,4,23,var_0 counter_var_1 +,18,counter_var_0 var_1 +
2133,115 2 109 79 113,19,115 25 13 91 113,2,25,17,13,17,29,15,var_0 counter_var_1 +,42,counter_var_0 var_1 +
2134,115 111 83 38 113,38,115 24 34 27 113,24,24,14,11,7,27,35,var_0 counter_var_1 +,38,counter_var_0 var_1 +
2135,115 27 18 73 113,45,115 79 1 40 113,27,21,18,1,11,9,28,var_0 counter_var_1 +,39,counter_var_0 var_1 +
2136,115 81 54 83 113,31,115 14 96 6 113,23,14,8,4,21,6,27,var_0 counter_var_1 +,22,counter_var_0 var_1 +
2137,115 63 93 37 113,6,115 104 25 111 113,5,17,1,2,6,18,7,var_0 counter_var_1 +,18,counter_var_0 var_1 +
2138,115 65 6 56 113,13,115 42 49 72 113,7,13,6,3,25,10,10,var_0 counter_var_1 +,19,counter_var_0 var_1 +
2139,115 48 33 50 113,29,115 68 76 93 113,19,10,10,7,19,0,26,var_0 counter_var_1 +,20,counter_var_0 var_1 +
2140,115 2 19 86 113,21,115 109 5 47 113,2,22,19,5,24,16,7,var_0 counter_var_1 +,41,counter_var_0 var_1 +
2141,115 102 31 109 113,23,115 46 90 90 113,15,17,8,21,16,28,36,var_0 counter_var_1 +,25,counter_var_0 var_1 +
2142,115 13 42 55 113,32,115 84 8 26 113,13,26,19,8,24,26,21,var_0 counter_var_1 +,45,counter_var_0 var_1 +
2143,115 20 23 4 113,20,115 47 108 58 113,20,18,0,16,4,27,36,var_0 counter_var_1 +,18,counter_var_0 var_1 +
2144,115 87 64 19 113,18,115 82 24 5 113,0,24,18,1,19,5,1,var_0 counter_var_1 +,42,counter_var_0 var_1 +
2145,115 3 8 26 113,11,115 33 66 102 113,3,4,8,20,26,9,23,var_0 counter_var_1 +,12,counter_var_0 var_1 +
2146,115 53 71 74 113,26,115 86 15 53 113,24,28,2,15,12,22,39,var_0 counter_var_1 +,30,counter_var_0 var_1 +
2147,115 110 61 18 113,38,115 53 67 46 113,23,24,15,21,18,15,44,var_0 counter_var_1 +,39,counter_var_0 var_1 +
2148,115 52 42 55 113,42,115 21 89 28 113,23,21,19,20,24,28,43,var_0 counter_var_1 +,40,counter_var_0 var_1 +
2149,115 98 101 104 113,20,115 35 15 53 113,11,6,9,15,11,22,26,var_0 counter_var_1 +,15,counter_var_0 var_1 +
2150,115 45 70 36 113,17,115 44 30 70 113,16,15,1,7,5,8,23,var_0 counter_var_1 +,16,counter_var_0 var_1 +
2151,115 65 35 9 113,19,115 109 37 42 113,7,22,12,14,9,11,21,var_0 counter_var_1 +,34,counter_var_0 var_1 +
2152,115 27 6 56 113,33,115 53 4 52 113,27,24,6,4,25,21,31,var_0 counter_var_1 +,30,counter_var_0 var_1 +
2153,115 11 96 6 113,15,115 0 52 95 113,11,0,4,6,6,2,17,var_0 counter_var_1 +,4,counter_var_0 var_1 +
2154,115 26 36 106 113,39,115 39 15 53 113,26,10,13,15,13,22,41,var_0 counter_var_1 +,23,counter_var_0 var_1 +
2155,115 68 13 91 113,23,115 18 91 33 113,10,18,13,22,29,2,32,var_0 counter_var_1 +,31,counter_var_0 var_1 +
2156,115 16 94 39 113,18,115 7 5 47 113,16,7,2,5,8,16,21,var_0 counter_var_1 +,9,counter_var_0 var_1 +
2157,115 51 37 42 113,36,115 24 91 33 113,22,24,14,22,11,2,44,var_0 counter_var_1 +,38,counter_var_0 var_1 +
2158,115 57 14 24 113,42,115 17 91 33 113,28,17,14,22,24,2,50,var_0 counter_var_1 +,31,counter_var_0 var_1 +
2159,115 40 97 81 113,16,115 10 72 71 113,11,10,5,3,19,9,14,var_0 counter_var_1 +,15,counter_var_0 var_1 +
2160,115 57 98 78 113,34,115 53 45 76 113,28,24,6,22,16,14,50,var_0 counter_var_1 +,30,counter_var_0 var_1 +
2161,115 7 101 104 113,16,115 63 3 15 113,7,5,9,3,11,15,10,var_0 counter_var_1 +,14,counter_var_0 var_1 +
2162,115 71 66 102 113,33,115 12 76 93 113,13,12,20,7,9,0,20,var_0 counter_var_1 +,32,counter_var_0 var_1 +
2163,115 0 37 42 113,14,115 68 24 5 113,0,10,14,1,11,5,1,var_0 counter_var_1 +,24,counter_var_0 var_1 +
2164,115 67 20 8 113,29,115 14 75 82 113,9,14,20,6,8,20,15,var_0 counter_var_1 +,34,counter_var_0 var_1 +
2165,115 68 82 67 113,23,115 11 58 98 113,10,11,13,12,5,5,22,var_0 counter_var_1 +,24,counter_var_0 var_1 +
2166,115 98 50 77 113,15,115 11 10 68 113,11,11,4,10,15,6,21,var_0 counter_var_1 +,15,counter_var_0 var_1 +
2167,115 1 74 13 113,6,115 29 66 102 113,1,0,5,20,13,9,21,var_0 counter_var_1 +,5,counter_var_0 var_1 +
2168,115 5 21 92 113,26,115 88 110 61 113,5,1,21,18,30,30,23,var_0 counter_var_1 +,22,counter_var_0 var_1 +
2169,115 91 54 83 113,12,115 102 37 42 113,4,15,8,14,21,11,18,var_0 counter_var_1 +,23,counter_var_0 var_1 +
2170,115 32 88 66 113,22,115 104 100 0 113,3,17,19,8,4,0,11,var_0 counter_var_1 +,36,counter_var_0 var_1 +
2171,115 25 34 27 113,36,115 91 70 36 113,25,4,11,1,27,5,26,var_0 counter_var_1 +,15,counter_var_0 var_1 +
2172,115 103 14 24 113,30,115 38 33 50 113,16,9,14,10,24,19,26,var_0 counter_var_1 +,23,counter_var_0 var_1 +
2173,115 8 3 15 113,11,115 29 93 37 113,8,0,3,1,15,6,9,var_0 counter_var_1 +,3,counter_var_0 var_1 +
2174,115 99 22 75 113,34,115 37 85 3 113,12,8,22,16,13,3,28,var_0 counter_var_1 +,30,counter_var_0 var_1 +
2175,115 35 104 84 113,18,115 96 99 85 113,6,9,12,7,22,23,13,var_0 counter_var_1 +,21,counter_var_0 var_1 +
2176,115 39 23 4 113,10,115 84 71 74 113,10,26,0,2,4,12,12,var_0 counter_var_1 +,26,counter_var_0 var_1 +
2177,115 22 13 91 113,35,115 37 48 89 113,22,8,13,2,29,27,24,var_0 counter_var_1 +,21,counter_var_0 var_1 +
2178,115 28 92 2 113,28,115 36 2 63 113,28,7,0,2,2,1,30,var_0 counter_var_1 +,7,counter_var_0 var_1 +
2179,115 100 53 51 113,20,115 98 17 108 113,13,11,7,17,20,15,30,var_0 counter_var_1 +,18,counter_var_0 var_1 +
2180,115 109 59 23 113,35,115 37 17 108 113,22,8,13,17,23,15,39,var_0 counter_var_1 +,21,counter_var_0 var_1 +
2181,115 15 109 79 113,32,115 45 53 51 113,15,16,17,7,17,20,22,var_0 counter_var_1 +,33,counter_var_0 var_1 +
2182,115 64 77 105 113,14,115 38 36 106 113,6,9,8,13,12,13,19,var_0 counter_var_1 +,17,counter_var_0 var_1 +
2183,115 57 42 55 113,47,115 110 84 32 113,28,23,19,15,24,1,43,var_0 counter_var_1 +,42,counter_var_0 var_1 +
2184,115 2 99 85 113,9,115 102 1 40 113,2,15,7,1,23,9,3,var_0 counter_var_1 +,22,counter_var_0 var_1 +
2185,115 17 20 8 113,37,115 18 96 6 113,17,18,20,4,8,6,21,var_0 counter_var_1 +,38,counter_var_0 var_1 +
2186,115 65 10 68 113,17,115 99 19 86 113,7,12,10,19,6,24,26,var_0 counter_var_1 +,22,counter_var_0 var_1 +
2187,115 112 61 18 113,40,115 45 93 37 113,25,16,15,1,18,6,26,var_0 counter_var_1 +,31,counter_var_0 var_1 +
2188,115 49 56 59 113,30,115 103 20 8 113,20,16,10,20,28,8,40,var_0 counter_var_1 +,26,counter_var_0 var_1 +
2189,115 66 39 14 113,24,115 106 6 56 113,8,19,16,6,14,25,14,var_0 counter_var_1 +,35,counter_var_0 var_1 +
2190,115 57 99 85 113,35,115 70 0 101 113,28,12,7,0,23,8,28,var_0 counter_var_1 +,19,counter_var_0 var_1 +
2191,115 64 110 61 113,24,115 13 57 1 113,6,13,18,11,30,1,17,var_0 counter_var_1 +,31,counter_var_0 var_1 +
2192,115 35 90 90 113,27,115 47 95 29 113,6,18,21,3,28,29,9,var_0 counter_var_1 +,39,counter_var_0 var_1 +
2193,115 10 111 12 113,29,115 80 40 11 113,10,22,19,17,12,11,27,var_0 counter_var_1 +,41,counter_var_0 var_1 +
2194,115 78 101 104 113,29,115 3 11 30 113,20,3,9,11,11,30,31,var_0 counter_var_1 +,12,counter_var_0 var_1 +
2195,115 21 93 37 113,22,115 70 24 5 113,21,12,1,1,6,5,22,var_0 counter_var_1 +,13,counter_var_0 var_1 +
2196,115 87 90 90 113,21,115 23 11 30 113,0,23,21,11,28,30,11,var_0 counter_var_1 +,44,counter_var_0 var_1 +
2197,115 2 46 80 113,2,115 14 100 0 113,2,14,0,8,18,0,10,var_0 counter_var_1 +,14,counter_var_0 var_1 +
2198,115 37 106 35 113,22,115 16 66 102 113,8,16,14,20,4,9,28,var_0 counter_var_1 +,30,counter_var_0 var_1 +
2199,115 34 44 107 113,26,115 63 52 95 113,5,5,21,6,14,2,11,var_0 counter_var_1 +,26,counter_var_0 var_1 +
2200,115 38 74 13 113,14,115 30 92 2 113,9,1,5,0,13,2,9,var_0 counter_var_1 +,6,counter_var_0 var_1 +
2201,115 8 86 45 113,25,115 84 53 51 113,8,26,17,7,14,20,15,var_0 counter_var_1 +,43,counter_var_0 var_1 +
2202,115 47 20 8 113,38,115 59 59 23 113,18,1,20,13,8,23,31,var_0 counter_var_1 +,21,counter_var_0 var_1 +
2203,115 100 76 93 113,20,115 87 0 101 113,13,0,7,0,0,8,13,var_0 counter_var_1 +,7,counter_var_0 var_1 +
2204,115 66 24 5 113,9,115 42 107 60 113,8,13,1,15,5,29,23,var_0 counter_var_1 +,14,counter_var_0 var_1 +
2205,115 64 112 103 113,26,115 10 99 85 113,6,10,20,7,10,23,13,var_0 counter_var_1 +,30,counter_var_0 var_1 +
2206,115 104 85 3 113,33,115 43 111 12 113,17,14,16,19,3,12,36,var_0 counter_var_1 +,30,counter_var_0 var_1 +
2207,115 32 83 38 113,17,115 13 17 108 113,3,13,14,17,7,15,20,var_0 counter_var_1 +,27,counter_var_0 var_1 +
2208,115 110 50 77 113,27,115 62 70 36 113,23,4,4,1,15,5,24,var_0 counter_var_1 +,8,counter_var_0 var_1 +
2209,115 31 23 4 113,2,115 52 87 69 113,2,23,0,18,4,7,20,var_0 counter_var_1 +,23,counter_var_0 var_1 +
2210,115 99 85 3 113,28,115 76 9 87 113,12,18,16,9,3,25,21,var_0 counter_var_1 +,34,counter_var_0 var_1 +
2211,115 97 15 53 113,25,115 67 35 9 113,10,9,15,12,22,9,22,var_0 counter_var_1 +,24,counter_var_0 var_1 +
2212,115 52 103 49 113,34,115 62 51 97 113,23,4,11,5,18,4,28,var_0 counter_var_1 +,15,counter_var_0 var_1 +
2213,115 61 95 29 113,6,115 19 25 111 113,3,19,3,2,29,18,5,var_0 counter_var_1 +,22,counter_var_0 var_1 +
2214,115 79 9 87 113,30,115 91 88 66 113,21,4,9,19,25,4,40,var_0 counter_var_1 +,13,counter_var_0 var_1 +
2215,115 19 32 64 113,28,115 51 38 20 113,19,22,9,15,2,20,34,var_0 counter_var_1 +,31,counter_var_0 var_1 +
2216,115 106 25 111 113,21,115 51 56 59 113,19,22,2,10,18,28,29,var_0 counter_var_1 +,24,counter_var_0 var_1 +
2217,115 35 35 9 113,18,115 2 27 88 113,6,2,12,4,9,26,10,var_0 counter_var_1 +,14,counter_var_0 var_1 +
2218,115 21 21 92 113,42,115 43 43 110 113,21,14,21,20,30,17,41,var_0 counter_var_1 +,35,counter_var_0 var_1 +
2219,115 20 5 47 113,25,115 108 111 12 113,20,21,5,19,16,12,39,var_0 counter_var_1 +,26,counter_var_0 var_1 +
2220,115 6 46 80 113,6,115 38 99 85 113,6,9,0,7,18,23,13,var_0 counter_var_1 +,9,counter_var_0 var_1 +
2221,115 37 104 84 113,20,115 74 103 49 113,8,16,12,11,22,18,19,var_0 counter_var_1 +,28,counter_var_0 var_1 +
2222,115 38 86 45 113,26,115 59 96 6 113,9,1,17,4,14,6,13,var_0 counter_var_1 +,18,counter_var_0 var_1 +
2223,115 51 14 24 113,36,115 81 74 13 113,22,23,14,5,24,13,27,var_0 counter_var_1 +,37,counter_var_0 var_1 +
2224,115 24 65 17 113,43,115 73 66 102 113,24,15,19,20,17,9,44,var_0 counter_var_1 +,34,counter_var_0 var_1 +
2225,115 105 71 74 113,20,115 31 26 112 113,18,2,2,3,12,19,21,var_0 counter_var_1 +,4,counter_var_0 var_1 +
2226,115 32 92 2 113,3,115 29 7 10 113,3,0,0,7,2,10,10,var_0 counter_var_1 +,0,counter_var_0 var_1 +
2227,115 45 12 21 113,28,115 49 80 31 113,16,20,12,11,21,0,27,var_0 counter_var_1 +,32,counter_var_0 var_1 +
2228,115 17 100 0 113,25,115 97 74 13 113,17,10,8,5,0,13,22,var_0 counter_var_1 +,18,counter_var_0 var_1 +
2229,115 105 108 58 113,34,115 0 100 0 113,18,0,16,8,27,0,26,var_0 counter_var_1 +,16,counter_var_0 var_1 +
2230,115 2 73 96 113,6,115 57 90 90 113,2,28,4,21,3,28,23,var_0 counter_var_1 +,32,counter_var_0 var_1 +
2231,115 8 66 102 113,28,115 65 78 65 113,8,7,20,9,9,3,17,var_0 counter_var_1 +,27,counter_var_0 var_1 +
2232,115 51 66 102 113,42,115 53 94 39 113,22,24,20,2,9,8,24,var_0 counter_var_1 +,44,counter_var_0 var_1 +
2233,115 38 54 83 113,17,115 92 52 95 113,9,5,8,6,21,2,15,var_0 counter_var_1 +,13,counter_var_0 var_1 +
2234,115 31 19 86 113,21,115 16 31 109 113,2,16,19,8,24,16,10,var_0 counter_var_1 +,35,counter_var_0 var_1 +
2235,115 84 50 77 113,30,115 105 72 71 113,26,18,4,3,15,9,29,var_0 counter_var_1 +,22,counter_var_0 var_1 +
2236,115 103 25 111 113,18,115 83 16 94 113,16,25,2,16,18,1,32,var_0 counter_var_1 +,27,counter_var_0 var_1 +
2237,115 73 7 10 113,22,115 6 76 93 113,15,6,7,7,10,0,22,var_0 counter_var_1 +,13,counter_var_0 var_1 +
2238,115 10 24 5 113,11,115 110 17 108 113,10,23,1,17,5,15,27,var_0 counter_var_1 +,24,counter_var_0 var_1 +
2239,115 63 48 89 113,7,115 15 68 100 113,5,15,2,22,27,7,27,var_0 counter_var_1 +,17,counter_var_0 var_1 +
2240,115 91 108 58 113,20,115 101 45 76 113,4,14,16,22,27,14,26,var_0 counter_var_1 +,30,counter_var_0 var_1 +
2241,115 98 106 35 113,25,115 8 23 4 113,11,8,14,0,4,4,11,var_0 counter_var_1 +,22,counter_var_0 var_1 +
2242,115 98 76 93 113,18,115 72 6 56 113,11,14,7,6,0,25,17,var_0 counter_var_1 +,21,counter_var_0 var_1 +
2243,115 48 8 26 113,27,115 40 101 104 113,19,11,8,9,26,11,28,var_0 counter_var_1 +,19,counter_var_0 var_1 +
2244,115 15 7 10 113,22,115 66 1 40 113,15,8,7,1,10,9,16,var_0 counter_var_1 +,15,counter_var_0 var_1 +
2245,115 32 71 74 113,5,115 70 63 43 113,3,12,2,17,12,12,20,var_0 counter_var_1 +,14,counter_var_0 var_1 +
2246,115 64 68 100 113,28,115 11 61 18 113,6,11,22,15,7,18,21,var_0 counter_var_1 +,33,counter_var_0 var_1 +
2247,115 7 0 101 113,7,115 50 38 20 113,7,21,0,15,8,20,22,var_0 counter_var_1 +,21,counter_var_0 var_1 +
2248,115 102 81 54 113,27,115 97 11 30 113,15,10,12,11,23,30,26,var_0 counter_var_1 +,22,counter_var_0 var_1 +
2249,115 89 103 49 113,13,115 56 56 59 113,2,27,11,10,18,28,12,var_0 counter_var_1 +,38,counter_var_0 var_1 +
2250,115 56 68 100 113,49,115 58 75 82 113,27,0,22,6,7,20,33,var_0 counter_var_1 +,22,counter_var_0 var_1 +
2251,115 107 104 84 113,32,115 109 61 18 113,20,22,12,15,22,18,35,var_0 counter_var_1 +,34,counter_var_0 var_1 +
2252,115 107 100 0 113,28,115 5 66 102 113,20,5,8,20,0,9,40,var_0 counter_var_1 +,13,counter_var_0 var_1 +
2253,115 73 101 104 113,24,115 25 74 13 113,15,25,9,5,11,13,20,var_0 counter_var_1 +,34,counter_var_0 var_1 +
2254,115 56 43 110 113,47,115 65 29 25 113,27,7,20,6,17,25,33,var_0 counter_var_1 +,27,counter_var_0 var_1 +
2255,115 0 63 43 113,17,115 25 6 56 113,0,25,17,6,12,25,6,var_0 counter_var_1 +,42,counter_var_0 var_1 +
2256,115 62 109 79 113,21,115 1 39 14 113,4,1,17,16,17,14,20,var_0 counter_var_1 +,18,counter_var_0 var_1 +
2257,115 54 64 19 113,43,115 17 57 1 113,25,17,18,11,19,1,36,var_0 counter_var_1 +,35,counter_var_0 var_1 +
2258,115 70 107 60 113,27,115 91 47 34 113,12,4,15,1,29,3,13,var_0 counter_var_1 +,19,counter_var_0 var_1 +
2259,115 64 81 54 113,18,115 30 10 68 113,6,1,12,10,23,6,16,var_0 counter_var_1 +,13,counter_var_0 var_1 +
2260,115 85 37 42 113,41,115 52 75 82 113,27,23,14,6,11,20,33,var_0 counter_var_1 +,37,counter_var_0 var_1 +
2261,115 108 19 86 113,40,115 35 49 72 113,21,6,19,3,24,10,24,var_0 counter_var_1 +,25,counter_var_0 var_1 +
2262,115 57 76 93 113,35,115 18 81 54 113,28,18,7,12,0,23,40,var_0 counter_var_1 +,25,counter_var_0 var_1 +
2263,115 21 101 104 113,30,115 94 58 98 113,21,7,9,12,11,5,33,var_0 counter_var_1 +,16,counter_var_0 var_1 +
2264,115 46 76 93 113,24,115 93 3 15 113,17,6,7,3,0,15,20,var_0 counter_var_1 +,13,counter_var_0 var_1 +
2265,115 3 40 11 113,20,115 84 89 28 113,3,26,17,20,11,28,23,var_0 counter_var_1 +,43,counter_var_0 var_1 +
2266,115 75 27 88 113,21,115 79 103 49 113,17,21,4,11,26,18,28,var_0 counter_var_1 +,25,counter_var_0 var_1 +
2267,115 62 70 36 113,5,115 69 93 37 113,4,11,1,1,5,6,5,var_0 counter_var_1 +,12,counter_var_0 var_1 +
2268,115 79 95 29 113,24,115 85 78 65 113,21,27,3,9,29,3,30,var_0 counter_var_1 +,30,counter_var_0 var_1 +
2269,115 21 0 101 113,21,115 2 94 39 113,21,2,0,2,8,8,23,var_0 counter_var_1 +,2,counter_var_0 var_1 +
2270,115 42 3 15 113,16,115 76 17 108 113,13,18,3,17,15,15,30,var_0 counter_var_1 +,21,counter_var_0 var_1 +
2271,115 17 44 107 113,38,115 80 94 39 113,17,22,21,2,14,8,19,var_0 counter_var_1 +,43,counter_var_0 var_1 +
2272,115 73 93 37 113,16,115 82 53 51 113,15,24,1,7,6,20,22,var_0 counter_var_1 +,25,counter_var_0 var_1 +
2273,115 42 22 75 113,35,115 58 81 54 113,13,0,22,12,13,23,25,var_0 counter_var_1 +,22,counter_var_0 var_1 +
2274,115 93 67 46 113,27,115 61 111 12 113,6,3,21,19,15,12,25,var_0 counter_var_1 +,24,counter_var_0 var_1 +
2275,115 74 0 101 113,16,115 2 61 18 113,16,2,0,15,8,18,31,var_0 counter_var_1 +,2,counter_var_0 var_1 +
2276,115 90 95 29 113,6,115 102 75 82 113,3,15,3,6,29,20,9,var_0 counter_var_1 +,18,counter_var_0 var_1 +
2277,115 36 36 106 113,20,115 110 77 105 113,7,23,13,8,13,12,15,var_0 counter_var_1 +,36,counter_var_0 var_1 +
2278,115 51 71 74 113,24,115 99 101 104 113,22,12,2,9,12,11,31,var_0 counter_var_1 +,14,counter_var_0 var_1 +
2279,115 39 101 104 113,19,115 23 4 52 113,10,23,9,4,11,21,14,var_0 counter_var_1 +,32,counter_var_0 var_1 +
2280,115 79 102 16 113,31,115 29 97 81 113,21,0,10,5,16,19,26,var_0 counter_var_1 +,10,counter_var_0 var_1 +
2281,115 67 18 73 113,27,115 2 8 26 113,9,2,18,8,11,26,17,var_0 counter_var_1 +,20,counter_var_0 var_1 +
2282,115 77 26 112 113,22,115 78 51 97 113,19,20,3,5,19,4,24,var_0 counter_var_1 +,23,counter_var_0 var_1 +
2283,115 71 90 90 113,34,115 3 10 68 113,13,3,21,10,28,6,23,var_0 counter_var_1 +,24,counter_var_0 var_1 +
2284,115 25 111 12 113,44,115 65 97 81 113,25,7,19,5,12,19,30,var_0 counter_var_1 +,26,counter_var_0 var_1 +
2285,115 98 59 23 113,24,115 16 69 99 113,11,16,13,0,23,6,11,var_0 counter_var_1 +,29,counter_var_0 var_1 +
2286,115 62 14 24 113,18,115 98 68 100 113,4,11,14,22,24,7,26,var_0 counter_var_1 +,25,counter_var_0 var_1 +
2287,115 71 29 25 113,19,115 3 4 52 113,13,3,6,4,25,21,17,var_0 counter_var_1 +,9,counter_var_0 var_1 +
2288,115 110 64 19 113,41,115 71 18 73 113,23,13,18,18,19,11,41,var_0 counter_var_1 +,31,counter_var_0 var_1 +
2289,115 36 6 56 113,13,115 35 17 108 113,7,6,6,17,25,15,24,var_0 counter_var_1 +,12,counter_var_0 var_1 +
2290,115 49 30 70 113,27,115 12 19 86 113,20,12,7,19,8,24,39,var_0 counter_var_1 +,19,counter_var_0 var_1 +
2291,115 36 90 90 113,28,115 91 31 109 113,7,4,21,8,28,16,15,var_0 counter_var_1 +,25,counter_var_0 var_1 +
2292,115 47 85 3 113,34,115 30 43 110 113,18,1,16,20,3,17,38,var_0 counter_var_1 +,17,counter_var_0 var_1 +
2293,115 1 40 11 113,18,115 55 101 104 113,1,26,17,9,11,11,10,var_0 counter_var_1 +,43,counter_var_0 var_1 +
2294,115 33 90 90 113,25,115 94 77 105 113,4,7,21,8,28,12,12,var_0 counter_var_1 +,28,counter_var_0 var_1 +
2295,115 13 43 110 113,33,115 104 51 97 113,13,17,20,5,17,4,18,var_0 counter_var_1 +,37,counter_var_0 var_1 +
2296,115 76 11 30 113,29,115 9 81 54 113,18,9,11,12,30,23,30,var_0 counter_var_1 +,20,counter_var_0 var_1 +
2297,115 3 44 107 113,24,115 52 37 42 113,3,23,21,14,14,11,17,var_0 counter_var_1 +,44,counter_var_0 var_1 +
2298,115 34 54 83 113,13,115 76 93 37 113,5,18,8,1,21,6,6,var_0 counter_var_1 +,26,counter_var_0 var_1 +
2299,115 74 19 86 113,35,115 66 77 105 113,16,8,19,8,24,12,24,var_0 counter_var_1 +,27,counter_var_0 var_1 +
2300,115 15 43 110 113,35,115 71 95 29 113,15,13,20,3,17,29,18,var_0 counter_var_1 +,33,counter_var_0 var_1 +
2301,115 6 58 98 113,18,115 103 6 56 113,6,16,12,6,5,25,12,var_0 counter_var_1 +,28,counter_var_0 var_1 +
2302,115 44 30 70 113,22,115 27 44 107 113,15,27,7,21,8,14,36,var_0 counter_var_1 +,34,counter_var_0 var_1 +
2303,115 97 23 4 113,10,115 5 45 76 113,10,5,0,22,4,14,32,var_0 counter_var_1 +,5,counter_var_0 var_1 +
2304,115 32 70 36 113,4,115 4 77 105 113,3,4,1,8,5,12,11,var_0 counter_var_1 +,5,counter_var_0 var_1 +
2305,115 63 0 101 113,5,115 38 68 100 113,5,9,0,22,8,7,27,var_0 counter_var_1 +,9,counter_var_0 var_1 +
2306,115 45 45 76 113,38,115 2 0 101 113,16,2,22,0,14,8,16,var_0 counter_var_1 +,24,counter_var_0 var_1 +
2307,115 104 92 2 113,17,115 37 83 38 113,17,8,0,14,2,7,31,var_0 counter_var_1 +,8,counter_var_0 var_1 +
2308,115 105 20 8 113,38,115 22 94 39 113,18,22,20,2,8,8,20,var_0 counter_var_1 +,42,counter_var_0 var_1 +
2309,115 90 30 70 113,10,115 100 25 111 113,3,13,7,2,8,18,5,var_0 counter_var_1 +,20,counter_var_0 var_1 +
2310,115 109 77 105 113,30,115 97 108 58 113,22,10,8,16,12,27,38,var_0 counter_var_1 +,18,counter_var_0 var_1 +
2311,115 96 39 14 113,25,115 105 85 3 113,9,18,16,16,14,3,25,var_0 counter_var_1 +,34,counter_var_0 var_1 +
2312,115 9 86 45 113,26,115 6 22 75 113,9,6,17,22,14,13,31,var_0 counter_var_1 +,23,counter_var_0 var_1 +
2313,115 43 46 80 113,14,115 98 77 105 113,14,11,0,8,18,12,22,var_0 counter_var_1 +,11,counter_var_0 var_1 +
2314,115 8 100 0 113,16,115 38 75 82 113,8,9,8,6,0,20,14,var_0 counter_var_1 +,17,counter_var_0 var_1 +
2315,115 29 98 78 113,6,115 95 106 35 113,0,8,6,14,16,4,14,var_0 counter_var_1 +,14,counter_var_0 var_1 +
2316,115 105 64 19 113,36,115 66 98 78 113,18,8,18,6,19,16,24,var_0 counter_var_1 +,26,counter_var_0 var_1 +
2317,115 12 26 112 113,15,115 91 2 63 113,12,4,3,2,19,1,14,var_0 counter_var_1 +,7,counter_var_0 var_1 +
2318,115 84 23 4 113,26,115 28 86 45 113,26,28,0,17,4,14,43,var_0 counter_var_1 +,28,counter_var_0 var_1 +
2319,115 111 21 92 113,45,115 102 0 101 113,24,15,21,0,30,8,24,var_0 counter_var_1 +,36,counter_var_0 var_1 +
2320,115 76 70 36 113,19,115 40 35 9 113,18,11,1,12,5,9,30,var_0 counter_var_1 +,12,counter_var_0 var_1 +
2321,115 62 47 34 113,5,115 90 17 108 113,4,3,1,17,3,15,21,var_0 counter_var_1 +,4,counter_var_0 var_1 +
2322,115 33 68 100 113,26,115 98 80 31 113,4,11,22,11,7,0,15,var_0 counter_var_1 +,33,counter_var_0 var_1 +
2323,115 23 20 8 113,43,115 83 35 9 113,23,25,20,12,8,9,35,var_0 counter_var_1 +,45,counter_var_0 var_1 +
2324,115 47 52 95 113,24,115 88 63 43 113,18,1,6,17,2,12,35,var_0 counter_var_1 +,7,counter_var_0 var_1 +
2325,115 63 79 57 113,15,115 104 37 42 113,5,17,10,14,26,11,19,var_0 counter_var_1 +,27,counter_var_0 var_1 +
2326,115 50 25 111 113,23,115 4 102 16 113,21,4,2,10,18,16,31,var_0 counter_var_1 +,6,counter_var_0 var_1 +
2327,115 14 34 27 113,25,115 110 39 14 113,14,23,11,16,27,14,30,var_0 counter_var_1 +,34,counter_var_0 var_1 +
2328,115 30 11 30 113,12,115 34 110 61 113,1,5,11,18,30,30,19,var_0 counter_var_1 +,16,counter_var_0 var_1 +
2329,115 89 45 76 113,24,115 62 57 1 113,2,4,22,11,14,1,13,var_0 counter_var_1 +,26,counter_var_0 var_1 +
2330,115 24 98 78 113,30,115 70 96 6 113,24,12,6,4,16,6,28,var_0 counter_var_1 +,18,counter_var_0 var_1 +
2331,115 3 64 19 113,21,115 64 7 10 113,3,6,18,7,19,10,10,var_0 counter_var_1 +,24,counter_var_0 var_1 +
2332,115 102 104 84 113,27,115 22 14 24 113,15,22,12,14,22,24,29,var_0 counter_var_1 +,34,counter_var_0 var_1 +
2333,115 104 23 4 113,17,115 56 53 51 113,17,27,0,7,4,20,24,var_0 counter_var_1 +,27,counter_var_0 var_1 +
2334,115 100 77 105 113,21,115 25 9 87 113,13,25,8,9,12,25,22,var_0 counter_var_1 +,33,counter_var_0 var_1 +
2335,115 78 13 91 113,33,115 13 56 59 113,20,13,13,10,29,28,30,var_0 counter_var_1 +,26,counter_var_0 var_1 +
2336,115 61 81 54 113,15,115 87 16 94 113,3,0,12,16,23,1,19,var_0 counter_var_1 +,12,counter_var_0 var_1 +
2337,115 48 77 105 113,27,115 71 47 34 113,19,13,8,1,12,3,20,var_0 counter_var_1 +,21,counter_var_0 var_1 +
2338,115 4 0 101 113,4,115 62 1 40 113,4,4,0,1,8,9,5,var_0 counter_var_1 +,4,counter_var_0 var_1 +
2339,115 101 94 39 113,16,115 7 108 58 113,14,7,2,16,8,27,30,var_0 counter_var_1 +,9,counter_var_0 var_1 +
2340,115 75 87 69 113,35,115 13 71 74 113,17,13,18,2,7,12,19,var_0 counter_var_1 +,31,counter_var_0 var_1 +
2341,115 81 19 86 113,42,115 64 95 29 113,23,6,19,3,24,29,26,var_0 counter_var_1 +,25,counter_var_0 var_1 +
2342,115 56 42 55 113,46,115 80 42 55 113,27,22,19,19,24,24,46,var_0 counter_var_1 +,41,counter_var_0 var_1 +
2343,115 64 95 29 113,9,115 24 1 40 113,6,24,3,1,29,9,7,var_0 counter_var_1 +,27,counter_var_0 var_1 +
2344,115 92 68 100 113,27,115 66 23 4 113,5,8,22,0,7,4,5,var_0 counter_var_1 +,30,counter_var_0 var_1 +
2345,115 29 71 74 113,2,115 62 87 69 113,0,4,2,18,12,7,18,var_0 counter_var_1 +,6,counter_var_0 var_1 +
2346,115 72 58 98 113,26,115 77 7 10 113,14,19,12,7,5,10,21,var_0 counter_var_1 +,31,counter_var_0 var_1 +
2347,115 101 6 56 113,20,115 43 36 106 113,14,14,6,13,25,13,27,var_0 counter_var_1 +,20,counter_var_0 var_1 +
2348,115 45 3 15 113,19,115 20 18 73 113,16,20,3,18,15,11,34,var_0 counter_var_1 +,23,counter_var_0 var_1 +
2349,115 81 16 94 113,39,115 38 67 46 113,23,9,16,21,1,15,44,var_0 counter_var_1 +,25,counter_var_0 var_1 +
2350,115 67 9 87 113,18,115 97 37 42 113,9,10,9,14,25,11,23,var_0 counter_var_1 +,19,counter_var_0 var_1 +
2351,115 41 109 79 113,29,115 70 28 7 113,12,12,17,5,17,7,17,var_0 counter_var_1 +,29,counter_var_0 var_1 +
2352,115 38 105 62 113,22,115 83 39 14 113,9,25,13,16,0,14,25,var_0 counter_var_1 +,38,counter_var_0 var_1 +
2353,115 52 108 58 113,39,115 7 52 95 113,23,7,16,6,27,2,29,var_0 counter_var_1 +,23,counter_var_0 var_1 +
2354,115 55 7 10 113,33,115 27 60 44 113,26,27,7,14,10,13,40,var_0 counter_var_1 +,34,counter_var_0 var_1 +
2355,115 65 38 20 113,22,115 5 20 8 113,7,5,15,20,20,8,27,var_0 counter_var_1 +,20,counter_var_0 var_1 +
2356,115 54 19 86 113,44,115 96 100 0 113,25,9,19,8,24,0,33,var_0 counter_var_1 +,28,counter_var_0 var_1 +
2357,115 71 43 110 113,33,115 57 62 41 113,13,28,20,16,17,10,29,var_0 counter_var_1 +,48,counter_var_0 var_1 +
2358,115 18 69 99 113,18,115 5 31 109 113,18,5,0,8,6,16,26,var_0 counter_var_1 +,5,counter_var_0 var_1 +
2359,115 53 107 60 113,39,115 39 93 37 113,24,10,15,1,29,6,25,var_0 counter_var_1 +,25,counter_var_0 var_1 +
2360,115 9 76 93 113,16,115 61 7 10 113,9,3,7,7,0,10,16,var_0 counter_var_1 +,10,counter_var_0 var_1 +
2361,115 55 109 79 113,43,115 50 59 23 113,26,21,17,13,17,23,39,var_0 counter_var_1 +,38,counter_var_0 var_1 +
2362,115 42 62 41 113,29,115 82 67 46 113,13,24,16,21,10,15,34,var_0 counter_var_1 +,40,counter_var_0 var_1 +
2363,115 59 19 86 113,20,115 92 49 72 113,1,5,19,3,24,10,4,var_0 counter_var_1 +,24,counter_var_0 var_1 +
2364,115 66 0 101 113,8,115 107 55 48 113,8,20,0,9,8,17,17,var_0 counter_var_1 +,20,counter_var_0 var_1 +
2365,115 89 58 98 113,14,115 3 31 109 113,2,3,12,8,5,16,10,var_0 counter_var_1 +,15,counter_var_0 var_1 +
2366,115 73 96 6 113,19,115 106 106 35 113,15,19,4,14,6,4,29,var_0 counter_var_1 +,23,counter_var_0 var_1 +
2367,115 111 55 48 113,33,115 19 65 17 113,24,19,9,19,17,17,43,var_0 counter_var_1 +,28,counter_var_0 var_1 +
2368,115 61 62 41 113,19,115 33 58 98 113,3,4,16,12,10,5,15,var_0 counter_var_1 +,20,counter_var_0 var_1 +
2369,115 4 57 1 113,15,115 80 103 49 113,4,22,11,11,1,18,15,var_0 counter_var_1 +,33,counter_var_0 var_1 +
2370,115 54 3 15 113,28,115 107 8 26 113,25,20,3,8,15,26,33,var_0 counter_var_1 +,23,counter_var_0 var_1 +
2371,115 19 62 41 113,35,115 86 38 20 113,19,28,16,15,10,20,34,var_0 counter_var_1 +,44,counter_var_0 var_1 +
2372,115 60 64 19 113,20,115 68 56 59 113,2,10,18,10,19,28,12,var_0 counter_var_1 +,28,counter_var_0 var_1 +
2373,115 92 111 12 113,24,115 30 96 6 113,5,1,19,4,12,6,9,var_0 counter_var_1 +,20,counter_var_0 var_1 +
2374,115 61 73 96 113,7,115 14 76 93 113,3,14,4,7,3,0,10,var_0 counter_var_1 +,18,counter_var_0 var_1 +
2375,115 52 84 32 113,38,115 107 96 6 113,23,20,15,4,1,6,27,var_0 counter_var_1 +,35,counter_var_0 var_1 +
2376,115 70 15 53 113,27,115 16 41 22 113,12,16,15,18,22,22,30,var_0 counter_var_1 +,31,counter_var_0 var_1 +
2377,115 21 6 56 113,27,115 96 104 84 113,21,9,6,12,25,22,33,var_0 counter_var_1 +,15,counter_var_0 var_1 +
2378,115 41 94 39 113,14,115 50 58 98 113,12,21,2,12,8,5,24,var_0 counter_var_1 +,23,counter_var_0 var_1 +
2379,115 13 109 79 113,30,115 8 8 26 113,13,8,17,8,17,26,21,var_0 counter_var_1 +,25,counter_var_0 var_1 +
2380,115 95 5 47 113,13,115 90 40 11 113,8,3,5,17,16,11,25,var_0 counter_var_1 +,8,counter_var_0 var_1 +
2381,115 5 69 99 113,5,115 14 17 108 113,5,14,0,17,6,15,22,var_0 counter_var_1 +,14,counter_var_0 var_1 +
2382,115 84 37 42 113,40,115 58 42 55 113,26,0,14,19,11,24,45,var_0 counter_var_1 +,14,counter_var_0 var_1 +
2383,115 96 71 74 113,11,115 97 67 46 113,9,10,2,21,12,15,30,var_0 counter_var_1 +,12,counter_var_0 var_1 +
2384,115 25 39 14 113,41,115 35 65 17 113,25,6,16,19,14,17,44,var_0 counter_var_1 +,22,counter_var_0 var_1 +
2385,115 19 63 43 113,36,115 106 93 37 113,19,19,17,1,12,6,20,var_0 counter_var_1 +,36,counter_var_0 var_1 +
2386,115 100 62 41 113,29,115 91 37 42 113,13,4,16,14,10,11,27,var_0 counter_var_1 +,20,counter_var_0 var_1 +
2387,115 0 93 37 113,1,115 13 49 72 113,0,13,1,3,6,10,3,var_0 counter_var_1 +,14,counter_var_0 var_1 +
2388,115 2 95 29 113,5,115 40 80 31 113,2,11,3,11,29,0,13,var_0 counter_var_1 +,14,counter_var_0 var_1 +
2389,115 29 108 58 113,16,115 111 31 109 113,0,24,16,8,27,16,8,var_0 counter_var_1 +,40,counter_var_0 var_1 +
2390,115 27 19 86 113,46,115 29 54 83 113,27,0,19,8,24,21,35,var_0 counter_var_1 +,19,counter_var_0 var_1 +
2391,115 0 61 18 113,15,115 58 89 28 113,0,0,15,20,18,28,20,var_0 counter_var_1 +,15,counter_var_0 var_1 +
2392,115 112 18 73 113,43,115 62 95 29 113,25,4,18,3,11,29,28,var_0 counter_var_1 +,22,counter_var_0 var_1 +
2393,115 69 46 80 113,11,115 101 78 65 113,11,14,0,9,18,3,20,var_0 counter_var_1 +,14,counter_var_0 var_1 +
2394,115 82 72 71 113,27,115 99 87 69 113,24,12,3,18,9,7,42,var_0 counter_var_1 +,15,counter_var_0 var_1 +
2395,115 99 72 71 113,15,115 101 67 46 113,12,14,3,21,9,15,33,var_0 counter_var_1 +,17,counter_var_0 var_1 +
2396,115 23 38 20 113,38,115 51 93 37 113,23,22,15,1,20,6,24,var_0 counter_var_1 +,37,counter_var_0 var_1 +
2397,115 99 107 60 113,27,115 2 45 76 113,12,2,15,22,29,14,34,var_0 counter_var_1 +,17,counter_var_0 var_1 +
2398,115 94 43 110 113,27,115 56 93 37 113,7,27,20,1,17,6,8,var_0 counter_var_1 +,47,counter_var_0 var_1 +
2399,115 29 29 25 113,6,115 59 98 78 113,0,1,6,6,25,16,6,var_0 counter_var_1 +,7,counter_var_0 var_1 +
2400,115 64 73 96 113,10,115 103 31 109 113,6,16,4,8,3,16,14,var_0 counter_var_1 +,20,counter_var_0 var_1 +
2401,115 18 37 42 113,32,115 74 16 94 113,18,16,14,16,11,1,34,var_0 counter_var_1 +,30,counter_var_0 var_1 +
2402,115 91 30 70 113,11,115 39 69 99 113,4,10,7,0,8,6,4,var_0 counter_var_1 +,17,counter_var_0 var_1 +
2403,115 25 61 18 113,40,115 59 77 105 113,25,1,15,8,18,12,33,var_0 counter_var_1 +,16,counter_var_0 var_1 +
2404,115 80 35 9 113,34,115 43 78 65 113,22,14,12,9,9,3,31,var_0 counter_var_1 +,26,counter_var_0 var_1 +
2405,115 10 107 60 113,25,115 95 50 77 113,10,8,15,4,29,15,14,var_0 counter_var_1 +,23,counter_var_0 var_1 +
2406,115 6 60 44 113,20,115 93 83 38 113,6,6,14,14,13,7,20,var_0 counter_var_1 +,20,counter_var_0 var_1 +
2407,115 108 48 89 113,23,115 95 64 19 113,21,8,2,18,27,19,39,var_0 counter_var_1 +,10,counter_var_0 var_1 +
2408,115 33 94 39 113,6,115 103 43 110 113,4,16,2,20,8,17,24,var_0 counter_var_1 +,18,counter_var_0 var_1 +
2409,115 98 73 96 113,15,115 88 45 76 113,11,1,4,22,3,14,33,var_0 counter_var_1 +,5,counter_var_0 var_1 +
2410,115 100 11 30 113,24,115 0 95 29 113,13,0,11,3,30,29,16,var_0 counter_var_1 +,11,counter_var_0 var_1 +
2411,115 104 39 14 113,33,115 108 76 93 113,17,21,16,7,14,0,24,var_0 counter_var_1 +,37,counter_var_0 var_1 +
2412,115 30 63 43 113,18,115 43 40 11 113,1,14,17,17,12,11,18,var_0 counter_var_1 +,31,counter_var_0 var_1 +
2413,115 98 17 108 113,28,115 22 36 106 113,11,22,17,13,15,13,24,var_0 counter_var_1 +,39,counter_var_0 var_1 +
2414,115 7 29 25 113,13,115 13 104 84 113,7,13,6,12,25,22,19,var_0 counter_var_1 +,19,counter_var_0 var_1 +
2415,115 85 97 81 113,32,115 66 51 97 113,27,8,5,5,19,4,32,var_0 counter_var_1 +,13,counter_var_0 var_1 +
2416,115 20 2 63 113,22,115 6 92 2 113,20,6,2,0,1,2,20,var_0 counter_var_1 +,8,counter_var_0 var_1 +
2417,115 108 10 68 113,31,115 86 77 105 113,21,28,10,8,6,12,29,var_0 counter_var_1 +,38,counter_var_0 var_1 +
2418,115 69 94 39 113,13,115 5 55 48 113,11,5,2,9,8,17,20,var_0 counter_var_1 +,7,counter_var_0 var_1 +
2419,115 63 78 65 113,14,115 9 39 14 113,5,9,9,16,3,14,21,var_0 counter_var_1 +,18,counter_var_0 var_1 +
2420,115 86 3 15 113,31,115 25 7 10 113,28,25,3,7,15,10,35,var_0 counter_var_1 +,28,counter_var_0 var_1 +
2421,115 48 28 7 113,24,115 66 38 20 113,19,8,5,15,7,20,34,var_0 counter_var_1 +,13,counter_var_0 var_1 +
2422,115 77 69 99 113,19,115 9 34 27 113,19,9,0,11,6,27,30,var_0 counter_var_1 +,9,counter_var_0 var_1 +
2423,115 77 16 94 113,35,115 13 109 79 113,19,13,16,17,1,17,36,var_0 counter_var_1 +,29,counter_var_0 var_1 +
2424,115 94 66 102 113,27,115 66 109 79 113,7,8,20,17,9,17,24,var_0 counter_var_1 +,28,counter_var_0 var_1 +
2425,115 44 13 91 113,28,115 68 35 9 113,15,10,13,12,29,9,27,var_0 counter_var_1 +,23,counter_var_0 var_1 +
2426,115 36 79 57 113,17,115 78 40 11 113,7,20,10,17,26,11,24,var_0 counter_var_1 +,30,counter_var_0 var_1 +
2427,115 107 36 106 113,33,115 86 108 58 113,20,28,13,16,13,27,36,var_0 counter_var_1 +,41,counter_var_0 var_1 +
2428,115 67 90 90 113,30,115 40 51 97 113,9,11,21,5,28,4,14,var_0 counter_var_1 +,32,counter_var_0 var_1 +
2429,115 46 73 96 113,21,115 42 61 18 113,17,13,4,15,3,18,32,var_0 counter_var_1 +,17,counter_var_0 var_1 +
2430,115 16 80 31 113,27,115 37 21 92 113,16,8,11,21,0,30,37,var_0 counter_var_1 +,19,counter_var_0 var_1 +
2431,115 86 88 66 113,47,115 99 13 91 113,28,12,19,13,4,29,41,var_0 counter_var_1 +,31,counter_var_0 var_1 +
2432,115 57 61 18 113,43,115 84 86 45 113,28,26,15,17,18,14,45,var_0 counter_var_1 +,41,counter_var_0 var_1 +
2433,115 78 18 73 113,38,115 105 79 57 113,20,18,18,10,11,26,30,var_0 counter_var_1 +,36,counter_var_0 var_1 +
2434,115 20 109 79 113,37,115 68 40 11 113,20,10,17,17,17,11,37,var_0 counter_var_1 +,27,counter_var_0 var_1 +
2435,115 62 27 88 113,8,115 79 90 90 113,4,21,4,21,26,28,25,var_0 counter_var_1 +,25,counter_var_0 var_1 +
2436,115 104 62 41 113,33,115 83 20 8 113,17,25,16,20,10,8,37,var_0 counter_var_1 +,41,counter_var_0 var_1 +
2437,115 112 78 65 113,34,115 112 48 89 113,25,25,9,2,3,27,27,var_0 counter_var_1 +,34,counter_var_0 var_1 +
2438,115 24 15 53 113,39,115 49 101 104 113,24,20,15,9,22,11,33,var_0 counter_var_1 +,35,counter_var_0 var_1 +
2439,115 108 97 81 113,26,115 111 26 112 113,21,24,5,3,19,19,24,var_0 counter_var_1 +,29,counter_var_0 var_1 +
2440,115 7 66 102 113,27,115 71 81 54 113,7,13,20,12,9,23,19,var_0 counter_var_1 +,33,counter_var_0 var_1 +
2441,115 106 74 13 113,24,115 19 67 46 113,19,19,5,21,13,15,40,var_0 counter_var_1 +,24,counter_var_0 var_1 +
2442,115 75 12 21 113,29,115 45 59 23 113,17,16,12,13,21,23,30,var_0 counter_var_1 +,28,counter_var_0 var_1 +
2443,115 32 14 24 113,17,115 68 83 38 113,3,10,14,14,24,7,17,var_0 counter_var_1 +,24,counter_var_0 var_1 +
2444,115 28 7 10 113,35,115 94 61 18 113,28,7,7,15,10,18,43,var_0 counter_var_1 +,14,counter_var_0 var_1 +
2445,115 2 41 22 113,20,115 43 8 26 113,2,14,18,8,22,26,10,var_0 counter_var_1 +,32,counter_var_0 var_1 +
2446,115 52 82 67 113,36,115 4 87 69 113,23,4,13,18,5,7,41,var_0 counter_var_1 +,17,counter_var_0 var_1 +
2447,115 46 27 88 113,21,115 49 17 108 113,17,20,4,17,26,15,34,var_0 counter_var_1 +,24,counter_var_0 var_1 +
2448,115 72 35 9 113,26,115 35 93 37 113,14,6,12,1,9,6,15,var_0 counter_var_1 +,18,counter_var_0 var_1 +
2449,115 31 71 74 113,4,115 29 89 28 113,2,0,2,20,12,28,22,var_0 counter_var_1 +,2,counter_var_0 var_1 +
2450,115 48 95 29 113,22,115 32 71 74 113,19,3,3,2,29,12,21,var_0 counter_var_1 +,6,counter_var_0 var_1 +
2451,115 22 17 108 113,39,115 106 88 66 113,22,19,17,19,15,4,41,var_0 counter_var_1 +,36,counter_var_0 var_1 +
2452,115 75 111 12 113,36,115 80 66 102 113,17,22,19,20,12,9,37,var_0 counter_var_1 +,41,counter_var_0 var_1 +
2453,115 63 41 22 113,23,115 96 19 86 113,5,9,18,19,22,24,24,var_0 counter_var_1 +,27,counter_var_0 var_1 +
2454,115 111 42 55 113,43,115 14 73 96 113,24,14,19,4,24,3,28,var_0 counter_var_1 +,33,counter_var_0 var_1 +
2455,115 39 4 52 113,14,115 36 104 84 113,10,7,4,12,21,22,22,var_0 counter_var_1 +,11,counter_var_0 var_1 +
2456,115 27 84 32 113,42,115 78 3 15 113,27,20,15,3,1,15,30,var_0 counter_var_1 +,35,counter_var_0 var_1 +
2457,115 67 27 88 113,13,115 7 20 8 113,9,7,4,20,26,8,29,var_0 counter_var_1 +,11,counter_var_0 var_1 +
2458,115 48 72 71 113,22,115 86 11 30 113,19,28,3,11,9,30,30,var_0 counter_var_1 +,31,counter_var_0 var_1 +
2459,115 47 104 84 113,30,115 0 101 104 113,18,0,12,9,22,11,27,var_0 counter_var_1 +,12,counter_var_0 var_1 +
2460,115 85 103 49 113,38,115 35 86 45 113,27,6,11,17,18,14,44,var_0 counter_var_1 +,17,counter_var_0 var_1 +
2461,115 47 57 1 113,29,115 56 29 25 113,18,27,11,6,1,25,24,var_0 counter_var_1 +,38,counter_var_0 var_1 +
2462,115 14 25 111 113,16,115 48 97 81 113,14,19,2,5,18,19,19,var_0 counter_var_1 +,21,counter_var_0 var_1 +
2463,115 0 9 87 113,9,115 13 93 37 113,0,13,9,1,25,6,1,var_0 counter_var_1 +,22,counter_var_0 var_1 +
2464,115 42 59 23 113,26,115 15 69 99 113,13,15,13,0,23,6,13,var_0 counter_var_1 +,28,counter_var_0 var_1 +
2465,115 65 21 92 113,28,115 70 20 8 113,7,12,21,20,30,8,27,var_0 counter_var_1 +,33,counter_var_0 var_1 +
2466,115 17 87 69 113,35,115 105 109 79 113,17,18,18,17,7,17,34,var_0 counter_var_1 +,36,counter_var_0 var_1 +
2467,115 50 61 18 113,36,115 92 60 44 113,21,5,15,14,18,13,35,var_0 counter_var_1 +,20,counter_var_0 var_1 +
2468,115 77 77 105 113,27,115 105 4 52 113,19,18,8,4,12,21,23,var_0 counter_var_1 +,26,counter_var_0 var_1 +
2469,115 39 3 15 113,13,115 30 42 55 113,10,1,3,19,15,24,29,var_0 counter_var_1 +,4,counter_var_0 var_1 +
2470,115 106 46 80 113,19,115 92 46 80 113,19,5,0,0,18,18,19,var_0 counter_var_1 +,5,counter_var_0 var_1 +
2471,115 36 4 52 113,11,115 102 109 79 113,7,15,4,17,21,17,24,var_0 counter_var_1 +,19,counter_var_0 var_1 +
2472,115 111 9 87 113,33,115 26 38 20 113,24,26,9,15,25,20,39,var_0 counter_var_1 +,35,counter_var_0 var_1 +
2473,115 33 42 55 113,23,115 56 40 11 113,4,27,19,17,24,11,21,var_0 counter_var_1 +,46,counter_var_0 var_1 +
2474,115 45 10 68 113,26,115 12 22 75 113,16,12,10,22,6,13,38,var_0 counter_var_1 +,22,counter_var_0 var_1 +
2475,115 12 10 68 113,22,115 100 111 12 113,12,13,10,19,6,12,31,var_0 counter_var_1 +,23,counter_var_0 var_1 +
2476,115 75 78 65 113,26,115 56 52 95 113,17,27,9,6,3,2,23,var_0 counter_var_1 +,36,counter_var_0 var_1 +
2477,115 11 97 81 113,16,115 13 16 94 113,11,13,5,16,19,1,27,var_0 counter_var_1 +,18,counter_var_0 var_1 +
2478,115 41 91 33 113,34,115 76 3 15 113,12,18,22,3,2,15,15,var_0 counter_var_1 +,40,counter_var_0 var_1 +
2479,115 35 71 74 113,8,115 103 110 61 113,6,16,2,18,12,30,24,var_0 counter_var_1 +,18,counter_var_0 var_1 +
2480,115 5 2 63 113,7,115 61 6 56 113,5,3,2,6,1,25,11,var_0 counter_var_1 +,5,counter_var_0 var_1 +
2481,115 71 11 30 113,24,115 112 17 108 113,13,25,11,17,30,15,30,var_0 counter_var_1 +,36,counter_var_0 var_1 +
2482,115 44 44 107 113,36,115 50 93 37 113,15,21,21,1,14,6,16,var_0 counter_var_1 +,42,counter_var_0 var_1 +
2483,115 25 110 61 113,43,115 42 91 33 113,25,13,18,22,30,2,47,var_0 counter_var_1 +,31,counter_var_0 var_1 +
2484,115 59 79 57 113,11,115 79 35 9 113,1,21,10,12,26,9,13,var_0 counter_var_1 +,31,counter_var_0 var_1 +
2485,115 25 82 67 113,38,115 101 49 72 113,25,14,13,3,5,10,28,var_0 counter_var_1 +,27,counter_var_0 var_1 +
2486,115 67 73 96 113,13,115 84 40 11 113,9,26,4,17,3,11,26,var_0 counter_var_1 +,30,counter_var_0 var_1 +
2487,115 107 54 83 113,28,115 110 61 18 113,20,23,8,15,21,18,35,var_0 counter_var_1 +,31,counter_var_0 var_1 +
2488,115 86 32 64 113,37,115 35 30 70 113,28,6,9,7,2,8,35,var_0 counter_var_1 +,15,counter_var_0 var_1 +
2489,115 97 36 106 113,23,115 33 54 83 113,10,4,13,8,13,21,18,var_0 counter_var_1 +,17,counter_var_0 var_1 +
2490,115 19 58 98 113,31,115 44 57 1 113,19,15,12,11,5,1,30,var_0 counter_var_1 +,27,counter_var_0 var_1 +
2491,115 90 55 48 113,12,115 13 110 61 113,3,13,9,18,17,30,21,var_0 counter_var_1 +,22,counter_var_0 var_1 +
2492,115 62 98 78 113,10,115 34 96 6 113,4,5,6,4,16,6,8,var_0 counter_var_1 +,11,counter_var_0 var_1 +
2493,115 33 92 2 113,4,115 74 75 82 113,4,16,0,6,2,20,10,var_0 counter_var_1 +,16,counter_var_0 var_1 +
2494,115 13 26 112 113,16,115 39 64 19 113,13,10,3,18,19,19,31,var_0 counter_var_1 +,13,counter_var_0 var_1 +
2495,115 109 107 60 113,37,115 40 78 65 113,22,11,15,9,29,3,31,var_0 counter_var_1 +,26,counter_var_0 var_1 +
2496,115 76 98 78 113,24,115 58 18 73 113,18,0,6,18,16,11,36,var_0 counter_var_1 +,6,counter_var_0 var_1 +
2497,115 78 63 43 113,37,115 42 87 69 113,20,13,17,18,12,7,38,var_0 counter_var_1 +,30,counter_var_0 var_1 +
2498,115 99 16 94 113,28,115 102 99 85 113,12,15,16,7,1,23,19,var_0 counter_var_1 +,31,counter_var_0 var_1 +
2499,115 8 13 91 113,21,115 76 96 6 113,8,18,13,4,29,6,12,var_0 counter_var_1 +,31,counter_var_0 var_1 +
2500,115 93 6 56 113,12,115 29 19 86 113,6,0,6,19,25,24,25,var_0 counter_var_1 +,6,counter_var_0 var_1 +
2501,115 112 4 52 113,29,115 111 38 20 113,25,24,4,15,21,20,40,var_0 counter_var_1 +,28,counter_var_0 var_1 +
2502,115 18 13 91 113,31,115 104 101 104 113,18,17,13,9,29,11,27,var_0 counter_var_1 +,30,counter_var_0 var_1 +
2503,115 103 7 10 113,23,115 33 77 105 113,16,4,7,8,10,12,24,var_0 counter_var_1 +,11,counter_var_0 var_1 +
2504,115 79 76 93 113,28,115 36 48 89 113,21,7,7,2,0,27,23,var_0 counter_var_1 +,14,counter_var_0 var_1 +
2505,115 101 76 93 113,21,115 11 45 76 113,14,11,7,22,0,14,36,var_0 counter_var_1 +,18,counter_var_0 var_1 +
2506,115 60 77 105 113,10,115 22 20 8 113,2,22,8,20,12,8,22,var_0 counter_var_1 +,30,counter_var_0 var_1 +
2507,115 86 21 92 113,49,115 101 13 91 113,28,14,21,13,30,29,41,var_0 counter_var_1 +,35,counter_var_0 var_1 +
2508,115 68 106 35 113,24,115 91 23 4 113,10,4,14,0,4,4,10,var_0 counter_var_1 +,18,counter_var_0 var_1 +
2509,115 39 89 28 113,30,115 107 94 39 113,10,20,20,2,28,8,12,var_0 counter_var_1 +,40,counter_var_0 var_1 +
2510,115 45 56 59 113,26,115 100 67 46 113,16,13,10,21,28,15,37,var_0 counter_var_1 +,23,counter_var_0 var_1 +
2511,115 46 66 102 113,37,115 109 1 40 113,17,22,20,1,9,9,18,var_0 counter_var_1 +,42,counter_var_0 var_1 +
2512,115 60 8 26 113,10,115 6 67 46 113,2,6,8,21,26,15,23,var_0 counter_var_1 +,14,counter_var_0 var_1 +
2513,115 109 12 21 113,34,115 87 42 55 113,22,0,12,19,21,24,41,var_0 counter_var_1 +,12,counter_var_0 var_1 +
2514,115 53 43 110 113,44,115 42 83 38 113,24,13,20,14,17,7,38,var_0 counter_var_1 +,33,counter_var_0 var_1 +
2515,115 22 23 4 113,22,115 22 29 25 113,22,22,0,6,4,25,28,var_0 counter_var_1 +,22,counter_var_0 var_1 +
2516,115 5 39 14 113,21,115 43 6 56 113,5,14,16,6,14,25,11,var_0 counter_var_1 +,30,counter_var_0 var_1 +
2517,115 37 99 85 113,15,115 106 99 85 113,8,19,7,7,23,23,15,var_0 counter_var_1 +,26,counter_var_0 var_1 +
2518,115 23 94 39 113,25,115 18 112 103 113,23,18,2,20,8,10,43,var_0 counter_var_1 +,20,counter_var_0 var_1 +
2519,115 8 1 40 113,9,115 15 20 8 113,8,15,1,20,9,8,28,var_0 counter_var_1 +,16,counter_var_0 var_1 +
2520,115 4 100 0 113,12,115 86 92 2 113,4,28,8,0,0,2,4,var_0 counter_var_1 +,36,counter_var_0 var_1 +
2521,115 41 79 57 113,22,115 94 46 80 113,12,7,10,0,26,18,12,var_0 counter_var_1 +,17,counter_var_0 var_1 +
2522,115 42 80 31 113,24,115 32 19 86 113,13,3,11,19,0,24,32,var_0 counter_var_1 +,14,counter_var_0 var_1 +
2523,115 25 108 58 113,41,115 93 16 94 113,25,6,16,16,27,1,41,var_0 counter_var_1 +,22,counter_var_0 var_1 +
2524,115 69 6 56 113,17,115 2 77 105 113,11,2,6,8,25,12,19,var_0 counter_var_1 +,8,counter_var_0 var_1 +
2525,115 11 37 42 113,25,115 11 2 63 113,11,11,14,2,11,1,13,var_0 counter_var_1 +,25,counter_var_0 var_1 +
2526,115 61 54 83 113,11,115 87 57 1 113,3,0,8,11,21,1,14,var_0 counter_var_1 +,8,counter_var_0 var_1 +
2527,115 15 112 103 113,35,115 71 94 39 113,15,13,20,2,10,8,17,var_0 counter_var_1 +,33,counter_var_0 var_1 +
2528,115 37 17 108 113,25,115 57 92 2 113,8,28,17,0,15,2,8,var_0 counter_var_1 +,45,counter_var_0 var_1 +
2529,115 30 43 110 113,21,115 72 70 36 113,1,14,20,1,17,5,2,var_0 counter_var_1 +,34,counter_var_0 var_1 +
2530,115 94 111 12 113,26,115 88 20 8 113,7,1,19,20,12,8,27,var_0 counter_var_1 +,20,counter_var_0 var_1 +
2531,115 106 37 42 113,33,115 18 53 51 113,19,18,14,7,11,20,26,var_0 counter_var_1 +,32,counter_var_0 var_1 +
2532,115 28 6 56 113,34,115 35 75 82 113,28,6,6,6,25,20,34,var_0 counter_var_1 +,12,counter_var_0 var_1 +
2533,115 9 97 81 113,14,115 7 58 98 113,9,7,5,12,19,5,21,var_0 counter_var_1 +,12,counter_var_0 var_1 +
2534,115 43 39 14 113,30,115 95 77 105 113,14,8,16,8,14,12,22,var_0 counter_var_1 +,24,counter_var_0 var_1 +
2535,115 82 106 35 113,38,115 92 53 51 113,24,5,14,7,4,20,31,var_0 counter_var_1 +,19,counter_var_0 var_1 +
2536,115 72 107 60 113,29,115 98 22 75 113,14,11,15,22,29,13,36,var_0 counter_var_1 +,26,counter_var_0 var_1 +
2537,115 29 49 72 113,3,115 89 9 87 113,0,2,3,9,10,25,9,var_0 counter_var_1 +,5,counter_var_0 var_1 +
2538,115 94 0 101 113,7,115 5 22 75 113,7,5,0,22,8,13,29,var_0 counter_var_1 +,5,counter_var_0 var_1 +
2539,115 15 84 32 113,30,115 110 71 74 113,15,23,15,2,1,12,17,var_0 counter_var_1 +,38,counter_var_0 var_1 +
2540,115 58 42 55 113,19,115 83 105 62 113,0,25,19,13,24,0,13,var_0 counter_var_1 +,44,counter_var_0 var_1 +
2541,115 71 86 45 113,30,115 109 68 100 113,13,22,17,22,14,7,35,var_0 counter_var_1 +,39,counter_var_0 var_1 +
2542,115 72 108 58 113,30,115 59 49 72 113,14,1,16,3,27,10,17,var_0 counter_var_1 +,17,counter_var_0 var_1 +
2543,115 83 43 110 113,45,115 108 87 69 113,25,21,20,18,17,7,43,var_0 counter_var_1 +,41,counter_var_0 var_1 +
2544,115 58 50 77 113,4,115 1 48 89 113,0,1,4,2,15,27,2,var_0 counter_var_1 +,5,counter_var_0 var_1 +
2545,115 16 71 74 113,18,115 93 55 48 113,16,6,2,9,12,17,25,var_0 counter_var_1 +,8,counter_var_0 var_1 +
2546,115 27 53 51 113,34,115 108 18 73 113,27,21,7,18,20,11,45,var_0 counter_var_1 +,28,counter_var_0 var_1 +
2547,115 63 112 103 113,25,115 30 3 15 113,5,1,20,3,10,15,8,var_0 counter_var_1 +,21,counter_var_0 var_1 +
2548,115 76 0 101 113,18,115 3 99 85 113,18,3,0,7,8,23,25,var_0 counter_var_1 +,3,counter_var_0 var_1 +
2549,115 63 49 72 113,8,115 50 33 50 113,5,21,3,10,10,19,15,var_0 counter_var_1 +,24,counter_var_0 var_1 +
2550,115 3 51 97 113,8,115 10 56 59 113,3,10,5,10,4,28,13,var_0 counter_var_1 +,15,counter_var_0 var_1 +
2551,115 23 80 31 113,34,115 35 104 84 113,23,6,11,12,0,22,35,var_0 counter_var_1 +,17,counter_var_0 var_1 +
2552,115 84 2 63 113,28,115 99 56 59 113,26,12,2,10,1,28,36,var_0 counter_var_1 +,14,counter_var_0 var_1 +
2553,115 108 92 2 113,21,115 104 70 36 113,21,17,0,1,2,5,22,var_0 counter_var_1 +,17,counter_var_0 var_1 +
2554,115 1 5 47 113,6,115 58 6 56 113,1,0,5,6,16,25,7,var_0 counter_var_1 +,5,counter_var_0 var_1 +
2555,115 80 34 27 113,33,115 79 14 24 113,22,21,11,14,27,24,36,var_0 counter_var_1 +,32,counter_var_0 var_1 +
2556,115 90 68 100 113,25,115 31 112 103 113,3,2,22,20,7,10,23,var_0 counter_var_1 +,24,counter_var_0 var_1 +
2557,115 74 1 40 113,17,115 71 97 81 113,16,13,1,5,9,19,21,var_0 counter_var_1 +,14,counter_var_0 var_1 +
2558,115 45 91 33 113,38,115 60 22 75 113,16,2,22,22,2,13,38,var_0 counter_var_1 +,24,counter_var_0 var_1 +
2559,115 79 70 36 113,22,115 59 29 25 113,21,1,1,6,5,25,27,var_0 counter_var_1 +,2,counter_var_0 var_1 +
2560,115 94 21 92 113,28,115 103 98 78 113,7,16,21,6,30,16,13,var_0 counter_var_1 +,37,counter_var_0 var_1 +
2561,115 71 22 75 113,35,115 44 73 96 113,13,15,22,4,13,3,17,var_0 counter_var_1 +,37,counter_var_0 var_1 +
2562,115 92 65 17 113,24,115 100 47 34 113,5,13,19,1,17,3,6,var_0 counter_var_1 +,32,counter_var_0 var_1 +
2563,115 97 3 15 113,13,115 53 25 111 113,10,24,3,2,15,18,12,var_0 counter_var_1 +,27,counter_var_0 var_1 +
2564,115 106 77 105 113,27,115 94 110 61 113,19,7,8,18,12,30,37,var_0 counter_var_1 +,15,counter_var_0 var_1 +
2565,115 82 42 55 113,43,115 72 66 102 113,24,14,19,20,24,9,44,var_0 counter_var_1 +,33,counter_var_0 var_1 +
2566,115 13 11 30 113,24,115 82 84 32 113,13,24,11,15,30,1,28,var_0 counter_var_1 +,35,counter_var_0 var_1 +
2567,115 61 60 44 113,17,115 89 98 78 113,3,2,14,6,13,16,9,var_0 counter_var_1 +,16,counter_var_0 var_1 +
2568,115 49 71 74 113,22,115 90 26 112 113,20,3,2,3,12,19,23,var_0 counter_var_1 +,5,counter_var_0 var_1 +
2569,115 101 53 51 113,21,115 60 41 22 113,14,2,7,18,20,22,32,var_0 counter_var_1 +,9,counter_var_0 var_1 +
2570,115 65 55 48 113,16,115 43 11 30 113,7,14,9,11,17,30,18,var_0 counter_var_1 +,23,counter_var_0 var_1 +
2571,115 2 103 49 113,13,115 66 100 0 113,2,8,11,8,18,0,10,var_0 counter_var_1 +,19,counter_var_0 var_1 +
2572,115 110 15 53 113,38,115 79 71 74 113,23,21,15,2,22,12,25,var_0 counter_var_1 +,36,counter_var_0 var_1 +
2573,115 26 18 73 113,44,115 107 82 67 113,26,20,18,13,11,5,39,var_0 counter_var_1 +,38,counter_var_0 var_1 +
2574,115 107 17 108 113,37,115 101 105 62 113,20,14,17,13,15,0,33,var_0 counter_var_1 +,31,counter_var_0 var_1 +
2575,115 32 51 97 113,8,115 82 101 104 113,3,24,5,9,4,11,12,var_0 counter_var_1 +,29,counter_var_0 var_1 +
2576,115 83 47 34 113,26,115 57 30 70 113,25,28,1,7,3,8,32,var_0 counter_var_1 +,29,counter_var_0 var_1 +
2577,115 38 11 30 113,20,115 81 85 3 113,9,23,11,16,30,3,25,var_0 counter_var_1 +,34,counter_var_0 var_1 +
2578,115 17 78 65 113,26,115 69 110 61 113,17,11,9,18,3,30,35,var_0 counter_var_1 +,20,counter_var_0 var_1 +
2579,115 97 5 47 113,15,115 10 98 78 113,10,10,5,6,16,16,16,var_0 counter_var_1 +,15,counter_var_0 var_1 +
2580,115 16 10 68 113,26,115 26 12 21 113,16,26,10,12,6,21,28,var_0 counter_var_1 +,36,counter_var_0 var_1 +
2581,115 57 111 12 113,47,115 56 92 2 113,28,27,19,0,12,2,28,var_0 counter_var_1 +,46,counter_var_0 var_1 +
2582,115 46 8 26 113,25,115 95 20 8 113,17,8,8,20,26,8,37,var_0 counter_var_1 +,16,counter_var_0 var_1 +
2583,115 92 106 35 113,19,115 55 28 7 113,5,26,14,5,4,7,10,var_0 counter_var_1 +,40,counter_var_0 var_1 +
2584,115 63 11 30 113,16,115 104 52 95 113,5,17,11,6,30,2,11,var_0 counter_var_1 +,28,counter_var_0 var_1 +
2585,115 38 89 28 113,29,115 105 87 69 113,9,18,20,18,28,7,27,var_0 counter_var_1 +,38,counter_var_0 var_1 +
2586,115 102 96 6 113,19,115 75 104 84 113,15,17,4,12,6,22,27,var_0 counter_var_1 +,21,counter_var_0 var_1 +
2587,115 68 2 63 113,12,115 4 5 47 113,10,4,2,5,1,16,15,var_0 counter_var_1 +,6,counter_var_0 var_1 +
2588,115 81 51 97 113,28,115 37 92 2 113,23,8,5,0,4,2,23,var_0 counter_var_1 +,13,counter_var_0 var_1 +
2589,115 24 72 71 113,27,115 90 37 42 113,24,3,3,14,9,11,38,var_0 counter_var_1 +,6,counter_var_0 var_1 +
2590,115 75 18 73 113,35,115 62 109 79 113,17,4,18,17,11,17,34,var_0 counter_var_1 +,22,counter_var_0 var_1 +
2591,115 38 95 29 113,12,115 22 10 68 113,9,22,3,10,29,6,19,var_0 counter_var_1 +,25,counter_var_0 var_1 +
2592,115 62 5 47 113,9,115 6 40 11 113,4,6,5,17,16,11,21,var_0 counter_var_1 +,11,counter_var_0 var_1 +
2593,115 12 82 67 113,25,115 33 67 46 113,12,4,13,21,5,15,33,var_0 counter_var_1 +,17,counter_var_0 var_1 +
2594,115 57 107 60 113,43,115 58 69 99 113,28,0,15,0,29,6,28,var_0 counter_var_1 +,15,counter_var_0 var_1 +
2595,115 26 35 9 113,38,115 53 50 77 113,26,24,12,4,9,15,30,var_0 counter_var_1 +,36,counter_var_0 var_1 +
2596,115 40 81 54 113,23,115 66 73 96 113,11,8,12,4,23,3,15,var_0 counter_var_1 +,20,counter_var_0 var_1 +
2597,115 47 53 51 113,25,115 51 10 68 113,18,22,7,10,20,6,28,var_0 counter_var_1 +,29,counter_var_0 var_1 +
2598,115 7 106 35 113,21,115 34 38 20 113,7,5,14,15,4,20,22,var_0 counter_var_1 +,19,counter_var_0 var_1 +
2599,115 100 79 57 113,23,115 109 32 64 113,13,22,10,9,26,2,22,var_0 counter_var_1 +,32,counter_var_0 var_1 +
2600,115 70 13 91 113,25,115 93 88 66 113,12,6,13,19,29,4,31,var_0 counter_var_1 +,19,counter_var_0 var_1 +
2601,115 82 84 32 113,39,115 67 68 100 113,24,9,15,22,1,7,46,var_0 counter_var_1 +,24,counter_var_0 var_1 +
2602,115 20 101 104 113,29,115 20 3 15 113,20,20,9,3,11,15,23,var_0 counter_var_1 +,29,counter_var_0 var_1 +
2603,115 37 47 34 113,9,115 48 69 99 113,8,19,1,0,3,6,8,var_0 counter_var_1 +,20,counter_var_0 var_1 +
2604,115 35 58 98 113,18,115 41 0 101 113,6,12,12,0,5,8,6,var_0 counter_var_1 +,24,counter_var_0 var_1 +
2605,115 21 5 47 113,26,115 81 65 17 113,21,23,5,19,16,17,40,var_0 counter_var_1 +,28,counter_var_0 var_1 +
2606,115 68 104 84 113,22,115 9 29 25 113,10,9,12,6,22,25,16,var_0 counter_var_1 +,21,counter_var_0 var_1 +
2607,115 39 65 17 113,29,115 49 45 76 113,10,20,19,22,17,14,32,var_0 counter_var_1 +,39,counter_var_0 var_1 +
2608,115 87 1 40 113,1,115 3 51 97 113,0,3,1,5,9,4,5,var_0 counter_var_1 +,4,counter_var_0 var_1 +
2609,115 79 74 13 113,26,115 27 109 79 113,21,27,5,17,13,17,38,var_0 counter_var_1 +,32,counter_var_0 var_1 +
2610,115 17 23 4 113,17,115 112 11 30 113,17,25,0,11,4,30,28,var_0 counter_var_1 +,25,counter_var_0 var_1 +
2611,115 76 87 69 113,36,115 9 105 62 113,18,9,18,13,7,0,31,var_0 counter_var_1 +,27,counter_var_0 var_1 +
2612,115 0 1 40 113,1,115 84 33 50 113,0,26,1,10,9,19,10,var_0 counter_var_1 +,27,counter_var_0 var_1 +
2613,115 53 11 30 113,35,115 42 44 107 113,24,13,11,21,30,14,45,var_0 counter_var_1 +,24,counter_var_0 var_1 +
2614,115 51 100 0 113,30,115 70 109 79 113,22,12,8,17,0,17,39,var_0 counter_var_1 +,20,counter_var_0 var_1 +
2615,115 102 70 36 113,16,115 80 93 37 113,15,22,1,1,5,6,16,var_0 counter_var_1 +,23,counter_var_0 var_1 +
2616,115 63 30 70 113,12,115 77 92 2 113,5,19,7,0,8,2,5,var_0 counter_var_1 +,26,counter_var_0 var_1 +
2617,115 10 59 23 113,23,115 24 33 50 113,10,24,13,10,23,19,20,var_0 counter_var_1 +,37,counter_var_0 var_1 +
2618,115 38 109 79 113,26,115 7 15 53 113,9,7,17,15,17,22,24,var_0 counter_var_1 +,24,counter_var_0 var_1 +
2619,115 58 37 42 113,14,115 101 66 102 113,0,14,14,20,11,9,20,var_0 counter_var_1 +,28,counter_var_0 var_1 +
2620,115 4 74 13 113,9,115 30 73 96 113,4,1,5,4,13,3,8,var_0 counter_var_1 +,6,counter_var_0 var_1 +
2621,115 105 97 81 113,23,115 76 86 45 113,18,18,5,17,19,14,35,var_0 counter_var_1 +,23,counter_var_0 var_1 +
2622,115 8 101 104 113,17,115 94 3 15 113,8,7,9,3,11,15,11,var_0 counter_var_1 +,16,counter_var_0 var_1 +
2623,115 28 38 20 113,43,115 41 50 77 113,28,12,15,4,20,15,32,var_0 counter_var_1 +,27,counter_var_0 var_1 +
2624,115 112 25 111 113,27,115 5 97 81 113,25,5,2,5,18,19,30,var_0 counter_var_1 +,7,counter_var_0 var_1 +
2625,115 56 88 66 113,46,115 76 61 18 113,27,18,19,15,4,18,42,var_0 counter_var_1 +,37,counter_var_0 var_1 +
2626,115 52 26 112 113,26,115 73 53 51 113,23,15,3,7,19,20,30,var_0 counter_var_1 +,18,counter_var_0 var_1 +
2627,115 29 28 7 113,5,115 9 16 94 113,0,9,5,16,7,1,16,var_0 counter_var_1 +,14,counter_var_0 var_1 +
2628,115 59 7 10 113,8,115 103 80 31 113,1,16,7,11,10,0,12,var_0 counter_var_1 +,23,counter_var_0 var_1 +
2629,115 83 88 66 113,44,115 92 55 48 113,25,5,19,9,4,17,34,var_0 counter_var_1 +,24,counter_var_0 var_1 +
2630,115 98 44 107 113,32,115 10 86 45 113,11,10,21,17,14,14,28,var_0 counter_var_1 +,31,counter_var_0 var_1 +
2631,115 77 105 62 113,32,115 9 104 84 113,19,9,13,12,0,22,31,var_0 counter_var_1 +,22,counter_var_0 var_1 +
2632,115 83 109 79 113,42,115 96 88 66 113,25,9,17,19,17,4,44,var_0 counter_var_1 +,26,counter_var_0 var_1 +
2633,115 72 4 52 113,18,115 41 31 109 113,14,12,4,8,21,16,22,var_0 counter_var_1 +,16,counter_var_0 var_1 +
2634,115 20 87 69 113,38,115 9 86 45 113,20,9,18,17,7,14,37,var_0 counter_var_1 +,27,counter_var_0 var_1 +
2635,115 96 21 92 113,30,115 42 8 26 113,9,13,21,8,30,26,17,var_0 counter_var_1 +,34,counter_var_0 var_1 +
2636,115 86 87 69 113,46,115 89 71 74 113,28,2,18,2,7,12,30,var_0 counter_var_1 +,20,counter_var_0 var_1 +
2637,115 11 35 9 113,23,115 9 47 34 113,11,9,12,1,9,3,12,var_0 counter_var_1 +,21,counter_var_0 var_1 +
2638,115 36 103 49 113,18,115 95 72 71 113,7,8,11,3,18,9,10,var_0 counter_var_1 +,19,counter_var_0 var_1 +
2639,115 11 50 77 113,15,115 34 59 23 113,11,5,4,13,15,23,24,var_0 counter_var_1 +,9,counter_var_0 var_1 +
2640,115 70 46 80 113,12,115 48 38 20 113,12,19,0,15,18,20,27,var_0 counter_var_1 +,19,counter_var_0 var_1 +
2641,115 43 68 100 113,36,115 50 80 31 113,14,21,22,11,7,0,25,var_0 counter_var_1 +,43,counter_var_0 var_1 +
2642,115 52 28 7 113,28,115 104 41 22 113,23,17,5,18,7,22,41,var_0 counter_var_1 +,22,counter_var_0 var_1 +
2643,115 89 55 48 113,11,115 112 92 2 113,2,25,9,0,17,2,2,var_0 counter_var_1 +,34,counter_var_0 var_1 +
2644,115 89 89 28 113,22,115 48 70 36 113,2,19,20,1,28,5,3,var_0 counter_var_1 +,39,counter_var_0 var_1 +
2645,115 103 44 107 113,37,115 108 9 87 113,16,21,21,9,14,25,25,var_0 counter_var_1 +,42,counter_var_0 var_1 +
2646,115 51 85 3 113,38,115 103 107 60 113,22,16,16,15,3,29,37,var_0 counter_var_1 +,32,counter_var_0 var_1 +
2647,115 92 112 103 113,25,115 112 54 83 113,5,25,20,8,10,21,13,var_0 counter_var_1 +,45,counter_var_0 var_1 +
2648,115 27 16 94 113,43,115 90 21 92 113,27,3,16,21,1,30,48,var_0 counter_var_1 +,19,counter_var_0 var_1 +
2649,115 31 79 57 113,12,115 10 41 22 113,2,10,10,18,26,22,20,var_0 counter_var_1 +,20,counter_var_0 var_1 +
2650,115 52 50 77 113,27,115 61 112 103 113,23,3,4,20,15,10,43,var_0 counter_var_1 +,7,counter_var_0 var_1 +
2651,115 1 12 21 113,13,115 7 18 73 113,1,7,12,18,21,11,19,var_0 counter_var_1 +,19,counter_var_0 var_1 +
2652,115 45 54 83 113,24,115 26 45 76 113,16,26,8,22,21,14,38,var_0 counter_var_1 +,34,counter_var_0 var_1 +
2653,115 4 41 22 113,22,115 44 23 4 113,4,15,18,0,22,4,4,var_0 counter_var_1 +,33,counter_var_0 var_1 +
2654,115 18 55 48 113,27,115 7 37 42 113,18,7,9,14,17,11,32,var_0 counter_var_1 +,16,counter_var_0 var_1 +
2655,115 50 50 77 113,25,115 37 1 40 113,21,8,4,1,15,9,22,var_0 counter_var_1 +,12,counter_var_0 var_1 +
2656,115 62 75 82 113,10,115 19 21 92 113,4,19,6,21,20,30,25,var_0 counter_var_1 +,25,counter_var_0 var_1 +
2657,115 25 42 55 113,44,115 103 23 4 113,25,16,19,0,24,4,25,var_0 counter_var_1 +,35,counter_var_0 var_1 +
2658,115 38 98 78 113,15,115 40 110 61 113,9,11,6,18,16,30,27,var_0 counter_var_1 +,17,counter_var_0 var_1 +
2659,115 112 52 95 113,31,115 54 44 107 113,25,25,6,21,2,14,46,var_0 counter_var_1 +,31,counter_var_0 var_1 +
2660,115 21 96 6 113,25,115 17 99 85 113,21,17,4,7,6,23,28,var_0 counter_var_1 +,21,counter_var_0 var_1 +
2661,115 13 49 72 113,16,115 88 11 30 113,13,1,3,11,10,30,24,var_0 counter_var_1 +,4,counter_var_0 var_1 +
2662,115 83 26 112 113,28,115 31 109 79 113,25,2,3,17,19,17,42,var_0 counter_var_1 +,5,counter_var_0 var_1 +
2663,115 42 27 88 113,17,115 8 18 73 113,13,8,4,18,26,11,31,var_0 counter_var_1 +,12,counter_var_0 var_1 +
2664,115 67 99 85 113,16,115 30 54 83 113,9,1,7,8,23,21,17,var_0 counter_var_1 +,8,counter_var_0 var_1 +
2665,115 44 64 19 113,33,115 99 94 39 113,15,12,18,2,19,8,17,var_0 counter_var_1 +,30,counter_var_0 var_1 +
2666,115 14 65 17 113,33,115 52 50 77 113,14,23,19,4,17,15,18,var_0 counter_var_1 +,42,counter_var_0 var_1 +
2667,115 100 73 96 113,17,115 59 81 54 113,13,1,4,12,3,23,25,var_0 counter_var_1 +,5,counter_var_0 var_1 +
2668,115 89 64 19 113,20,115 101 62 41 113,2,14,18,16,19,10,18,var_0 counter_var_1 +,32,counter_var_0 var_1 +
2669,115 91 19 86 113,23,115 90 44 107 113,4,3,19,21,24,14,25,var_0 counter_var_1 +,22,counter_var_0 var_1 +
2670,115 83 19 86 113,44,115 102 105 62 113,25,15,19,13,24,0,38,var_0 counter_var_1 +,34,counter_var_0 var_1 +
2671,115 74 78 65 113,25,115 101 103 49 113,16,14,9,11,3,18,27,var_0 counter_var_1 +,23,counter_var_0 var_1 +
2672,115 10 100 0 113,18,115 82 19 86 113,10,24,8,19,0,24,29,var_0 counter_var_1 +,32,counter_var_0 var_1 +
2673,115 92 16 94 113,21,115 82 77 105 113,5,24,16,8,1,12,13,var_0 counter_var_1 +,40,counter_var_0 var_1 +
2674,115 42 49 72 113,16,115 33 32 64 113,13,4,3,9,10,2,22,var_0 counter_var_1 +,7,counter_var_0 var_1 +
2675,115 85 53 51 113,34,115 12 3 15 113,27,12,7,3,20,15,30,var_0 counter_var_1 +,19,counter_var_0 var_1 +
2676,115 41 84 32 113,27,115 33 80 31 113,12,4,15,11,1,0,23,var_0 counter_var_1 +,19,counter_var_0 var_1 +
2677,115 93 55 48 113,15,115 19 17 108 113,6,19,9,17,17,15,23,var_0 counter_var_1 +,28,counter_var_0 var_1 +
2678,115 101 39 14 113,30,115 51 36 106 113,14,22,16,13,14,13,27,var_0 counter_var_1 +,38,counter_var_0 var_1 +
2679,115 41 15 53 113,27,115 63 96 6 113,12,5,15,4,22,6,16,var_0 counter_var_1 +,20,counter_var_0 var_1 +
2680,115 109 53 51 113,29,115 1 17 108 113,22,1,7,17,20,15,39,var_0 counter_var_1 +,8,counter_var_0 var_1 +
2681,115 40 39 14 113,27,115 62 85 3 113,11,4,16,16,14,3,27,var_0 counter_var_1 +,20,counter_var_0 var_1 +
2682,115 79 105 62 113,34,115 75 110 61 113,21,17,13,18,0,30,39,var_0 counter_var_1 +,30,counter_var_0 var_1 +
2683,115 69 39 14 113,27,115 59 75 82 113,11,1,16,6,14,20,17,var_0 counter_var_1 +,17,counter_var_0 var_1 +
2684,115 75 35 9 113,29,115 52 0 101 113,17,23,12,0,9,8,17,var_0 counter_var_1 +,35,counter_var_0 var_1 +
2685,115 9 104 84 113,21,115 29 50 77 113,9,0,12,4,22,15,13,var_0 counter_var_1 +,12,counter_var_0 var_1 +
2686,115 71 6 56 113,19,115 81 73 96 113,13,23,6,4,25,3,17,var_0 counter_var_1 +,29,counter_var_0 var_1 +
2687,115 67 69 99 113,9,115 59 88 66 113,9,1,0,19,6,4,28,var_0 counter_var_1 +,1,counter_var_0 var_1 +
2688,115 91 87 69 113,22,115 2 53 51 113,4,2,18,7,7,20,11,var_0 counter_var_1 +,20,counter_var_0 var_1 +
2689,115 70 37 42 113,26,115 55 92 2 113,12,26,14,0,11,2,12,var_0 counter_var_1 +,40,counter_var_0 var_1 +
2690,115 31 99 85 113,9,115 93 71 74 113,2,6,7,2,23,12,4,var_0 counter_var_1 +,13,counter_var_0 var_1 +
2691,115 60 21 92 113,23,115 21 102 16 113,2,21,21,10,30,16,12,var_0 counter_var_1 +,42,counter_var_0 var_1 +
2692,115 81 61 18 113,38,115 0 6 56 113,23,0,15,6,18,25,29,var_0 counter_var_1 +,15,counter_var_0 var_1 +
2693,115 46 62 41 113,33,115 47 46 80 113,17,18,16,0,10,18,17,var_0 counter_var_1 +,34,counter_var_0 var_1 +
2694,115 56 54 83 113,35,115 89 13 91 113,27,2,8,13,21,29,40,var_0 counter_var_1 +,10,counter_var_0 var_1 +
2695,115 98 21 92 113,32,115 109 35 9 113,11,22,21,12,30,9,23,var_0 counter_var_1 +,43,counter_var_0 var_1 +
2696,115 68 91 33 113,32,115 38 21 92 113,10,9,22,21,2,30,31,var_0 counter_var_1 +,31,counter_var_0 var_1 +
2697,115 12 92 2 113,12,115 62 25 111 113,12,4,0,2,2,18,14,var_0 counter_var_1 +,4,counter_var_0 var_1 +
2698,115 108 41 22 113,39,115 61 5 47 113,21,3,18,5,22,16,26,var_0 counter_var_1 +,21,counter_var_0 var_1 +
2699,115 5 23 4 113,5,115 100 21 92 113,5,13,0,21,4,30,26,var_0 counter_var_1 +,13,counter_var_0 var_1 +
2700,115 23 3 15 113,26,115 8 93 37 113,23,8,3,1,15,6,24,var_0 counter_var_1 +,11,counter_var_0 var_1 +
2701,115 31 106 35 113,16,115 96 13 91 113,2,9,14,13,4,29,15,var_0 counter_var_1 +,23,counter_var_0 var_1 +
2702,115 28 1 40 113,29,115 90 46 80 113,28,3,1,0,9,18,28,var_0 counter_var_1 +,4,counter_var_0 var_1 +
2703,115 70 51 97 113,17,115 112 57 1 113,12,25,5,11,4,1,23,var_0 counter_var_1 +,30,counter_var_0 var_1 +
2704,115 34 103 49 113,16,115 87 104 84 113,5,0,11,12,18,22,17,var_0 counter_var_1 +,11,counter_var_0 var_1 +
2705,115 48 63 43 113,36,115 19 105 62 113,19,19,17,13,12,0,32,var_0 counter_var_1 +,36,counter_var_0 var_1 +
2706,115 19 27 88 113,23,115 106 65 17 113,19,19,4,19,26,17,38,var_0 counter_var_1 +,23,counter_var_0 var_1 +
2707,115 48 37 42 113,33,115 31 49 72 113,19,2,14,3,11,10,22,var_0 counter_var_1 +,16,counter_var_0 var_1 +
2708,115 83 70 36 113,26,115 58 72 71 113,25,0,1,3,5,9,28,var_0 counter_var_1 +,1,counter_var_0 var_1 +
2709,115 7 31 109 113,15,115 36 24 5 113,7,7,8,1,16,5,8,var_0 counter_var_1 +,15,counter_var_0 var_1 +
2710,115 81 35 9 113,35,115 50 6 56 113,23,21,12,6,9,25,29,var_0 counter_var_1 +,33,counter_var_0 var_1 +
2711,115 104 33 50 113,27,115 39 14 24 113,17,10,10,14,19,24,31,var_0 counter_var_1 +,20,counter_var_0 var_1 +
2712,115 96 92 2 113,9,115 84 34 27 113,9,26,0,11,2,27,20,var_0 counter_var_1 +,26,counter_var_0 var_1 +
2713,115 80 2 63 113,24,115 98 57 1 113,22,11,2,11,1,1,33,var_0 counter_var_1 +,13,counter_var_0 var_1 +
2714,115 74 14 24 113,30,115 59 93 37 113,16,1,14,1,24,6,17,var_0 counter_var_1 +,15,counter_var_0 var_1 +
2715,115 18 80 31 113,29,115 9 74 13 113,18,9,11,5,0,13,23,var_0 counter_var_1 +,20,counter_var_0 var_1 +
2716,115 77 74 13 113,24,115 41 86 45 113,19,12,5,17,13,14,36,var_0 counter_var_1 +,17,counter_var_0 var_1 +
2717,115 88 32 64 113,10,115 21 52 95 113,1,21,9,6,2,2,7,var_0 counter_var_1 +,30,counter_var_0 var_1 +
2718,115 3 81 54 113,15,115 38 93 37 113,3,9,12,1,23,6,4,var_0 counter_var_1 +,21,counter_var_0 var_1 +
2719,115 38 48 89 113,11,115 106 4 52 113,9,19,2,4,27,21,13,var_0 counter_var_1 +,21,counter_var_0 var_1 +
2720,115 45 81 54 113,28,115 58 65 17 113,16,0,12,19,23,17,35,var_0 counter_var_1 +,12,counter_var_0 var_1 +
2721,115 84 13 91 113,39,115 94 76 93 113,26,7,13,7,29,0,33,var_0 counter_var_1 +,20,counter_var_0 var_1 +
2722,115 56 67 46 113,48,115 112 76 93 113,27,25,21,7,15,0,34,var_0 counter_var_1 +,46,counter_var_0 var_1 +
2723,115 52 93 37 113,24,115 46 92 2 113,23,17,1,0,6,2,23,var_0 counter_var_1 +,18,counter_var_0 var_1 +
2724,115 59 85 3 113,17,115 64 85 3 113,1,6,16,16,3,3,17,var_0 counter_var_1 +,22,counter_var_0 var_1 +
2725,115 68 78 65 113,19,115 17 107 60 113,10,17,9,15,3,29,25,var_0 counter_var_1 +,26,counter_var_0 var_1 +
2726,115 91 31 109 113,12,115 71 7 10 113,4,13,8,7,16,10,11,var_0 counter_var_1 +,21,counter_var_0 var_1 +
2727,115 5 106 35 113,19,115 64 81 54 113,5,6,14,12,4,23,17,var_0 counter_var_1 +,20,counter_var_0 var_1 +
2728,115 81 86 45 113,40,115 74 42 55 113,23,16,17,19,14,24,42,var_0 counter_var_1 +,33,counter_var_0 var_1 +
2729,115 67 49 72 113,12,115 13 74 13 113,9,13,3,5,10,13,14,var_0 counter_var_1 +,16,counter_var_0 var_1 +
2730,115 109 102 16 113,32,115 81 10 68 113,22,23,10,10,16,6,32,var_0 counter_var_1 +,33,counter_var_0 var_1 +
2731,115 46 17 108 113,34,115 29 52 95 113,17,0,17,6,15,2,23,var_0 counter_var_1 +,17,counter_var_0 var_1 +
2732,115 25 65 17 113,44,115 3 106 35 113,25,3,19,14,17,4,39,var_0 counter_var_1 +,22,counter_var_0 var_1 +
2733,115 112 106 35 113,39,115 6 86 45 113,25,6,14,17,4,14,42,var_0 counter_var_1 +,20,counter_var_0 var_1 +
2734,115 38 102 16 113,19,115 13 34 27 113,9,13,10,11,16,27,20,var_0 counter_var_1 +,23,counter_var_0 var_1 +
2735,115 94 86 45 113,24,115 21 40 11 113,7,21,17,17,14,11,24,var_0 counter_var_1 +,38,counter_var_0 var_1 +
2736,115 82 1 40 113,25,115 79 22 75 113,24,21,1,22,9,13,46,var_0 counter_var_1 +,22,counter_var_0 var_1 +
2737,115 97 95 29 113,13,115 60 45 76 113,10,2,3,22,29,14,32,var_0 counter_var_1 +,5,counter_var_0 var_1 +
2738,115 88 37 42 113,15,115 79 94 39 113,1,21,14,2,11,8,3,var_0 counter_var_1 +,35,counter_var_0 var_1 +
2739,115 31 50 77 113,6,115 97 98 78 113,2,10,4,6,15,16,8,var_0 counter_var_1 +,14,counter_var_0 var_1 +
2740,115 111 88 66 113,43,115 103 73 96 113,24,16,19,4,4,3,28,var_0 counter_var_1 +,35,counter_var_0 var_1 +
2741,115 42 100 0 113,21,115 59 110 61 113,13,1,8,18,0,30,31,var_0 counter_var_1 +,9,counter_var_0 var_1 +
2742,115 79 91 33 113,43,115 109 85 3 113,21,22,22,16,2,3,37,var_0 counter_var_1 +,44,counter_var_0 var_1 +
2743,115 58 60 44 113,14,115 25 45 76 113,0,25,14,22,13,14,22,var_0 counter_var_1 +,39,counter_var_0 var_1 +
2744,115 52 109 79 113,40,115 49 81 54 113,23,20,17,12,17,23,35,var_0 counter_var_1 +,37,counter_var_0 var_1 +
2745,115 69 29 25 113,17,115 34 26 112 113,11,5,6,3,25,19,14,var_0 counter_var_1 +,11,counter_var_0 var_1 +
2746,115 93 97 81 113,11,115 17 109 79 113,6,17,5,17,19,17,23,var_0 counter_var_1 +,22,counter_var_0 var_1 +
2747,115 99 26 112 113,15,115 98 39 14 113,12,11,3,16,19,14,28,var_0 counter_var_1 +,14,counter_var_0 var_1 +
2748,115 103 51 97 113,21,115 37 90 90 113,16,8,5,21,4,28,37,var_0 counter_var_1 +,13,counter_var_0 var_1 +
2749,115 95 86 45 113,25,115 22 79 57 113,8,22,17,10,14,26,18,var_0 counter_var_1 +,39,counter_var_0 var_1 +
2750,115 10 63 43 113,27,115 100 4 52 113,10,13,17,4,12,21,14,var_0 counter_var_1 +,30,counter_var_0 var_1 +
2751,115 95 102 16 113,18,115 28 93 37 113,8,28,10,1,16,6,9,var_0 counter_var_1 +,38,counter_var_0 var_1 +
2752,115 86 106 35 113,42,115 20 97 81 113,28,20,14,5,4,19,33,var_0 counter_var_1 +,34,counter_var_0 var_1 +
2753,115 79 29 25 113,27,115 77 1 40 113,21,19,6,1,25,9,22,var_0 counter_var_1 +,25,counter_var_0 var_1 +
2754,115 70 10 68 113,22,115 64 79 57 113,12,6,10,10,6,26,22,var_0 counter_var_1 +,16,counter_var_0 var_1 +
2755,115 31 40 11 113,19,115 102 8 26 113,2,15,17,8,11,26,10,var_0 counter_var_1 +,32,counter_var_0 var_1 +
2756,115 86 38 20 113,43,115 23 82 67 113,28,23,15,13,20,5,41,var_0 counter_var_1 +,38,counter_var_0 var_1 +
2757,115 102 23 4 113,15,115 107 29 25 113,15,20,0,6,4,25,21,var_0 counter_var_1 +,20,counter_var_0 var_1 +
2758,115 83 100 0 113,33,115 111 75 82 113,25,24,8,6,0,20,31,var_0 counter_var_1 +,32,counter_var_0 var_1 +
2759,115 30 85 3 113,17,115 56 81 54 113,1,27,16,12,3,23,13,var_0 counter_var_1 +,43,counter_var_0 var_1 +
2760,115 29 87 69 113,18,115 96 87 69 113,0,9,18,18,7,7,18,var_0 counter_var_1 +,27,counter_var_0 var_1 +
2761,115 34 93 37 113,6,115 2 23 4 113,5,2,1,0,6,4,5,var_0 counter_var_1 +,3,counter_var_0 var_1 +
2762,115 71 103 49 113,24,115 36 18 73 113,13,7,11,18,18,11,31,var_0 counter_var_1 +,18,counter_var_0 var_1 +
2763,115 53 75 82 113,30,115 4 74 13 113,24,4,6,5,20,13,29,var_0 counter_var_1 +,10,counter_var_0 var_1 +
2764,115 75 5 47 113,22,115 106 107 60 113,17,19,5,15,16,29,32,var_0 counter_var_1 +,24,counter_var_0 var_1 +
2765,115 38 22 75 113,31,115 26 63 43 113,9,26,22,17,13,12,26,var_0 counter_var_1 +,48,counter_var_0 var_1 +
2766,115 11 98 78 113,17,115 88 59 23 113,11,1,6,13,16,23,24,var_0 counter_var_1 +,7,counter_var_0 var_1 +
2767,115 90 60 44 113,17,115 32 82 67 113,3,3,14,13,13,5,16,var_0 counter_var_1 +,17,counter_var_0 var_1 +
2768,115 76 44 107 113,39,115 70 85 3 113,18,12,21,16,14,3,34,var_0 counter_var_1 +,33,counter_var_0 var_1 +
2769,115 14 85 3 113,30,115 53 95 29 113,14,24,16,3,3,29,17,var_0 counter_var_1 +,40,counter_var_0 var_1 +
2770,115 46 16 94 113,33,115 70 102 16 113,17,12,16,10,1,16,27,var_0 counter_var_1 +,28,counter_var_0 var_1 +
2771,115 103 84 32 113,31,115 85 109 79 113,16,27,15,17,1,17,33,var_0 counter_var_1 +,42,counter_var_0 var_1 +
2772,115 70 81 54 113,24,115 89 30 70 113,12,2,12,7,23,8,19,var_0 counter_var_1 +,14,counter_var_0 var_1 +
2773,115 83 105 62 113,38,115 70 30 70 113,25,12,13,7,0,8,32,var_0 counter_var_1 +,25,counter_var_0 var_1 +
2774,115 109 50 77 113,26,115 94 95 29 113,22,7,4,3,15,29,25,var_0 counter_var_1 +,11,counter_var_0 var_1 +
2775,115 30 6 56 113,7,115 52 18 73 113,1,23,6,18,25,11,19,var_0 counter_var_1 +,29,counter_var_0 var_1 +
2776,115 98 13 91 113,24,115 60 102 16 113,11,2,13,10,29,16,21,var_0 counter_var_1 +,15,counter_var_0 var_1 +
2777,115 36 12 21 113,19,115 99 100 0 113,7,12,12,8,21,0,15,var_0 counter_var_1 +,24,counter_var_0 var_1 +
2778,115 106 103 49 113,30,115 55 91 33 113,19,26,11,22,18,2,41,var_0 counter_var_1 +,37,counter_var_0 var_1 +
2779,115 39 98 78 113,16,115 98 74 13 113,10,11,6,5,16,13,15,var_0 counter_var_1 +,17,counter_var_0 var_1 +
2780,115 104 3 15 113,20,115 69 26 112 113,17,11,3,3,15,19,20,var_0 counter_var_1 +,14,counter_var_0 var_1 +
2781,115 109 82 67 113,35,115 110 94 39 113,22,23,13,2,5,8,24,var_0 counter_var_1 +,36,counter_var_0 var_1 +
2782,115 81 23 4 113,23,115 36 34 27 113,23,7,0,11,4,27,34,var_0 counter_var_1 +,7,counter_var_0 var_1 +
2783,115 55 106 35 113,40,115 69 10 68 113,26,11,14,10,4,6,36,var_0 counter_var_1 +,25,counter_var_0 var_1 +
2784,115 28 66 102 113,48,115 26 0 101 113,28,26,20,0,9,8,28,var_0 counter_var_1 +,46,counter_var_0 var_1 +
2785,115 9 23 4 113,9,115 49 66 102 113,9,20,0,20,4,9,29,var_0 counter_var_1 +,20,counter_var_0 var_1 +
2786,115 63 107 60 113,20,115 17 1 40 113,5,17,15,1,29,9,6,var_0 counter_var_1 +,32,counter_var_0 var_1 +
2787,115 48 86 45 113,36,115 62 39 14 113,19,4,17,16,14,14,35,var_0 counter_var_1 +,21,counter_var_0 var_1 +
2788,115 0 50 77 113,4,115 45 112 103 113,0,16,4,20,15,10,20,var_0 counter_var_1 +,20,counter_var_0 var_1 +
2789,115 29 14 24 113,14,115 64 18 73 113,0,6,14,18,24,11,18,var_0 counter_var_1 +,20,counter_var_0 var_1 +
2790,115 63 73 96 113,9,115 64 40 11 113,5,6,4,17,3,11,22,var_0 counter_var_1 +,10,counter_var_0 var_1 +
2791,115 83 84 32 113,40,115 66 80 31 113,25,8,15,11,1,0,36,var_0 counter_var_1 +,23,counter_var_0 var_1 +
2792,115 60 96 6 113,6,115 34 94 39 113,2,5,4,2,6,8,4,var_0 counter_var_1 +,9,counter_var_0 var_1 +
2793,115 32 86 45 113,20,115 36 21 92 113,3,7,17,21,14,30,24,var_0 counter_var_1 +,24,counter_var_0 var_1 +
2794,115 93 37 42 113,20,115 59 104 84 113,6,1,14,12,11,22,18,var_0 counter_var_1 +,15,counter_var_0 var_1 +
2795,115 52 31 109 113,31,115 32 13 91 113,23,3,8,13,16,29,36,var_0 counter_var_1 +,11,counter_var_0 var_1 +
2796,115 0 95 29 113,3,115 24 21 92 113,0,24,3,21,29,30,21,var_0 counter_var_1 +,27,counter_var_0 var_1 +
2797,115 49 70 36 113,21,115 16 97 81 113,20,16,1,5,5,19,25,var_0 counter_var_1 +,17,counter_var_0 var_1 +
2798,115 60 17 108 113,19,115 63 42 55 113,2,5,17,19,15,24,21,var_0 counter_var_1 +,22,counter_var_0 var_1 +
2799,115 88 65 17 113,20,115 12 54 83 113,1,12,19,8,17,21,9,var_0 counter_var_1 +,31,counter_var_0 var_1 +
2800,115 9 82 67 113,22,115 55 106 35 113,9,26,13,14,5,4,23,var_0 counter_var_1 +,39,counter_var_0 var_1 +
2801,115 81 103 49 113,34,115 16 81 54 113,23,16,11,12,18,23,35,var_0 counter_var_1 +,27,counter_var_0 var_1 +
2802,115 87 23 4 113,0,115 75 32 64 113,0,17,0,9,4,2,9,var_0 counter_var_1 +,17,counter_var_0 var_1 +
2803,115 74 107 60 113,31,115 57 1 40 113,16,28,15,1,29,9,17,var_0 counter_var_1 +,43,counter_var_0 var_1 +
2804,115 80 3 15 113,25,115 63 61 18 113,22,5,3,15,15,18,37,var_0 counter_var_1 +,8,counter_var_0 var_1 +
2805,115 6 5 47 113,11,115 78 103 49 113,6,20,5,11,16,18,17,var_0 counter_var_1 +,25,counter_var_0 var_1 +
2806,115 59 60 44 113,15,115 15 23 4 113,1,15,14,0,13,4,1,var_0 counter_var_1 +,29,counter_var_0 var_1 +
2807,115 22 87 69 113,40,115 8 22 75 113,22,8,18,22,7,13,44,var_0 counter_var_1 +,26,counter_var_0 var_1 +
2808,115 73 20 8 113,35,115 16 103 49 113,15,16,20,11,8,18,26,var_0 counter_var_1 +,36,counter_var_0 var_1 +
2809,115 46 70 36 113,18,115 54 28 7 113,17,25,1,5,5,7,22,var_0 counter_var_1 +,26,counter_var_0 var_1 +
2810,115 94 90 90 113,28,115 111 65 17 113,7,24,21,19,28,17,26,var_0 counter_var_1 +,45,counter_var_0 var_1 +
2811,115 37 66 102 113,28,115 98 60 44 113,8,11,20,14,9,13,22,var_0 counter_var_1 +,31,counter_var_0 var_1 +
2812,115 44 81 54 113,27,115 41 44 107 113,15,12,12,21,23,14,36,var_0 counter_var_1 +,24,counter_var_0 var_1 +
2813,115 53 86 45 113,41,115 83 76 93 113,24,25,17,7,14,0,31,var_0 counter_var_1 +,42,counter_var_0 var_1 +
2814,115 86 17 108 113,45,115 64 98 78 113,28,6,17,6,15,16,34,var_0 counter_var_1 +,23,counter_var_0 var_1 +
2815,115 47 61 18 113,33,115 44 97 81 113,18,15,15,5,18,19,23,var_0 counter_var_1 +,30,counter_var_0 var_1 +
2816,115 70 108 58 113,28,115 85 82 67 113,12,27,16,13,27,5,25,var_0 counter_var_1 +,43,counter_var_0 var_1 +
2817,115 66 108 58 113,24,115 64 70 36 113,8,6,16,1,27,5,9,var_0 counter_var_1 +,22,counter_var_0 var_1 +
2818,115 57 91 33 113,50,115 92 12 21 113,28,5,22,12,2,21,40,var_0 counter_var_1 +,27,counter_var_0 var_1 +
2819,115 26 105 62 113,39,115 40 50 77 113,26,11,13,4,0,15,30,var_0 counter_var_1 +,24,counter_var_0 var_1 +
2820,115 103 92 2 113,16,115 89 46 80 113,16,2,0,0,2,18,16,var_0 counter_var_1 +,2,counter_var_0 var_1 +
2821,115 104 105 62 113,30,115 64 61 18 113,17,6,13,15,0,18,32,var_0 counter_var_1 +,19,counter_var_0 var_1 +
2822,115 60 92 2 113,2,115 48 54 83 113,2,19,0,8,2,21,10,var_0 counter_var_1 +,19,counter_var_0 var_1 +
2823,115 110 37 42 113,37,115 36 59 23 113,23,7,14,13,11,23,36,var_0 counter_var_1 +,21,counter_var_0 var_1 +
2824,115 54 54 83 113,33,115 9 12 21 113,25,9,8,12,21,21,37,var_0 counter_var_1 +,17,counter_var_0 var_1 +
2825,115 41 21 92 113,33,115 1 1 40 113,12,1,21,1,30,9,13,var_0 counter_var_1 +,22,counter_var_0 var_1 +
2826,115 27 87 69 113,45,115 85 79 57 113,27,27,18,10,7,26,37,var_0 counter_var_1 +,45,counter_var_0 var_1 +
2827,115 22 49 72 113,25,115 102 77 105 113,22,15,3,8,10,12,30,var_0 counter_var_1 +,18,counter_var_0 var_1 +
2828,115 70 21 92 113,33,115 83 18 73 113,12,25,21,18,30,11,30,var_0 counter_var_1 +,46,counter_var_0 var_1 +
2829,115 108 87 69 113,39,115 73 62 41 113,21,15,18,16,7,10,37,var_0 counter_var_1 +,33,counter_var_0 var_1 +
2830,115 94 72 71 113,10,115 34 69 99 113,7,5,3,0,9,6,7,var_0 counter_var_1 +,8,counter_var_0 var_1 +
2831,115 8 37 42 113,22,115 72 12 21 113,8,14,14,12,11,21,20,var_0 counter_var_1 +,28,counter_var_0 var_1 +
2832,115 36 8 26 113,15,115 103 90 90 113,7,16,8,21,26,28,28,var_0 counter_var_1 +,24,counter_var_0 var_1 +
2833,115 58 112 103 113,20,115 61 40 11 113,0,3,20,17,10,11,17,var_0 counter_var_1 +,23,counter_var_0 var_1 +
2834,115 58 102 16 113,10,115 98 70 36 113,0,11,10,1,16,5,1,var_0 counter_var_1 +,21,counter_var_0 var_1 +
2835,115 92 105 62 113,18,115 38 54 83 113,5,9,13,8,0,21,13,var_0 counter_var_1 +,22,counter_var_0 var_1 +
2836,115 50 49 72 113,24,115 25 46 80 113,21,25,3,0,10,18,21,var_0 counter_var_1 +,28,counter_var_0 var_1 +
2837,115 55 67 46 113,47,115 4 99 85 113,26,4,21,7,15,23,33,var_0 counter_var_1 +,25,counter_var_0 var_1 +
2838,115 6 100 0 113,14,115 36 6 56 113,6,7,8,6,0,25,12,var_0 counter_var_1 +,15,counter_var_0 var_1 +
2839,115 50 19 86 113,40,115 68 62 41 113,21,10,19,16,24,10,37,var_0 counter_var_1 +,29,counter_var_0 var_1 +
2840,115 42 38 20 113,28,115 63 23 4 113,13,5,15,0,20,4,13,var_0 counter_var_1 +,20,counter_var_0 var_1 +
2841,115 58 15 53 113,15,115 40 29 25 113,0,11,15,6,22,25,6,var_0 counter_var_1 +,26,counter_var_0 var_1 +
2842,115 96 7 10 113,16,115 97 35 9 113,9,10,7,12,10,9,21,var_0 counter_var_1 +,17,counter_var_0 var_1 +
2843,115 46 20 8 113,37,115 41 59 23 113,17,12,20,13,8,23,30,var_0 counter_var_1 +,32,counter_var_0 var_1 +
2844,115 31 54 83 113,10,115 1 23 4 113,2,1,8,0,21,4,2,var_0 counter_var_1 +,9,counter_var_0 var_1 +
2845,115 11 36 106 113,24,115 15 110 61 113,11,15,13,18,13,30,29,var_0 counter_var_1 +,28,counter_var_0 var_1 +
2846,115 83 38 20 113,40,115 40 64 19 113,25,11,15,18,20,19,43,var_0 counter_var_1 +,26,counter_var_0 var_1 +
2847,115 9 65 17 113,28,115 84 74 13 113,9,26,19,5,17,13,14,var_0 counter_var_1 +,45,counter_var_0 var_1 +
2848,115 100 6 56 113,19,115 80 25 111 113,13,22,6,2,25,18,15,var_0 counter_var_1 +,28,counter_var_0 var_1 +
2849,115 5 103 49 113,16,115 40 16 94 113,5,11,11,16,18,1,21,var_0 counter_var_1 +,22,counter_var_0 var_1 +
2850,115 20 112 103 113,40,115 49 84 32 113,20,20,20,15,10,1,35,var_0 counter_var_1 +,40,counter_var_0 var_1 +
2851,115 29 23 4 113,0,115 73 101 104 113,0,15,0,9,4,11,9,var_0 counter_var_1 +,15,counter_var_0 var_1 +
2852,115 26 38 20 113,41,115 21 99 85 113,26,21,15,7,20,23,33,var_0 counter_var_1 +,36,counter_var_0 var_1 +
2853,115 72 43 110 113,34,115 0 64 19 113,14,0,20,18,17,19,32,var_0 counter_var_1 +,20,counter_var_0 var_1 +
2854,115 89 94 39 113,4,115 98 98 78 113,2,11,2,6,8,16,8,var_0 counter_var_1 +,13,counter_var_0 var_1 +
2855,115 98 12 21 113,23,115 26 35 9 113,11,26,12,12,21,9,23,var_0 counter_var_1 +,38,counter_var_0 var_1 +
2856,115 14 27 88 113,18,115 94 27 88 113,14,7,4,4,26,26,18,var_0 counter_var_1 +,11,counter_var_0 var_1 +
2857,115 88 103 49 113,12,115 9 76 93 113,1,9,11,7,18,0,8,var_0 counter_var_1 +,20,counter_var_0 var_1 +
2858,115 68 108 58 113,26,115 33 86 45 113,10,4,16,17,27,14,27,var_0 counter_var_1 +,20,counter_var_0 var_1 +
2859,115 42 60 44 113,27,115 88 90 90 113,13,1,14,21,13,28,34,var_0 counter_var_1 +,15,counter_var_0 var_1 +
2860,115 41 33 50 113,22,115 11 85 3 113,12,11,10,16,19,3,28,var_0 counter_var_1 +,21,counter_var_0 var_1 +
2861,115 47 56 59 113,28,115 45 2 63 113,18,16,10,2,28,1,20,var_0 counter_var_1 +,26,counter_var_0 var_1 +
2862,115 100 27 88 113,17,115 51 71 74 113,13,22,4,2,26,12,15,var_0 counter_var_1 +,26,counter_var_0 var_1 +
2863,115 71 93 37 113,14,115 81 80 31 113,13,23,1,11,6,0,24,var_0 counter_var_1 +,24,counter_var_0 var_1 +
2864,115 80 9 87 113,31,115 90 38 20 113,22,3,9,15,25,20,37,var_0 counter_var_1 +,12,counter_var_0 var_1 +
2865,115 31 61 18 113,17,115 15 71 74 113,2,15,15,2,18,12,4,var_0 counter_var_1 +,30,counter_var_0 var_1 +
2866,115 84 48 89 113,28,115 57 51 97 113,26,28,2,5,27,4,31,var_0 counter_var_1 +,30,counter_var_0 var_1 +
2867,115 0 57 1 113,11,115 98 87 69 113,0,11,11,18,1,7,18,var_0 counter_var_1 +,22,counter_var_0 var_1 +
2868,115 64 88 66 113,25,115 70 89 28 113,6,12,19,20,4,28,26,var_0 counter_var_1 +,31,counter_var_0 var_1 +
2869,115 89 29 25 113,8,115 74 39 14 113,2,16,6,16,25,14,18,var_0 counter_var_1 +,22,counter_var_0 var_1 +
2870,115 50 62 41 113,37,115 21 107 60 113,21,21,16,15,10,29,36,var_0 counter_var_1 +,37,counter_var_0 var_1 +
2871,115 27 2 63 113,29,115 65 13 91 113,27,7,2,13,1,29,40,var_0 counter_var_1 +,9,counter_var_0 var_1 +
2872,115 45 55 48 113,25,115 7 65 17 113,16,7,9,19,17,17,35,var_0 counter_var_1 +,16,counter_var_0 var_1 +
2873,115 90 103 49 113,14,115 72 82 67 113,3,14,11,13,18,5,16,var_0 counter_var_1 +,25,counter_var_0 var_1 +
2874,115 90 73 96 113,7,115 30 25 111 113,3,1,4,2,3,18,5,var_0 counter_var_1 +,5,counter_var_0 var_1 +
2875,115 32 96 6 113,7,115 71 40 11 113,3,13,4,17,6,11,20,var_0 counter_var_1 +,17,counter_var_0 var_1 +
2876,115 94 68 100 113,29,115 112 74 13 113,7,25,22,5,7,13,12,var_0 counter_var_1 +,47,counter_var_0 var_1 +
2877,115 18 53 51 113,25,115 98 108 58 113,18,11,7,16,20,27,34,var_0 counter_var_1 +,18,counter_var_0 var_1 +
2878,115 6 54 83 113,14,115 10 91 33 113,6,10,8,22,21,2,28,var_0 counter_var_1 +,18,counter_var_0 var_1 +
2879,115 20 93 37 113,21,115 21 11 30 113,20,21,1,11,6,30,31,var_0 counter_var_1 +,22,counter_var_0 var_1 +
2880,115 107 33 50 113,30,115 69 85 3 113,20,11,10,16,19,3,36,var_0 counter_var_1 +,21,counter_var_0 var_1 +
2881,115 99 27 88 113,16,115 48 30 70 113,12,19,4,7,26,8,19,var_0 counter_var_1 +,23,counter_var_0 var_1 +
2882,115 20 46 80 113,20,115 100 7 10 113,20,13,0,7,18,10,27,var_0 counter_var_1 +,13,counter_var_0 var_1 +
2883,115 106 111 12 113,38,115 80 106 35 113,19,22,19,14,12,4,33,var_0 counter_var_1 +,41,counter_var_0 var_1 +
2884,115 13 62 41 113,29,115 11 52 95 113,13,11,16,6,10,2,19,var_0 counter_var_1 +,27,counter_var_0 var_1 +
2885,115 39 68 100 113,32,115 58 86 45 113,10,0,22,17,7,14,27,var_0 counter_var_1 +,22,counter_var_0 var_1 +
2886,115 85 57 1 113,38,115 98 36 106 113,27,11,11,13,1,13,40,var_0 counter_var_1 +,22,counter_var_0 var_1 +
2887,115 108 9 87 113,30,115 11 54 83 113,21,11,9,8,25,21,29,var_0 counter_var_1 +,20,counter_var_0 var_1 +
2888,115 98 82 67 113,24,115 32 53 51 113,11,3,13,7,5,20,18,var_0 counter_var_1 +,16,counter_var_0 var_1 +
2889,115 103 90 90 113,37,115 111 54 83 113,16,24,21,8,28,21,24,var_0 counter_var_1 +,45,counter_var_0 var_1 +
2890,115 58 4 52 113,4,115 27 0 101 113,0,27,4,0,21,8,0,var_0 counter_var_1 +,31,counter_var_0 var_1 +
2891,115 33 14 24 113,18,115 108 106 35 113,4,21,14,14,24,4,18,var_0 counter_var_1 +,35,counter_var_0 var_1 +
2892,115 24 62 41 113,40,115 90 55 48 113,24,3,16,9,10,17,33,var_0 counter_var_1 +,19,counter_var_0 var_1 +
2893,115 17 65 17 113,36,115 90 79 57 113,17,3,19,10,17,26,27,var_0 counter_var_1 +,22,counter_var_0 var_1 +
2894,115 23 14 24 113,37,115 80 108 58 113,23,22,14,16,24,27,39,var_0 counter_var_1 +,36,counter_var_0 var_1 +
2895,115 49 91 33 113,42,115 5 56 59 113,20,5,22,10,2,28,30,var_0 counter_var_1 +,27,counter_var_0 var_1 +
2896,115 42 1 40 113,14,115 41 81 54 113,13,12,1,12,9,23,25,var_0 counter_var_1 +,13,counter_var_0 var_1 +
2897,115 71 3 15 113,16,115 75 41 22 113,13,17,3,18,15,22,31,var_0 counter_var_1 +,20,counter_var_0 var_1 +
2898,115 19 108 58 113,35,115 74 32 64 113,19,16,16,9,27,2,28,var_0 counter_var_1 +,32,counter_var_0 var_1 +
2899,115 14 74 13 113,19,115 74 61 18 113,14,16,5,15,13,18,29,var_0 counter_var_1 +,21,counter_var_0 var_1 +
2900,115 95 79 57 113,18,115 74 87 69 113,8,16,10,18,26,7,26,var_0 counter_var_1 +,26,counter_var_0 var_1 +
2901,115 37 6 56 113,14,115 10 51 97 113,8,10,6,5,25,4,13,var_0 counter_var_1 +,16,counter_var_0 var_1 +
2902,115 103 34 27 113,27,115 22 54 83 113,16,22,11,8,27,21,24,var_0 counter_var_1 +,33,counter_var_0 var_1 +
2903,115 55 2 63 113,28,115 35 25 111 113,26,6,2,2,1,18,28,var_0 counter_var_1 +,8,counter_var_0 var_1 +
2904,115 108 46 80 113,21,115 80 70 36 113,21,22,0,1,18,5,22,var_0 counter_var_1 +,22,counter_var_0 var_1 +
2905,115 17 38 20 113,32,115 55 78 65 113,17,26,15,9,20,3,26,var_0 counter_var_1 +,41,counter_var_0 var_1 +
2906,115 103 70 36 113,17,115 36 75 82 113,16,7,1,6,5,20,22,var_0 counter_var_1 +,8,counter_var_0 var_1 +
2907,115 4 32 64 113,13,115 40 53 51 113,4,11,9,7,2,20,11,var_0 counter_var_1 +,20,counter_var_0 var_1 +
2908,115 51 26 112 113,25,115 21 81 54 113,22,21,3,12,19,23,34,var_0 counter_var_1 +,24,counter_var_0 var_1 +
2909,115 103 10 68 113,26,115 71 84 32 113,16,13,10,15,6,1,31,var_0 counter_var_1 +,23,counter_var_0 var_1 +
2910,115 50 47 34 113,22,115 37 107 60 113,21,8,1,15,3,29,36,var_0 counter_var_1 +,9,counter_var_0 var_1 +
2911,115 20 29 25 113,26,115 50 53 51 113,20,21,6,7,25,20,27,var_0 counter_var_1 +,27,counter_var_0 var_1 +
2912,115 56 77 105 113,35,115 98 78 65 113,27,11,8,9,12,3,36,var_0 counter_var_1 +,19,counter_var_0 var_1 +
2913,115 51 40 11 113,39,115 83 7 10 113,22,25,17,7,11,10,29,var_0 counter_var_1 +,42,counter_var_0 var_1 +
2914,115 30 99 85 113,8,115 25 41 22 113,1,25,7,18,23,22,19,var_0 counter_var_1 +,32,counter_var_0 var_1 +
2915,115 60 6 56 113,8,115 68 110 61 113,2,10,6,18,25,30,20,var_0 counter_var_1 +,16,counter_var_0 var_1 +
2916,115 59 80 31 113,12,115 16 62 41 113,1,16,11,16,0,10,17,var_0 counter_var_1 +,27,counter_var_0 var_1 +
2917,115 87 5 47 113,5,115 91 67 46 113,0,4,5,21,16,15,21,var_0 counter_var_1 +,9,counter_var_0 var_1 +
2918,115 60 82 67 113,15,115 71 99 85 113,2,13,13,7,5,23,9,var_0 counter_var_1 +,26,counter_var_0 var_1 +
2919,115 4 82 67 113,17,115 86 101 104 113,4,28,13,9,5,11,13,var_0 counter_var_1 +,41,counter_var_0 var_1 +
2920,115 11 6 56 113,17,115 92 108 58 113,11,5,6,16,25,27,27,var_0 counter_var_1 +,11,counter_var_0 var_1 +
2921,115 15 55 48 113,24,115 6 65 17 113,15,6,9,19,17,17,34,var_0 counter_var_1 +,15,counter_var_0 var_1 +
2922,115 6 0 101 113,6,115 79 6 56 113,6,21,0,6,8,25,12,var_0 counter_var_1 +,21,counter_var_0 var_1 +
2923,115 109 52 95 113,28,115 83 38 20 113,22,25,6,15,2,20,37,var_0 counter_var_1 +,31,counter_var_0 var_1 +
2924,115 25 66 102 113,45,115 79 75 82 113,25,21,20,6,9,20,31,var_0 counter_var_1 +,41,counter_var_0 var_1 +
2925,115 107 61 18 113,35,115 85 90 90 113,20,27,15,21,18,28,41,var_0 counter_var_1 +,42,counter_var_0 var_1 +
2926,115 63 62 41 113,21,115 27 1 40 113,5,27,16,1,10,9,6,var_0 counter_var_1 +,43,counter_var_0 var_1 +
2927,115 100 29 25 113,19,115 50 40 11 113,13,21,6,17,25,11,30,var_0 counter_var_1 +,27,counter_var_0 var_1 +
2928,115 5 47 34 113,6,115 86 62 41 113,5,28,1,16,3,10,21,var_0 counter_var_1 +,29,counter_var_0 var_1 +
2929,115 102 80 31 113,26,115 50 48 89 113,15,21,11,2,0,27,17,var_0 counter_var_1 +,32,counter_var_0 var_1 +
2930,115 35 10 68 113,16,115 105 9 87 113,6,18,10,9,6,25,15,var_0 counter_var_1 +,28,counter_var_0 var_1 +
2931,115 62 7 10 113,11,115 40 3 15 113,4,11,7,3,10,15,7,var_0 counter_var_1 +,18,counter_var_0 var_1 +
2932,115 58 70 36 113,1,115 83 11 30 113,0,25,1,11,5,30,11,var_0 counter_var_1 +,26,counter_var_0 var_1 +
2933,115 40 101 104 113,20,115 58 24 5 113,11,0,9,1,11,5,12,var_0 counter_var_1 +,9,counter_var_0 var_1 +
2934,115 42 50 77 113,17,115 65 23 4 113,13,7,4,0,15,4,13,var_0 counter_var_1 +,11,counter_var_0 var_1 +
2935,115 64 92 2 113,6,115 51 109 79 113,6,22,0,17,2,17,23,var_0 counter_var_1 +,22,counter_var_0 var_1 +
2936,115 108 106 35 113,35,115 80 71 74 113,21,22,14,2,4,12,23,var_0 counter_var_1 +,36,counter_var_0 var_1 +
2937,115 18 7 10 113,25,115 59 103 49 113,18,1,7,11,10,18,29,var_0 counter_var_1 +,8,counter_var_0 var_1 +
2938,115 33 61 18 113,19,115 61 18 73 113,4,3,15,18,18,11,22,var_0 counter_var_1 +,18,counter_var_0 var_1 +
2939,115 23 105 62 113,36,115 67 8 26 113,23,9,13,8,0,26,31,var_0 counter_var_1 +,22,counter_var_0 var_1 +
2940,115 33 73 96 113,8,115 42 1 40 113,4,13,4,1,3,9,5,var_0 counter_var_1 +,17,counter_var_0 var_1 +
2941,115 20 61 18 113,35,115 49 82 67 113,20,20,15,13,18,5,33,var_0 counter_var_1 +,35,counter_var_0 var_1 +
2942,115 82 19 86 113,43,115 13 2 63 113,24,13,19,2,24,1,26,var_0 counter_var_1 +,32,counter_var_0 var_1 +
2943,115 16 45 76 113,38,115 48 34 27 113,16,19,22,11,14,27,27,var_0 counter_var_1 +,41,counter_var_0 var_1 +
2944,115 106 94 39 113,21,115 30 67 46 113,19,1,2,21,8,15,40,var_0 counter_var_1 +,3,counter_var_0 var_1 +
2945,115 15 13 91 113,28,115 40 34 27 113,15,11,13,11,29,27,26,var_0 counter_var_1 +,24,counter_var_0 var_1 +
2946,115 89 38 20 113,17,115 29 31 109 113,2,0,15,8,20,16,10,var_0 counter_var_1 +,15,counter_var_0 var_1 +
2947,115 64 47 34 113,7,115 73 69 99 113,6,15,1,0,3,6,6,var_0 counter_var_1 +,16,counter_var_0 var_1 +
2948,115 86 22 75 113,50,115 25 33 50 113,28,25,22,10,13,19,38,var_0 counter_var_1 +,47,counter_var_0 var_1 +
2949,115 73 32 64 113,24,115 15 111 12 113,15,15,9,19,2,12,34,var_0 counter_var_1 +,24,counter_var_0 var_1 +
2950,115 105 14 24 113,32,115 40 96 6 113,18,11,14,4,24,6,22,var_0 counter_var_1 +,25,counter_var_0 var_1 +
2951,115 110 74 13 113,28,115 55 100 0 113,23,26,5,8,13,0,31,var_0 counter_var_1 +,31,counter_var_0 var_1 +
2952,115 53 85 3 113,40,115 62 73 96 113,24,4,16,4,3,3,28,var_0 counter_var_1 +,20,counter_var_0 var_1 +
2953,115 17 9 87 113,26,115 111 63 43 113,17,24,9,17,25,12,34,var_0 counter_var_1 +,33,counter_var_0 var_1 +
2954,115 106 19 86 113,38,115 4 91 33 113,19,4,19,22,24,2,41,var_0 counter_var_1 +,23,counter_var_0 var_1 +
2955,115 12 5 47 113,17,115 33 88 66 113,12,4,5,19,16,4,31,var_0 counter_var_1 +,9,counter_var_0 var_1 +
2956,115 100 19 86 113,32,115 91 76 93 113,13,4,19,7,24,0,20,var_0 counter_var_1 +,23,counter_var_0 var_1 +
2957,115 33 101 104 113,13,115 30 84 32 113,4,1,9,15,11,1,19,var_0 counter_var_1 +,10,counter_var_0 var_1 +
2958,115 42 72 71 113,16,115 49 58 98 113,13,20,3,12,9,5,25,var_0 counter_var_1 +,23,counter_var_0 var_1 +
2959,115 86 55 48 113,37,115 88 33 50 113,28,1,9,10,17,19,38,var_0 counter_var_1 +,10,counter_var_0 var_1 +
2960,115 24 20 8 113,44,115 37 35 9 113,24,8,20,12,8,9,36,var_0 counter_var_1 +,28,counter_var_0 var_1 +
2961,115 96 72 71 113,12,115 16 14 24 113,9,16,3,14,9,24,23,var_0 counter_var_1 +,19,counter_var_0 var_1 +
2962,115 107 70 36 113,21,115 96 22 75 113,20,9,1,22,5,13,42,var_0 counter_var_1 +,10,counter_var_0 var_1 +
2963,115 15 36 106 113,28,115 87 36 106 113,15,0,13,13,13,13,28,var_0 counter_var_1 +,13,counter_var_0 var_1 +
2964,115 66 21 92 113,29,115 103 95 29 113,8,16,21,3,30,29,11,var_0 counter_var_1 +,37,counter_var_0 var_1 +
2965,115 20 32 64 113,29,115 66 101 104 113,20,8,9,9,2,11,29,var_0 counter_var_1 +,17,counter_var_0 var_1 +
2966,115 106 76 93 113,26,115 57 33 50 113,19,28,7,10,0,19,29,var_0 counter_var_1 +,35,counter_var_0 var_1 +
2967,115 78 77 105 113,28,115 83 99 85 113,20,25,8,7,12,23,27,var_0 counter_var_1 +,33,counter_var_0 var_1 +
2968,115 28 107 60 113,43,115 13 95 29 113,28,13,15,3,29,29,31,var_0 counter_var_1 +,28,counter_var_0 var_1 +
2969,115 60 108 58 113,18,115 44 102 16 113,2,15,16,10,27,16,12,var_0 counter_var_1 +,31,counter_var_0 var_1 +
2970,115 75 3 15 113,20,115 105 45 76 113,17,18,3,22,15,14,39,var_0 counter_var_1 +,21,counter_var_0 var_1 +
2971,115 107 111 12 113,39,115 106 34 27 113,20,19,19,11,12,27,31,var_0 counter_var_1 +,38,counter_var_0 var_1 +
2972,115 79 11 30 113,32,115 74 24 5 113,21,16,11,1,30,5,22,var_0 counter_var_1 +,27,counter_var_0 var_1 +
2973,115 73 105 62 113,28,115 18 17 108 113,15,18,13,17,0,15,32,var_0 counter_var_1 +,31,counter_var_0 var_1 +
2974,115 21 53 51 113,28,115 64 2 63 113,21,6,7,2,20,1,23,var_0 counter_var_1 +,13,counter_var_0 var_1 +
2975,115 14 3 15 113,17,115 33 11 30 113,14,4,3,11,15,30,25,var_0 counter_var_1 +,7,counter_var_0 var_1 +
2976,115 83 103 49 113,36,115 82 42 55 113,25,24,11,19,18,24,44,var_0 counter_var_1 +,35,counter_var_0 var_1 +
2977,115 7 35 9 113,19,115 95 51 97 113,7,8,12,5,9,4,12,var_0 counter_var_1 +,20,counter_var_0 var_1 +
2978,115 43 79 57 113,24,115 41 22 75 113,14,12,10,22,26,13,36,var_0 counter_var_1 +,22,counter_var_0 var_1 +
2979,115 12 4 52 113,16,115 35 68 100 113,12,6,4,22,21,7,34,var_0 counter_var_1 +,10,counter_var_0 var_1 +
2980,115 97 70 36 113,11,115 111 24 5 113,10,24,1,1,5,5,11,var_0 counter_var_1 +,25,counter_var_0 var_1 +
2981,115 54 69 99 113,25,115 19 108 58 113,25,19,0,16,6,27,41,var_0 counter_var_1 +,19,counter_var_0 var_1 +
2982,115 15 12 21 113,27,115 55 68 100 113,15,26,12,22,21,7,37,var_0 counter_var_1 +,38,counter_var_0 var_1 +
2983,115 16 17 108 113,33,115 88 18 73 113,16,1,17,18,15,11,34,var_0 counter_var_1 +,18,counter_var_0 var_1 +
2984,115 106 29 25 113,25,115 77 22 75 113,19,19,6,22,25,13,41,var_0 counter_var_1 +,25,counter_var_0 var_1 +
2985,115 0 105 62 113,13,115 77 76 93 113,0,19,13,7,0,0,7,var_0 counter_var_1 +,32,counter_var_0 var_1 +
2986,115 32 53 51 113,10,115 111 34 27 113,3,24,7,11,20,27,14,var_0 counter_var_1 +,31,counter_var_0 var_1 +
2987,115 2 60 44 113,16,115 56 112 103 113,2,27,14,20,13,10,22,var_0 counter_var_1 +,41,counter_var_0 var_1 +
2988,115 96 14 24 113,23,115 21 96 6 113,9,21,14,4,24,6,13,var_0 counter_var_1 +,35,counter_var_0 var_1 +
2989,115 14 50 77 113,18,115 92 51 97 113,14,5,4,5,15,4,19,var_0 counter_var_1 +,9,counter_var_0 var_1 +
2990,115 79 28 7 113,26,115 7 0 101 113,21,7,5,0,7,8,21,var_0 counter_var_1 +,12,counter_var_0 var_1 +
2991,115 44 25 111 113,17,115 62 52 95 113,15,4,2,6,18,2,21,var_0 counter_var_1 +,6,counter_var_0 var_1 +
2992,115 109 62 41 113,38,115 56 76 93 113,22,27,16,7,10,0,29,var_0 counter_var_1 +,43,counter_var_0 var_1 +
2993,115 106 38 20 113,34,115 58 64 19 113,19,0,15,18,20,19,37,var_0 counter_var_1 +,15,counter_var_0 var_1 +
2994,115 7 45 76 113,29,115 90 83 38 113,7,3,22,14,14,7,21,var_0 counter_var_1 +,25,counter_var_0 var_1 +
2995,115 65 107 60 113,22,115 19 13 91 113,7,19,15,13,29,29,20,var_0 counter_var_1 +,34,counter_var_0 var_1 +
2996,115 27 108 58 113,43,115 50 73 96 113,27,21,16,4,27,3,31,var_0 counter_var_1 +,37,counter_var_0 var_1 +
2997,115 100 112 103 113,33,115 9 20 8 113,13,9,20,20,10,8,33,var_0 counter_var_1 +,29,counter_var_0 var_1 +
2998,115 34 62 41 113,21,115 92 69 99 113,5,5,16,0,10,6,5,var_0 counter_var_1 +,21,counter_var_0 var_1 +
2999,115 108 51 97 113,26,115 0 7 10 113,21,0,5,7,4,10,28,var_0 counter_var_1 +,5,counter_var_0 var_1 +
3000,115 71 46 80 113,13,115 16 9 87 113,13,16,0,9,18,25,22,var_0 counter_var_1 +,16,counter_var_0 var_1 +
3001,115 59 75 82 113,7,115 0 68 100 113,1,0,6,22,20,7,23,var_0 counter_var_1 +,6,counter_var_0 var_1 +
3002,115 27 102 16 113,37,115 81 36 106 113,27,23,10,13,16,13,40,var_0 counter_var_1 +,33,counter_var_0 var_1 +
3003,115 76 13 91 113,31,115 56 37 42 113,18,27,13,14,29,11,32,var_0 counter_var_1 +,40,counter_var_0 var_1 +
3004,115 101 40 11 113,31,115 52 55 48 113,14,23,17,9,11,17,23,var_0 counter_var_1 +,40,counter_var_0 var_1 +
3005,115 104 47 34 113,18,115 30 39 14 113,17,1,1,16,3,14,33,var_0 counter_var_1 +,2,counter_var_0 var_1 +
3006,115 43 10 68 113,24,115 6 70 36 113,14,6,10,1,6,5,15,var_0 counter_var_1 +,16,counter_var_0 var_1 +
3007,115 32 60 44 113,17,115 63 32 64 113,3,5,14,9,13,2,12,var_0 counter_var_1 +,19,counter_var_0 var_1 +
3008,115 27 92 2 113,27,115 51 9 87 113,27,22,0,9,2,25,36,var_0 counter_var_1 +,22,counter_var_0 var_1 +
3009,115 34 14 24 113,19,115 40 21 92 113,5,11,14,21,24,30,26,var_0 counter_var_1 +,25,counter_var_0 var_1 +
3010,115 90 75 82 113,9,115 67 20 8 113,3,9,6,20,20,8,23,var_0 counter_var_1 +,15,counter_var_0 var_1 +
3011,115 61 96 6 113,7,115 81 17 108 113,3,23,4,17,6,15,20,var_0 counter_var_1 +,27,counter_var_0 var_1 +
3012,115 2 37 42 113,16,115 108 59 23 113,2,21,14,13,11,23,15,var_0 counter_var_1 +,35,counter_var_0 var_1 +
3013,115 105 38 20 113,33,115 25 4 52 113,18,25,15,4,20,21,22,var_0 counter_var_1 +,40,counter_var_0 var_1 +
3014,115 1 76 93 113,8,115 23 67 46 113,1,23,7,21,0,15,22,var_0 counter_var_1 +,30,counter_var_0 var_1 +
3015,115 94 16 94 113,23,115 23 86 45 113,7,23,16,17,1,14,24,var_0 counter_var_1 +,39,counter_var_0 var_1 +
3016,115 34 106 35 113,19,115 49 27 88 113,5,20,14,4,4,26,9,var_0 counter_var_1 +,34,counter_var_0 var_1 +
3017,115 79 0 101 113,21,115 76 110 61 113,21,18,0,18,8,30,39,var_0 counter_var_1 +,18,counter_var_0 var_1 +
3018,115 81 90 90 113,44,115 92 81 54 113,23,5,21,12,28,23,35,var_0 counter_var_1 +,26,counter_var_0 var_1 +
3019,115 41 55 48 113,21,115 22 30 70 113,12,22,9,7,17,8,19,var_0 counter_var_1 +,31,counter_var_0 var_1 +
3020,115 52 14 24 113,37,115 83 25 111 113,23,25,14,2,24,18,25,var_0 counter_var_1 +,39,counter_var_0 var_1 +
3021,115 40 6 56 113,17,115 105 66 102 113,11,18,6,20,25,9,31,var_0 counter_var_1 +,24,counter_var_0 var_1 +
3022,115 15 90 90 113,36,115 87 69 99 113,15,0,21,0,28,6,15,var_0 counter_var_1 +,21,counter_var_0 var_1 +
3023,115 109 61 18 113,37,115 41 21 92 113,22,12,15,21,18,30,43,var_0 counter_var_1 +,27,counter_var_0 var_1 +
3024,115 19 5 47 113,24,115 80 99 85 113,19,22,5,7,16,23,26,var_0 counter_var_1 +,27,counter_var_0 var_1 +
3025,115 43 81 54 113,26,115 40 11 30 113,14,11,12,11,23,30,25,var_0 counter_var_1 +,23,counter_var_0 var_1 +
3026,115 4 2 63 113,6,115 103 48 89 113,4,16,2,2,1,27,6,var_0 counter_var_1 +,18,counter_var_0 var_1 +
3027,115 68 56 59 113,20,115 75 111 12 113,10,17,10,19,28,12,29,var_0 counter_var_1 +,27,counter_var_0 var_1 +
3028,115 11 86 45 113,28,115 90 41 22 113,11,3,17,18,14,22,29,var_0 counter_var_1 +,20,counter_var_0 var_1 +
3029,115 63 54 83 113,13,115 47 16 94 113,5,18,8,16,21,1,21,var_0 counter_var_1 +,26,counter_var_0 var_1 +
3030,115 66 26 112 113,11,115 59 108 58 113,8,1,3,16,19,27,24,var_0 counter_var_1 +,4,counter_var_0 var_1 +
3031,115 77 27 88 113,23,115 109 48 89 113,19,22,4,2,26,27,21,var_0 counter_var_1 +,26,counter_var_0 var_1 +
3032,115 75 28 7 113,22,115 62 9 87 113,17,4,5,9,7,25,26,var_0 counter_var_1 +,9,counter_var_0 var_1 +
3033,115 69 78 65 113,20,115 91 41 22 113,11,4,9,18,3,22,29,var_0 counter_var_1 +,13,counter_var_0 var_1 +
3034,115 75 103 49 113,28,115 30 47 34 113,17,1,11,1,18,3,18,var_0 counter_var_1 +,12,counter_var_0 var_1 +
3035,115 62 46 80 113,4,115 30 78 65 113,4,1,0,9,18,3,13,var_0 counter_var_1 +,1,counter_var_0 var_1 +
3036,115 108 91 33 113,43,115 105 55 48 113,21,18,22,9,2,17,30,var_0 counter_var_1 +,40,counter_var_0 var_1 +
3037,115 107 58 98 113,32,115 99 77 105 113,20,12,12,8,5,12,28,var_0 counter_var_1 +,24,counter_var_0 var_1 +
3038,115 49 15 53 113,35,115 36 112 103 113,20,7,15,20,22,10,40,var_0 counter_var_1 +,22,counter_var_0 var_1 +
3039,115 64 64 19 113,24,115 45 35 9 113,6,16,18,12,19,9,18,var_0 counter_var_1 +,34,counter_var_0 var_1 +
3040,115 94 32 64 113,16,115 68 27 88 113,7,10,9,4,2,26,11,var_0 counter_var_1 +,19,counter_var_0 var_1 +
3041,115 6 10 68 113,16,115 5 111 12 113,6,5,10,19,6,12,25,var_0 counter_var_1 +,15,counter_var_0 var_1 +
3042,115 98 29 25 113,17,115 112 83 38 113,11,25,6,14,25,7,25,var_0 counter_var_1 +,31,counter_var_0 var_1 +
3043,115 58 34 27 113,11,115 4 84 32 113,0,4,11,15,27,1,15,var_0 counter_var_1 +,15,counter_var_0 var_1 +
3044,115 68 52 95 113,16,115 70 44 107 113,10,12,6,21,2,14,31,var_0 counter_var_1 +,18,counter_var_0 var_1 +
3045,115 11 67 46 113,32,115 90 97 81 113,11,3,21,5,15,19,16,var_0 counter_var_1 +,24,counter_var_0 var_1 +
3046,115 104 84 32 113,32,115 79 10 68 113,17,21,15,10,1,6,27,var_0 counter_var_1 +,36,counter_var_0 var_1 +
3047,115 23 10 68 113,33,115 24 111 12 113,23,24,10,19,6,12,42,var_0 counter_var_1 +,34,counter_var_0 var_1 +
3048,115 56 92 2 113,27,115 76 54 83 113,27,18,0,8,2,21,35,var_0 counter_var_1 +,18,counter_var_0 var_1 +
3049,115 73 16 94 113,31,115 70 32 64 113,15,12,16,9,1,2,24,var_0 counter_var_1 +,28,counter_var_0 var_1 +
3050,115 86 74 13 113,33,115 100 98 78 113,28,13,5,6,13,16,34,var_0 counter_var_1 +,18,counter_var_0 var_1 +
3051,115 35 54 83 113,14,115 111 71 74 113,6,24,8,2,21,12,8,var_0 counter_var_1 +,32,counter_var_0 var_1 +
3052,115 88 110 61 113,19,115 86 104 84 113,1,28,18,12,30,22,13,var_0 counter_var_1 +,46,counter_var_0 var_1 +
3053,115 31 66 102 113,22,115 104 66 102 113,2,17,20,20,9,9,22,var_0 counter_var_1 +,37,counter_var_0 var_1 +
3054,115 45 8 26 113,24,115 13 29 25 113,16,13,8,6,26,25,22,var_0 counter_var_1 +,21,counter_var_0 var_1 +
3055,115 45 83 38 113,30,115 24 100 0 113,16,24,14,8,7,0,24,var_0 counter_var_1 +,38,counter_var_0 var_1 +
3056,115 36 35 9 113,19,115 88 79 57 113,7,1,12,10,9,26,17,var_0 counter_var_1 +,13,counter_var_0 var_1 +
3057,115 63 15 53 113,20,115 21 58 98 113,5,21,15,12,22,5,17,var_0 counter_var_1 +,36,counter_var_0 var_1 +
3058,115 14 35 9 113,26,115 87 67 46 113,14,0,12,21,9,15,35,var_0 counter_var_1 +,12,counter_var_0 var_1 +
3059,115 45 71 74 113,18,115 42 41 22 113,16,13,2,18,12,22,34,var_0 counter_var_1 +,15,counter_var_0 var_1 +
3060,115 112 111 12 113,44,115 89 39 14 113,25,2,19,16,12,14,41,var_0 counter_var_1 +,21,counter_var_0 var_1 +
3061,115 52 104 84 113,35,115 7 23 4 113,23,7,12,0,22,4,23,var_0 counter_var_1 +,19,counter_var_0 var_1 +
3062,115 89 19 86 113,21,115 74 1 40 113,2,16,19,1,24,9,3,var_0 counter_var_1 +,35,counter_var_0 var_1 +
3063,115 25 58 98 113,37,115 47 90 90 113,25,18,12,21,5,28,46,var_0 counter_var_1 +,30,counter_var_0 var_1 +
3064,115 25 36 106 113,38,115 78 68 100 113,25,20,13,22,13,7,47,var_0 counter_var_1 +,33,counter_var_0 var_1 +
3065,115 53 66 102 113,44,115 22 3 15 113,24,22,20,3,9,15,27,var_0 counter_var_1 +,42,counter_var_0 var_1 +
3066,115 6 80 31 113,17,115 24 5 47 113,6,24,11,5,0,16,11,var_0 counter_var_1 +,35,counter_var_0 var_1 +
3067,115 24 22 75 113,46,115 3 28 7 113,24,3,22,5,13,7,29,var_0 counter_var_1 +,25,counter_var_0 var_1 +
3068,115 15 98 78 113,21,115 76 0 101 113,15,18,6,0,16,8,15,var_0 counter_var_1 +,24,counter_var_0 var_1 +
3069,115 13 73 96 113,17,115 31 103 49 113,13,2,4,11,3,18,24,var_0 counter_var_1 +,6,counter_var_0 var_1 +
3070,115 52 32 64 113,32,115 36 61 18 113,23,7,9,15,2,18,38,var_0 counter_var_1 +,16,counter_var_0 var_1 +
3071,115 45 49 72 113,19,115 88 21 92 113,16,1,3,21,10,30,37,var_0 counter_var_1 +,4,counter_var_0 var_1 +
3072,115 92 34 27 113,16,115 10 105 62 113,5,10,11,13,27,0,18,var_0 counter_var_1 +,21,counter_var_0 var_1 +
3073,115 3 58 98 113,15,115 70 101 104 113,3,12,12,9,5,11,12,var_0 counter_var_1 +,24,counter_var_0 var_1 +
3074,115 3 45 76 113,25,115 101 100 0 113,3,14,22,8,14,0,11,var_0 counter_var_1 +,36,counter_var_0 var_1 +
3075,115 23 48 89 113,25,115 9 51 97 113,23,9,2,5,27,4,28,var_0 counter_var_1 +,11,counter_var_0 var_1 +
3076,115 100 98 78 113,19,115 77 77 105 113,13,19,6,8,16,12,21,var_0 counter_var_1 +,25,counter_var_0 var_1 +
3077,115 87 100 0 113,8,115 36 47 34 113,0,7,8,1,0,3,1,var_0 counter_var_1 +,15,counter_var_0 var_1 +
3078,115 48 57 1 113,30,115 47 84 32 113,19,18,11,15,1,1,34,var_0 counter_var_1 +,29,counter_var_0 var_1 +
3079,115 54 57 1 113,36,115 73 18 73 113,25,15,11,18,1,11,43,var_0 counter_var_1 +,26,counter_var_0 var_1 +
3080,115 59 106 35 113,15,115 2 109 79 113,1,2,14,17,4,17,18,var_0 counter_var_1 +,16,counter_var_0 var_1 +
3081,115 102 25 111 113,17,115 4 64 19 113,15,4,2,18,18,19,33,var_0 counter_var_1 +,6,counter_var_0 var_1 +
3082,115 93 89 28 113,26,115 83 95 29 113,6,25,20,3,28,29,9,var_0 counter_var_1 +,45,counter_var_0 var_1 +
3083,115 70 83 38 113,26,115 83 40 11 113,12,25,14,17,7,11,29,var_0 counter_var_1 +,39,counter_var_0 var_1 +
3084,115 105 90 90 113,39,115 11 70 36 113,18,11,21,1,28,5,19,var_0 counter_var_1 +,32,counter_var_0 var_1 +
3085,115 45 107 60 113,31,115 26 54 83 113,16,26,15,8,29,21,24,var_0 counter_var_1 +,41,counter_var_0 var_1 +
3086,115 52 87 69 113,41,115 6 98 78 113,23,6,18,6,7,16,29,var_0 counter_var_1 +,24,counter_var_0 var_1 +
3087,115 78 40 11 113,37,115 7 59 23 113,20,7,17,13,11,23,33,var_0 counter_var_1 +,24,counter_var_0 var_1 +
3088,115 42 66 102 113,33,115 64 11 30 113,13,6,20,11,9,30,24,var_0 counter_var_1 +,26,counter_var_0 var_1 +
3089,115 77 102 16 113,29,115 56 35 9 113,19,27,10,12,16,9,31,var_0 counter_var_1 +,37,counter_var_0 var_1 +
3090,115 109 18 73 113,40,115 102 107 60 113,22,15,18,15,11,29,37,var_0 counter_var_1 +,33,counter_var_0 var_1 +
3091,115 91 93 37 113,5,115 37 45 76 113,4,8,1,22,6,14,26,var_0 counter_var_1 +,9,counter_var_0 var_1 +
3092,115 11 39 14 113,27,115 63 73 96 113,11,5,16,4,14,3,15,var_0 counter_var_1 +,21,counter_var_0 var_1 +
3093,115 105 104 84 113,30,115 6 68 100 113,18,6,12,22,22,7,40,var_0 counter_var_1 +,18,counter_var_0 var_1 +
3094,115 36 50 77 113,11,115 37 54 83 113,7,8,4,8,15,21,15,var_0 counter_var_1 +,12,counter_var_0 var_1 +
3095,115 46 31 109 113,25,115 86 73 96 113,17,28,8,4,16,3,21,var_0 counter_var_1 +,36,counter_var_0 var_1 +
3096,115 52 73 96 113,27,115 34 79 57 113,23,5,4,10,3,26,33,var_0 counter_var_1 +,9,counter_var_0 var_1 +
3097,115 99 92 2 113,12,115 48 81 54 113,12,19,0,12,2,23,24,var_0 counter_var_1 +,19,counter_var_0 var_1 +
3098,115 83 72 71 113,28,115 95 38 20 113,25,8,3,15,9,20,40,var_0 counter_var_1 +,11,counter_var_0 var_1 +
3099,115 8 111 12 113,27,115 51 54 83 113,8,22,19,8,12,21,16,var_0 counter_var_1 +,41,counter_var_0 var_1 +
3100,115 91 74 13 113,9,115 49 5 47 113,4,20,5,5,13,16,9,var_0 counter_var_1 +,25,counter_var_0 var_1 +
3101,115 91 63 43 113,21,115 32 48 89 113,4,3,17,2,12,27,6,var_0 counter_var_1 +,20,counter_var_0 var_1 +
3102,115 107 13 91 113,33,115 90 93 37 113,20,3,13,1,29,6,21,var_0 counter_var_1 +,16,counter_var_0 var_1 +
3103,115 10 66 102 113,30,115 88 37 42 113,10,1,20,14,9,11,24,var_0 counter_var_1 +,21,counter_var_0 var_1 +
3104,115 12 38 20 113,27,115 108 21 92 113,12,21,15,21,20,30,33,var_0 counter_var_1 +,36,counter_var_0 var_1 +
3105,115 40 5 47 113,16,115 112 112 103 113,11,25,5,20,16,10,31,var_0 counter_var_1 +,30,counter_var_0 var_1 +
3106,115 64 14 24 113,20,115 8 60 44 113,6,8,14,14,24,13,20,var_0 counter_var_1 +,22,counter_var_0 var_1 +
3107,115 59 68 100 113,23,115 26 88 66 113,1,26,22,19,7,4,20,var_0 counter_var_1 +,48,counter_var_0 var_1 +
3108,115 99 30 70 113,19,115 8 69 99 113,12,8,7,0,8,6,12,var_0 counter_var_1 +,15,counter_var_0 var_1 +
3109,115 18 47 34 113,19,115 63 13 91 113,18,5,1,13,3,29,31,var_0 counter_var_1 +,6,counter_var_0 var_1 +
3110,115 80 97 81 113,27,115 23 88 66 113,22,23,5,19,19,4,41,var_0 counter_var_1 +,28,counter_var_0 var_1 +
3111,115 63 24 5 113,6,115 24 108 58 113,5,24,1,16,5,27,21,var_0 counter_var_1 +,25,counter_var_0 var_1 +
3112,115 14 0 101 113,14,115 102 49 72 113,14,15,0,3,8,10,17,var_0 counter_var_1 +,15,counter_var_0 var_1 +
3113,115 82 45 76 113,46,115 55 33 50 113,24,26,22,10,14,19,34,var_0 counter_var_1 +,48,counter_var_0 var_1 +
3114,115 65 78 65 113,16,115 76 1 40 113,7,18,9,1,3,9,8,var_0 counter_var_1 +,27,counter_var_0 var_1 +
3115,115 56 7 10 113,34,115 47 92 2 113,27,18,7,0,10,2,27,var_0 counter_var_1 +,25,counter_var_0 var_1 +
3116,115 101 36 106 113,27,115 14 87 69 113,14,14,13,18,13,7,32,var_0 counter_var_1 +,27,counter_var_0 var_1 +
3117,115 0 73 96 113,4,115 49 79 57 113,0,20,4,10,3,26,10,var_0 counter_var_1 +,24,counter_var_0 var_1 +
3118,115 78 94 39 113,22,115 44 67 46 113,20,15,2,21,8,15,41,var_0 counter_var_1 +,17,counter_var_0 var_1 +
3119,115 87 67 46 113,21,115 34 39 14 113,0,5,21,16,15,14,16,var_0 counter_var_1 +,26,counter_var_0 var_1 +
3120,115 9 52 95 113,15,115 93 102 16 113,9,6,6,10,2,16,19,var_0 counter_var_1 +,12,counter_var_0 var_1 +
3121,115 35 43 110 113,26,115 98 55 48 113,6,11,20,9,17,17,15,var_0 counter_var_1 +,31,counter_var_0 var_1 +
3122,115 97 74 13 113,15,115 61 96 6 113,10,3,5,4,13,6,14,var_0 counter_var_1 +,8,counter_var_0 var_1 +
3123,115 74 71 74 113,18,115 12 75 82 113,16,12,2,6,12,20,22,var_0 counter_var_1 +,14,counter_var_0 var_1 +
3124,115 70 109 79 113,29,115 43 38 20 113,12,14,17,15,17,20,27,var_0 counter_var_1 +,31,counter_var_0 var_1 +
3125,115 51 105 62 113,35,115 29 53 51 113,22,0,13,7,0,20,29,var_0 counter_var_1 +,13,counter_var_0 var_1 +
3126,115 10 50 77 113,14,115 43 32 64 113,10,14,4,9,15,2,19,var_0 counter_var_1 +,18,counter_var_0 var_1 +
3127,115 50 95 29 113,24,115 102 45 76 113,21,15,3,22,29,14,43,var_0 counter_var_1 +,18,counter_var_0 var_1 +
3128,115 57 106 35 113,42,115 52 110 61 113,28,23,14,18,4,30,46,var_0 counter_var_1 +,37,counter_var_0 var_1 +
3129,115 29 93 37 113,1,115 16 15 53 113,0,16,1,15,6,22,15,var_0 counter_var_1 +,17,counter_var_0 var_1 +
3130,115 44 90 90 113,36,115 89 34 27 113,15,2,21,11,28,27,26,var_0 counter_var_1 +,23,counter_var_0 var_1 +
3131,115 15 76 93 113,22,115 46 41 22 113,15,17,7,18,0,22,33,var_0 counter_var_1 +,24,counter_var_0 var_1 +
3132,115 92 11 30 113,16,115 108 23 4 113,5,21,11,0,30,4,5,var_0 counter_var_1 +,32,counter_var_0 var_1 +
3133,115 59 41 22 113,19,115 71 16 94 113,1,13,18,16,22,1,17,var_0 counter_var_1 +,31,counter_var_0 var_1 +
3134,115 10 30 70 113,17,115 13 53 51 113,10,13,7,7,8,20,17,var_0 counter_var_1 +,20,counter_var_0 var_1 +
3135,115 107 52 95 113,26,115 3 55 48 113,20,3,6,9,2,17,29,var_0 counter_var_1 +,9,counter_var_0 var_1 +
3136,115 42 92 2 113,13,115 55 34 27 113,13,26,0,11,2,27,24,var_0 counter_var_1 +,26,counter_var_0 var_1 +
3137,115 89 108 58 113,18,115 95 7 10 113,2,8,16,7,27,10,9,var_0 counter_var_1 +,24,counter_var_0 var_1 +
3138,115 7 3 15 113,10,115 35 11 30 113,7,6,3,11,15,30,18,var_0 counter_var_1 +,9,counter_var_0 var_1 +
3139,115 47 16 94 113,34,115 91 15 53 113,18,4,16,15,1,22,33,var_0 counter_var_1 +,20,counter_var_0 var_1 +
3140,115 5 63 43 113,22,115 83 85 3 113,5,25,17,16,12,3,21,var_0 counter_var_1 +,42,counter_var_0 var_1 +
3141,115 22 6 56 113,28,115 106 45 76 113,22,19,6,22,25,14,44,var_0 counter_var_1 +,25,counter_var_0 var_1 +
3142,115 11 102 16 113,21,115 58 46 80 113,11,0,10,0,16,18,11,var_0 counter_var_1 +,10,counter_var_0 var_1 +
3143,115 65 13 91 113,20,115 78 23 4 113,7,20,13,0,29,4,7,var_0 counter_var_1 +,33,counter_var_0 var_1 +
3144,115 76 88 66 113,37,115 11 69 99 113,18,11,19,0,4,6,18,var_0 counter_var_1 +,30,counter_var_0 var_1 +
3145,115 19 8 26 113,27,115 93 30 70 113,19,6,8,7,26,8,26,var_0 counter_var_1 +,14,counter_var_0 var_1 +
3146,115 54 101 104 113,34,115 84 27 88 113,25,26,9,4,11,26,29,var_0 counter_var_1 +,35,counter_var_0 var_1 +
3147,115 41 12 21 113,24,115 51 76 93 113,12,22,12,7,21,0,19,var_0 counter_var_1 +,34,counter_var_0 var_1 +
3148,115 29 21 92 113,21,115 27 96 6 113,0,27,21,4,30,6,4,var_0 counter_var_1 +,48,counter_var_0 var_1 +
3149,115 74 10 68 113,26,115 98 93 37 113,16,11,10,1,6,6,17,var_0 counter_var_1 +,21,counter_var_0 var_1 +
3150,115 75 69 99 113,17,115 61 65 17 113,17,3,0,19,6,17,36,var_0 counter_var_1 +,3,counter_var_0 var_1 +
3151,115 72 68 100 113,36,115 19 35 9 113,14,19,22,12,7,9,26,var_0 counter_var_1 +,41,counter_var_0 var_1 +
3152,115 73 90 90 113,36,115 1 2 63 113,15,1,21,2,28,1,17,var_0 counter_var_1 +,22,counter_var_0 var_1 +
3153,115 62 71 74 113,6,115 58 31 109 113,4,0,2,8,12,16,12,var_0 counter_var_1 +,2,counter_var_0 var_1 +
3154,115 3 23 4 113,3,115 112 41 22 113,3,25,0,18,4,22,21,var_0 counter_var_1 +,25,counter_var_0 var_1 +
3155,115 96 13 91 113,22,115 56 11 30 113,9,27,13,11,29,30,20,var_0 counter_var_1 +,40,counter_var_0 var_1 +
3156,115 55 59 23 113,39,115 104 89 28 113,26,17,13,20,23,28,46,var_0 counter_var_1 +,30,counter_var_0 var_1 +
3157,115 63 3 15 113,8,115 108 48 89 113,5,21,3,2,15,27,7,var_0 counter_var_1 +,24,counter_var_0 var_1 +
3158,115 14 57 1 113,25,115 91 109 79 113,14,4,11,17,1,17,31,var_0 counter_var_1 +,15,counter_var_0 var_1 +
3159,115 16 38 20 113,31,115 61 54 83 113,16,3,15,8,20,21,24,var_0 counter_var_1 +,18,counter_var_0 var_1 +
3160,115 14 39 14 113,30,115 66 0 101 113,14,8,16,0,14,8,14,var_0 counter_var_1 +,24,counter_var_0 var_1 +
3161,115 2 59 23 113,15,115 45 7 10 113,2,16,13,7,23,10,9,var_0 counter_var_1 +,29,counter_var_0 var_1 +
3162,115 72 50 77 113,18,115 96 56 59 113,14,9,4,10,15,28,24,var_0 counter_var_1 +,13,counter_var_0 var_1 +
3163,115 67 32 64 113,18,115 102 56 59 113,9,15,9,10,2,28,19,var_0 counter_var_1 +,24,counter_var_0 var_1 +
3164,115 56 95 29 113,30,115 72 4 52 113,27,14,3,4,29,21,31,var_0 counter_var_1 +,17,counter_var_0 var_1 +
3165,115 57 21 92 113,49,115 3 48 89 113,28,3,21,2,30,27,30,var_0 counter_var_1 +,24,counter_var_0 var_1 +
3166,115 59 39 14 113,17,115 37 19 86 113,1,8,16,19,14,24,20,var_0 counter_var_1 +,24,counter_var_0 var_1 +
3167,115 1 103 49 113,12,115 23 51 97 113,1,23,11,5,18,4,6,var_0 counter_var_1 +,34,counter_var_0 var_1 +
3168,115 106 44 107 113,40,115 27 12 21 113,19,27,21,12,14,21,31,var_0 counter_var_1 +,48,counter_var_0 var_1 +
3169,115 85 59 23 113,40,115 27 15 53 113,27,27,13,15,23,22,42,var_0 counter_var_1 +,40,counter_var_0 var_1 +
3170,115 79 99 85 113,28,115 71 111 12 113,21,13,7,19,23,12,40,var_0 counter_var_1 +,20,counter_var_0 var_1 +
3171,115 30 0 101 113,1,115 50 17 108 113,1,21,0,17,8,15,18,var_0 counter_var_1 +,21,counter_var_0 var_1 +
3172,115 106 83 38 113,33,115 66 16 94 113,19,8,14,16,7,1,35,var_0 counter_var_1 +,22,counter_var_0 var_1 +
3173,115 89 78 65 113,11,115 27 38 20 113,2,27,9,15,3,20,17,var_0 counter_var_1 +,36,counter_var_0 var_1 +
3174,115 110 98 78 113,29,115 105 90 90 113,23,18,6,21,16,28,44,var_0 counter_var_1 +,24,counter_var_0 var_1 +
3175,115 9 35 9 113,21,115 74 5 47 113,9,16,12,5,9,16,14,var_0 counter_var_1 +,28,counter_var_0 var_1 +
3176,115 60 73 96 113,6,115 65 17 108 113,2,7,4,17,3,15,19,var_0 counter_var_1 +,11,counter_var_0 var_1 +
3177,115 77 37 42 113,33,115 48 56 59 113,19,19,14,10,11,28,29,var_0 counter_var_1 +,33,counter_var_0 var_1 +
3178,115 1 89 28 113,21,115 76 103 49 113,1,18,20,11,28,18,12,var_0 counter_var_1 +,38,counter_var_0 var_1 +
3179,115 82 78 65 113,33,115 110 34 27 113,24,23,9,11,3,27,35,var_0 counter_var_1 +,32,counter_var_0 var_1 +
3180,115 84 44 107 113,47,115 102 7 10 113,26,15,21,7,14,10,33,var_0 counter_var_1 +,36,counter_var_0 var_1 +
3181,115 66 92 2 113,8,115 44 45 76 113,8,15,0,22,2,14,30,var_0 counter_var_1 +,15,counter_var_0 var_1 +
3182,115 40 105 62 113,24,115 22 28 7 113,11,22,13,5,0,7,16,var_0 counter_var_1 +,35,counter_var_0 var_1 +
3183,115 19 68 100 113,41,115 46 109 79 113,19,17,22,17,7,17,36,var_0 counter_var_1 +,39,counter_var_0 var_1 +
3184,115 86 81 54 113,40,115 0 103 49 113,28,0,12,11,23,18,39,var_0 counter_var_1 +,12,counter_var_0 var_1 +
3185,115 54 29 25 113,31,115 66 48 89 113,25,8,6,2,25,27,27,var_0 counter_var_1 +,14,counter_var_0 var_1 +
3186,115 25 77 105 113,33,115 66 103 49 113,25,8,8,11,12,18,36,var_0 counter_var_1 +,16,counter_var_0 var_1 +
3187,115 104 29 25 113,23,115 101 74 13 113,17,14,6,5,25,13,22,var_0 counter_var_1 +,20,counter_var_0 var_1 +
3188,115 66 75 82 113,14,115 89 95 29 113,8,2,6,3,20,29,11,var_0 counter_var_1 +,8,counter_var_0 var_1 +
3189,115 77 54 83 113,27,115 103 17 108 113,19,16,8,17,21,15,36,var_0 counter_var_1 +,24,counter_var_0 var_1 +
3190,115 87 54 83 113,8,115 5 106 35 113,0,5,8,14,21,4,14,var_0 counter_var_1 +,13,counter_var_0 var_1 +
3191,115 42 23 4 113,13,115 74 90 90 113,13,16,0,21,4,28,34,var_0 counter_var_1 +,16,counter_var_0 var_1 +
3192,115 90 94 39 113,5,115 39 84 32 113,3,10,2,15,8,1,18,var_0 counter_var_1 +,12,counter_var_0 var_1 +
3193,115 64 59 23 113,19,115 47 111 12 113,6,18,13,19,23,12,25,var_0 counter_var_1 +,31,counter_var_0 var_1 +
3194,115 32 67 46 113,24,115 12 67 46 113,3,12,21,21,15,15,24,var_0 counter_var_1 +,33,counter_var_0 var_1 +
3195,115 25 63 43 113,42,115 42 16 94 113,25,13,17,16,12,1,41,var_0 counter_var_1 +,30,counter_var_0 var_1 +
3196,115 110 11 30 113,34,115 80 77 105 113,23,22,11,8,30,12,31,var_0 counter_var_1 +,33,counter_var_0 var_1 +
3197,115 4 45 76 113,26,115 35 110 61 113,4,6,22,18,14,30,22,var_0 counter_var_1 +,28,counter_var_0 var_1 +
3198,115 51 87 69 113,40,115 34 77 105 113,22,5,18,8,7,12,30,var_0 counter_var_1 +,23,counter_var_0 var_1 +
3199,115 49 28 7 113,25,115 96 44 107 113,20,9,5,21,7,14,41,var_0 counter_var_1 +,14,counter_var_0 var_1 +
3200,115 105 98 78 113,24,115 84 12 21 113,18,26,6,12,16,21,30,var_0 counter_var_1 +,32,counter_var_0 var_1 +
3201,115 74 20 8 113,36,115 24 63 43 113,16,24,20,17,8,12,33,var_0 counter_var_1 +,44,counter_var_0 var_1 +
3202,115 0 48 89 113,2,115 47 83 38 113,0,18,2,14,27,7,14,var_0 counter_var_1 +,20,counter_var_0 var_1 +
3203,115 30 51 97 113,6,115 7 110 61 113,1,7,5,18,4,30,19,var_0 counter_var_1 +,12,counter_var_0 var_1 +
3204,115 98 48 89 113,13,115 65 70 36 113,11,7,2,1,27,5,12,var_0 counter_var_1 +,9,counter_var_0 var_1 +
3205,115 42 2 63 113,15,115 86 18 73 113,13,28,2,18,1,11,31,var_0 counter_var_1 +,30,counter_var_0 var_1 +
3206,115 23 75 82 113,29,115 59 62 41 113,23,1,6,16,20,10,39,var_0 counter_var_1 +,7,counter_var_0 var_1 +
3207,115 29 17 108 113,17,115 61 8 26 113,0,3,17,8,15,26,8,var_0 counter_var_1 +,20,counter_var_0 var_1 +
3208,115 12 13 91 113,25,115 5 52 95 113,12,5,13,6,29,2,18,var_0 counter_var_1 +,18,counter_var_0 var_1 +
3209,115 97 0 101 113,10,115 23 72 71 113,10,23,0,3,8,9,13,var_0 counter_var_1 +,23,counter_var_0 var_1 +
3210,115 82 23 4 113,24,115 33 36 106 113,24,4,0,13,4,13,37,var_0 counter_var_1 +,4,counter_var_0 var_1 +
3211,115 40 36 106 113,24,115 28 81 54 113,11,28,13,12,13,23,23,var_0 counter_var_1 +,41,counter_var_0 var_1 +
3212,115 110 8 26 113,31,115 39 44 107 113,23,10,8,21,26,14,44,var_0 counter_var_1 +,18,counter_var_0 var_1 +
3213,115 46 34 27 113,28,115 96 51 97 113,17,9,11,5,27,4,22,var_0 counter_var_1 +,20,counter_var_0 var_1 +
3214,115 44 42 55 113,34,115 58 74 13 113,15,0,19,5,24,13,20,var_0 counter_var_1 +,19,counter_var_0 var_1 +
3215,115 8 85 3 113,24,115 71 20 8 113,8,13,16,20,3,8,28,var_0 counter_var_1 +,29,counter_var_0 var_1 +
3216,115 88 98 78 113,7,115 31 73 96 113,1,2,6,4,16,3,5,var_0 counter_var_1 +,8,counter_var_0 var_1 +
3217,115 61 83 38 113,17,115 12 27 88 113,3,12,14,4,7,26,7,var_0 counter_var_1 +,26,counter_var_0 var_1 +
3218,115 109 36 106 113,35,115 93 36 106 113,22,6,13,13,13,13,35,var_0 counter_var_1 +,19,counter_var_0 var_1 +
3219,115 41 10 68 113,22,115 77 51 97 113,12,19,10,5,6,4,17,var_0 counter_var_1 +,29,counter_var_0 var_1 +
3220,115 97 82 67 113,23,115 12 23 4 113,10,12,13,0,5,4,10,var_0 counter_var_1 +,25,counter_var_0 var_1 +
3221,115 107 84 32 113,35,115 72 52 95 113,20,14,15,6,1,2,26,var_0 counter_var_1 +,29,counter_var_0 var_1 +
3222,115 44 91 33 113,37,115 102 108 58 113,15,15,22,16,2,27,31,var_0 counter_var_1 +,37,counter_var_0 var_1 +
3223,115 68 20 8 113,30,115 58 0 101 113,10,0,20,0,8,8,10,var_0 counter_var_1 +,20,counter_var_0 var_1 +
3224,115 18 11 30 113,29,115 78 60 44 113,18,20,11,14,30,13,32,var_0 counter_var_1 +,31,counter_var_0 var_1 +
3225,115 90 111 12 113,22,115 1 92 2 113,3,1,19,0,12,2,3,var_0 counter_var_1 +,20,counter_var_0 var_1 +
3226,115 15 26 112 113,18,115 75 42 55 113,15,17,3,19,19,24,34,var_0 counter_var_1 +,20,counter_var_0 var_1 +
3227,115 61 88 66 113,22,115 79 105 62 113,3,21,19,13,4,0,16,var_0 counter_var_1 +,40,counter_var_0 var_1 +
3228,115 28 40 11 113,45,115 14 89 28 113,28,14,17,20,11,28,48,var_0 counter_var_1 +,31,counter_var_0 var_1 +
3229,115 66 74 13 113,13,115 87 5 47 113,8,0,5,5,13,16,13,var_0 counter_var_1 +,5,counter_var_0 var_1 +
3230,115 111 54 83 113,32,115 43 70 36 113,24,14,8,1,21,5,25,var_0 counter_var_1 +,22,counter_var_0 var_1 +
3231,115 45 109 79 113,33,115 73 14 24 113,16,15,17,14,17,24,30,var_0 counter_var_1 +,32,counter_var_0 var_1 +
3232,115 79 53 51 113,28,115 62 80 31 113,21,4,7,11,20,0,32,var_0 counter_var_1 +,11,counter_var_0 var_1 +
3233,115 0 90 90 113,21,115 83 104 84 113,0,25,21,12,28,22,12,var_0 counter_var_1 +,46,counter_var_0 var_1 +
3234,115 17 53 51 113,24,115 57 42 55 113,17,28,7,19,20,24,36,var_0 counter_var_1 +,35,counter_var_0 var_1 +
3235,115 12 96 6 113,16,115 33 64 19 113,12,4,4,18,6,19,30,var_0 counter_var_1 +,8,counter_var_0 var_1 +
3236,115 37 0 101 113,8,115 32 35 9 113,8,3,0,12,8,9,20,var_0 counter_var_1 +,3,counter_var_0 var_1 +
3237,115 9 31 109 113,17,115 54 90 90 113,9,25,8,21,16,28,30,var_0 counter_var_1 +,33,counter_var_0 var_1 +
3238,115 25 100 0 113,33,115 48 95 29 113,25,19,8,3,0,29,28,var_0 counter_var_1 +,27,counter_var_0 var_1 +
3239,115 7 77 105 113,15,115 108 15 53 113,7,21,8,15,12,22,22,var_0 counter_var_1 +,29,counter_var_0 var_1 +
3240,115 25 45 76 113,47,115 59 107 60 113,25,1,22,15,14,29,40,var_0 counter_var_1 +,23,counter_var_0 var_1 +
3241,115 75 22 75 113,39,115 63 37 42 113,17,5,22,14,13,11,31,var_0 counter_var_1 +,27,counter_var_0 var_1 +
3242,115 16 26 112 113,19,115 61 100 0 113,16,3,3,8,19,0,24,var_0 counter_var_1 +,6,counter_var_0 var_1 +
3243,115 21 30 70 113,28,115 78 76 93 113,21,20,7,7,8,0,28,var_0 counter_var_1 +,27,counter_var_0 var_1 +
3244,115 65 112 103 113,27,115 46 88 66 113,7,17,20,19,10,4,26,var_0 counter_var_1 +,37,counter_var_0 var_1 +
3245,115 93 90 90 113,27,115 5 34 27 113,6,5,21,11,28,27,17,var_0 counter_var_1 +,26,counter_var_0 var_1 +
3246,115 111 84 32 113,39,115 88 112 103 113,24,1,15,20,1,10,44,var_0 counter_var_1 +,16,counter_var_0 var_1 +
3247,115 53 25 111 113,26,115 57 18 73 113,24,28,2,18,18,11,42,var_0 counter_var_1 +,30,counter_var_0 var_1 +
3248,115 80 10 68 113,32,115 34 27 88 113,22,5,10,4,6,26,26,var_0 counter_var_1 +,15,counter_var_0 var_1 +
3249,115 16 97 81 113,21,115 49 21 92 113,16,20,5,21,19,30,37,var_0 counter_var_1 +,25,counter_var_0 var_1 +
3250,115 64 61 18 113,21,115 23 109 79 113,6,23,15,17,18,17,23,var_0 counter_var_1 +,38,counter_var_0 var_1 +
3251,115 103 53 51 113,23,115 100 32 64 113,16,13,7,9,20,2,25,var_0 counter_var_1 +,20,counter_var_0 var_1 +
3252,115 5 56 59 113,15,115 30 95 29 113,5,1,10,3,28,29,8,var_0 counter_var_1 +,11,counter_var_0 var_1 +
3253,115 26 51 97 113,31,115 111 11 30 113,26,24,5,11,4,30,37,var_0 counter_var_1 +,29,counter_var_0 var_1 +
3254,115 26 14 24 113,40,115 52 71 74 113,26,23,14,2,24,12,28,var_0 counter_var_1 +,37,counter_var_0 var_1 +
3255,115 3 3 15 113,6,115 99 71 74 113,3,12,3,2,15,12,5,var_0 counter_var_1 +,15,counter_var_0 var_1 +
3256,115 34 45 76 113,27,115 25 11 30 113,5,25,22,11,14,30,16,var_0 counter_var_1 +,47,counter_var_0 var_1 +
3257,115 54 67 46 113,46,115 52 7 10 113,25,23,21,7,15,10,32,var_0 counter_var_1 +,44,counter_var_0 var_1 +
3258,115 32 4 52 113,7,115 31 61 18 113,3,2,4,15,21,18,18,var_0 counter_var_1 +,6,counter_var_0 var_1 +
3259,115 79 4 52 113,25,115 65 40 11 113,21,7,4,17,21,11,38,var_0 counter_var_1 +,11,counter_var_0 var_1 +
3260,115 67 92 2 113,9,115 6 1 40 113,9,6,0,1,2,9,10,var_0 counter_var_1 +,6,counter_var_0 var_1 +
3261,115 92 24 5 113,6,115 52 32 64 113,5,23,1,9,5,2,14,var_0 counter_var_1 +,24,counter_var_0 var_1 +
3262,115 93 40 11 113,23,115 65 62 41 113,6,7,17,16,11,10,22,var_0 counter_var_1 +,24,counter_var_0 var_1 +
3263,115 6 61 18 113,21,115 32 63 43 113,6,3,15,17,18,12,23,var_0 counter_var_1 +,18,counter_var_0 var_1 +
3264,115 31 24 5 113,3,115 104 23 4 113,2,17,1,0,5,4,2,var_0 counter_var_1 +,18,counter_var_0 var_1 +
3265,115 17 47 34 113,18,115 52 24 5 113,17,23,1,1,3,5,18,var_0 counter_var_1 +,24,counter_var_0 var_1 +
3266,115 20 55 48 113,29,115 79 39 14 113,20,21,9,16,17,14,36,var_0 counter_var_1 +,30,counter_var_0 var_1 +
3267,115 112 75 82 113,31,115 43 31 109 113,25,14,6,8,20,16,33,var_0 counter_var_1 +,20,counter_var_0 var_1 +
3268,115 22 30 70 113,29,115 8 46 80 113,22,8,7,0,8,18,22,var_0 counter_var_1 +,15,counter_var_0 var_1 +
3269,115 91 55 48 113,13,115 20 6 56 113,4,20,9,6,17,25,10,var_0 counter_var_1 +,29,counter_var_0 var_1 +
3270,115 17 102 16 113,27,115 32 23 4 113,17,3,10,0,16,4,17,var_0 counter_var_1 +,13,counter_var_0 var_1 +
3271,115 19 85 3 113,35,115 7 9 87 113,19,7,16,9,3,25,28,var_0 counter_var_1 +,23,counter_var_0 var_1 +
3272,115 43 91 33 113,36,115 10 38 20 113,14,10,22,15,2,20,29,var_0 counter_var_1 +,32,counter_var_0 var_1 +
3273,115 58 62 41 113,16,115 26 4 52 113,0,26,16,4,10,21,4,var_0 counter_var_1 +,42,counter_var_0 var_1 +
3274,115 106 53 51 113,26,115 14 31 109 113,19,14,7,8,20,16,27,var_0 counter_var_1 +,21,counter_var_0 var_1 +
3275,115 107 67 46 113,41,115 93 24 5 113,20,6,21,1,15,5,21,var_0 counter_var_1 +,27,counter_var_0 var_1 +
3276,115 72 62 41 113,30,115 110 63 43 113,14,23,16,17,10,12,31,var_0 counter_var_1 +,39,counter_var_0 var_1 +
3277,115 69 105 62 113,24,115 45 51 97 113,11,16,13,5,0,4,16,var_0 counter_var_1 +,29,counter_var_0 var_1 +
3278,115 37 43 110 113,28,115 6 69 99 113,8,6,20,0,17,6,8,var_0 counter_var_1 +,26,counter_var_0 var_1 +
3279,115 90 79 57 113,13,115 111 16 94 113,3,24,10,16,26,1,19,var_0 counter_var_1 +,34,counter_var_0 var_1 +
3280,115 84 106 35 113,40,115 74 3 15 113,26,16,14,3,4,15,29,var_0 counter_var_1 +,30,counter_var_0 var_1 +
3281,115 44 4 52 113,19,115 69 96 6 113,15,11,4,4,21,6,19,var_0 counter_var_1 +,15,counter_var_0 var_1 +
3282,115 13 88 66 113,32,115 89 63 43 113,13,2,19,17,4,12,30,var_0 counter_var_1 +,21,counter_var_0 var_1 +
3283,115 10 78 65 113,19,115 47 60 44 113,10,18,9,14,3,13,24,var_0 counter_var_1 +,27,counter_var_0 var_1 +
3284,115 29 64 19 113,18,115 0 96 6 113,0,0,18,4,19,6,4,var_0 counter_var_1 +,18,counter_var_0 var_1 +
3285,115 102 50 77 113,19,115 23 26 112 113,15,23,4,3,15,19,18,var_0 counter_var_1 +,27,counter_var_0 var_1 +
3286,115 76 83 38 113,32,115 88 16 94 113,18,1,14,16,7,1,34,var_0 counter_var_1 +,15,counter_var_0 var_1 +
3287,115 6 19 86 113,25,115 22 88 66 113,6,22,19,19,24,4,25,var_0 counter_var_1 +,41,counter_var_0 var_1 +
3288,115 102 52 95 113,21,115 20 72 71 113,15,20,6,3,2,9,18,var_0 counter_var_1 +,26,counter_var_0 var_1 +
3289,115 91 36 106 113,17,115 26 94 39 113,4,26,13,2,13,8,6,var_0 counter_var_1 +,39,counter_var_0 var_1 +
3290,115 64 32 64 113,15,115 83 65 17 113,6,25,9,19,2,17,25,var_0 counter_var_1 +,34,counter_var_0 var_1 +
3291,115 62 99 85 113,11,115 27 5 47 113,4,27,7,5,23,16,9,var_0 counter_var_1 +,34,counter_var_0 var_1 +
3292,115 111 86 45 113,41,115 54 102 16 113,24,25,17,10,14,16,34,var_0 counter_var_1 +,42,counter_var_0 var_1 +
3293,115 60 2 63 113,4,115 110 51 97 113,2,23,2,5,1,4,7,var_0 counter_var_1 +,25,counter_var_0 var_1 +
3294,115 4 89 28 113,24,115 105 25 111 113,4,18,20,2,28,18,6,var_0 counter_var_1 +,38,counter_var_0 var_1 +
3295,115 108 110 61 113,39,115 58 63 43 113,21,0,18,17,30,12,38,var_0 counter_var_1 +,18,counter_var_0 var_1 +
3296,115 59 112 103 113,21,115 66 72 71 113,1,8,20,3,10,9,4,var_0 counter_var_1 +,28,counter_var_0 var_1 +
3297,115 12 47 34 113,13,115 97 1 40 113,12,10,1,1,3,9,13,var_0 counter_var_1 +,11,counter_var_0 var_1 +
3298,115 1 95 29 113,4,115 92 99 85 113,1,5,3,7,29,23,8,var_0 counter_var_1 +,8,counter_var_0 var_1 +
3299,115 30 1 40 113,2,115 75 8 26 113,1,17,1,8,9,26,9,var_0 counter_var_1 +,18,counter_var_0 var_1 +
3300,115 17 94 39 113,19,115 33 62 41 113,17,4,2,16,8,10,33,var_0 counter_var_1 +,6,counter_var_0 var_1 +
3301,115 87 68 100 113,22,115 60 12 21 113,0,2,22,12,7,21,12,var_0 counter_var_1 +,24,counter_var_0 var_1 +
3302,115 103 54 83 113,24,115 54 88 66 113,16,25,8,19,21,4,35,var_0 counter_var_1 +,33,counter_var_0 var_1 +
3303,115 49 59 23 113,33,115 70 41 22 113,20,12,13,18,23,22,38,var_0 counter_var_1 +,25,counter_var_0 var_1 +
3304,115 88 109 79 113,18,115 21 42 55 113,1,21,17,19,17,24,20,var_0 counter_var_1 +,38,counter_var_0 var_1 +
3305,115 20 70 36 113,21,115 79 83 38 113,20,21,1,14,5,7,34,var_0 counter_var_1 +,22,counter_var_0 var_1 +
3306,115 36 37 42 113,21,115 8 51 97 113,7,8,14,5,11,4,12,var_0 counter_var_1 +,22,counter_var_0 var_1 +
3307,115 6 55 48 113,15,115 49 59 23 113,6,20,9,13,17,23,19,var_0 counter_var_1 +,29,counter_var_0 var_1 +
3308,115 44 67 46 113,36,115 16 17 108 113,15,16,21,17,15,15,32,var_0 counter_var_1 +,37,counter_var_0 var_1 +
3309,115 32 48 89 113,5,115 86 60 44 113,3,28,2,14,27,13,17,var_0 counter_var_1 +,30,counter_var_0 var_1 +
3310,115 1 0 101 113,1,115 104 61 18 113,1,17,0,15,8,18,16,var_0 counter_var_1 +,17,counter_var_0 var_1 +
3311,115 105 19 86 113,37,115 32 111 12 113,18,3,19,19,24,12,37,var_0 counter_var_1 +,22,counter_var_0 var_1 +
3312,115 76 29 25 113,24,115 29 71 74 113,18,0,6,2,25,12,20,var_0 counter_var_1 +,6,counter_var_0 var_1 +
3313,115 16 92 2 113,16,115 44 18 73 113,16,15,0,18,2,11,34,var_0 counter_var_1 +,15,counter_var_0 var_1 +
3314,115 4 15 53 113,19,115 68 85 3 113,4,10,15,16,22,3,20,var_0 counter_var_1 +,25,counter_var_0 var_1 +
3315,115 19 46 80 113,19,115 4 18 73 113,19,4,0,18,18,11,37,var_0 counter_var_1 +,4,counter_var_0 var_1 +
3316,115 1 65 17 113,20,115 48 15 53 113,1,19,19,15,17,22,16,var_0 counter_var_1 +,38,counter_var_0 var_1 +
3317,115 103 29 25 113,22,115 65 44 107 113,16,7,6,21,25,14,37,var_0 counter_var_1 +,13,counter_var_0 var_1 +
3318,115 39 57 1 113,21,115 96 27 88 113,10,9,11,4,1,26,14,var_0 counter_var_1 +,20,counter_var_0 var_1 +
3319,115 78 0 101 113,20,115 59 53 51 113,20,1,0,7,8,20,27,var_0 counter_var_1 +,1,counter_var_0 var_1 +
3320,115 111 6 56 113,30,115 12 65 17 113,24,12,6,19,25,17,43,var_0 counter_var_1 +,18,counter_var_0 var_1 +
3321,115 56 33 50 113,37,115 81 35 9 113,27,23,10,12,19,9,39,var_0 counter_var_1 +,33,counter_var_0 var_1 +
3322,115 74 94 39 113,18,115 52 51 97 113,16,23,2,5,8,4,21,var_0 counter_var_1 +,25,counter_var_0 var_1 +
3323,115 60 70 36 113,3,115 90 8 26 113,2,3,1,8,5,26,10,var_0 counter_var_1 +,4,counter_var_0 var_1 +
3324,115 47 15 53 113,33,115 23 22 75 113,18,23,15,22,22,13,40,var_0 counter_var_1 +,38,counter_var_0 var_1 +
3325,115 3 47 34 113,4,115 2 54 83 113,3,2,1,8,3,21,11,var_0 counter_var_1 +,3,counter_var_0 var_1 +
3326,115 74 83 38 113,30,115 3 41 22 113,16,3,14,18,7,22,34,var_0 counter_var_1 +,17,counter_var_0 var_1 +
3327,115 85 91 33 113,49,115 81 101 104 113,27,23,22,9,2,11,36,var_0 counter_var_1 +,45,counter_var_0 var_1 +
3328,115 74 86 45 113,33,115 6 35 9 113,16,6,17,12,14,9,28,var_0 counter_var_1 +,23,counter_var_0 var_1 +
3329,115 100 90 90 113,34,115 108 104 84 113,13,21,21,12,28,22,25,var_0 counter_var_1 +,42,counter_var_0 var_1 +
3330,115 105 36 106 113,31,115 15 10 68 113,18,15,13,10,13,6,28,var_0 counter_var_1 +,28,counter_var_0 var_1 +
3331,115 56 52 95 113,33,115 23 107 60 113,27,23,6,15,2,29,42,var_0 counter_var_1 +,29,counter_var_0 var_1 +
3332,115 45 111 12 113,35,115 23 62 41 113,16,23,19,16,12,10,32,var_0 counter_var_1 +,42,counter_var_0 var_1 +
3333,115 23 54 83 113,31,115 41 109 79 113,23,12,8,17,21,17,40,var_0 counter_var_1 +,20,counter_var_0 var_1 +
3334,115 65 27 88 113,11,115 3 61 18 113,7,3,4,15,26,18,22,var_0 counter_var_1 +,7,counter_var_0 var_1 +
3335,115 63 77 105 113,13,115 88 98 78 113,5,1,8,6,12,16,11,var_0 counter_var_1 +,9,counter_var_0 var_1 +
3336,115 51 42 55 113,41,115 58 11 30 113,22,0,19,11,24,30,33,var_0 counter_var_1 +,19,counter_var_0 var_1 +
3337,115 4 59 23 113,17,115 75 60 44 113,4,17,13,14,23,13,18,var_0 counter_var_1 +,30,counter_var_0 var_1 +
3338,115 65 83 38 113,21,115 32 34 27 113,7,3,14,11,7,27,18,var_0 counter_var_1 +,17,counter_var_0 var_1 +
3339,115 112 56 59 113,35,115 66 34 27 113,25,8,10,11,28,27,36,var_0 counter_var_1 +,18,counter_var_0 var_1 +
3340,115 44 47 34 113,16,115 30 103 49 113,15,1,1,11,3,18,26,var_0 counter_var_1 +,2,counter_var_0 var_1 +
3341,115 95 8 26 113,16,115 91 96 6 113,8,4,8,4,26,6,12,var_0 counter_var_1 +,12,counter_var_0 var_1 +
3342,115 84 101 104 113,35,115 104 73 96 113,26,17,9,4,11,3,30,var_0 counter_var_1 +,26,counter_var_0 var_1 +
3343,115 89 46 80 113,2,115 87 28 7 113,2,0,0,5,18,7,7,var_0 counter_var_1 +,0,counter_var_0 var_1 +
3344,115 28 44 107 113,49,115 10 0 101 113,28,10,21,0,14,8,28,var_0 counter_var_1 +,31,counter_var_0 var_1 +
3345,115 61 19 86 113,22,115 6 105 62 113,3,6,19,13,24,0,16,var_0 counter_var_1 +,25,counter_var_0 var_1 +
3346,115 56 0 101 113,27,115 72 64 19 113,27,14,0,18,8,19,45,var_0 counter_var_1 +,14,counter_var_0 var_1 +
3347,115 1 11 30 113,12,115 35 95 29 113,1,6,11,3,30,29,4,var_0 counter_var_1 +,17,counter_var_0 var_1 +
3348,115 112 45 76 113,47,115 73 84 32 113,25,15,22,15,14,1,40,var_0 counter_var_1 +,37,counter_var_0 var_1 +
3349,115 48 67 46 113,40,115 18 60 44 113,19,18,21,14,15,13,33,var_0 counter_var_1 +,39,counter_var_0 var_1 +
3350,115 76 108 58 113,34,115 4 61 18 113,18,4,16,15,27,18,33,var_0 counter_var_1 +,20,counter_var_0 var_1 +
3351,115 26 100 0 113,34,115 67 105 62 113,26,9,8,13,0,0,39,var_0 counter_var_1 +,17,counter_var_0 var_1 +
3352,115 79 62 41 113,37,115 10 49 72 113,21,10,16,3,10,10,24,var_0 counter_var_1 +,26,counter_var_0 var_1 +
3353,115 44 84 32 113,30,115 20 94 39 113,15,20,15,2,1,8,17,var_0 counter_var_1 +,35,counter_var_0 var_1 +
3354,115 48 24 5 113,20,115 66 17 108 113,19,8,1,17,5,15,36,var_0 counter_var_1 +,9,counter_var_0 var_1 +
3355,115 83 50 77 113,29,115 80 63 43 113,25,22,4,17,15,12,42,var_0 counter_var_1 +,26,counter_var_0 var_1 +
3356,115 75 16 94 113,33,115 19 2 63 113,17,19,16,2,1,1,19,var_0 counter_var_1 +,35,counter_var_0 var_1 +
3357,115 70 4 52 113,16,115 35 3 15 113,12,6,4,3,21,15,15,var_0 counter_var_1 +,10,counter_var_0 var_1 +
3358,115 85 45 76 113,49,115 86 112 103 113,27,28,22,20,14,10,47,var_0 counter_var_1 +,50,counter_var_0 var_1 +
3359,115 95 0 101 113,8,115 104 29 25 113,8,17,0,6,8,25,14,var_0 counter_var_1 +,17,counter_var_0 var_1 +
3360,115 47 90 90 113,39,115 74 66 102 113,18,16,21,20,28,9,38,var_0 counter_var_1 +,37,counter_var_0 var_1 +
3361,115 111 87 69 113,42,115 112 2 63 113,24,25,18,2,7,1,26,var_0 counter_var_1 +,43,counter_var_0 var_1 +
3362,115 31 69 99 113,2,115 24 20 8 113,2,24,0,20,6,8,22,var_0 counter_var_1 +,24,counter_var_0 var_1 +
3363,115 34 47 34 113,6,115 27 90 90 113,5,27,1,21,3,28,26,var_0 counter_var_1 +,28,counter_var_0 var_1 +
3364,115 87 83 38 113,14,115 63 9 87 113,0,5,14,9,7,25,9,var_0 counter_var_1 +,19,counter_var_0 var_1 +
3365,115 109 67 46 113,43,115 101 55 48 113,22,14,21,9,15,17,31,var_0 counter_var_1 +,35,counter_var_0 var_1 +
3366,115 100 58 98 113,25,115 82 43 110 113,13,24,12,20,5,17,33,var_0 counter_var_1 +,36,counter_var_0 var_1 +
3367,115 24 29 25 113,30,115 60 67 46 113,24,2,6,21,25,15,45,var_0 counter_var_1 +,8,counter_var_0 var_1 +
3368,115 39 107 60 113,25,115 44 50 77 113,10,15,15,4,29,15,14,var_0 counter_var_1 +,30,counter_var_0 var_1 +
3369,115 83 91 33 113,47,115 52 103 49 113,25,23,22,11,2,18,36,var_0 counter_var_1 +,45,counter_var_0 var_1 +
3370,115 100 2 63 113,15,115 44 80 31 113,13,15,2,11,1,0,24,var_0 counter_var_1 +,17,counter_var_0 var_1 +
3371,115 6 68 100 113,28,115 61 97 81 113,6,3,22,5,7,19,11,var_0 counter_var_1 +,25,counter_var_0 var_1 +
3372,115 16 109 79 113,33,115 105 103 49 113,16,18,17,11,17,18,27,var_0 counter_var_1 +,35,counter_var_0 var_1 +
3373,115 23 78 65 113,32,115 55 67 46 113,23,26,9,21,3,15,44,var_0 counter_var_1 +,35,counter_var_0 var_1 +
3374,115 13 108 58 113,29,115 37 65 17 113,13,8,16,19,27,17,32,var_0 counter_var_1 +,24,counter_var_0 var_1 +
3375,115 84 41 22 113,44,115 95 57 1 113,26,8,18,11,22,1,37,var_0 counter_var_1 +,26,counter_var_0 var_1 +
3376,115 2 24 5 113,3,115 29 12 21 113,2,0,1,12,5,21,14,var_0 counter_var_1 +,1,counter_var_0 var_1 +
3377,115 22 57 1 113,33,115 29 62 41 113,22,0,11,16,1,10,38,var_0 counter_var_1 +,11,counter_var_0 var_1 +
3378,115 23 110 61 113,41,115 21 35 9 113,23,21,18,12,30,9,35,var_0 counter_var_1 +,39,counter_var_0 var_1 +
3379,115 84 3 15 113,29,115 12 64 19 113,26,12,3,18,15,19,44,var_0 counter_var_1 +,15,counter_var_0 var_1 +
3380,115 24 105 62 113,37,115 28 94 39 113,24,28,13,2,0,8,26,var_0 counter_var_1 +,41,counter_var_0 var_1 +
3381,115 47 81 54 113,30,115 74 46 80 113,18,16,12,0,23,18,18,var_0 counter_var_1 +,28,counter_var_0 var_1 +
3382,115 53 51 97 113,29,115 1 66 102 113,24,1,5,20,4,9,44,var_0 counter_var_1 +,6,counter_var_0 var_1 +
3383,115 71 81 54 113,25,115 105 12 21 113,13,18,12,12,23,21,25,var_0 counter_var_1 +,30,counter_var_0 var_1 +
3384,115 70 3 15 113,15,115 46 77 105 113,12,17,3,8,15,12,20,var_0 counter_var_1 +,20,counter_var_0 var_1 +
3385,115 100 88 66 113,32,115 62 5 47 113,13,4,19,5,4,16,18,var_0 counter_var_1 +,23,counter_var_0 var_1 +
3386,115 38 40 11 113,26,115 111 22 75 113,9,24,17,22,11,13,31,var_0 counter_var_1 +,41,counter_var_0 var_1 +
3387,115 105 34 27 113,29,115 99 18 73 113,18,12,11,18,27,11,36,var_0 counter_var_1 +,23,counter_var_0 var_1 +
3388,115 72 105 62 113,27,115 79 24 5 113,14,21,13,1,0,5,15,var_0 counter_var_1 +,34,counter_var_0 var_1 +
3389,115 108 25 111 113,23,115 71 45 76 113,21,13,2,22,18,14,43,var_0 counter_var_1 +,15,counter_var_0 var_1 +
3390,115 53 110 61 113,42,115 52 10 68 113,24,23,18,10,30,6,34,var_0 counter_var_1 +,41,counter_var_0 var_1 +
3391,115 69 53 51 113,18,115 13 58 98 113,11,13,7,12,20,5,23,var_0 counter_var_1 +,20,counter_var_0 var_1 +
3392,115 110 108 58 113,39,115 8 0 101 113,23,8,16,0,27,8,23,var_0 counter_var_1 +,24,counter_var_0 var_1 +
3393,115 2 35 9 113,14,115 77 45 76 113,2,19,12,22,9,14,24,var_0 counter_var_1 +,31,counter_var_0 var_1 +
3394,115 86 82 67 113,41,115 110 6 56 113,28,23,13,6,5,25,34,var_0 counter_var_1 +,36,counter_var_0 var_1 +
3395,115 82 83 38 113,38,115 104 91 33 113,24,17,14,22,7,2,46,var_0 counter_var_1 +,31,counter_var_0 var_1 +
3396,115 88 95 29 113,4,115 5 95 29 113,1,5,3,3,29,29,4,var_0 counter_var_1 +,8,counter_var_0 var_1 +
3397,115 30 21 92 113,22,115 2 86 45 113,1,2,21,17,30,14,18,var_0 counter_var_1 +,23,counter_var_0 var_1 +
3398,115 111 72 71 113,27,115 34 36 106 113,24,5,3,13,9,13,37,var_0 counter_var_1 +,8,counter_var_0 var_1 +
3399,115 110 4 52 113,27,115 36 52 95 113,23,7,4,6,21,2,29,var_0 counter_var_1 +,11,counter_var_0 var_1 +
3400,115 18 18 73 113,36,115 28 103 49 113,18,28,18,11,11,18,29,var_0 counter_var_1 +,46,counter_var_0 var_1 +
3401,115 84 74 13 113,31,115 66 71 74 113,26,8,5,2,13,12,28,var_0 counter_var_1 +,13,counter_var_0 var_1 +
3402,115 43 69 99 113,14,115 69 69 99 113,14,11,0,0,6,6,14,var_0 counter_var_1 +,11,counter_var_0 var_1 +
3403,115 93 57 1 113,17,115 75 72 71 113,6,17,11,3,1,9,9,var_0 counter_var_1 +,28,counter_var_0 var_1 +
3404,115 24 45 76 113,46,115 94 73 96 113,24,7,22,4,14,3,28,var_0 counter_var_1 +,29,counter_var_0 var_1 +
3405,115 47 87 69 113,36,115 89 49 72 113,18,2,18,3,7,10,21,var_0 counter_var_1 +,20,counter_var_0 var_1 +
3406,115 89 84 32 113,17,115 53 110 61 113,2,24,15,18,1,30,20,var_0 counter_var_1 +,39,counter_var_0 var_1 +
3407,115 105 22 75 113,40,115 110 109 79 113,18,23,22,17,13,17,35,var_0 counter_var_1 +,45,counter_var_0 var_1 +
3408,115 16 90 90 113,37,115 43 25 111 113,16,14,21,2,28,18,18,var_0 counter_var_1 +,35,counter_var_0 var_1 +
3409,115 1 72 71 113,4,115 26 13 91 113,1,26,3,13,9,29,14,var_0 counter_var_1 +,29,counter_var_0 var_1 +
3410,115 79 30 70 113,28,115 109 63 43 113,21,22,7,17,8,12,38,var_0 counter_var_1 +,29,counter_var_0 var_1 +
3411,115 96 27 88 113,13,115 54 96 6 113,9,25,4,4,26,6,13,var_0 counter_var_1 +,29,counter_var_0 var_1 +
3412,115 5 92 2 113,5,115 99 61 18 113,5,12,0,15,2,18,20,var_0 counter_var_1 +,12,counter_var_0 var_1 +
3413,115 18 41 22 113,36,115 50 77 105 113,18,21,18,8,22,12,26,var_0 counter_var_1 +,39,counter_var_0 var_1 +
3414,115 9 38 20 113,24,115 36 69 99 113,9,7,15,0,20,6,9,var_0 counter_var_1 +,22,counter_var_0 var_1 +
3415,115 36 40 11 113,24,115 58 70 36 113,7,0,17,1,11,5,8,var_0 counter_var_1 +,17,counter_var_0 var_1 +
3416,115 13 37 42 113,27,115 86 96 6 113,13,28,14,4,11,6,17,var_0 counter_var_1 +,42,counter_var_0 var_1 +
3417,115 74 32 64 113,25,115 18 51 97 113,16,18,9,5,2,4,21,var_0 counter_var_1 +,27,counter_var_0 var_1 +
3418,115 92 17 108 113,22,115 34 37 42 113,5,5,17,14,15,11,19,var_0 counter_var_1 +,22,counter_var_0 var_1 +
3419,115 52 111 12 113,42,115 72 77 105 113,23,14,19,8,12,12,31,var_0 counter_var_1 +,33,counter_var_0 var_1 +
3420,115 78 36 106 113,33,115 68 42 55 113,20,10,13,19,13,24,39,var_0 counter_var_1 +,23,counter_var_0 var_1 +
3421,115 56 30 70 113,34,115 41 85 3 113,27,12,7,16,8,3,43,var_0 counter_var_1 +,19,counter_var_0 var_1 +
3422,115 68 97 81 113,15,115 34 7 10 113,10,5,5,7,19,10,17,var_0 counter_var_1 +,10,counter_var_0 var_1 +
3423,115 24 100 0 113,32,115 47 13 91 113,24,18,8,13,0,29,37,var_0 counter_var_1 +,26,counter_var_0 var_1 +
3424,115 36 25 111 113,9,115 37 42 55 113,7,8,2,19,18,24,26,var_0 counter_var_1 +,10,counter_var_0 var_1 +
3425,115 31 35 9 113,14,115 3 12 21 113,2,3,12,12,9,21,14,var_0 counter_var_1 +,15,counter_var_0 var_1 +
3426,115 55 0 101 113,26,115 1 40 11 113,26,1,0,17,8,11,43,var_0 counter_var_1 +,1,counter_var_0 var_1 +
3427,115 75 30 70 113,24,115 65 35 9 113,17,7,7,12,8,9,29,var_0 counter_var_1 +,14,counter_var_0 var_1 +
3428,115 51 29 25 113,28,115 1 63 43 113,22,1,6,17,25,12,39,var_0 counter_var_1 +,7,counter_var_0 var_1 +
3429,115 15 106 35 113,29,115 106 38 20 113,15,19,14,15,4,20,30,var_0 counter_var_1 +,33,counter_var_0 var_1 +
3430,115 87 22 75 113,22,115 46 4 52 113,0,17,22,4,13,21,4,var_0 counter_var_1 +,39,counter_var_0 var_1 +
3431,115 63 50 77 113,9,115 73 12 21 113,5,15,4,12,15,21,17,var_0 counter_var_1 +,19,counter_var_0 var_1 +
3432,115 107 38 20 113,35,115 94 86 45 113,20,7,15,17,20,14,37,var_0 counter_var_1 +,22,counter_var_0 var_1 +
3433,115 12 9 87 113,21,115 4 97 81 113,12,4,9,5,25,19,17,var_0 counter_var_1 +,13,counter_var_0 var_1 +
3434,115 1 64 19 113,19,115 1 95 29 113,1,1,18,3,19,29,4,var_0 counter_var_1 +,19,counter_var_0 var_1 +
3435,115 40 72 71 113,14,115 68 20 8 113,11,10,3,20,9,8,31,var_0 counter_var_1 +,13,counter_var_0 var_1 +
3436,115 68 65 17 113,29,115 43 37 42 113,10,14,19,14,17,11,24,var_0 counter_var_1 +,33,counter_var_0 var_1 +
3437,115 39 97 81 113,15,115 106 104 84 113,10,19,5,12,19,22,22,var_0 counter_var_1 +,24,counter_var_0 var_1 +
3438,115 30 12 21 113,13,115 2 39 14 113,1,2,12,16,21,14,17,var_0 counter_var_1 +,14,counter_var_0 var_1 +
3439,115 102 103 49 113,26,115 29 67 46 113,15,0,11,21,18,15,36,var_0 counter_var_1 +,11,counter_var_0 var_1 +
3440,115 68 101 104 113,19,115 56 44 107 113,10,27,9,21,11,14,31,var_0 counter_var_1 +,36,counter_var_0 var_1 +
3441,115 23 35 9 113,35,115 43 93 37 113,23,14,12,1,9,6,24,var_0 counter_var_1 +,26,counter_var_0 var_1 +
3442,115 100 92 2 113,13,115 62 68 100 113,13,4,0,22,2,7,35,var_0 counter_var_1 +,4,counter_var_0 var_1 +
3443,115 46 75 82 113,23,115 7 109 79 113,17,7,6,17,20,17,34,var_0 counter_var_1 +,13,counter_var_0 var_1 +
3444,115 70 111 12 113,31,115 8 3 15 113,12,8,19,3,12,15,15,var_0 counter_var_1 +,27,counter_var_0 var_1 +
3445,115 109 10 68 113,32,115 25 47 34 113,22,25,10,1,6,3,23,var_0 counter_var_1 +,35,counter_var_0 var_1 +
3446,115 12 88 66 113,31,115 76 18 73 113,12,18,19,18,4,11,30,var_0 counter_var_1 +,37,counter_var_0 var_1 +
3447,115 44 99 85 113,22,115 7 17 108 113,15,7,7,17,23,15,32,var_0 counter_var_1 +,14,counter_var_0 var_1 +
3448,115 69 0 101 113,11,115 74 12 21 113,11,16,0,12,8,21,23,var_0 counter_var_1 +,16,counter_var_0 var_1 +
3449,115 13 12 21 113,25,115 74 64 19 113,13,16,12,18,21,19,31,var_0 counter_var_1 +,28,counter_var_0 var_1 +
3450,115 4 103 49 113,15,115 23 87 69 113,4,23,11,18,18,7,22,var_0 counter_var_1 +,34,counter_var_0 var_1 +
3451,115 6 37 42 113,20,115 16 49 72 113,6,16,14,3,11,10,9,var_0 counter_var_1 +,30,counter_var_0 var_1 +
3452,115 94 87 69 113,25,115 33 44 107 113,7,4,18,21,7,14,28,var_0 counter_var_1 +,22,counter_var_0 var_1 +
3453,115 17 13 91 113,30,115 93 90 90 113,17,6,13,21,29,28,38,var_0 counter_var_1 +,19,counter_var_0 var_1 +
3454,115 21 26 112 113,24,115 51 81 54 113,21,22,3,12,19,23,33,var_0 counter_var_1 +,25,counter_var_0 var_1 +
3455,115 80 1 40 113,23,115 42 82 67 113,22,13,1,13,9,5,35,var_0 counter_var_1 +,14,counter_var_0 var_1 +
3456,115 23 21 92 113,44,115 42 88 66 113,23,13,21,19,30,4,42,var_0 counter_var_1 +,34,counter_var_0 var_1 +
3457,115 17 89 28 113,37,115 61 0 101 113,17,3,20,0,28,8,17,var_0 counter_var_1 +,23,counter_var_0 var_1 +
3458,115 15 81 54 113,27,115 35 63 43 113,15,6,12,17,23,12,32,var_0 counter_var_1 +,18,counter_var_0 var_1 +
3459,115 0 40 11 113,17,115 32 57 1 113,0,3,17,11,11,1,11,var_0 counter_var_1 +,20,counter_var_0 var_1 +
3460,115 54 91 33 113,47,115 29 88 66 113,25,0,22,19,2,4,44,var_0 counter_var_1 +,22,counter_var_0 var_1 +
3461,115 8 109 79 113,25,115 25 18 73 113,8,25,17,18,17,11,26,var_0 counter_var_1 +,42,counter_var_0 var_1 +
3462,115 18 67 46 113,39,115 87 80 31 113,18,0,21,11,15,0,29,var_0 counter_var_1 +,21,counter_var_0 var_1 +
3463,115 89 11 30 113,13,115 4 80 31 113,2,4,11,11,30,0,13,var_0 counter_var_1 +,15,counter_var_0 var_1 +
3464,115 85 90 90 113,48,115 97 91 33 113,27,10,21,22,28,2,49,var_0 counter_var_1 +,31,counter_var_0 var_1 +
3465,115 50 43 110 113,41,115 65 8 26 113,21,7,20,8,17,26,29,var_0 counter_var_1 +,27,counter_var_0 var_1 +
3466,115 6 56 59 113,16,115 41 105 62 113,6,12,10,13,28,0,19,var_0 counter_var_1 +,22,counter_var_0 var_1 +
3467,115 7 91 33 113,29,115 110 68 100 113,7,23,22,22,2,7,29,var_0 counter_var_1 +,45,counter_var_0 var_1 +
3468,115 50 86 45 113,38,115 1 62 41 113,21,1,17,16,14,10,37,var_0 counter_var_1 +,18,counter_var_0 var_1 +
3469,115 102 95 29 113,18,115 71 102 16 113,15,13,3,10,29,16,25,var_0 counter_var_1 +,16,counter_var_0 var_1 +
3470,115 36 67 46 113,28,115 98 105 62 113,7,11,21,13,15,0,20,var_0 counter_var_1 +,32,counter_var_0 var_1 +
3471,115 101 61 18 113,29,115 95 27 88 113,14,8,15,4,18,26,18,var_0 counter_var_1 +,23,counter_var_0 var_1 +
3472,115 101 86 45 113,31,115 85 59 23 113,14,27,17,13,14,23,27,var_0 counter_var_1 +,44,counter_var_0 var_1 +
3473,115 17 4 52 113,21,115 28 16 94 113,17,28,4,16,21,1,33,var_0 counter_var_1 +,32,counter_var_0 var_1 +
3474,115 82 104 84 113,36,115 75 102 16 113,24,17,12,10,22,16,34,var_0 counter_var_1 +,29,counter_var_0 var_1 +
3475,115 16 13 91 113,29,115 59 72 71 113,16,1,13,3,29,9,19,var_0 counter_var_1 +,14,counter_var_0 var_1 +
3476,115 42 18 73 113,31,115 57 91 33 113,13,28,18,22,11,2,35,var_0 counter_var_1 +,46,counter_var_0 var_1 +
3477,115 110 38 20 113,38,115 79 5 47 113,23,21,15,5,20,16,28,var_0 counter_var_1 +,36,counter_var_0 var_1 +
3478,115 85 83 38 113,41,115 60 51 97 113,27,2,14,5,7,4,32,var_0 counter_var_1 +,16,counter_var_0 var_1 +
3479,115 112 98 78 113,31,115 84 17 108 113,25,26,6,17,16,15,42,var_0 counter_var_1 +,32,counter_var_0 var_1 +
3480,115 25 53 51 113,32,115 105 108 58 113,25,18,7,16,20,27,41,var_0 counter_var_1 +,25,counter_var_0 var_1 +
3481,115 17 43 110 113,37,115 100 28 7 113,17,13,20,5,17,7,22,var_0 counter_var_1 +,33,counter_var_0 var_1 +
3482,115 105 9 87 113,27,115 102 63 43 113,18,15,9,17,25,12,35,var_0 counter_var_1 +,24,counter_var_0 var_1 +
3483,115 61 46 80 113,3,115 29 55 48 113,3,0,0,9,18,17,12,var_0 counter_var_1 +,0,counter_var_0 var_1 +
3484,115 18 30 70 113,25,115 0 36 106 113,18,0,7,13,8,13,31,var_0 counter_var_1 +,7,counter_var_0 var_1 +
3485,115 81 50 77 113,27,115 45 3 15 113,23,16,4,3,15,15,26,var_0 counter_var_1 +,20,counter_var_0 var_1 +
3486,115 99 3 15 113,15,115 17 58 98 113,12,17,3,12,15,5,24,var_0 counter_var_1 +,20,counter_var_0 var_1 +
3487,115 57 41 22 113,46,115 109 10 68 113,28,22,18,10,22,6,38,var_0 counter_var_1 +,40,counter_var_0 var_1 +
3488,115 48 85 3 113,35,115 110 18 73 113,19,23,16,18,3,11,37,var_0 counter_var_1 +,39,counter_var_0 var_1 +
3489,115 55 14 24 113,40,115 46 37 42 113,26,17,14,14,24,11,40,var_0 counter_var_1 +,31,counter_var_0 var_1 +
3490,115 20 73 96 113,24,115 108 86 45 113,20,21,4,17,3,14,37,var_0 counter_var_1 +,25,counter_var_0 var_1 +
3491,115 47 89 28 113,38,115 12 46 80 113,18,12,20,0,28,18,18,var_0 counter_var_1 +,32,counter_var_0 var_1 +
3492,115 92 36 106 113,18,115 96 15 53 113,5,9,13,15,13,22,20,var_0 counter_var_1 +,22,counter_var_0 var_1 +
3493,115 8 36 106 113,21,115 68 98 78 113,8,10,13,6,13,16,14,var_0 counter_var_1 +,23,counter_var_0 var_1 +
3494,115 103 107 60 113,31,115 33 17 108 113,16,4,15,17,29,15,33,var_0 counter_var_1 +,19,counter_var_0 var_1 +
3495,115 35 77 105 113,14,115 82 100 0 113,6,24,8,8,12,0,14,var_0 counter_var_1 +,32,counter_var_0 var_1 +
3496,115 32 12 21 113,15,115 112 23 4 113,3,25,12,0,21,4,3,var_0 counter_var_1 +,37,counter_var_0 var_1 +
3497,115 14 107 60 113,29,115 25 15 53 113,14,25,15,15,29,22,29,var_0 counter_var_1 +,40,counter_var_0 var_1 +
3498,115 61 22 75 113,25,115 76 91 33 113,3,18,22,22,13,2,25,var_0 counter_var_1 +,40,counter_var_0 var_1 +
3499,115 18 75 82 113,24,115 42 80 31 113,18,13,6,11,20,0,29,var_0 counter_var_1 +,19,counter_var_0 var_1 +
3500,115 18 106 35 113,32,115 67 45 76 113,18,9,14,22,4,14,40,var_0 counter_var_1 +,23,counter_var_0 var_1 +
3501,115 101 70 36 113,15,115 75 34 27 113,14,17,1,11,5,27,25,var_0 counter_var_1 +,18,counter_var_0 var_1 +
3502,115 101 88 66 113,33,115 47 65 17 113,14,18,19,19,4,17,33,var_0 counter_var_1 +,37,counter_var_0 var_1 +
3503,115 0 75 82 113,6,115 72 43 110 113,0,14,6,20,20,17,20,var_0 counter_var_1 +,20,counter_var_0 var_1 +
3504,115 22 20 8 113,42,115 97 107 60 113,22,10,20,15,8,29,37,var_0 counter_var_1 +,30,counter_var_0 var_1 +
3505,115 55 48 89 113,28,115 83 69 99 113,26,25,2,0,27,6,26,var_0 counter_var_1 +,27,counter_var_0 var_1 +
3506,115 27 72 71 113,30,115 28 99 85 113,27,28,3,7,9,23,34,var_0 counter_var_1 +,31,counter_var_0 var_1 +
3507,115 8 38 20 113,23,115 79 100 0 113,8,21,15,8,20,0,16,var_0 counter_var_1 +,36,counter_var_0 var_1 +
3508,115 108 61 18 113,36,115 83 3 15 113,21,25,15,3,18,15,24,var_0 counter_var_1 +,40,counter_var_0 var_1 +
3509,115 90 38 20 113,18,115 4 37 42 113,3,4,15,14,20,11,17,var_0 counter_var_1 +,19,counter_var_0 var_1 +
3510,115 29 57 1 113,11,115 60 43 110 113,0,2,11,20,1,17,20,var_0 counter_var_1 +,13,counter_var_0 var_1 +
3511,115 69 101 104 113,20,115 79 95 29 113,11,21,9,3,11,29,14,var_0 counter_var_1 +,30,counter_var_0 var_1 +
3512,115 84 103 49 113,37,115 39 83 38 113,26,10,11,14,18,7,40,var_0 counter_var_1 +,21,counter_var_0 var_1 +
3513,115 44 59 23 113,28,115 25 86 45 113,15,25,13,17,23,14,32,var_0 counter_var_1 +,38,counter_var_0 var_1 +
3514,115 15 10 68 113,25,115 101 87 69 113,15,14,10,18,6,7,33,var_0 counter_var_1 +,24,counter_var_0 var_1 +
3515,115 77 60 44 113,33,115 13 85 3 113,19,13,14,16,13,3,35,var_0 counter_var_1 +,27,counter_var_0 var_1 +
3516,115 34 18 73 113,23,115 10 33 50 113,5,10,18,10,11,19,15,var_0 counter_var_1 +,28,counter_var_0 var_1 +
3517,115 4 24 5 113,5,115 102 76 93 113,4,15,1,7,5,0,11,var_0 counter_var_1 +,16,counter_var_0 var_1 +
3518,115 57 2 63 113,30,115 89 67 46 113,28,2,2,21,1,15,49,var_0 counter_var_1 +,4,counter_var_0 var_1 +
3519,115 61 107 60 113,18,115 31 57 1 113,3,2,15,11,29,1,14,var_0 counter_var_1 +,17,counter_var_0 var_1 +
3520,115 73 108 58 113,31,115 47 32 64 113,15,18,16,9,27,2,24,var_0 counter_var_1 +,34,counter_var_0 var_1 +
3521,115 35 5 47 113,11,115 79 3 15 113,6,21,5,3,16,15,9,var_0 counter_var_1 +,26,counter_var_0 var_1 +
3522,115 33 29 25 113,10,115 2 69 99 113,4,2,6,0,25,6,4,var_0 counter_var_1 +,8,counter_var_0 var_1 +
3523,115 98 26 112 113,14,115 43 27 88 113,11,14,3,4,19,26,15,var_0 counter_var_1 +,17,counter_var_0 var_1 +
3524,115 51 9 87 113,31,115 16 92 2 113,22,16,9,0,25,2,22,var_0 counter_var_1 +,25,counter_var_0 var_1 +
3525,115 59 56 59 113,11,115 1 105 62 113,1,1,10,13,28,0,14,var_0 counter_var_1 +,11,counter_var_0 var_1 +
3526,115 13 27 88 113,17,115 9 38 20 113,13,9,4,15,26,20,28,var_0 counter_var_1 +,13,counter_var_0 var_1 +
3527,115 94 38 20 113,22,115 78 108 58 113,7,20,15,16,20,27,23,var_0 counter_var_1 +,35,counter_var_0 var_1 +
3528,115 4 61 18 113,19,115 81 67 46 113,4,23,15,21,18,15,25,var_0 counter_var_1 +,38,counter_var_0 var_1 +
3529,115 52 68 100 113,45,115 3 52 95 113,23,3,22,6,7,2,29,var_0 counter_var_1 +,25,counter_var_0 var_1 +
3530,115 101 89 28 113,34,115 14 90 90 113,14,14,20,21,28,28,35,var_0 counter_var_1 +,34,counter_var_0 var_1 +
3531,115 85 38 20 113,42,115 85 98 78 113,27,27,15,6,20,16,33,var_0 counter_var_1 +,42,counter_var_0 var_1 +
3532,115 26 0 101 113,26,115 59 94 39 113,26,1,0,2,8,8,28,var_0 counter_var_1 +,1,counter_var_0 var_1 +
3533,115 1 25 111 113,3,115 108 4 52 113,1,21,2,4,18,21,5,var_0 counter_var_1 +,23,counter_var_0 var_1 +
3534,115 44 48 89 113,17,115 4 43 110 113,15,4,2,20,27,17,35,var_0 counter_var_1 +,6,counter_var_0 var_1 +
3535,115 74 80 31 113,27,115 96 41 22 113,16,9,11,18,0,22,34,var_0 counter_var_1 +,20,counter_var_0 var_1 +
3536,115 83 30 70 113,32,115 56 63 43 113,25,27,7,17,8,12,42,var_0 counter_var_1 +,34,counter_var_0 var_1 +
3537,115 67 38 20 113,24,115 73 100 0 113,9,15,15,8,20,0,17,var_0 counter_var_1 +,30,counter_var_0 var_1 +
3538,115 101 95 29 113,17,115 6 58 98 113,14,6,3,12,29,5,26,var_0 counter_var_1 +,9,counter_var_0 var_1 +
3539,115 97 22 75 113,32,115 82 98 78 113,10,24,22,6,13,16,16,var_0 counter_var_1 +,46,counter_var_0 var_1 +
3540,115 40 96 6 113,15,115 14 36 106 113,11,14,4,13,6,13,24,var_0 counter_var_1 +,18,counter_var_0 var_1 +
3541,115 108 76 93 113,28,115 78 49 72 113,21,20,7,3,0,10,24,var_0 counter_var_1 +,27,counter_var_0 var_1 +
3542,115 13 111 12 113,32,115 31 67 46 113,13,2,19,21,12,15,34,var_0 counter_var_1 +,21,counter_var_0 var_1 +
3543,115 85 15 53 113,42,115 10 103 49 113,27,10,15,11,22,18,38,var_0 counter_var_1 +,25,counter_var_0 var_1 +
3544,115 14 8 26 113,22,115 85 48 89 113,14,27,8,2,26,27,16,var_0 counter_var_1 +,35,counter_var_0 var_1 +
3545,115 94 15 53 113,22,115 25 103 49 113,7,25,15,11,22,18,18,var_0 counter_var_1 +,40,counter_var_0 var_1 +
3546,115 10 84 32 113,25,115 71 10 68 113,10,13,15,10,1,6,20,var_0 counter_var_1 +,28,counter_var_0 var_1 +
3547,115 58 64 19 113,18,115 30 83 38 113,0,1,18,14,19,7,14,var_0 counter_var_1 +,19,counter_var_0 var_1 +
3548,115 42 104 84 113,25,115 31 39 14 113,13,2,12,16,22,14,29,var_0 counter_var_1 +,14,counter_var_0 var_1 +
3549,115 24 7 10 113,31,115 110 9 87 113,24,23,7,9,10,25,33,var_0 counter_var_1 +,30,counter_var_0 var_1 +
3550,115 26 92 2 113,26,115 23 20 8 113,26,23,0,20,2,8,46,var_0 counter_var_1 +,23,counter_var_0 var_1 +
3551,115 61 6 56 113,9,115 35 72 71 113,3,6,6,3,25,9,6,var_0 counter_var_1 +,12,counter_var_0 var_1 +
3552,115 39 19 86 113,29,115 109 78 65 113,10,22,19,9,24,3,19,var_0 counter_var_1 +,41,counter_var_0 var_1 +
3553,115 48 60 44 113,33,115 105 23 4 113,19,18,14,0,13,4,19,var_0 counter_var_1 +,32,counter_var_0 var_1 +
3554,115 2 110 61 113,20,115 18 13 91 113,2,18,18,13,30,29,15,var_0 counter_var_1 +,36,counter_var_0 var_1 +
3555,115 19 89 28 113,39,115 68 77 105 113,19,10,20,8,28,12,27,var_0 counter_var_1 +,30,counter_var_0 var_1 +
3556,115 48 25 111 113,21,115 9 108 58 113,19,9,2,16,18,27,35,var_0 counter_var_1 +,11,counter_var_0 var_1 +
3557,115 24 112 103 113,44,115 51 67 46 113,24,22,20,21,10,15,45,var_0 counter_var_1 +,42,counter_var_0 var_1 +
3558,115 66 73 96 113,12,115 77 64 19 113,8,19,4,18,3,19,26,var_0 counter_var_1 +,23,counter_var_0 var_1 +
3559,115 73 41 22 113,33,115 96 37 42 113,15,9,18,14,22,11,29,var_0 counter_var_1 +,27,counter_var_0 var_1 +
3560,115 12 42 55 113,31,115 32 96 6 113,12,3,19,4,24,6,16,var_0 counter_var_1 +,22,counter_var_0 var_1 +
3561,115 37 94 39 113,10,115 51 89 28 113,8,22,2,20,8,28,28,var_0 counter_var_1 +,24,counter_var_0 var_1 +
3562,115 30 40 11 113,18,115 10 37 42 113,1,10,17,14,11,11,15,var_0 counter_var_1 +,27,counter_var_0 var_1 +
3563,115 86 109 79 113,45,115 57 48 89 113,28,28,17,2,17,27,30,var_0 counter_var_1 +,45,counter_var_0 var_1 +
3564,115 21 97 81 113,26,115 96 61 18 113,21,9,5,15,19,18,36,var_0 counter_var_1 +,14,counter_var_0 var_1 +
3565,115 91 11 30 113,15,115 51 64 19 113,4,22,11,18,30,19,22,var_0 counter_var_1 +,33,counter_var_0 var_1 +
3566,115 100 31 109 113,21,115 106 51 97 113,13,19,8,5,16,4,18,var_0 counter_var_1 +,27,counter_var_0 var_1 +
3567,115 28 103 49 113,39,115 16 84 32 113,28,16,11,15,18,1,43,var_0 counter_var_1 +,27,counter_var_0 var_1 +
3568,115 1 110 61 113,19,115 108 44 107 113,1,21,18,21,30,14,22,var_0 counter_var_1 +,39,counter_var_0 var_1 +
3569,115 70 59 23 113,25,115 26 82 67 113,12,26,13,13,23,5,25,var_0 counter_var_1 +,39,counter_var_0 var_1 +
3570,115 102 84 32 113,30,115 50 30 70 113,15,21,15,7,1,8,22,var_0 counter_var_1 +,36,counter_var_0 var_1 +
3571,115 39 90 90 113,31,115 5 27 88 113,10,5,21,4,28,26,14,var_0 counter_var_1 +,26,counter_var_0 var_1 +
3572,115 69 96 6 113,15,115 67 112 103 113,11,9,4,20,6,10,31,var_0 counter_var_1 +,13,counter_var_0 var_1 +
3573,115 102 55 48 113,24,115 84 0 101 113,15,26,9,0,17,8,15,var_0 counter_var_1 +,35,counter_var_0 var_1 +
3574,115 83 15 53 113,40,115 32 101 104 113,25,3,15,9,22,11,34,var_0 counter_var_1 +,18,counter_var_0 var_1 +
3575,115 54 37 42 113,39,115 76 73 96 113,25,18,14,4,11,3,29,var_0 counter_var_1 +,32,counter_var_0 var_1 +
3576,115 97 87 69 113,28,115 25 83 38 113,10,25,18,14,7,7,24,var_0 counter_var_1 +,43,counter_var_0 var_1 +
3577,115 60 44 107 113,23,115 22 77 105 113,2,22,21,8,14,12,10,var_0 counter_var_1 +,43,counter_var_0 var_1 +
3578,115 70 72 71 113,15,115 93 80 31 113,12,6,3,11,9,0,23,var_0 counter_var_1 +,9,counter_var_0 var_1 +
3579,115 3 99 85 113,10,115 60 98 78 113,3,2,7,6,23,16,9,var_0 counter_var_1 +,9,counter_var_0 var_1 +
3580,115 11 48 89 113,13,115 39 112 103 113,11,10,2,20,27,10,31,var_0 counter_var_1 +,12,counter_var_0 var_1 +
3581,115 30 41 22 113,19,115 100 59 23 113,1,13,18,13,22,23,14,var_0 counter_var_1 +,31,counter_var_0 var_1 +
3582,115 47 70 36 113,19,115 27 54 83 113,18,27,1,8,5,21,26,var_0 counter_var_1 +,28,counter_var_0 var_1 +
3583,115 57 73 96 113,32,115 60 52 95 113,28,2,4,6,3,2,34,var_0 counter_var_1 +,6,counter_var_0 var_1 +
3584,115 106 12 21 113,31,115 41 89 28 113,19,12,12,20,21,28,39,var_0 counter_var_1 +,24,counter_var_0 var_1 +
3585,115 36 53 51 113,14,115 45 12 21 113,7,16,7,12,20,21,19,var_0 counter_var_1 +,23,counter_var_0 var_1 +
3586,115 9 7 10 113,16,115 97 8 26 113,9,10,7,8,10,26,17,var_0 counter_var_1 +,17,counter_var_0 var_1 +
3587,115 52 53 51 113,30,115 103 65 17 113,23,16,7,19,20,17,42,var_0 counter_var_1 +,23,counter_var_0 var_1 +
3588,115 29 15 53 113,15,115 76 45 76 113,0,18,15,22,22,14,22,var_0 counter_var_1 +,33,counter_var_0 var_1 +
3589,115 8 77 105 113,16,115 46 20 8 113,8,17,8,20,12,8,28,var_0 counter_var_1 +,25,counter_var_0 var_1 +
3590,115 77 11 30 113,30,115 47 67 46 113,19,18,11,21,30,15,40,var_0 counter_var_1 +,29,counter_var_0 var_1 +
3591,115 102 28 7 113,20,115 40 89 28 113,15,11,5,20,7,28,35,var_0 counter_var_1 +,16,counter_var_0 var_1 +
3592,115 80 75 82 113,28,115 8 88 66 113,22,8,6,19,20,4,41,var_0 counter_var_1 +,14,counter_var_0 var_1 +
3593,115 104 10 68 113,27,115 4 103 49 113,17,4,10,11,6,18,28,var_0 counter_var_1 +,14,counter_var_0 var_1 +
3594,115 90 13 91 113,16,115 11 5 47 113,3,11,13,5,29,16,8,var_0 counter_var_1 +,24,counter_var_0 var_1 +
3595,115 22 11 30 113,33,115 108 96 6 113,22,21,11,4,30,6,26,var_0 counter_var_1 +,32,counter_var_0 var_1 +
3596,115 75 57 1 113,28,115 48 10 68 113,17,19,11,10,1,6,27,var_0 counter_var_1 +,30,counter_var_0 var_1 +
3597,115 88 58 98 113,13,115 81 6 56 113,1,23,12,6,5,25,7,var_0 counter_var_1 +,35,counter_var_0 var_1 +
3598,115 50 97 81 113,26,115 110 3 15 113,21,23,5,3,19,15,24,var_0 counter_var_1 +,28,counter_var_0 var_1 +
3599,115 43 13 91 113,27,115 72 59 23 113,14,14,13,13,29,23,27,var_0 counter_var_1 +,27,counter_var_0 var_1 +
3600,115 10 70 36 113,11,115 25 78 65 113,10,25,1,9,5,3,19,var_0 counter_var_1 +,26,counter_var_0 var_1 +
3601,115 7 20 8 113,27,115 102 87 69 113,7,15,20,18,8,7,25,var_0 counter_var_1 +,35,counter_var_0 var_1 +
3602,115 82 101 104 113,33,115 95 73 96 113,24,8,9,4,11,3,28,var_0 counter_var_1 +,17,counter_var_0 var_1 +
3603,115 23 23 4 113,23,115 76 71 74 113,23,18,0,2,4,12,25,var_0 counter_var_1 +,18,counter_var_0 var_1 +
3604,115 82 34 27 113,35,115 86 36 106 113,24,28,11,13,27,13,37,var_0 counter_var_1 +,39,counter_var_0 var_1 +
3605,115 34 35 9 113,17,115 26 22 75 113,5,26,12,22,9,13,27,var_0 counter_var_1 +,38,counter_var_0 var_1 +
3606,115 59 57 1 113,12,115 3 102 16 113,1,3,11,10,1,16,11,var_0 counter_var_1 +,14,counter_var_0 var_1 +
3607,115 63 5 47 113,10,115 103 101 104 113,5,16,5,9,16,11,14,var_0 counter_var_1 +,21,counter_var_0 var_1 +
3608,115 80 70 36 113,23,115 57 105 62 113,22,28,1,13,5,0,35,var_0 counter_var_1 +,29,counter_var_0 var_1 +
3609,115 47 109 79 113,35,115 107 85 3 113,18,20,17,16,17,3,34,var_0 counter_var_1 +,37,counter_var_0 var_1 +
3610,115 36 77 105 113,15,115 110 10 68 113,7,23,8,10,12,6,17,var_0 counter_var_1 +,31,counter_var_0 var_1 +
3611,115 110 10 68 113,33,115 78 110 61 113,23,20,10,18,6,30,41,var_0 counter_var_1 +,30,counter_var_0 var_1 +
3612,115 57 87 69 113,46,115 86 51 97 113,28,28,18,5,7,4,33,var_0 counter_var_1 +,46,counter_var_0 var_1 +
3613,115 29 95 29 113,3,115 33 65 17 113,0,4,3,19,29,17,19,var_0 counter_var_1 +,7,counter_var_0 var_1 +
3614,115 31 93 37 113,3,115 10 96 6 113,2,10,1,4,6,6,6,var_0 counter_var_1 +,11,counter_var_0 var_1 +
3615,115 53 48 89 113,26,115 20 5 47 113,24,20,2,5,27,16,29,var_0 counter_var_1 +,22,counter_var_0 var_1 +
3616,115 62 57 1 113,15,115 55 2 63 113,4,26,11,2,1,1,6,var_0 counter_var_1 +,37,counter_var_0 var_1 +
3617,115 19 36 106 113,32,115 1 76 93 113,19,1,13,7,13,0,26,var_0 counter_var_1 +,14,counter_var_0 var_1 +
3618,115 4 72 71 113,7,115 106 42 55 113,4,19,3,19,9,24,23,var_0 counter_var_1 +,22,counter_var_0 var_1 +
3619,115 49 102 16 113,30,115 34 48 89 113,20,5,10,2,16,27,22,var_0 counter_var_1 +,15,counter_var_0 var_1 +
3620,115 102 21 92 113,36,115 84 68 100 113,15,26,21,22,30,7,37,var_0 counter_var_1 +,47,counter_var_0 var_1 +
3621,115 10 93 37 113,11,115 44 32 64 113,10,15,1,9,6,2,19,var_0 counter_var_1 +,16,counter_var_0 var_1 +
3622,115 103 15 53 113,31,115 56 69 99 113,16,27,15,0,22,6,16,var_0 counter_var_1 +,42,counter_var_0 var_1 +
3623,115 0 26 112 113,3,115 67 72 71 113,0,9,3,3,19,9,3,var_0 counter_var_1 +,12,counter_var_0 var_1 +
3624,115 73 94 39 113,17,115 28 110 61 113,15,28,2,18,8,30,33,var_0 counter_var_1 +,30,counter_var_0 var_1 +
3625,115 82 93 37 113,25,115 103 96 6 113,24,16,1,4,6,6,28,var_0 counter_var_1 +,17,counter_var_0 var_1 +
3626,115 56 31 109 113,35,115 92 75 82 113,27,5,8,6,16,20,33,var_0 counter_var_1 +,13,counter_var_0 var_1 +
3627,115 88 22 75 113,23,115 12 85 3 113,1,12,22,16,13,3,17,var_0 counter_var_1 +,34,counter_var_0 var_1 +
3628,115 100 25 111 113,15,115 23 44 107 113,13,23,2,21,18,14,34,var_0 counter_var_1 +,25,counter_var_0 var_1 +
3629,115 1 41 22 113,19,115 59 4 52 113,1,1,18,4,22,21,5,var_0 counter_var_1 +,19,counter_var_0 var_1 +
3630,115 55 38 20 113,41,115 84 90 90 113,26,26,15,21,20,28,47,var_0 counter_var_1 +,41,counter_var_0 var_1 +
3631,115 102 33 50 113,25,115 16 40 11 113,15,16,10,17,19,11,32,var_0 counter_var_1 +,26,counter_var_0 var_1 +
3632,115 48 104 84 113,31,115 101 58 98 113,19,14,12,12,22,5,31,var_0 counter_var_1 +,26,counter_var_0 var_1 +
3633,115 30 104 84 113,13,115 64 73 96 113,1,6,12,4,22,3,5,var_0 counter_var_1 +,18,counter_var_0 var_1 +
3634,115 98 68 100 113,33,115 13 63 43 113,11,13,22,17,7,12,28,var_0 counter_var_1 +,35,counter_var_0 var_1 +
3635,115 31 18 73 113,20,115 22 68 100 113,2,22,18,22,11,7,24,var_0 counter_var_1 +,40,counter_var_0 var_1 +
3636,115 21 105 62 113,34,115 2 78 65 113,21,2,13,9,0,3,30,var_0 counter_var_1 +,15,counter_var_0 var_1 +
3637,115 3 54 83 113,11,115 19 40 11 113,3,19,8,17,21,11,20,var_0 counter_var_1 +,27,counter_var_0 var_1 +
3638,115 85 72 71 113,30,115 21 17 108 113,27,21,3,17,9,15,44,var_0 counter_var_1 +,24,counter_var_0 var_1 +
3639,115 78 10 68 113,30,115 44 104 84 113,20,15,10,12,6,22,32,var_0 counter_var_1 +,25,counter_var_0 var_1 +
3640,115 25 79 57 113,35,115 55 108 58 113,25,26,10,16,26,27,41,var_0 counter_var_1 +,36,counter_var_0 var_1 +
3641,115 7 15 53 113,22,115 112 94 39 113,7,25,15,2,22,8,9,var_0 counter_var_1 +,40,counter_var_0 var_1 +
3642,115 37 86 45 113,25,115 14 33 50 113,8,14,17,10,14,19,18,var_0 counter_var_1 +,31,counter_var_0 var_1 +
3643,115 64 102 16 113,16,115 110 64 19 113,6,23,10,18,16,19,24,var_0 counter_var_1 +,33,counter_var_0 var_1 +
3644,115 9 81 54 113,21,115 11 109 79 113,9,11,12,17,23,17,26,var_0 counter_var_1 +,23,counter_var_0 var_1 +
3645,115 93 3 15 113,9,115 82 45 76 113,6,24,3,22,15,14,28,var_0 counter_var_1 +,27,counter_var_0 var_1 +
3646,115 102 106 35 113,29,115 104 26 112 113,15,17,14,3,4,19,18,var_0 counter_var_1 +,31,counter_var_0 var_1 +
3647,115 23 81 54 113,35,115 105 38 20 113,23,18,12,15,23,20,38,var_0 counter_var_1 +,30,counter_var_0 var_1 +
3648,115 3 97 81 113,8,115 67 24 5 113,3,9,5,1,19,5,4,var_0 counter_var_1 +,14,counter_var_0 var_1 +
3649,115 105 43 110 113,38,115 54 73 96 113,18,25,20,4,17,3,22,var_0 counter_var_1 +,45,counter_var_0 var_1 +
3650,115 73 112 103 113,35,115 25 51 97 113,15,25,20,5,10,4,20,var_0 counter_var_1 +,45,counter_var_0 var_1 +
3651,115 49 48 89 113,22,115 76 75 82 113,20,18,2,6,27,20,26,var_0 counter_var_1 +,20,counter_var_0 var_1 +
3652,115 49 54 83 113,28,115 37 76 93 113,20,8,8,7,21,0,27,var_0 counter_var_1 +,16,counter_var_0 var_1 +
3653,115 71 65 17 113,32,115 17 74 13 113,13,17,19,5,17,13,18,var_0 counter_var_1 +,36,counter_var_0 var_1 +
3654,115 72 26 112 113,17,115 105 76 93 113,14,18,3,7,19,0,21,var_0 counter_var_1 +,21,counter_var_0 var_1 +
3655,115 92 76 93 113,12,115 60 84 32 113,5,2,7,15,0,1,20,var_0 counter_var_1 +,9,counter_var_0 var_1 +
3656,115 13 80 31 113,24,115 26 27 88 113,13,26,11,4,0,26,17,var_0 counter_var_1 +,37,counter_var_0 var_1 +
3657,115 36 3 15 113,10,115 49 67 46 113,7,20,3,21,15,15,28,var_0 counter_var_1 +,23,counter_var_0 var_1 +
3658,115 110 52 95 113,29,115 100 58 98 113,23,13,6,12,2,5,35,var_0 counter_var_1 +,19,counter_var_0 var_1 +
3659,115 6 44 107 113,27,115 34 95 29 113,6,5,21,3,14,29,9,var_0 counter_var_1 +,26,counter_var_0 var_1 +
3660,115 109 100 0 113,30,115 91 17 108 113,22,4,8,17,0,15,39,var_0 counter_var_1 +,12,counter_var_0 var_1 +
3661,115 1 23 4 113,1,115 110 78 65 113,1,23,0,9,4,3,10,var_0 counter_var_1 +,23,counter_var_0 var_1 +
3662,115 106 105 62 113,32,115 73 24 5 113,19,15,13,1,0,5,20,var_0 counter_var_1 +,28,counter_var_0 var_1 +
3663,115 15 48 89 113,17,115 98 10 68 113,15,11,2,10,27,6,25,var_0 counter_var_1 +,13,counter_var_0 var_1 +
3664,115 3 14 24 113,17,115 9 14 24 113,3,9,14,14,24,24,17,var_0 counter_var_1 +,23,counter_var_0 var_1 +
3665,115 51 73 96 113,26,115 87 6 56 113,22,0,4,6,3,25,28,var_0 counter_var_1 +,4,counter_var_0 var_1 +
3666,115 91 73 96 113,8,115 77 24 5 113,4,19,4,1,3,5,5,var_0 counter_var_1 +,23,counter_var_0 var_1 +
3667,115 54 35 9 113,37,115 81 96 6 113,25,23,12,4,9,6,29,var_0 counter_var_1 +,35,counter_var_0 var_1 +
3668,115 60 89 28 113,22,115 22 5 47 113,2,22,20,5,28,16,7,var_0 counter_var_1 +,42,counter_var_0 var_1 +
3669,115 10 62 41 113,26,115 49 85 3 113,10,20,16,16,10,3,26,var_0 counter_var_1 +,36,counter_var_0 var_1 +
3670,115 110 95 29 113,26,115 97 38 20 113,23,10,3,15,29,20,38,var_0 counter_var_1 +,13,counter_var_0 var_1 +
3671,115 11 82 67 113,24,115 12 71 74 113,11,12,13,2,5,12,13,var_0 counter_var_1 +,25,counter_var_0 var_1 +
3672,115 83 64 19 113,43,115 47 8 26 113,25,18,18,8,19,26,33,var_0 counter_var_1 +,36,counter_var_0 var_1 +
3673,115 32 89 28 113,23,115 59 32 64 113,3,1,20,9,28,2,12,var_0 counter_var_1 +,21,counter_var_0 var_1 +
3674,115 27 112 103 113,47,115 18 97 81 113,27,18,20,5,10,19,32,var_0 counter_var_1 +,38,counter_var_0 var_1 +
3675,115 63 105 62 113,18,115 72 49 72 113,5,14,13,3,0,10,8,var_0 counter_var_1 +,27,counter_var_0 var_1 +
3676,115 107 53 51 113,27,115 108 97 81 113,20,21,7,5,20,19,25,var_0 counter_var_1 +,28,counter_var_0 var_1 +
3677,115 84 25 111 113,28,115 69 60 44 113,26,11,2,14,18,13,40,var_0 counter_var_1 +,13,counter_var_0 var_1 +
3678,115 0 39 14 113,16,115 31 82 67 113,0,2,16,13,14,5,13,var_0 counter_var_1 +,18,counter_var_0 var_1 +
3679,115 101 17 108 113,31,115 66 54 83 113,14,8,17,8,15,21,22,var_0 counter_var_1 +,25,counter_var_0 var_1 +
3680,115 101 98 78 113,20,115 71 110 61 113,14,13,6,18,16,30,32,var_0 counter_var_1 +,19,counter_var_0 var_1 +
3681,115 102 100 0 113,23,115 78 72 71 113,15,20,8,3,0,9,18,var_0 counter_var_1 +,28,counter_var_0 var_1 +
3682,115 21 34 27 113,32,115 42 27 88 113,21,13,11,4,27,26,25,var_0 counter_var_1 +,24,counter_var_0 var_1 +
3683,115 35 81 54 113,18,115 104 11 30 113,6,17,12,11,23,30,17,var_0 counter_var_1 +,29,counter_var_0 var_1 +
3684,115 102 14 24 113,29,115 70 76 93 113,15,12,14,7,24,0,22,var_0 counter_var_1 +,26,counter_var_0 var_1 +
3685,115 3 56 59 113,13,115 8 58 98 113,3,8,10,12,28,5,15,var_0 counter_var_1 +,18,counter_var_0 var_1 +
3686,115 18 1 40 113,19,115 101 68 100 113,18,14,1,22,9,7,40,var_0 counter_var_1 +,15,counter_var_0 var_1 +
3687,115 83 94 39 113,27,115 63 1 40 113,25,5,2,1,8,9,26,var_0 counter_var_1 +,7,counter_var_0 var_1 +
3688,115 13 112 103 113,33,115 48 11 30 113,13,19,20,11,10,30,24,var_0 counter_var_1 +,39,counter_var_0 var_1 +
3689,115 105 83 38 113,32,115 54 30 70 113,18,25,14,7,7,8,25,var_0 counter_var_1 +,39,counter_var_0 var_1 +
3690,115 3 100 0 113,11,115 63 75 82 113,3,5,8,6,0,20,9,var_0 counter_var_1 +,13,counter_var_0 var_1 +
3691,115 86 64 19 113,46,115 27 59 23 113,28,27,18,13,19,23,41,var_0 counter_var_1 +,45,counter_var_0 var_1 +
3692,115 65 82 67 113,20,115 56 27 88 113,7,27,13,4,5,26,11,var_0 counter_var_1 +,40,counter_var_0 var_1 +
3693,115 34 7 10 113,12,115 89 103 49 113,5,2,7,11,10,18,16,var_0 counter_var_1 +,9,counter_var_0 var_1 +
3694,115 9 33 50 113,19,115 26 100 0 113,9,26,10,8,19,0,17,var_0 counter_var_1 +,36,counter_var_0 var_1 +
3695,115 109 1 40 113,23,115 14 27 88 113,22,14,1,4,9,26,26,var_0 counter_var_1 +,15,counter_var_0 var_1 +
3696,115 34 64 19 113,23,115 104 78 65 113,5,17,18,9,19,3,14,var_0 counter_var_1 +,35,counter_var_0 var_1 +
3697,115 53 5 47 113,29,115 53 47 34 113,24,24,5,1,16,3,25,var_0 counter_var_1 +,29,counter_var_0 var_1 +
3698,115 15 60 44 113,29,115 71 65 17 113,15,13,14,19,13,17,34,var_0 counter_var_1 +,27,counter_var_0 var_1 +
3699,115 49 76 93 113,27,115 87 32 64 113,20,0,7,9,0,2,29,var_0 counter_var_1 +,7,counter_var_0 var_1 +
3700,115 93 109 79 113,23,115 101 21 92 113,6,14,17,21,17,30,27,var_0 counter_var_1 +,31,counter_var_0 var_1 +
3701,115 97 57 1 113,21,115 96 50 77 113,10,9,11,4,1,15,14,var_0 counter_var_1 +,20,counter_var_0 var_1 +
3702,115 7 92 2 113,7,115 86 79 57 113,7,28,0,10,2,26,17,var_0 counter_var_1 +,28,counter_var_0 var_1 +
3703,115 89 41 22 113,20,115 64 17 108 113,2,6,18,17,22,15,19,var_0 counter_var_1 +,24,counter_var_0 var_1 +
3704,115 72 73 96 113,18,115 72 98 78 113,14,14,4,6,3,16,20,var_0 counter_var_1 +,18,counter_var_0 var_1 +
3705,115 73 22 75 113,37,115 63 22 75 113,15,5,22,22,13,13,37,var_0 counter_var_1 +,27,counter_var_0 var_1 +
3706,115 10 103 49 113,21,115 39 3 15 113,10,10,11,3,18,15,13,var_0 counter_var_1 +,21,counter_var_0 var_1 +
3707,115 8 62 41 113,24,115 42 30 70 113,8,13,16,7,10,8,15,var_0 counter_var_1 +,29,counter_var_0 var_1 +
3708,115 99 111 12 113,31,115 76 90 90 113,12,18,19,21,12,28,33,var_0 counter_var_1 +,37,counter_var_0 var_1 +
3709,115 99 48 89 113,14,115 70 110 61 113,12,12,2,18,27,30,30,var_0 counter_var_1 +,14,counter_var_0 var_1 +
3710,115 70 82 67 113,25,115 27 13 91 113,12,27,13,13,5,29,25,var_0 counter_var_1 +,40,counter_var_0 var_1 +
3711,115 89 37 42 113,16,115 71 31 109 113,2,13,14,8,11,16,10,var_0 counter_var_1 +,27,counter_var_0 var_1 +
3712,115 101 30 70 113,21,115 100 87 69 113,14,13,7,18,8,7,32,var_0 counter_var_1 +,20,counter_var_0 var_1 +
3713,115 81 87 69 113,41,115 7 29 25 113,23,7,18,6,7,25,29,var_0 counter_var_1 +,25,counter_var_0 var_1 +
3714,115 7 6 56 113,13,115 16 111 12 113,7,16,6,19,25,12,26,var_0 counter_var_1 +,22,counter_var_0 var_1 +
3715,115 10 47 34 113,11,115 16 6 56 113,10,16,1,6,3,25,16,var_0 counter_var_1 +,17,counter_var_0 var_1 +
3716,115 88 60 44 113,15,115 76 87 69 113,1,18,14,18,13,7,19,var_0 counter_var_1 +,32,counter_var_0 var_1 +
3717,115 7 30 70 113,14,115 18 23 4 113,7,18,7,0,8,4,7,var_0 counter_var_1 +,25,counter_var_0 var_1 +
3718,115 108 59 23 113,34,115 85 81 54 113,21,27,13,12,23,23,33,var_0 counter_var_1 +,40,counter_var_0 var_1 +
3719,115 56 71 74 113,29,115 80 60 44 113,27,22,2,14,12,13,41,var_0 counter_var_1 +,24,counter_var_0 var_1 +
3720,115 60 103 49 113,13,115 50 36 106 113,2,21,11,13,18,13,15,var_0 counter_var_1 +,32,counter_var_0 var_1 +
3721,115 63 21 92 113,26,115 72 94 39 113,5,14,21,2,30,8,7,var_0 counter_var_1 +,35,counter_var_0 var_1 +
3722,115 76 111 12 113,37,115 111 55 48 113,18,24,19,9,12,17,27,var_0 counter_var_1 +,43,counter_var_0 var_1 +
3723,115 42 40 11 113,30,115 96 70 36 113,13,9,17,1,11,5,14,var_0 counter_var_1 +,26,counter_var_0 var_1 +
3724,115 89 65 17 113,21,115 96 103 49 113,2,9,19,11,17,18,13,var_0 counter_var_1 +,28,counter_var_0 var_1 +
3725,115 66 4 52 113,12,115 99 102 16 113,8,12,4,10,21,16,18,var_0 counter_var_1 +,16,counter_var_0 var_1 +
3726,115 56 72 71 113,30,115 24 8 26 113,27,24,3,8,9,26,35,var_0 counter_var_1 +,27,counter_var_0 var_1 +
3727,115 104 27 88 113,21,115 64 77 105 113,17,6,4,8,26,12,25,var_0 counter_var_1 +,10,counter_var_0 var_1 +
3728,115 58 11 30 113,11,115 102 18 73 113,0,15,11,18,30,11,18,var_0 counter_var_1 +,26,counter_var_0 var_1 +
3729,115 2 11 30 113,13,115 111 18 73 113,2,24,11,18,30,11,20,var_0 counter_var_1 +,35,counter_var_0 var_1 +
3730,115 10 49 72 113,13,115 108 6 56 113,10,21,3,6,10,25,16,var_0 counter_var_1 +,24,counter_var_0 var_1 +
3731,115 83 21 92 113,46,115 0 57 1 113,25,0,21,11,30,1,36,var_0 counter_var_1 +,21,counter_var_0 var_1 +
3732,115 9 80 31 113,20,115 36 103 49 113,9,7,11,11,0,18,20,var_0 counter_var_1 +,18,counter_var_0 var_1 +
3733,115 90 110 61 113,21,115 41 38 20 113,3,12,18,15,30,20,18,var_0 counter_var_1 +,30,counter_var_0 var_1 +
3734,115 46 67 46 113,38,115 4 7 10 113,17,4,21,7,15,10,24,var_0 counter_var_1 +,25,counter_var_0 var_1 +
3735,115 87 84 32 113,15,115 58 67 46 113,0,0,15,21,1,15,21,var_0 counter_var_1 +,15,counter_var_0 var_1 +
3736,115 7 102 16 113,17,115 48 17 108 113,7,19,10,17,16,15,24,var_0 counter_var_1 +,29,counter_var_0 var_1 +
3737,115 61 4 52 113,7,115 3 15 53 113,3,3,4,15,21,22,18,var_0 counter_var_1 +,7,counter_var_0 var_1 +
3738,115 32 45 76 113,25,115 90 101 104 113,3,3,22,9,14,11,12,var_0 counter_var_1 +,25,counter_var_0 var_1 +
3739,115 20 3 15 113,23,115 38 44 107 113,20,9,3,21,15,14,41,var_0 counter_var_1 +,12,counter_var_0 var_1 +
3740,115 35 89 28 113,26,115 39 31 109 113,6,10,20,8,28,16,14,var_0 counter_var_1 +,30,counter_var_0 var_1 +
3741,115 107 110 61 113,38,115 63 71 74 113,20,5,18,2,30,12,22,var_0 counter_var_1 +,23,counter_var_0 var_1 +
3742,115 16 37 42 113,30,115 60 82 67 113,16,2,14,13,11,5,29,var_0 counter_var_1 +,16,counter_var_0 var_1 +
3743,115 96 102 16 113,19,115 79 110 61 113,9,21,10,18,16,30,27,var_0 counter_var_1 +,31,counter_var_0 var_1 +
3744,115 96 8 26 113,17,115 34 29 25 113,9,5,8,6,26,25,15,var_0 counter_var_1 +,13,counter_var_0 var_1 +
3745,115 108 112 103 113,41,115 78 24 5 113,21,20,20,1,10,5,22,var_0 counter_var_1 +,40,counter_var_0 var_1 +
3746,115 18 84 32 113,33,115 70 51 97 113,18,12,15,5,1,4,23,var_0 counter_var_1 +,27,counter_var_0 var_1 +
3747,115 11 44 107 113,32,115 25 87 69 113,11,25,21,18,14,7,29,var_0 counter_var_1 +,46,counter_var_0 var_1 +
3748,115 36 111 12 113,26,115 43 19 86 113,7,14,19,19,12,24,26,var_0 counter_var_1 +,33,counter_var_0 var_1 +
3749,115 12 60 44 113,26,115 3 70 36 113,12,3,14,1,13,5,13,var_0 counter_var_1 +,17,counter_var_0 var_1 +
3750,115 71 91 33 113,35,115 41 55 48 113,13,12,22,9,2,17,22,var_0 counter_var_1 +,34,counter_var_0 var_1 +
3751,115 55 110 61 113,44,115 89 66 102 113,26,2,18,20,30,9,46,var_0 counter_var_1 +,20,counter_var_0 var_1 +
3752,115 8 96 6 113,12,115 32 21 92 113,8,3,4,21,6,30,29,var_0 counter_var_1 +,7,counter_var_0 var_1 +
3753,115 27 106 35 113,41,115 73 109 79 113,27,15,14,17,4,17,44,var_0 counter_var_1 +,29,counter_var_0 var_1 +
3754,115 51 89 28 113,42,115 50 85 3 113,22,21,20,16,28,3,38,var_0 counter_var_1 +,41,counter_var_0 var_1 +
3755,115 28 21 92 113,49,115 74 37 42 113,28,16,21,14,30,11,42,var_0 counter_var_1 +,37,counter_var_0 var_1 +
3756,115 34 19 86 113,24,115 54 59 23 113,5,25,19,13,24,23,18,var_0 counter_var_1 +,44,counter_var_0 var_1 +
3757,115 69 80 31 113,22,115 75 101 104 113,11,17,11,9,0,11,20,var_0 counter_var_1 +,28,counter_var_0 var_1 +
3758,115 90 82 67 113,16,115 65 112 103 113,3,7,13,20,5,10,23,var_0 counter_var_1 +,20,counter_var_0 var_1 +
3759,115 87 79 57 113,10,115 24 87 69 113,0,24,10,18,26,7,18,var_0 counter_var_1 +,34,counter_var_0 var_1 +
3760,115 96 90 90 113,30,115 102 84 32 113,9,15,21,15,28,1,24,var_0 counter_var_1 +,36,counter_var_0 var_1 +
3761,115 15 80 31 113,26,115 5 74 13 113,15,5,11,5,0,13,20,var_0 counter_var_1 +,16,counter_var_0 var_1 +
3762,115 28 56 59 113,38,115 66 14 24 113,28,8,10,14,28,24,42,var_0 counter_var_1 +,18,counter_var_0 var_1 +
3763,115 56 65 17 113,46,115 80 29 25 113,27,22,19,6,17,25,33,var_0 counter_var_1 +,41,counter_var_0 var_1 +
3764,115 11 77 105 113,19,115 95 41 22 113,11,8,8,18,12,22,29,var_0 counter_var_1 +,16,counter_var_0 var_1 +
3765,115 14 64 19 113,32,115 98 49 72 113,14,11,18,3,19,10,17,var_0 counter_var_1 +,29,counter_var_0 var_1 +
3766,115 0 72 71 113,3,115 61 15 53 113,0,3,3,15,9,22,15,var_0 counter_var_1 +,6,counter_var_0 var_1 +
3767,115 56 27 88 113,31,115 99 97 81 113,27,12,4,5,26,19,32,var_0 counter_var_1 +,16,counter_var_0 var_1 +
3768,115 58 88 66 113,19,115 37 98 78 113,0,8,19,6,4,16,6,var_0 counter_var_1 +,27,counter_var_0 var_1 +
3769,115 5 60 44 113,19,115 41 51 97 113,5,12,14,5,13,4,10,var_0 counter_var_1 +,26,counter_var_0 var_1 +
3770,115 59 97 81 113,6,115 63 65 17 113,1,5,5,19,19,17,20,var_0 counter_var_1 +,10,counter_var_0 var_1 +
3771,115 31 42 55 113,21,115 28 90 90 113,2,28,19,21,24,28,23,var_0 counter_var_1 +,47,counter_var_0 var_1 +
3772,115 27 15 53 113,42,115 41 107 60 113,27,12,15,15,22,29,42,var_0 counter_var_1 +,27,counter_var_0 var_1 +
3773,115 4 60 44 113,18,115 42 52 95 113,4,13,14,6,13,2,10,var_0 counter_var_1 +,27,counter_var_0 var_1 +
3774,115 59 4 52 113,5,115 12 103 49 113,1,12,4,11,21,18,12,var_0 counter_var_1 +,16,counter_var_0 var_1 +
3775,115 65 67 46 113,28,115 27 98 78 113,7,27,21,6,15,16,13,var_0 counter_var_1 +,48,counter_var_0 var_1 +
3776,115 88 29 25 113,7,115 21 88 66 113,1,21,6,19,25,4,20,var_0 counter_var_1 +,27,counter_var_0 var_1 +
3777,115 66 78 65 113,17,115 38 30 70 113,8,9,9,7,3,8,15,var_0 counter_var_1 +,18,counter_var_0 var_1 +
3778,115 71 23 4 113,13,115 79 89 28 113,13,21,0,20,4,28,33,var_0 counter_var_1 +,21,counter_var_0 var_1 +
3779,115 50 105 62 113,34,115 58 13 91 113,21,0,13,13,0,29,34,var_0 counter_var_1 +,13,counter_var_0 var_1 +
3780,115 71 5 47 113,18,115 82 72 71 113,13,24,5,3,16,9,16,var_0 counter_var_1 +,29,counter_var_0 var_1 +
3781,115 49 82 67 113,33,115 2 74 13 113,20,2,13,5,5,13,25,var_0 counter_var_1 +,15,counter_var_0 var_1 +
3782,115 48 12 21 113,31,115 67 5 47 113,19,9,12,5,21,16,24,var_0 counter_var_1 +,21,counter_var_0 var_1 +
3783,115 63 82 67 113,18,115 29 110 61 113,5,0,13,18,5,30,23,var_0 counter_var_1 +,13,counter_var_0 var_1 +
3784,115 112 76 93 113,32,115 6 104 84 113,25,6,7,12,0,22,37,var_0 counter_var_1 +,13,counter_var_0 var_1 +
3785,115 55 5 47 113,31,115 100 42 55 113,26,13,5,19,16,24,45,var_0 counter_var_1 +,18,counter_var_0 var_1 +
3786,115 78 105 62 113,33,115 23 57 1 113,20,23,13,11,0,1,31,var_0 counter_var_1 +,36,counter_var_0 var_1 +
3787,115 97 44 107 113,31,115 19 28 7 113,10,19,21,5,14,7,15,var_0 counter_var_1 +,40,counter_var_0 var_1 +
3788,115 82 99 85 113,31,115 111 56 59 113,24,24,7,10,23,28,34,var_0 counter_var_1 +,31,counter_var_0 var_1 +
3789,115 30 93 37 113,2,115 97 93 37 113,1,10,1,1,6,6,2,var_0 counter_var_1 +,11,counter_var_0 var_1 +
3790,115 23 28 7 113,28,115 44 64 19 113,23,15,5,18,7,19,41,var_0 counter_var_1 +,20,counter_var_0 var_1 +
3791,115 75 82 67 113,30,115 65 108 58 113,17,7,13,16,5,27,33,var_0 counter_var_1 +,20,counter_var_0 var_1 +
3792,115 61 103 49 113,14,115 109 41 22 113,3,22,11,18,18,22,21,var_0 counter_var_1 +,33,counter_var_0 var_1 +
3793,115 4 96 6 113,8,115 8 89 28 113,4,8,4,20,6,28,24,var_0 counter_var_1 +,12,counter_var_0 var_1 +
3794,115 71 77 105 113,21,115 102 10 68 113,13,15,8,10,12,6,23,var_0 counter_var_1 +,23,counter_var_0 var_1 +
3795,115 70 12 21 113,24,115 51 86 45 113,12,22,12,17,21,14,29,var_0 counter_var_1 +,34,counter_var_0 var_1 +
3796,115 105 51 97 113,23,115 5 18 73 113,18,5,5,18,4,11,36,var_0 counter_var_1 +,10,counter_var_0 var_1 +
3797,115 82 66 102 113,44,115 44 25 111 113,24,15,20,2,9,18,26,var_0 counter_var_1 +,35,counter_var_0 var_1 +
3798,115 68 59 23 113,23,115 70 21 92 113,10,12,13,21,23,30,31,var_0 counter_var_1 +,25,counter_var_0 var_1 +
3799,115 84 65 17 113,45,115 66 25 111 113,26,8,19,2,17,18,28,var_0 counter_var_1 +,27,counter_var_0 var_1 +
3800,115 5 26 112 113,8,115 55 90 90 113,5,26,3,21,19,28,26,var_0 counter_var_1 +,29,counter_var_0 var_1 +
3801,115 63 68 100 113,27,115 106 39 14 113,5,19,22,16,7,14,21,var_0 counter_var_1 +,41,counter_var_0 var_1 +
3802,115 42 52 95 113,19,115 3 16 94 113,13,3,6,16,2,1,29,var_0 counter_var_1 +,9,counter_var_0 var_1 +
3803,115 75 91 33 113,39,115 61 93 37 113,17,3,22,1,2,6,18,var_0 counter_var_1 +,25,counter_var_0 var_1 +
3804,115 87 62 41 113,16,115 50 102 16 113,0,21,16,10,10,16,10,var_0 counter_var_1 +,37,counter_var_0 var_1 +
3805,115 110 49 72 113,26,115 58 108 58 113,23,0,3,16,10,27,39,var_0 counter_var_1 +,3,counter_var_0 var_1 +
3806,115 48 98 78 113,25,115 0 87 69 113,19,0,6,18,16,7,37,var_0 counter_var_1 +,6,counter_var_0 var_1 +
3807,115 54 80 31 113,36,115 25 73 96 113,25,25,11,4,0,3,29,var_0 counter_var_1 +,36,counter_var_0 var_1 +
3808,115 23 91 33 113,45,115 74 80 31 113,23,16,22,11,2,0,34,var_0 counter_var_1 +,38,counter_var_0 var_1 +
3809,115 20 74 13 113,25,115 3 38 20 113,20,3,5,15,13,20,35,var_0 counter_var_1 +,8,counter_var_0 var_1 +
3810,115 5 20 8 113,25,115 31 99 85 113,5,2,20,7,8,23,12,var_0 counter_var_1 +,22,counter_var_0 var_1 +
3811,115 37 33 50 113,18,115 87 83 38 113,8,0,10,14,19,7,22,var_0 counter_var_1 +,10,counter_var_0 var_1 +
3812,115 69 20 8 113,31,115 71 108 58 113,11,13,20,16,8,27,27,var_0 counter_var_1 +,33,counter_var_0 var_1 +
3813,115 91 68 100 113,26,115 96 111 12 113,4,9,22,19,7,12,23,var_0 counter_var_1 +,31,counter_var_0 var_1 +
3814,115 56 89 28 113,47,115 97 110 61 113,27,10,20,18,28,30,45,var_0 counter_var_1 +,30,counter_var_0 var_1 +
3815,115 49 33 50 113,30,115 78 102 16 113,20,20,10,10,19,16,30,var_0 counter_var_1 +,30,counter_var_0 var_1 +
3816,115 14 86 45 113,31,115 90 76 93 113,14,3,17,7,14,0,21,var_0 counter_var_1 +,20,counter_var_0 var_1 +
3817,115 27 0 101 113,27,115 77 46 80 113,27,19,0,0,8,18,27,var_0 counter_var_1 +,19,counter_var_0 var_1 +
3818,115 70 34 27 113,23,115 107 68 100 113,12,20,11,22,27,7,34,var_0 counter_var_1 +,31,counter_var_0 var_1 +
3819,115 11 93 37 113,12,115 47 68 100 113,11,18,1,22,6,7,33,var_0 counter_var_1 +,19,counter_var_0 var_1 +
3820,115 111 47 34 113,25,115 61 82 67 113,24,3,1,13,3,5,37,var_0 counter_var_1 +,4,counter_var_0 var_1 +
3821,115 75 108 58 113,33,115 84 91 33 113,17,26,16,22,27,2,39,var_0 counter_var_1 +,42,counter_var_0 var_1 +
3822,115 14 69 99 113,14,115 89 48 89 113,14,2,0,2,6,27,16,var_0 counter_var_1 +,2,counter_var_0 var_1 +
3823,115 19 61 18 113,34,115 100 106 35 113,19,13,15,14,18,4,33,var_0 counter_var_1 +,28,counter_var_0 var_1 +
3824,115 73 0 101 113,15,115 106 83 38 113,15,19,0,14,8,7,29,var_0 counter_var_1 +,19,counter_var_0 var_1 +
3825,115 47 10 68 113,28,115 94 74 13 113,18,7,10,5,6,13,23,var_0 counter_var_1 +,17,counter_var_0 var_1 +
3826,115 0 56 59 113,10,115 43 15 53 113,0,14,10,15,28,22,15,var_0 counter_var_1 +,24,counter_var_0 var_1 +
3827,115 107 50 77 113,24,115 12 49 72 113,20,12,4,3,15,10,23,var_0 counter_var_1 +,16,counter_var_0 var_1 +
3828,115 38 73 96 113,13,115 18 99 85 113,9,18,4,7,3,23,16,var_0 counter_var_1 +,22,counter_var_0 var_1 +
3829,115 54 2 63 113,27,115 69 68 100 113,25,11,2,22,1,7,47,var_0 counter_var_1 +,13,counter_var_0 var_1 +
3830,115 81 36 106 113,36,115 82 33 50 113,23,24,13,10,13,19,33,var_0 counter_var_1 +,37,counter_var_0 var_1 +
3831,115 24 82 67 113,37,115 43 103 49 113,24,14,13,11,5,18,35,var_0 counter_var_1 +,27,counter_var_0 var_1 +
3832,115 108 55 48 113,30,115 7 33 50 113,21,7,9,10,17,19,31,var_0 counter_var_1 +,16,counter_var_0 var_1 +
3833,115 46 51 97 113,22,115 92 43 110 113,17,5,5,20,4,17,37,var_0 counter_var_1 +,10,counter_var_0 var_1 +
3834,115 97 73 96 113,14,115 62 37 42 113,10,4,4,14,3,11,24,var_0 counter_var_1 +,8,counter_var_0 var_1 +
3835,115 23 102 16 113,33,115 4 94 39 113,23,4,10,2,16,8,25,var_0 counter_var_1 +,14,counter_var_0 var_1 +
3836,115 19 18 73 113,37,115 5 77 105 113,19,5,18,8,11,12,27,var_0 counter_var_1 +,23,counter_var_0 var_1 +
3837,115 98 95 29 113,14,115 67 32 64 113,11,9,3,9,29,2,20,var_0 counter_var_1 +,12,counter_var_0 var_1 +
3838,115 67 57 1 113,20,115 39 39 14 113,9,10,11,16,1,14,25,var_0 counter_var_1 +,21,counter_var_0 var_1 +
3839,115 23 43 110 113,43,115 80 52 95 113,23,22,20,6,17,2,29,var_0 counter_var_1 +,42,counter_var_0 var_1 +
3840,115 84 16 94 113,42,115 95 13 91 113,26,8,16,13,1,29,39,var_0 counter_var_1 +,24,counter_var_0 var_1 +
3841,115 99 109 79 113,29,115 27 85 3 113,12,27,17,16,17,3,28,var_0 counter_var_1 +,44,counter_var_0 var_1 +
3842,115 59 37 42 113,15,115 92 94 39 113,1,5,14,2,11,8,3,var_0 counter_var_1 +,19,counter_var_0 var_1 +
3843,115 11 38 20 113,26,115 19 36 106 113,11,19,15,13,20,13,24,var_0 counter_var_1 +,34,counter_var_0 var_1 +
3844,115 39 72 71 113,13,115 62 62 41 113,10,4,3,16,9,10,26,var_0 counter_var_1 +,7,counter_var_0 var_1 +
3845,115 5 68 100 113,27,115 31 35 9 113,5,2,22,12,7,9,17,var_0 counter_var_1 +,24,counter_var_0 var_1 +
3846,115 17 37 42 113,31,115 24 62 41 113,17,24,14,16,11,10,33,var_0 counter_var_1 +,38,counter_var_0 var_1 +
3847,115 22 79 57 113,32,115 24 24 5 113,22,24,10,1,26,5,23,var_0 counter_var_1 +,34,counter_var_0 var_1 +
3848,115 70 104 84 113,24,115 74 41 22 113,12,16,12,18,22,22,30,var_0 counter_var_1 +,28,counter_var_0 var_1 +
3849,115 84 46 80 113,26,115 53 81 54 113,26,24,0,12,18,23,38,var_0 counter_var_1 +,24,counter_var_0 var_1 +
3850,115 43 77 105 113,22,115 112 56 59 113,14,25,8,10,12,28,24,var_0 counter_var_1 +,33,counter_var_0 var_1 +
3851,115 10 112 103 113,30,115 46 76 93 113,10,17,20,7,10,0,17,var_0 counter_var_1 +,37,counter_var_0 var_1 +
3852,115 94 34 27 113,18,115 63 0 101 113,7,5,11,0,27,8,7,var_0 counter_var_1 +,16,counter_var_0 var_1 +
3853,115 85 34 27 113,38,115 26 101 104 113,27,26,11,9,27,11,36,var_0 counter_var_1 +,37,counter_var_0 var_1 +
3854,115 53 69 99 113,24,115 26 26 112 113,24,26,0,3,6,19,27,var_0 counter_var_1 +,26,counter_var_0 var_1 +
3855,115 106 20 8 113,39,115 12 86 45 113,19,12,20,17,8,14,36,var_0 counter_var_1 +,32,counter_var_0 var_1 +
3856,115 4 111 12 113,23,115 30 76 93 113,4,1,19,7,12,0,11,var_0 counter_var_1 +,20,counter_var_0 var_1 +
3857,115 104 38 20 113,32,115 14 16 94 113,17,14,15,16,20,1,33,var_0 counter_var_1 +,29,counter_var_0 var_1 +
3858,115 19 20 8 113,39,115 55 74 13 113,19,26,20,5,8,13,24,var_0 counter_var_1 +,46,counter_var_0 var_1 +
3859,115 46 23 4 113,17,115 97 65 17 113,17,10,0,19,4,17,36,var_0 counter_var_1 +,10,counter_var_0 var_1 +
3860,115 50 53 51 113,28,115 67 12 21 113,21,9,7,12,20,21,33,var_0 counter_var_1 +,16,counter_var_0 var_1 +
3861,115 64 39 14 113,22,115 57 40 11 113,6,28,16,17,14,11,23,var_0 counter_var_1 +,44,counter_var_0 var_1 +
3862,115 14 61 18 113,29,115 84 25 111 113,14,26,15,2,18,18,16,var_0 counter_var_1 +,41,counter_var_0 var_1 +
3863,115 21 14 24 113,35,115 8 63 43 113,21,8,14,17,24,12,38,var_0 counter_var_1 +,22,counter_var_0 var_1 +
3864,115 0 38 20 113,15,115 61 4 52 113,0,3,15,4,20,21,4,var_0 counter_var_1 +,18,counter_var_0 var_1 +
3865,115 39 37 42 113,24,115 75 73 96 113,10,17,14,4,11,3,14,var_0 counter_var_1 +,31,counter_var_0 var_1 +
3866,115 81 71 74 113,25,115 11 0 101 113,23,11,2,0,12,8,23,var_0 counter_var_1 +,13,counter_var_0 var_1 +
3867,115 59 30 70 113,8,115 95 76 93 113,1,8,7,7,8,0,8,var_0 counter_var_1 +,15,counter_var_0 var_1 +
3868,115 58 91 33 113,22,115 10 16 94 113,0,10,22,16,2,1,16,var_0 counter_var_1 +,32,counter_var_0 var_1 +
3869,115 63 47 34 113,6,115 94 92 2 113,5,7,1,0,3,2,5,var_0 counter_var_1 +,8,counter_var_0 var_1 +
3870,115 11 34 27 113,22,115 112 95 29 113,11,25,11,3,27,29,14,var_0 counter_var_1 +,36,counter_var_0 var_1 +
3871,115 51 13 91 113,35,115 68 57 1 113,22,10,13,11,29,1,33,var_0 counter_var_1 +,23,counter_var_0 var_1 +
3872,115 91 80 31 113,15,115 32 15 53 113,4,3,11,15,0,22,19,var_0 counter_var_1 +,14,counter_var_0 var_1 +
3873,115 82 64 19 113,42,115 0 86 45 113,24,0,18,17,19,14,41,var_0 counter_var_1 +,18,counter_var_0 var_1 +
3874,115 94 84 32 113,22,115 54 65 17 113,7,25,15,19,1,17,26,var_0 counter_var_1 +,40,counter_var_0 var_1 +
3875,115 33 53 51 113,11,115 98 103 49 113,4,11,7,11,20,18,15,var_0 counter_var_1 +,18,counter_var_0 var_1 +
3876,115 100 20 8 113,33,115 81 20 8 113,13,23,20,20,8,8,33,var_0 counter_var_1 +,43,counter_var_0 var_1 +
3877,115 88 28 7 113,6,115 94 42 55 113,1,7,5,19,7,24,20,var_0 counter_var_1 +,12,counter_var_0 var_1 +
3878,115 76 32 64 113,27,115 57 69 99 113,18,28,9,0,2,6,18,var_0 counter_var_1 +,37,counter_var_0 var_1 +
3879,115 6 17 108 113,23,115 95 83 38 113,6,8,17,14,15,7,20,var_0 counter_var_1 +,25,counter_var_0 var_1 +
3880,115 90 85 3 113,19,115 7 48 89 113,3,7,16,2,3,27,5,var_0 counter_var_1 +,23,counter_var_0 var_1 +
3881,115 30 37 42 113,15,115 72 76 93 113,1,14,14,7,11,0,8,var_0 counter_var_1 +,28,counter_var_0 var_1 +
3882,115 43 17 108 113,31,115 71 83 38 113,14,13,17,14,15,7,28,var_0 counter_var_1 +,30,counter_var_0 var_1 +
3883,115 101 84 32 113,29,115 80 90 90 113,14,22,15,21,1,28,35,var_0 counter_var_1 +,37,counter_var_0 var_1 +
3884,115 7 37 42 113,21,115 28 20 8 113,7,28,14,20,11,8,27,var_0 counter_var_1 +,42,counter_var_0 var_1 +
3885,115 55 52 95 113,32,115 62 91 33 113,26,4,6,22,2,2,48,var_0 counter_var_1 +,10,counter_var_0 var_1 +
3886,115 85 63 43 113,44,115 48 25 111 113,27,19,17,2,12,18,29,var_0 counter_var_1 +,36,counter_var_0 var_1 +
3887,115 61 93 37 113,4,115 86 22 75 113,3,28,1,22,6,13,25,var_0 counter_var_1 +,29,counter_var_0 var_1 +
3888,115 95 98 78 113,14,115 60 70 36 113,8,2,6,1,16,5,9,var_0 counter_var_1 +,8,counter_var_0 var_1 +
3889,115 34 0 101 113,5,115 28 98 78 113,5,28,0,6,8,16,11,var_0 counter_var_1 +,28,counter_var_0 var_1 +
3890,115 96 86 45 113,26,115 0 73 96 113,9,0,17,4,14,3,13,var_0 counter_var_1 +,17,counter_var_0 var_1 +
3891,115 96 15 53 113,24,115 22 110 61 113,9,22,15,18,22,30,27,var_0 counter_var_1 +,37,counter_var_0 var_1 +
3892,115 48 43 110 113,39,115 69 64 19 113,19,11,20,18,17,19,37,var_0 counter_var_1 +,31,counter_var_0 var_1 +
3893,115 72 39 14 113,30,115 55 104 84 113,14,26,16,12,14,22,26,var_0 counter_var_1 +,42,counter_var_0 var_1 +
3894,115 51 75 82 113,28,115 78 2 63 113,22,20,6,2,20,1,24,var_0 counter_var_1 +,26,counter_var_0 var_1 +
3895,115 60 20 8 113,22,115 46 51 97 113,2,17,20,5,8,4,7,var_0 counter_var_1 +,37,counter_var_0 var_1 +
3896,115 68 93 37 113,11,115 89 55 48 113,10,2,1,9,6,17,19,var_0 counter_var_1 +,3,counter_var_0 var_1 +
3897,115 28 16 94 113,44,115 86 7 10 113,28,28,16,7,1,10,35,var_0 counter_var_1 +,44,counter_var_0 var_1 +
3898,115 106 27 88 113,23,115 57 77 105 113,19,28,4,8,26,12,27,var_0 counter_var_1 +,32,counter_var_0 var_1 +
3899,115 111 99 85 113,31,115 35 88 66 113,24,6,7,19,23,4,43,var_0 counter_var_1 +,13,counter_var_0 var_1 +
3900,115 63 37 42 113,19,115 95 35 9 113,5,8,14,12,11,9,17,var_0 counter_var_1 +,22,counter_var_0 var_1 +
3901,115 56 40 11 113,44,115 25 99 85 113,27,25,17,7,11,23,34,var_0 counter_var_1 +,42,counter_var_0 var_1 +
3902,115 80 55 48 113,31,115 63 41 22 113,22,5,9,18,17,22,40,var_0 counter_var_1 +,14,counter_var_0 var_1 +
3903,115 19 0 101 113,19,115 96 17 108 113,19,9,0,17,8,15,36,var_0 counter_var_1 +,9,counter_var_0 var_1 +
3904,115 32 108 58 113,19,115 63 108 58 113,3,5,16,16,27,27,19,var_0 counter_var_1 +,21,counter_var_0 var_1 +
3905,115 72 71 74 113,16,115 53 70 36 113,14,24,2,1,12,5,15,var_0 counter_var_1 +,26,counter_var_0 var_1 +
3906,115 97 64 19 113,28,115 112 84 32 113,10,25,18,15,19,1,25,var_0 counter_var_1 +,43,counter_var_0 var_1 +
3907,115 85 108 58 113,43,115 84 77 105 113,27,26,16,8,27,12,35,var_0 counter_var_1 +,42,counter_var_0 var_1 +
3908,115 4 105 62 113,17,115 28 101 104 113,4,28,13,9,0,11,13,var_0 counter_var_1 +,41,counter_var_0 var_1 +
3909,115 28 25 111 113,30,115 43 82 67 113,28,14,2,13,18,5,41,var_0 counter_var_1 +,16,counter_var_0 var_1 +
3910,115 1 39 14 113,17,115 76 102 16 113,1,18,16,10,14,16,11,var_0 counter_var_1 +,34,counter_var_0 var_1 +
3911,115 103 58 98 113,28,115 39 97 81 113,16,10,12,5,5,19,21,var_0 counter_var_1 +,22,counter_var_0 var_1 +
3912,115 46 97 81 113,22,115 36 92 2 113,17,7,5,0,19,2,17,var_0 counter_var_1 +,12,counter_var_0 var_1 +
3913,115 81 31 109 113,31,115 98 111 12 113,23,11,8,19,16,12,42,var_0 counter_var_1 +,19,counter_var_0 var_1 +
3914,115 96 57 1 113,20,115 25 48 89 113,9,25,11,2,1,27,11,var_0 counter_var_1 +,36,counter_var_0 var_1 +
3915,115 76 103 49 113,29,115 20 19 86 113,18,20,11,19,18,24,37,var_0 counter_var_1 +,31,counter_var_0 var_1 +
3916,115 32 44 107 113,24,115 14 11 30 113,3,14,21,11,14,30,14,var_0 counter_var_1 +,35,counter_var_0 var_1 +
3917,115 37 63 43 113,25,115 41 46 80 113,8,12,17,0,12,18,8,var_0 counter_var_1 +,29,counter_var_0 var_1 +
3918,115 40 74 13 113,16,115 46 42 55 113,11,17,5,19,13,24,30,var_0 counter_var_1 +,22,counter_var_0 var_1 +
3919,115 3 95 29 113,6,115 80 10 68 113,3,22,3,10,29,6,13,var_0 counter_var_1 +,25,counter_var_0 var_1 +
3920,115 19 54 83 113,27,115 56 33 50 113,19,27,8,10,21,19,29,var_0 counter_var_1 +,35,counter_var_0 var_1 +
3921,115 54 50 77 113,29,115 104 16 94 113,25,17,4,16,15,1,41,var_0 counter_var_1 +,21,counter_var_0 var_1 +
3922,115 75 45 76 113,39,115 22 92 2 113,17,22,22,0,14,2,17,var_0 counter_var_1 +,44,counter_var_0 var_1 +
3923,115 65 84 32 113,22,115 36 108 58 113,7,7,15,16,1,27,23,var_0 counter_var_1 +,22,counter_var_0 var_1 +
3924,115 109 27 88 113,26,115 17 77 105 113,22,17,4,8,26,12,30,var_0 counter_var_1 +,21,counter_var_0 var_1 +
3925,115 26 33 50 113,36,115 105 83 38 113,26,18,10,14,19,7,40,var_0 counter_var_1 +,28,counter_var_0 var_1 +
3926,115 40 65 17 113,30,115 76 19 86 113,11,18,19,19,17,24,30,var_0 counter_var_1 +,37,counter_var_0 var_1 +
3927,115 22 111 12 113,41,115 78 65 17 113,22,20,19,19,12,17,41,var_0 counter_var_1 +,39,counter_var_0 var_1 +
3928,115 88 59 23 113,14,115 61 66 102 113,1,3,13,20,23,9,21,var_0 counter_var_1 +,16,counter_var_0 var_1 +
3929,115 0 65 17 113,19,115 110 69 99 113,0,23,19,0,17,6,0,var_0 counter_var_1 +,42,counter_var_0 var_1 +
3930,115 72 109 79 113,31,115 65 71 74 113,14,7,17,2,17,12,16,var_0 counter_var_1 +,24,counter_var_0 var_1 +
3931,115 42 4 52 113,17,115 8 68 100 113,13,8,4,22,21,7,35,var_0 counter_var_1 +,12,counter_var_0 var_1 +
3932,115 1 67 46 113,22,115 81 5 47 113,1,23,21,5,15,16,6,var_0 counter_var_1 +,44,counter_var_0 var_1 +
3933,115 69 57 1 113,22,115 27 42 55 113,11,27,11,19,1,24,30,var_0 counter_var_1 +,38,counter_var_0 var_1 +
3934,115 100 24 5 113,14,115 112 63 43 113,13,25,1,17,5,12,30,var_0 counter_var_1 +,26,counter_var_0 var_1 +
3935,115 104 32 64 113,26,115 38 109 79 113,17,9,9,17,2,17,34,var_0 counter_var_1 +,18,counter_var_0 var_1 +
3936,115 90 11 30 113,14,115 43 87 69 113,3,14,11,18,30,7,21,var_0 counter_var_1 +,25,counter_var_0 var_1 +
3937,115 7 24 5 113,8,115 90 106 35 113,7,3,1,14,5,4,21,var_0 counter_var_1 +,4,counter_var_0 var_1 +
3938,115 13 94 39 113,15,115 12 70 36 113,13,12,2,1,8,5,14,var_0 counter_var_1 +,14,counter_var_0 var_1 +
3939,115 24 107 60 113,39,115 14 70 36 113,24,14,15,1,29,5,25,var_0 counter_var_1 +,29,counter_var_0 var_1 +
3940,115 97 97 81 113,15,115 37 87 69 113,10,8,5,18,19,7,28,var_0 counter_var_1 +,13,counter_var_0 var_1 +
3941,115 110 0 101 113,23,115 105 112 103 113,23,18,0,20,8,10,43,var_0 counter_var_1 +,18,counter_var_0 var_1 +
3942,115 2 39 14 113,18,115 49 35 9 113,2,20,16,12,14,9,14,var_0 counter_var_1 +,36,counter_var_0 var_1 +
3943,115 99 54 83 113,20,115 60 46 80 113,12,2,8,0,21,18,12,var_0 counter_var_1 +,10,counter_var_0 var_1 +
3944,115 16 61 18 113,31,115 57 45 76 113,16,28,15,22,18,14,38,var_0 counter_var_1 +,43,counter_var_0 var_1 +
3945,115 64 8 26 113,14,115 29 73 96 113,6,0,8,4,26,3,10,var_0 counter_var_1 +,8,counter_var_0 var_1 +
3946,115 89 85 3 113,18,115 29 72 71 113,2,0,16,3,3,9,5,var_0 counter_var_1 +,16,counter_var_0 var_1 +
3947,115 37 58 98 113,20,115 69 98 78 113,8,11,12,6,5,16,14,var_0 counter_var_1 +,23,counter_var_0 var_1 +
3948,115 8 23 4 113,8,115 79 58 98 113,8,21,0,12,4,5,20,var_0 counter_var_1 +,21,counter_var_0 var_1 +
3949,115 33 44 107 113,25,115 87 39 14 113,4,0,21,16,14,14,20,var_0 counter_var_1 +,21,counter_var_0 var_1 +
3950,115 77 22 75 113,41,115 72 89 28 113,19,14,22,20,13,28,39,var_0 counter_var_1 +,36,counter_var_0 var_1 +
3951,115 16 77 105 113,24,115 42 69 99 113,16,13,8,0,12,6,16,var_0 counter_var_1 +,21,counter_var_0 var_1 +
3952,115 74 15 53 113,31,115 95 40 11 113,16,8,15,17,22,11,33,var_0 counter_var_1 +,23,counter_var_0 var_1 +
3953,115 77 8 26 113,27,115 51 41 22 113,19,22,8,18,26,22,37,var_0 counter_var_1 +,30,counter_var_0 var_1 +
3954,115 20 25 111 113,22,115 83 55 48 113,20,25,2,9,18,17,29,var_0 counter_var_1 +,27,counter_var_0 var_1 +
3955,115 99 108 58 113,28,115 105 43 110 113,12,18,16,20,27,17,32,var_0 counter_var_1 +,34,counter_var_0 var_1 +
3956,115 49 62 41 113,36,115 81 57 1 113,20,23,16,11,10,1,31,var_0 counter_var_1 +,39,counter_var_0 var_1 +
3957,115 5 65 17 113,24,115 7 60 44 113,5,7,19,14,17,13,19,var_0 counter_var_1 +,26,counter_var_0 var_1 +
3958,115 80 74 13 113,27,115 44 16 94 113,22,15,5,16,13,1,38,var_0 counter_var_1 +,20,counter_var_0 var_1 +
3959,115 102 98 78 113,21,115 86 10 68 113,15,28,6,10,16,6,25,var_0 counter_var_1 +,34,counter_var_0 var_1 +
3960,115 106 80 31 113,30,115 29 6 56 113,19,0,11,6,0,25,25,var_0 counter_var_1 +,11,counter_var_0 var_1 +
3961,115 45 47 34 113,17,115 82 74 13 113,16,24,1,5,3,13,21,var_0 counter_var_1 +,25,counter_var_0 var_1 +
3962,115 78 34 27 113,31,115 62 74 13 113,20,4,11,5,27,13,25,var_0 counter_var_1 +,15,counter_var_0 var_1 +
3963,115 101 109 79 113,31,115 45 70 36 113,14,16,17,1,17,5,15,var_0 counter_var_1 +,33,counter_var_0 var_1 +
3964,115 32 38 20 113,18,115 100 110 61 113,3,13,15,18,20,30,21,var_0 counter_var_1 +,28,counter_var_0 var_1 +
3965,115 29 31 109 113,8,115 31 11 30 113,0,2,8,11,16,30,11,var_0 counter_var_1 +,10,counter_var_0 var_1 +
3966,115 7 89 28 113,27,115 67 55 48 113,7,9,20,9,28,17,16,var_0 counter_var_1 +,29,counter_var_0 var_1 +
3967,115 16 91 33 113,38,115 50 76 93 113,16,21,22,7,2,0,23,var_0 counter_var_1 +,43,counter_var_0 var_1 +
3968,115 38 58 98 113,21,115 25 10 68 113,9,25,12,10,5,6,19,var_0 counter_var_1 +,37,counter_var_0 var_1 +
3969,115 42 64 19 113,31,115 74 106 35 113,13,16,18,14,19,4,27,var_0 counter_var_1 +,34,counter_var_0 var_1 +
3970,115 25 2 63 113,27,115 103 105 62 113,25,16,2,13,1,0,38,var_0 counter_var_1 +,18,counter_var_0 var_1 +
3971,115 112 33 50 113,35,115 45 17 108 113,25,16,10,17,19,15,42,var_0 counter_var_1 +,26,counter_var_0 var_1 +
3972,115 1 37 42 113,15,115 69 80 31 113,1,11,14,11,11,0,12,var_0 counter_var_1 +,25,counter_var_0 var_1 +
3973,115 63 64 19 113,23,115 64 58 98 113,5,6,18,12,19,5,17,var_0 counter_var_1 +,24,counter_var_0 var_1 +
3974,115 39 18 73 113,28,115 11 49 72 113,10,11,18,3,11,10,13,var_0 counter_var_1 +,29,counter_var_0 var_1 +
3975,115 90 53 51 113,10,115 23 59 23 113,3,23,7,13,20,23,16,var_0 counter_var_1 +,30,counter_var_0 var_1 +
3976,115 90 47 34 113,4,115 36 25 111 113,3,7,1,2,3,18,5,var_0 counter_var_1 +,8,counter_var_0 var_1 +
3977,115 85 105 62 113,40,115 112 36 106 113,27,25,13,13,0,13,40,var_0 counter_var_1 +,38,counter_var_0 var_1 +
3978,115 61 51 97 113,8,115 93 63 43 113,3,6,5,17,4,12,20,var_0 counter_var_1 +,11,counter_var_0 var_1 +
3979,115 89 96 6 113,6,115 14 61 18 113,2,14,4,15,6,18,17,var_0 counter_var_1 +,18,counter_var_0 var_1 +
3980,115 33 33 50 113,14,115 54 17 108 113,4,25,10,17,19,15,21,var_0 counter_var_1 +,35,counter_var_0 var_1 +
3981,115 20 20 8 113,40,115 98 45 76 113,20,11,20,22,8,14,42,var_0 counter_var_1 +,31,counter_var_0 var_1 +
3982,115 7 23 4 113,7,115 49 6 56 113,7,20,0,6,4,25,13,var_0 counter_var_1 +,20,counter_var_0 var_1 +
3983,115 77 17 108 113,36,115 25 57 1 113,19,25,17,11,15,1,30,var_0 counter_var_1 +,42,counter_var_0 var_1 +
3984,115 16 53 51 113,23,115 70 105 62 113,16,12,7,13,20,0,29,var_0 counter_var_1 +,19,counter_var_0 var_1 +
3985,115 0 47 34 113,1,115 52 3 15 113,0,23,1,3,3,15,3,var_0 counter_var_1 +,24,counter_var_0 var_1 +
3986,115 4 91 33 113,26,115 1 103 49 113,4,1,22,11,2,18,15,var_0 counter_var_1 +,23,counter_var_0 var_1 +
3987,115 47 66 102 113,38,115 19 39 14 113,18,19,20,16,9,14,34,var_0 counter_var_1 +,39,counter_var_0 var_1 +
3988,115 52 95 29 113,26,115 81 12 21 113,23,23,3,12,29,21,35,var_0 counter_var_1 +,26,counter_var_0 var_1 +
3989,115 67 36 106 113,22,115 13 50 77 113,9,13,13,4,13,15,13,var_0 counter_var_1 +,26,counter_var_0 var_1 +
3990,115 69 10 68 113,21,115 42 54 83 113,11,13,10,8,6,21,19,var_0 counter_var_1 +,23,counter_var_0 var_1 +
3991,115 28 30 70 113,35,115 38 69 99 113,28,9,7,0,8,6,28,var_0 counter_var_1 +,16,counter_var_0 var_1 +
3992,115 41 36 106 113,25,115 14 22 75 113,12,14,13,22,13,13,34,var_0 counter_var_1 +,27,counter_var_0 var_1 +
3993,115 23 69 99 113,23,115 44 34 27 113,23,15,0,11,6,27,34,var_0 counter_var_1 +,15,counter_var_0 var_1 +
3994,115 34 73 96 113,9,115 112 88 66 113,5,25,4,19,3,4,24,var_0 counter_var_1 +,29,counter_var_0 var_1 +
3995,115 92 101 104 113,14,115 45 9 87 113,5,16,9,9,11,25,14,var_0 counter_var_1 +,25,counter_var_0 var_1 +
3996,115 23 65 17 113,42,115 99 10 68 113,23,12,19,10,17,6,33,var_0 counter_var_1 +,31,counter_var_0 var_1 +
3997,115 95 64 19 113,26,115 67 29 25 113,8,9,18,6,19,25,14,var_0 counter_var_1 +,27,counter_var_0 var_1 +
3998,115 100 4 52 113,17,115 44 87 69 113,13,15,4,18,21,7,31,var_0 counter_var_1 +,19,counter_var_0 var_1 +
3999,115 63 19 86 113,24,115 6 57 1 113,5,6,19,11,24,1,16,var_0 counter_var_1 +,25,counter_var_0 var_1 +
4000,115 38 24 5 113,10,115 33 68 100 113,9,4,1,22,5,7,31,var_0 counter_var_1 +,5,counter_var_0 var_1 +
4001,115 73 23 4 113,15,115 40 30 70 113,15,11,0,7,4,8,22,var_0 counter_var_1 +,11,counter_var_0 var_1 +
4002,115 84 27 88 113,30,115 27 25 111 113,26,27,4,2,26,18,28,var_0 counter_var_1 +,31,counter_var_0 var_1 +
4003,115 73 63 43 113,32,115 35 19 86 113,15,6,17,19,12,24,34,var_0 counter_var_1 +,23,counter_var_0 var_1 +
4004,115 43 5 47 113,19,115 86 2 63 113,14,28,5,2,16,1,16,var_0 counter_var_1 +,33,counter_var_0 var_1 +
4005,115 33 43 110 113,24,115 107 47 34 113,4,20,20,1,17,3,5,var_0 counter_var_1 +,40,counter_var_0 var_1 +
4006,115 0 2 63 113,2,115 47 62 41 113,0,18,2,16,1,10,16,var_0 counter_var_1 +,20,counter_var_0 var_1 +
4007,115 103 5 47 113,21,115 97 44 107 113,16,10,5,21,16,14,37,var_0 counter_var_1 +,15,counter_var_0 var_1 +
4008,115 36 7 10 113,14,115 8 4 52 113,7,8,7,4,10,21,11,var_0 counter_var_1 +,15,counter_var_0 var_1 +
4009,115 64 97 81 113,11,115 32 37 42 113,6,3,5,14,19,11,20,var_0 counter_var_1 +,8,counter_var_0 var_1 +
4010,115 112 40 11 113,42,115 22 75 82 113,25,22,17,6,11,20,31,var_0 counter_var_1 +,39,counter_var_0 var_1 +
4011,115 103 77 105 113,24,115 97 68 100 113,16,10,8,22,12,7,38,var_0 counter_var_1 +,18,counter_var_0 var_1 +
4012,115 60 95 29 113,5,115 85 88 66 113,2,27,3,19,29,4,21,var_0 counter_var_1 +,30,counter_var_0 var_1 +
4013,115 88 67 46 113,22,115 33 101 104 113,1,4,21,9,15,11,10,var_0 counter_var_1 +,25,counter_var_0 var_1 +
4014,115 33 76 93 113,11,115 38 51 97 113,4,9,7,5,0,4,9,var_0 counter_var_1 +,16,counter_var_0 var_1 +
4015,115 0 54 83 113,8,115 68 82 67 113,0,10,8,13,21,5,13,var_0 counter_var_1 +,18,counter_var_0 var_1 +
4016,115 34 36 106 113,18,115 53 76 93 113,5,24,13,7,13,0,12,var_0 counter_var_1 +,37,counter_var_0 var_1 +
4017,115 44 62 41 113,31,115 46 17 108 113,15,17,16,17,10,15,32,var_0 counter_var_1 +,33,counter_var_0 var_1 +
4018,115 65 104 84 113,19,115 3 35 9 113,7,3,12,12,22,9,19,var_0 counter_var_1 +,15,counter_var_0 var_1 +
4019,115 42 17 108 113,30,115 89 77 105 113,13,2,17,8,15,12,21,var_0 counter_var_1 +,19,counter_var_0 var_1 +
4020,115 70 28 7 113,17,115 42 18 73 113,12,13,5,18,7,11,30,var_0 counter_var_1 +,18,counter_var_0 var_1 +
4021,115 25 49 72 113,28,115 43 7 10 113,25,14,3,7,10,10,32,var_0 counter_var_1 +,17,counter_var_0 var_1 +
4022,115 70 92 2 113,12,115 81 15 53 113,12,23,0,15,2,22,27,var_0 counter_var_1 +,23,counter_var_0 var_1 +
4023,115 65 25 111 113,9,115 9 79 57 113,7,9,2,10,18,26,17,var_0 counter_var_1 +,11,counter_var_0 var_1 +
4024,115 63 84 32 113,20,115 6 66 102 113,5,6,15,20,1,9,25,var_0 counter_var_1 +,21,counter_var_0 var_1 +
4025,115 40 68 100 113,33,115 91 35 9 113,11,4,22,12,7,9,23,var_0 counter_var_1 +,26,counter_var_0 var_1 +
4026,115 34 112 103 113,25,115 21 27 88 113,5,21,20,4,10,26,9,var_0 counter_var_1 +,41,counter_var_0 var_1 +
4027,115 87 18 73 113,18,115 43 92 2 113,0,14,18,0,11,2,0,var_0 counter_var_1 +,32,counter_var_0 var_1 +
4028,115 55 93 37 113,27,115 103 44 107 113,26,16,1,21,6,14,47,var_0 counter_var_1 +,17,counter_var_0 var_1 +
4029,115 106 52 95 113,25,115 28 109 79 113,19,28,6,17,2,17,36,var_0 counter_var_1 +,34,counter_var_0 var_1 +
4030,115 72 12 21 113,26,115 110 97 81 113,14,23,12,5,21,19,19,var_0 counter_var_1 +,35,counter_var_0 var_1 +
4031,115 81 38 20 113,38,115 78 56 59 113,23,20,15,10,20,28,33,var_0 counter_var_1 +,35,counter_var_0 var_1 +
4032,115 26 81 54 113,38,115 72 34 27 113,26,14,12,11,23,27,37,var_0 counter_var_1 +,26,counter_var_0 var_1 +
4033,115 16 0 101 113,16,115 112 107 60 113,16,25,0,15,8,29,31,var_0 counter_var_1 +,25,counter_var_0 var_1 +
4034,115 40 78 65 113,20,115 59 11 30 113,11,1,9,11,3,30,22,var_0 counter_var_1 +,10,counter_var_0 var_1 +
4035,115 0 110 61 113,18,115 30 2 63 113,0,1,18,2,30,1,2,var_0 counter_var_1 +,19,counter_var_0 var_1 +
4036,115 103 59 23 113,29,115 52 61 18 113,16,23,13,15,23,18,31,var_0 counter_var_1 +,36,counter_var_0 var_1 +
4037,115 68 31 109 113,18,115 46 10 68 113,10,17,8,10,16,6,20,var_0 counter_var_1 +,25,counter_var_0 var_1 +
4038,115 66 59 23 113,21,115 99 59 23 113,8,12,13,13,23,23,21,var_0 counter_var_1 +,25,counter_var_0 var_1 +
4039,115 10 8 26 113,18,115 50 104 84 113,10,21,8,12,26,22,22,var_0 counter_var_1 +,29,counter_var_0 var_1 +
4040,115 19 16 94 113,35,115 23 52 95 113,19,23,16,6,1,2,25,var_0 counter_var_1 +,39,counter_var_0 var_1 +
4041,115 67 96 6 113,13,115 106 56 59 113,9,19,4,10,6,28,19,var_0 counter_var_1 +,23,counter_var_0 var_1 +
4042,115 101 111 12 113,33,115 53 108 58 113,14,24,19,16,12,27,30,var_0 counter_var_1 +,43,counter_var_0 var_1 +
4043,115 57 90 90 113,49,115 18 85 3 113,28,18,21,16,28,3,44,var_0 counter_var_1 +,39,counter_var_0 var_1 +
4044,115 82 111 12 113,43,115 107 100 0 113,24,20,19,8,12,0,32,var_0 counter_var_1 +,39,counter_var_0 var_1 +
4045,115 12 102 16 113,22,115 13 89 28 113,12,13,10,20,16,28,32,var_0 counter_var_1 +,23,counter_var_0 var_1 +
4046,115 30 90 90 113,22,115 52 5 47 113,1,23,21,5,28,16,6,var_0 counter_var_1 +,44,counter_var_0 var_1 +
4047,115 87 28 7 113,5,115 89 109 79 113,0,2,5,17,7,17,17,var_0 counter_var_1 +,7,counter_var_0 var_1 +
4048,115 106 10 68 113,29,115 27 3 15 113,19,27,10,3,6,15,22,var_0 counter_var_1 +,37,counter_var_0 var_1 +
4049,115 12 30 70 113,19,115 110 95 29 113,12,23,7,3,8,29,15,var_0 counter_var_1 +,30,counter_var_0 var_1 +
4050,115 85 42 55 113,46,115 42 45 76 113,27,13,19,22,24,14,49,var_0 counter_var_1 +,32,counter_var_0 var_1 +
4051,115 44 72 71 113,18,115 44 79 57 113,15,15,3,10,9,26,25,var_0 counter_var_1 +,18,counter_var_0 var_1 +
4052,115 104 52 95 113,23,115 87 11 30 113,17,0,6,11,2,30,28,var_0 counter_var_1 +,6,counter_var_0 var_1 +
4053,115 14 23 4 113,14,115 34 17 108 113,14,5,0,17,4,15,31,var_0 counter_var_1 +,5,counter_var_0 var_1 +
4054,115 111 37 42 113,38,115 38 19 86 113,24,9,14,19,11,24,43,var_0 counter_var_1 +,23,counter_var_0 var_1 +
4055,115 58 27 88 113,4,115 99 80 31 113,0,12,4,11,26,0,11,var_0 counter_var_1 +,16,counter_var_0 var_1 +
4056,115 40 9 87 113,20,115 25 35 9 113,11,25,9,12,25,9,23,var_0 counter_var_1 +,34,counter_var_0 var_1 +
4057,115 9 48 89 113,11,115 84 48 89 113,9,26,2,2,27,27,11,var_0 counter_var_1 +,28,counter_var_0 var_1 +
4058,115 4 17 108 113,21,115 27 104 84 113,4,27,17,12,15,22,16,var_0 counter_var_1 +,44,counter_var_0 var_1 +
4059,115 56 19 86 113,46,115 109 74 13 113,27,22,19,5,24,13,32,var_0 counter_var_1 +,41,counter_var_0 var_1 +
4060,115 24 70 36 113,25,115 43 58 98 113,24,14,1,12,5,5,36,var_0 counter_var_1 +,15,counter_var_0 var_1 +
4061,115 34 97 81 113,10,115 38 20 8 113,5,9,5,20,19,8,25,var_0 counter_var_1 +,14,counter_var_0 var_1 +
4062,115 30 79 57 113,11,115 82 51 97 113,1,24,10,5,26,4,6,var_0 counter_var_1 +,34,counter_var_0 var_1 +
4063,115 40 93 37 113,12,115 101 52 95 113,11,14,1,6,6,2,17,var_0 counter_var_1 +,15,counter_var_0 var_1 +
4064,115 13 72 71 113,16,115 111 64 19 113,13,24,3,18,9,19,31,var_0 counter_var_1 +,27,counter_var_0 var_1 +
4065,115 6 20 8 113,26,115 48 76 93 113,6,19,20,7,8,0,13,var_0 counter_var_1 +,39,counter_var_0 var_1 +
4066,115 65 45 76 113,29,115 53 30 70 113,7,24,22,7,14,8,14,var_0 counter_var_1 +,46,counter_var_0 var_1 +
4067,115 82 43 110 113,44,115 0 79 57 113,24,0,20,10,17,26,34,var_0 counter_var_1 +,20,counter_var_0 var_1 +
4068,115 82 110 61 113,42,115 86 28 7 113,24,28,18,5,30,7,29,var_0 counter_var_1 +,46,counter_var_0 var_1 +
4069,115 77 18 73 113,37,115 28 17 108 113,19,28,18,17,11,15,36,var_0 counter_var_1 +,46,counter_var_0 var_1 +
4070,115 95 83 38 113,22,115 62 32 64 113,8,4,14,9,7,2,17,var_0 counter_var_1 +,18,counter_var_0 var_1 +
4071,115 23 85 3 113,39,115 10 14 24 113,23,10,16,14,3,24,37,var_0 counter_var_1 +,26,counter_var_0 var_1 +
4072,115 38 111 12 113,28,115 53 52 95 113,9,24,19,6,12,2,15,var_0 counter_var_1 +,43,counter_var_0 var_1 +
4073,115 13 91 33 113,35,115 8 53 51 113,13,8,22,7,2,20,20,var_0 counter_var_1 +,30,counter_var_0 var_1 +
4074,115 46 102 16 113,27,115 70 2 63 113,17,12,10,2,16,1,19,var_0 counter_var_1 +,22,counter_var_0 var_1 +
4075,115 72 104 84 113,26,115 4 13 91 113,14,4,12,13,22,29,27,var_0 counter_var_1 +,16,counter_var_0 var_1 +
4076,115 38 3 15 113,12,115 1 108 58 113,9,1,3,16,15,27,25,var_0 counter_var_1 +,4,counter_var_0 var_1 +
4077,115 78 86 45 113,37,115 8 74 13 113,20,8,17,5,14,13,25,var_0 counter_var_1 +,25,counter_var_0 var_1 +
4078,115 110 47 34 113,24,115 74 85 3 113,23,16,1,16,3,3,39,var_0 counter_var_1 +,17,counter_var_0 var_1 +
4079,115 14 87 69 113,32,115 14 94 39 113,14,14,18,2,7,8,16,var_0 counter_var_1 +,32,counter_var_0 var_1 +
4080,115 108 67 46 113,42,115 20 15 53 113,21,20,21,15,15,22,36,var_0 counter_var_1 +,41,counter_var_0 var_1 +
4081,115 58 82 67 113,13,115 77 20 8 113,0,19,13,20,5,8,20,var_0 counter_var_1 +,32,counter_var_0 var_1 +
4082,115 81 58 98 113,35,115 78 4 52 113,23,20,12,4,5,21,27,var_0 counter_var_1 +,32,counter_var_0 var_1 +
4083,115 105 106 35 113,32,115 89 79 57 113,18,2,14,10,4,26,28,var_0 counter_var_1 +,16,counter_var_0 var_1 +
4084,115 48 42 55 113,38,115 111 70 36 113,19,24,19,1,24,5,20,var_0 counter_var_1 +,43,counter_var_0 var_1 +
4085,115 12 55 48 113,21,115 64 16 94 113,12,6,9,16,17,1,28,var_0 counter_var_1 +,15,counter_var_0 var_1 +
4086,115 88 33 50 113,11,115 15 58 98 113,1,15,10,12,19,5,13,var_0 counter_var_1 +,25,counter_var_0 var_1 +
4087,115 40 104 84 113,23,115 15 17 108 113,11,15,12,17,22,15,28,var_0 counter_var_1 +,27,counter_var_0 var_1 +
4088,115 73 67 46 113,36,115 92 38 20 113,15,5,21,15,15,20,30,var_0 counter_var_1 +,26,counter_var_0 var_1 +
4089,115 87 89 28 113,20,115 7 78 65 113,0,7,20,9,28,3,9,var_0 counter_var_1 +,27,counter_var_0 var_1 +
4090,115 65 7 10 113,14,115 58 3 15 113,7,0,7,3,10,15,10,var_0 counter_var_1 +,7,counter_var_0 var_1 +
4091,115 74 33 50 113,26,115 2 95 29 113,16,2,10,3,19,29,19,var_0 counter_var_1 +,12,counter_var_0 var_1 +
4092,115 53 19 86 113,43,115 23 54 83 113,24,23,19,8,24,21,32,var_0 counter_var_1 +,42,counter_var_0 var_1 +
4093,115 91 105 62 113,17,115 39 104 84 113,4,10,13,12,0,22,16,var_0 counter_var_1 +,23,counter_var_0 var_1 +
4094,115 53 98 78 113,30,115 61 34 27 113,24,3,6,11,16,27,35,var_0 counter_var_1 +,9,counter_var_0 var_1 +
4095,115 57 6 56 113,34,115 92 73 96 113,28,5,6,4,25,3,32,var_0 counter_var_1 +,11,counter_var_0 var_1 +
4096,115 7 27 88 113,11,115 79 38 20 113,7,21,4,15,26,20,22,var_0 counter_var_1 +,25,counter_var_0 var_1 +
4097,115 102 4 52 113,19,115 111 80 31 113,15,24,4,11,21,0,26,var_0 counter_var_1 +,28,counter_var_0 var_1 +
4098,115 10 16 94 113,26,115 100 94 39 113,10,13,16,2,1,8,12,var_0 counter_var_1 +,29,counter_var_0 var_1 +
4099,115 11 28 7 113,16,115 75 0 101 113,11,17,5,0,7,8,11,var_0 counter_var_1 +,22,counter_var_0 var_1 +
4100,115 91 26 112 113,7,115 41 45 76 113,4,12,3,22,19,14,26,var_0 counter_var_1 +,15,counter_var_0 var_1 +
4101,115 76 68 100 113,40,115 55 57 1 113,18,26,22,11,7,1,29,var_0 counter_var_1 +,48,counter_var_0 var_1 +
4102,115 91 52 95 113,10,115 38 70 36 113,4,9,6,1,2,5,5,var_0 counter_var_1 +,15,counter_var_0 var_1 +
4103,115 33 95 29 113,7,115 106 32 64 113,4,19,3,9,29,2,13,var_0 counter_var_1 +,22,counter_var_0 var_1 +
4104,115 32 41 22 113,21,115 59 30 70 113,3,1,18,7,22,8,10,var_0 counter_var_1 +,19,counter_var_0 var_1 +
4105,115 38 18 73 113,27,115 82 99 85 113,9,24,18,7,11,23,16,var_0 counter_var_1 +,42,counter_var_0 var_1 +
4106,115 56 16 94 113,43,115 91 79 57 113,27,4,16,10,1,26,37,var_0 counter_var_1 +,20,counter_var_0 var_1 +
4107,115 65 39 14 113,23,115 39 77 105 113,7,10,16,8,14,12,15,var_0 counter_var_1 +,26,counter_var_0 var_1 +
4108,115 47 26 112 113,21,115 11 112 103 113,18,11,3,20,19,10,38,var_0 counter_var_1 +,14,counter_var_0 var_1 +
4109,115 26 90 90 113,47,115 105 44 107 113,26,18,21,21,28,14,47,var_0 counter_var_1 +,39,counter_var_0 var_1 +
4110,115 14 110 61 113,32,115 38 15 53 113,14,9,18,15,30,22,29,var_0 counter_var_1 +,27,counter_var_0 var_1 +
4111,115 110 43 110 113,43,115 78 50 77 113,23,20,20,4,17,15,27,var_0 counter_var_1 +,40,counter_var_0 var_1 +
4112,115 99 88 66 113,31,115 11 63 43 113,12,11,19,17,4,12,29,var_0 counter_var_1 +,30,counter_var_0 var_1 +
4113,115 40 47 34 113,12,115 37 60 44 113,11,8,1,14,3,13,25,var_0 counter_var_1 +,9,counter_var_0 var_1 +
4114,115 3 7 10 113,10,115 3 73 96 113,3,3,7,4,10,3,7,var_0 counter_var_1 +,10,counter_var_0 var_1 +
4115,115 0 33 50 113,10,115 94 66 102 113,0,7,10,20,19,9,20,var_0 counter_var_1 +,17,counter_var_0 var_1 +
4116,115 108 16 94 113,37,115 6 72 71 113,21,6,16,3,1,9,24,var_0 counter_var_1 +,22,counter_var_0 var_1 +
4117,115 29 42 55 113,19,115 12 87 69 113,0,12,19,18,24,7,18,var_0 counter_var_1 +,31,counter_var_0 var_1 +
4118,115 100 38 20 113,28,115 40 40 11 113,13,11,15,17,20,11,30,var_0 counter_var_1 +,26,counter_var_0 var_1 +
4119,115 31 108 58 113,18,115 62 20 8 113,2,4,16,20,27,8,22,var_0 counter_var_1 +,20,counter_var_0 var_1 +
4120,115 48 102 16 113,29,115 5 100 0 113,19,5,10,8,16,0,27,var_0 counter_var_1 +,15,counter_var_0 var_1 +
4121,115 108 13 91 113,34,115 42 94 39 113,21,13,13,2,29,8,23,var_0 counter_var_1 +,26,counter_var_0 var_1 +
4122,115 103 40 11 113,33,115 76 48 89 113,16,18,17,2,11,27,18,var_0 counter_var_1 +,35,counter_var_0 var_1 +
4123,115 14 106 35 113,28,115 42 17 108 113,14,13,14,17,4,15,31,var_0 counter_var_1 +,27,counter_var_0 var_1 +
4124,115 68 30 70 113,17,115 32 80 31 113,10,3,7,11,8,0,21,var_0 counter_var_1 +,10,counter_var_0 var_1 +
4125,115 92 95 29 113,8,115 11 17 108 113,5,11,3,17,29,15,22,var_0 counter_var_1 +,14,counter_var_0 var_1 +
4126,115 39 24 5 113,11,115 109 57 1 113,10,22,1,11,5,1,21,var_0 counter_var_1 +,23,counter_var_0 var_1 +
4127,115 39 60 44 113,24,115 4 112 103 113,10,4,14,20,13,10,30,var_0 counter_var_1 +,18,counter_var_0 var_1 +
4128,115 81 0 101 113,23,115 103 41 22 113,23,16,0,18,8,22,41,var_0 counter_var_1 +,16,counter_var_0 var_1 +
4129,115 66 52 95 113,14,115 73 16 94 113,8,15,6,16,2,1,24,var_0 counter_var_1 +,21,counter_var_0 var_1 +
4130,115 32 8 26 113,11,115 93 7 10 113,3,6,8,7,26,10,10,var_0 counter_var_1 +,14,counter_var_0 var_1 +
4131,115 112 24 5 113,26,115 24 12 21 113,25,24,1,12,5,21,37,var_0 counter_var_1 +,25,counter_var_0 var_1 +
4132,115 45 89 28 113,36,115 59 10 68 113,16,1,20,10,28,6,26,var_0 counter_var_1 +,21,counter_var_0 var_1 +
4133,115 62 78 65 113,13,115 7 1 40 113,4,7,9,1,3,9,5,var_0 counter_var_1 +,16,counter_var_0 var_1 +
4134,115 41 66 102 113,32,115 37 14 24 113,12,8,20,14,9,24,26,var_0 counter_var_1 +,28,counter_var_0 var_1 +
4135,115 88 80 31 113,12,115 57 11 30 113,1,28,11,11,0,30,12,var_0 counter_var_1 +,39,counter_var_0 var_1 +
4136,115 69 75 82 113,17,115 54 103 49 113,11,25,6,11,20,18,22,var_0 counter_var_1 +,31,counter_var_0 var_1 +
4137,115 111 24 5 113,25,115 36 26 112 113,24,7,1,3,5,19,27,var_0 counter_var_1 +,8,counter_var_0 var_1 +
4138,115 65 72 71 113,10,115 33 72 71 113,7,4,3,3,9,9,10,var_0 counter_var_1 +,7,counter_var_0 var_1 +
4139,115 70 52 95 113,18,115 54 80 31 113,12,25,6,11,2,0,23,var_0 counter_var_1 +,31,counter_var_0 var_1 +
4140,115 86 105 62 113,41,115 67 89 28 113,28,9,13,20,0,28,48,var_0 counter_var_1 +,22,counter_var_0 var_1 +
4141,115 97 92 2 113,10,115 56 60 44 113,10,27,0,14,2,13,24,var_0 counter_var_1 +,27,counter_var_0 var_1 +
4142,115 85 47 34 113,28,115 93 81 54 113,27,6,1,12,3,23,39,var_0 counter_var_1 +,7,counter_var_0 var_1 +
4143,115 72 66 102 113,34,115 112 70 36 113,14,25,20,1,9,5,15,var_0 counter_var_1 +,45,counter_var_0 var_1 +
4144,115 10 101 104 113,19,115 106 81 54 113,10,19,9,12,11,23,22,var_0 counter_var_1 +,28,counter_var_0 var_1 +
4145,115 101 87 69 113,32,115 88 15 53 113,14,1,18,15,7,22,29,var_0 counter_var_1 +,19,counter_var_0 var_1 +
4146,115 98 23 4 113,11,115 110 20 8 113,11,23,0,20,4,8,31,var_0 counter_var_1 +,23,counter_var_0 var_1 +
4147,115 76 106 35 113,32,115 34 70 36 113,18,5,14,1,4,5,19,var_0 counter_var_1 +,19,counter_var_0 var_1 +
4148,115 13 68 100 113,35,115 70 58 98 113,13,12,22,12,7,5,25,var_0 counter_var_1 +,34,counter_var_0 var_1 +
4149,115 18 3 15 113,21,115 102 2 63 113,18,15,3,2,15,1,20,var_0 counter_var_1 +,18,counter_var_0 var_1 +
4150,115 15 40 11 113,32,115 53 71 74 113,15,24,17,2,11,12,17,var_0 counter_var_1 +,41,counter_var_0 var_1 +
4151,115 9 14 24 113,23,115 0 16 94 113,9,0,14,16,24,1,25,var_0 counter_var_1 +,14,counter_var_0 var_1 +
4152,115 55 23 4 113,26,115 112 90 90 113,26,25,0,21,4,28,47,var_0 counter_var_1 +,25,counter_var_0 var_1 +
4153,115 63 44 107 113,26,115 107 86 45 113,5,20,21,17,14,14,22,var_0 counter_var_1 +,41,counter_var_0 var_1 +
4154,115 28 26 112 113,31,115 75 51 97 113,28,17,3,5,19,4,33,var_0 counter_var_1 +,20,counter_var_0 var_1 +
4155,115 50 23 4 113,21,115 108 8 26 113,21,21,0,8,4,26,29,var_0 counter_var_1 +,21,counter_var_0 var_1 +
4156,115 19 79 57 113,29,115 31 59 23 113,19,2,10,13,26,23,32,var_0 counter_var_1 +,12,counter_var_0 var_1 +
4157,115 17 61 18 113,32,115 58 50 77 113,17,0,15,4,18,15,21,var_0 counter_var_1 +,15,counter_var_0 var_1 +
4158,115 35 94 39 113,8,115 61 58 98 113,6,3,2,12,8,5,18,var_0 counter_var_1 +,5,counter_var_0 var_1 +
4159,115 92 79 57 113,15,115 27 70 36 113,5,27,10,1,26,5,6,var_0 counter_var_1 +,37,counter_var_0 var_1 +
4160,115 63 102 16 113,15,115 84 64 19 113,5,26,10,18,16,19,23,var_0 counter_var_1 +,36,counter_var_0 var_1 +
4161,115 35 102 16 113,16,115 103 5 47 113,6,16,10,5,16,16,11,var_0 counter_var_1 +,26,counter_var_0 var_1 +
4162,115 88 79 57 113,11,115 104 0 101 113,1,17,10,0,26,8,1,var_0 counter_var_1 +,27,counter_var_0 var_1 +
4163,115 19 77 105 113,27,115 34 61 18 113,19,5,8,15,12,18,34,var_0 counter_var_1 +,13,counter_var_0 var_1 +
4164,115 83 49 72 113,28,115 86 50 77 113,25,28,3,4,10,15,29,var_0 counter_var_1 +,31,counter_var_0 var_1 +
4165,115 55 35 9 113,38,115 35 105 62 113,26,6,12,13,9,0,39,var_0 counter_var_1 +,18,counter_var_0 var_1 +
4166,115 83 5 47 113,30,115 109 28 7 113,25,22,5,5,16,7,30,var_0 counter_var_1 +,27,counter_var_0 var_1 +
4167,115 42 106 35 113,27,115 0 54 83 113,13,0,14,8,4,21,21,var_0 counter_var_1 +,14,counter_var_0 var_1 +
4168,115 37 26 112 113,11,115 7 13 91 113,8,7,3,13,19,29,21,var_0 counter_var_1 +,10,counter_var_0 var_1 +
4169,115 57 36 106 113,41,115 42 38 20 113,28,13,13,15,13,20,43,var_0 counter_var_1 +,26,counter_var_0 var_1 +
4170,115 13 48 89 113,15,115 69 82 67 113,13,11,2,13,27,5,26,var_0 counter_var_1 +,13,counter_var_0 var_1 +
4171,115 52 81 54 113,35,115 111 41 22 113,23,24,12,18,23,22,41,var_0 counter_var_1 +,36,counter_var_0 var_1 +
4172,115 80 51 97 113,27,115 8 110 61 113,22,8,5,18,4,30,40,var_0 counter_var_1 +,13,counter_var_0 var_1 +
4173,115 59 83 38 113,15,115 35 73 96 113,1,6,14,4,7,3,5,var_0 counter_var_1 +,20,counter_var_0 var_1 +
4174,115 11 75 82 113,17,115 42 4 52 113,11,13,6,4,20,21,15,var_0 counter_var_1 +,19,counter_var_0 var_1 +
4175,115 89 105 62 113,15,115 61 57 1 113,2,3,13,11,0,1,13,var_0 counter_var_1 +,16,counter_var_0 var_1 +
4176,115 62 21 92 113,25,115 72 100 0 113,4,14,21,8,30,0,12,var_0 counter_var_1 +,35,counter_var_0 var_1 +
4177,115 91 6 56 113,10,115 16 43 110 113,4,16,6,20,25,17,24,var_0 counter_var_1 +,22,counter_var_0 var_1 +
4178,115 74 68 100 113,38,115 43 53 51 113,16,14,22,7,7,20,23,var_0 counter_var_1 +,36,counter_var_0 var_1 +
4179,115 14 104 84 113,26,115 4 76 93 113,14,4,12,7,22,0,21,var_0 counter_var_1 +,16,counter_var_0 var_1 +
4180,115 1 3 15 113,4,115 86 103 49 113,1,28,3,11,15,18,12,var_0 counter_var_1 +,31,counter_var_0 var_1 +
4181,115 75 0 101 113,17,115 104 90 90 113,17,17,0,21,8,28,38,var_0 counter_var_1 +,17,counter_var_0 var_1 +
4182,115 75 71 74 113,19,115 93 112 103 113,17,6,2,20,12,10,37,var_0 counter_var_1 +,8,counter_var_0 var_1 +
4183,115 13 61 18 113,28,115 88 22 75 113,13,1,15,22,18,13,35,var_0 counter_var_1 +,16,counter_var_0 var_1 +
4184,115 85 46 80 113,27,115 72 78 65 113,27,14,0,9,18,3,36,var_0 counter_var_1 +,14,counter_var_0 var_1 +
4185,115 24 109 79 113,41,115 9 88 66 113,24,9,17,19,17,4,43,var_0 counter_var_1 +,26,counter_var_0 var_1 +
4186,115 6 105 62 113,19,115 86 23 4 113,6,28,13,0,0,4,6,var_0 counter_var_1 +,41,counter_var_0 var_1 +
4187,115 106 97 81 113,24,115 66 40 11 113,19,8,5,17,19,11,36,var_0 counter_var_1 +,13,counter_var_0 var_1 +
4188,115 89 53 51 113,9,115 64 53 51 113,2,6,7,7,20,20,9,var_0 counter_var_1 +,13,counter_var_0 var_1 +
4189,115 87 59 23 113,13,115 41 77 105 113,0,12,13,8,23,12,8,var_0 counter_var_1 +,25,counter_var_0 var_1 +
4190,115 13 28 7 113,18,115 30 9 87 113,13,1,5,9,7,25,22,var_0 counter_var_1 +,6,counter_var_0 var_1 +
4191,115 56 17 108 113,44,115 35 101 104 113,27,6,17,9,15,11,36,var_0 counter_var_1 +,23,counter_var_0 var_1 +
4192,115 1 88 66 113,20,115 103 15 53 113,1,16,19,15,4,22,16,var_0 counter_var_1 +,35,counter_var_0 var_1 +
4193,115 90 104 84 113,15,115 88 87 69 113,3,1,12,18,22,7,21,var_0 counter_var_1 +,13,counter_var_0 var_1 +
4194,115 88 5 47 113,6,115 33 14 24 113,1,4,5,14,16,24,15,var_0 counter_var_1 +,9,counter_var_0 var_1 +
4195,115 45 4 52 113,20,115 9 96 6 113,16,9,4,4,21,6,20,var_0 counter_var_1 +,13,counter_var_0 var_1 +
4196,115 111 10 68 113,34,115 72 48 89 113,24,14,10,2,6,27,26,var_0 counter_var_1 +,24,counter_var_0 var_1 +
4197,115 54 17 108 113,42,115 26 30 70 113,25,26,17,7,15,8,32,var_0 counter_var_1 +,43,counter_var_0 var_1 +
4198,115 96 73 96 113,13,115 57 72 71 113,9,28,4,3,3,9,12,var_0 counter_var_1 +,32,counter_var_0 var_1 +
4199,115 30 53 51 113,8,115 89 88 66 113,1,2,7,19,20,4,20,var_0 counter_var_1 +,9,counter_var_0 var_1 +
4200,115 67 94 39 113,11,115 24 42 55 113,9,24,2,19,8,24,28,var_0 counter_var_1 +,26,counter_var_0 var_1 +
4201,115 48 108 58 113,35,115 87 56 59 113,19,0,16,10,27,28,29,var_0 counter_var_1 +,16,counter_var_0 var_1 +
4202,115 38 13 91 113,22,115 28 76 93 113,9,28,13,7,29,0,16,var_0 counter_var_1 +,41,counter_var_0 var_1 +
4203,115 43 63 43 113,31,115 97 82 67 113,14,10,17,13,12,5,27,var_0 counter_var_1 +,27,counter_var_0 var_1 +
4204,115 78 20 8 113,40,115 18 109 79 113,20,18,20,17,8,17,37,var_0 counter_var_1 +,38,counter_var_0 var_1 +
4205,115 32 35 9 113,15,115 93 110 61 113,3,6,12,18,9,30,21,var_0 counter_var_1 +,18,counter_var_0 var_1 +
4206,115 6 30 70 113,13,115 82 28 7 113,6,24,7,5,8,7,11,var_0 counter_var_1 +,31,counter_var_0 var_1 +
4207,115 27 93 37 113,28,115 98 50 77 113,27,11,1,4,6,15,31,var_0 counter_var_1 +,12,counter_var_0 var_1 +
4208,115 34 12 21 113,17,115 93 27 88 113,5,6,12,4,21,26,9,var_0 counter_var_1 +,18,counter_var_0 var_1 +
4209,115 16 112 103 113,36,115 104 81 54 113,16,17,20,12,10,23,28,var_0 counter_var_1 +,37,counter_var_0 var_1 +
4210,115 7 12 21 113,19,115 65 88 66 113,7,7,12,19,21,4,26,var_0 counter_var_1 +,19,counter_var_0 var_1 +
4211,115 104 104 84 113,29,115 38 86 45 113,17,9,12,17,22,14,34,var_0 counter_var_1 +,21,counter_var_0 var_1 +
4212,115 15 89 28 113,35,115 81 50 77 113,15,23,20,4,28,15,19,var_0 counter_var_1 +,43,counter_var_0 var_1 +
4213,115 96 52 95 113,15,115 26 95 29 113,9,26,6,3,2,29,12,var_0 counter_var_1 +,32,counter_var_0 var_1 +
4214,115 36 102 16 113,17,115 35 56 59 113,7,6,10,10,16,28,17,var_0 counter_var_1 +,16,counter_var_0 var_1 +
4215,115 91 59 23 113,17,115 57 41 22 113,4,28,13,18,23,22,22,var_0 counter_var_1 +,41,counter_var_0 var_1 +
4216,115 33 13 91 113,17,115 13 40 11 113,4,13,13,17,29,11,21,var_0 counter_var_1 +,26,counter_var_0 var_1 +
4217,115 84 87 69 113,44,115 87 65 17 113,26,0,18,19,7,17,45,var_0 counter_var_1 +,18,counter_var_0 var_1 +
4218,115 17 51 97 113,22,115 31 7 10 113,17,2,5,7,4,10,24,var_0 counter_var_1 +,7,counter_var_0 var_1 +
4219,115 3 30 70 113,10,115 43 39 14 113,3,14,7,16,8,14,19,var_0 counter_var_1 +,21,counter_var_0 var_1 +
4220,115 4 58 98 113,16,115 33 84 32 113,4,4,12,15,5,1,19,var_0 counter_var_1 +,16,counter_var_0 var_1 +
4221,115 27 81 54 113,39,115 54 48 89 113,27,25,12,2,23,27,29,var_0 counter_var_1 +,37,counter_var_0 var_1 +
4222,115 97 54 83 113,18,115 68 53 51 113,10,10,8,7,21,20,17,var_0 counter_var_1 +,18,counter_var_0 var_1 +
4223,115 12 110 61 113,30,115 13 64 19 113,12,13,18,18,30,19,30,var_0 counter_var_1 +,31,counter_var_0 var_1 +
4224,115 11 88 66 113,30,115 74 53 51 113,11,16,19,7,4,20,18,var_0 counter_var_1 +,35,counter_var_0 var_1 +
4225,115 7 69 99 113,7,115 21 95 29 113,7,21,0,3,6,29,10,var_0 counter_var_1 +,21,counter_var_0 var_1 +
4226,115 30 3 15 113,4,115 60 9 87 113,1,2,3,9,15,25,10,var_0 counter_var_1 +,5,counter_var_0 var_1 +
4227,115 59 111 12 113,20,115 3 77 105 113,1,3,19,8,12,12,9,var_0 counter_var_1 +,22,counter_var_0 var_1 +
4228,115 51 21 92 113,43,115 19 30 70 113,22,19,21,7,30,8,29,var_0 counter_var_1 +,40,counter_var_0 var_1 +
4229,115 37 109 79 113,25,115 54 86 45 113,8,25,17,17,17,14,25,var_0 counter_var_1 +,42,counter_var_0 var_1 +
4230,115 66 84 32 113,23,115 70 74 13 113,8,12,15,5,1,13,13,var_0 counter_var_1 +,27,counter_var_0 var_1 +
4231,115 37 97 81 113,13,115 36 107 60 113,8,7,5,15,19,29,23,var_0 counter_var_1 +,12,counter_var_0 var_1 +
4232,115 3 91 33 113,25,115 111 108 58 113,3,24,22,16,2,27,19,var_0 counter_var_1 +,46,counter_var_0 var_1 +
4233,115 76 80 31 113,29,115 107 9 87 113,18,20,11,9,0,25,27,var_0 counter_var_1 +,31,counter_var_0 var_1 +
4234,115 50 9 87 113,30,115 6 17 108 113,21,6,9,17,25,15,38,var_0 counter_var_1 +,15,counter_var_0 var_1 +
4235,115 9 50 77 113,13,115 31 102 16 113,9,2,4,10,15,16,19,var_0 counter_var_1 +,6,counter_var_0 var_1 +
4236,115 6 14 24 113,20,115 15 15 53 113,6,15,14,15,24,22,21,var_0 counter_var_1 +,29,counter_var_0 var_1 +
4237,115 93 28 7 113,11,115 72 101 104 113,6,14,5,9,7,11,15,var_0 counter_var_1 +,19,counter_var_0 var_1 +
4238,115 96 54 83 113,17,115 101 88 66 113,9,14,8,19,21,4,28,var_0 counter_var_1 +,22,counter_var_0 var_1 +
4239,115 42 11 30 113,24,115 55 112 103 113,13,26,11,20,30,10,33,var_0 counter_var_1 +,37,counter_var_0 var_1 +
4240,115 56 64 19 113,45,115 21 87 69 113,27,21,18,18,19,7,45,var_0 counter_var_1 +,39,counter_var_0 var_1 +
4241,115 25 52 95 113,31,115 2 71 74 113,25,2,6,2,2,12,27,var_0 counter_var_1 +,8,counter_var_0 var_1 +
4242,115 44 17 108 113,32,115 23 99 85 113,15,23,17,7,15,23,22,var_0 counter_var_1 +,40,counter_var_0 var_1 +
4243,115 111 39 14 113,40,115 46 63 43 113,24,17,16,17,14,12,41,var_0 counter_var_1 +,33,counter_var_0 var_1 +
4244,115 86 90 90 113,49,115 33 59 23 113,28,4,21,13,28,23,41,var_0 counter_var_1 +,25,counter_var_0 var_1 +
4245,115 72 16 94 113,30,115 15 103 49 113,14,15,16,11,1,18,25,var_0 counter_var_1 +,31,counter_var_0 var_1 +
4246,115 36 18 73 113,25,115 112 42 55 113,7,25,18,19,11,24,26,var_0 counter_var_1 +,43,counter_var_0 var_1 +
4247,115 88 104 84 113,13,115 52 26 112 113,1,23,12,3,22,19,4,var_0 counter_var_1 +,35,counter_var_0 var_1 +
4248,115 23 56 59 113,33,115 74 78 65 113,23,16,10,9,28,3,32,var_0 counter_var_1 +,26,counter_var_0 var_1 +
4249,115 2 70 36 113,3,115 82 10 68 113,2,24,1,10,5,6,12,var_0 counter_var_1 +,25,counter_var_0 var_1 +
4250,115 102 105 62 113,28,115 45 81 54 113,15,16,13,12,0,23,27,var_0 counter_var_1 +,29,counter_var_0 var_1 +
4251,115 99 13 91 113,25,115 2 18 73 113,12,2,13,18,29,11,30,var_0 counter_var_1 +,15,counter_var_0 var_1 +
4252,115 6 95 29 113,9,115 92 101 104 113,6,5,3,9,29,11,15,var_0 counter_var_1 +,8,counter_var_0 var_1 +
4253,115 79 51 97 113,26,115 44 9 87 113,21,15,5,9,4,25,30,var_0 counter_var_1 +,20,counter_var_0 var_1 +
4254,115 112 20 8 113,45,115 2 40 11 113,25,2,20,17,8,11,42,var_0 counter_var_1 +,22,counter_var_0 var_1 +
4255,115 17 85 3 113,33,115 89 92 2 113,17,2,16,0,3,2,17,var_0 counter_var_1 +,18,counter_var_0 var_1 +
4256,115 102 91 33 113,37,115 20 2 63 113,15,20,22,2,2,1,17,var_0 counter_var_1 +,42,counter_var_0 var_1 +
4257,115 11 90 90 113,32,115 63 99 85 113,11,5,21,7,28,23,18,var_0 counter_var_1 +,26,counter_var_0 var_1 +
4258,115 2 75 82 113,8,115 97 42 55 113,2,10,6,19,20,24,21,var_0 counter_var_1 +,16,counter_var_0 var_1 +
4259,115 7 111 12 113,26,115 83 87 69 113,7,25,19,18,12,7,25,var_0 counter_var_1 +,44,counter_var_0 var_1 +
4260,115 9 26 112 113,12,115 80 89 28 113,9,22,3,20,19,28,29,var_0 counter_var_1 +,25,counter_var_0 var_1 +
4261,115 27 68 100 113,49,115 19 38 20 113,27,19,22,15,7,20,42,var_0 counter_var_1 +,41,counter_var_0 var_1 +
4262,115 0 109 79 113,17,115 74 36 106 113,0,16,17,13,17,13,13,var_0 counter_var_1 +,33,counter_var_0 var_1 +
4263,115 45 33 50 113,26,115 65 2 63 113,16,7,10,2,19,1,18,var_0 counter_var_1 +,17,counter_var_0 var_1 +
4264,115 78 80 31 113,31,115 108 45 76 113,20,21,11,22,0,14,42,var_0 counter_var_1 +,32,counter_var_0 var_1 +
4265,115 46 14 24 113,31,115 103 21 92 113,17,16,14,21,24,30,38,var_0 counter_var_1 +,30,counter_var_0 var_1 +
4266,115 100 44 107 113,34,115 94 72 71 113,13,7,21,3,14,9,16,var_0 counter_var_1 +,28,counter_var_0 var_1 +
4267,115 55 74 13 113,31,115 1 26 112 113,26,1,5,3,13,19,29,var_0 counter_var_1 +,6,counter_var_0 var_1 +
4268,115 88 43 110 113,21,115 50 69 99 113,1,21,20,0,17,6,1,var_0 counter_var_1 +,41,counter_var_0 var_1 +
4269,115 38 36 106 113,22,115 90 45 76 113,9,3,13,22,13,14,31,var_0 counter_var_1 +,16,counter_var_0 var_1 +
4270,115 0 74 13 113,5,115 52 46 80 113,0,23,5,0,13,18,0,var_0 counter_var_1 +,28,counter_var_0 var_1 +
4271,115 55 65 17 113,45,115 5 4 52 113,26,5,19,4,17,21,30,var_0 counter_var_1 +,24,counter_var_0 var_1 +
4272,115 73 92 2 113,15,115 7 86 45 113,15,7,0,17,2,14,32,var_0 counter_var_1 +,7,counter_var_0 var_1 +
4273,115 24 26 112 113,27,115 37 106 35 113,24,8,3,14,19,4,38,var_0 counter_var_1 +,11,counter_var_0 var_1 +
4274,115 6 42 55 113,25,115 26 56 59 113,6,26,19,10,24,28,16,var_0 counter_var_1 +,45,counter_var_0 var_1 +
4275,115 53 13 91 113,37,115 98 89 28 113,24,11,13,20,29,28,44,var_0 counter_var_1 +,24,counter_var_0 var_1 +
4276,115 95 100 0 113,16,115 65 22 75 113,8,7,8,22,0,13,30,var_0 counter_var_1 +,15,counter_var_0 var_1 +
4277,115 30 15 53 113,16,115 16 50 77 113,1,16,15,4,22,15,5,var_0 counter_var_1 +,31,counter_var_0 var_1 +
4278,115 81 18 73 113,41,115 16 107 60 113,23,16,18,15,11,29,38,var_0 counter_var_1 +,34,counter_var_0 var_1 +
4279,115 26 1 40 113,27,115 23 68 100 113,26,23,1,22,9,7,48,var_0 counter_var_1 +,24,counter_var_0 var_1 +
4280,115 47 22 75 113,40,115 7 63 43 113,18,7,22,17,13,12,35,var_0 counter_var_1 +,29,counter_var_0 var_1 +
4281,115 35 15 53 113,21,115 96 82 67 113,6,9,15,13,22,5,19,var_0 counter_var_1 +,24,counter_var_0 var_1 +
4282,115 93 76 93 113,13,115 48 43 110 113,6,19,7,20,0,17,26,var_0 counter_var_1 +,26,counter_var_0 var_1 +
4283,115 81 9 87 113,32,115 14 80 31 113,23,14,9,11,25,0,34,var_0 counter_var_1 +,23,counter_var_0 var_1 +
4284,115 22 109 79 113,39,115 109 34 27 113,22,22,17,11,17,27,33,var_0 counter_var_1 +,39,counter_var_0 var_1 +
4285,115 50 88 66 113,40,115 104 68 100 113,21,17,19,22,4,7,43,var_0 counter_var_1 +,36,counter_var_0 var_1 +
4286,115 98 42 55 113,30,115 104 32 64 113,11,17,19,9,24,2,20,var_0 counter_var_1 +,36,counter_var_0 var_1 +
4287,115 54 63 43 113,42,115 103 50 77 113,25,16,17,4,12,15,29,var_0 counter_var_1 +,33,counter_var_0 var_1 +
4288,115 42 48 89 113,15,115 70 38 20 113,13,12,2,15,27,20,28,var_0 counter_var_1 +,14,counter_var_0 var_1 +
4289,115 81 75 82 113,29,115 60 8 26 113,23,2,6,8,20,26,31,var_0 counter_var_1 +,8,counter_var_0 var_1 +
4290,115 101 69 99 113,14,115 48 16 94 113,14,19,0,16,6,1,30,var_0 counter_var_1 +,19,counter_var_0 var_1 +
4291,115 88 75 82 113,7,115 16 54 83 113,1,16,6,8,20,21,9,var_0 counter_var_1 +,22,counter_var_0 var_1 +
4292,115 1 66 102 113,21,115 52 53 51 113,1,23,20,7,9,20,8,var_0 counter_var_1 +,43,counter_var_0 var_1 +
4293,115 107 7 10 113,27,115 25 112 103 113,20,25,7,20,10,10,40,var_0 counter_var_1 +,32,counter_var_0 var_1 +
4294,115 101 32 64 113,23,115 24 37 42 113,14,24,9,14,2,11,28,var_0 counter_var_1 +,33,counter_var_0 var_1 +
4295,115 8 53 51 113,15,115 27 80 31 113,8,27,7,11,20,0,19,var_0 counter_var_1 +,34,counter_var_0 var_1 +
4296,115 48 74 13 113,24,115 26 5 47 113,19,26,5,5,13,16,24,var_0 counter_var_1 +,31,counter_var_0 var_1 +
4297,115 45 84 32 113,31,115 70 71 74 113,16,12,15,2,1,12,18,var_0 counter_var_1 +,27,counter_var_0 var_1 +
4298,115 110 55 48 113,32,115 25 39 14 113,23,25,9,16,17,14,39,var_0 counter_var_1 +,34,counter_var_0 var_1 +
4299,115 14 41 22 113,32,115 21 79 57 113,14,21,18,10,22,26,24,var_0 counter_var_1 +,39,counter_var_0 var_1 +
4300,115 39 78 65 113,19,115 26 43 110 113,10,26,9,20,3,17,30,var_0 counter_var_1 +,35,counter_var_0 var_1 +
4301,115 15 23 4 113,15,115 76 92 2 113,15,18,0,0,4,2,15,var_0 counter_var_1 +,18,counter_var_0 var_1 +
4302,115 7 34 27 113,18,115 112 109 79 113,7,25,11,17,27,17,24,var_0 counter_var_1 +,36,counter_var_0 var_1 +
4303,115 47 1 40 113,19,115 0 77 105 113,18,0,1,8,9,12,26,var_0 counter_var_1 +,1,counter_var_0 var_1 +
4304,115 4 110 61 113,22,115 52 40 11 113,4,23,18,17,30,11,21,var_0 counter_var_1 +,41,counter_var_0 var_1 +
4305,115 100 52 95 113,19,115 8 71 74 113,13,8,6,2,2,12,15,var_0 counter_var_1 +,14,counter_var_0 var_1 +
4306,115 5 18 73 113,23,115 39 43 110 113,5,10,18,20,11,17,25,var_0 counter_var_1 +,28,counter_var_0 var_1 +
4307,115 101 23 4 113,14,115 11 62 41 113,14,11,0,16,4,10,30,var_0 counter_var_1 +,11,counter_var_0 var_1 +
4308,115 74 31 109 113,24,115 100 6 56 113,16,13,8,6,16,25,22,var_0 counter_var_1 +,21,counter_var_0 var_1 +
4309,115 2 56 59 113,12,115 29 45 76 113,2,0,10,22,28,14,24,var_0 counter_var_1 +,10,counter_var_0 var_1 +
4310,115 58 76 93 113,7,115 10 1 40 113,0,10,7,1,0,9,1,var_0 counter_var_1 +,17,counter_var_0 var_1 +
4311,115 12 23 4 113,12,115 109 66 102 113,12,22,0,20,4,9,32,var_0 counter_var_1 +,22,counter_var_0 var_1 +
4312,115 64 90 90 113,27,115 27 34 27 113,6,27,21,11,28,27,17,var_0 counter_var_1 +,48,counter_var_0 var_1 +
4313,115 103 39 14 113,32,115 56 82 67 113,16,27,16,13,14,5,29,var_0 counter_var_1 +,43,counter_var_0 var_1 +
4314,115 112 7 10 113,32,115 82 41 22 113,25,24,7,18,10,22,43,var_0 counter_var_1 +,31,counter_var_0 var_1 +
4315,115 31 28 7 113,7,115 68 79 57 113,2,10,5,10,7,26,12,var_0 counter_var_1 +,15,counter_var_0 var_1 +
4316,115 99 84 32 113,27,115 27 107 60 113,12,27,15,15,1,29,27,var_0 counter_var_1 +,42,counter_var_0 var_1 +
4317,115 47 55 48 113,27,115 51 11 30 113,18,22,9,11,17,30,29,var_0 counter_var_1 +,31,counter_var_0 var_1 +
4318,115 62 34 27 113,15,115 22 63 43 113,4,22,11,17,27,12,21,var_0 counter_var_1 +,33,counter_var_0 var_1 +
4319,115 65 95 29 113,10,115 15 96 6 113,7,15,3,4,29,6,11,var_0 counter_var_1 +,18,counter_var_0 var_1 +
4320,115 34 30 70 113,12,115 109 60 44 113,5,22,7,14,8,13,19,var_0 counter_var_1 +,29,counter_var_0 var_1 +
4321,115 102 40 11 113,32,115 104 53 51 113,15,17,17,7,11,20,22,var_0 counter_var_1 +,34,counter_var_0 var_1 +
4322,115 64 31 109 113,14,115 46 13 91 113,6,17,8,13,16,29,19,var_0 counter_var_1 +,25,counter_var_0 var_1 +
4323,115 112 68 100 113,47,115 51 30 70 113,25,22,22,7,7,8,32,var_0 counter_var_1 +,44,counter_var_0 var_1 +
4324,115 103 22 75 113,38,115 102 13 91 113,16,15,22,13,13,29,29,var_0 counter_var_1 +,37,counter_var_0 var_1 +
4325,115 18 28 7 113,23,115 5 103 49 113,18,5,5,11,7,18,29,var_0 counter_var_1 +,10,counter_var_0 var_1 +
4326,115 36 85 3 113,23,115 69 39 14 113,7,11,16,16,3,14,23,var_0 counter_var_1 +,27,counter_var_0 var_1 +
4327,115 26 22 75 113,48,115 105 99 85 113,26,18,22,7,13,23,33,var_0 counter_var_1 +,40,counter_var_0 var_1 +
4328,115 51 94 39 113,24,115 51 87 69 113,22,22,2,18,8,7,40,var_0 counter_var_1 +,24,counter_var_0 var_1 +
4329,115 4 33 50 113,14,115 12 17 108 113,4,12,10,17,19,15,21,var_0 counter_var_1 +,22,counter_var_0 var_1 +
4330,115 98 81 54 113,23,115 101 6 56 113,11,14,12,6,23,25,17,var_0 counter_var_1 +,26,counter_var_0 var_1 +
4331,115 27 34 27 113,38,115 11 46 80 113,27,11,11,0,27,18,27,var_0 counter_var_1 +,22,counter_var_0 var_1 +
4332,115 99 100 0 113,20,115 84 18 73 113,12,26,8,18,0,11,30,var_0 counter_var_1 +,34,counter_var_0 var_1 +
4333,115 31 75 82 113,8,115 83 66 102 113,2,25,6,20,20,9,22,var_0 counter_var_1 +,31,counter_var_0 var_1 +
4334,115 96 79 57 113,19,115 112 89 28 113,9,25,10,20,26,28,29,var_0 counter_var_1 +,35,counter_var_0 var_1 +
4335,115 87 39 14 113,16,115 66 33 50 113,0,8,16,10,14,19,10,var_0 counter_var_1 +,24,counter_var_0 var_1 +
4336,115 57 72 71 113,31,115 24 109 79 113,28,24,3,17,9,17,45,var_0 counter_var_1 +,27,counter_var_0 var_1 +
4337,115 2 53 51 113,9,115 61 72 71 113,2,3,7,3,20,9,5,var_0 counter_var_1 +,10,counter_var_0 var_1 +
4338,115 49 111 12 113,39,115 82 52 95 113,20,24,19,6,12,2,26,var_0 counter_var_1 +,43,counter_var_0 var_1 +
4339,115 97 68 100 113,32,115 30 29 25 113,10,1,22,6,7,25,16,var_0 counter_var_1 +,23,counter_var_0 var_1 +
4340,115 3 37 42 113,17,115 108 100 0 113,3,21,14,8,11,0,11,var_0 counter_var_1 +,35,counter_var_0 var_1 +
4341,115 108 100 0 113,29,115 15 104 84 113,21,15,8,12,0,22,33,var_0 counter_var_1 +,23,counter_var_0 var_1 +
4342,115 107 1 40 113,21,115 15 45 76 113,20,15,1,22,9,14,42,var_0 counter_var_1 +,16,counter_var_0 var_1 +
4343,115 107 22 75 113,42,115 97 21 92 113,20,10,22,21,13,30,41,var_0 counter_var_1 +,32,counter_var_0 var_1 +
4344,115 51 84 32 113,37,115 103 12 21 113,22,16,15,12,1,21,34,var_0 counter_var_1 +,31,counter_var_0 var_1 +
4345,115 53 67 46 113,45,115 45 66 102 113,24,16,21,20,15,9,44,var_0 counter_var_1 +,37,counter_var_0 var_1 +
4346,115 37 82 67 113,21,115 55 66 102 113,8,26,13,20,5,9,28,var_0 counter_var_1 +,39,counter_var_0 var_1 +
4347,115 78 78 65 113,29,115 83 108 58 113,20,25,9,16,3,27,36,var_0 counter_var_1 +,34,counter_var_0 var_1 +
4348,115 2 111 12 113,21,115 35 10 68 113,2,6,19,10,12,6,12,var_0 counter_var_1 +,25,counter_var_0 var_1 +
4349,115 65 24 5 113,8,115 7 21 92 113,7,7,1,21,5,30,28,var_0 counter_var_1 +,8,counter_var_0 var_1 +
4350,115 15 30 70 113,22,115 58 28 7 113,15,0,7,5,8,7,20,var_0 counter_var_1 +,7,counter_var_0 var_1 +
4351,115 30 38 20 113,16,115 60 97 81 113,1,2,15,5,20,19,6,var_0 counter_var_1 +,17,counter_var_0 var_1 +
4352,115 96 96 6 113,13,115 76 65 17 113,9,18,4,19,6,17,28,var_0 counter_var_1 +,22,counter_var_0 var_1 +
4353,115 86 26 112 113,31,115 66 9 87 113,28,8,3,9,19,25,37,var_0 counter_var_1 +,11,counter_var_0 var_1 +
4354,115 86 96 6 113,32,115 27 111 12 113,28,27,4,19,6,12,47,var_0 counter_var_1 +,31,counter_var_0 var_1 +
4355,115 79 67 46 113,42,115 85 62 41 113,21,27,21,16,15,10,37,var_0 counter_var_1 +,48,counter_var_0 var_1 +
4356,115 58 105 62 113,13,115 22 72 71 113,0,22,13,3,0,9,3,var_0 counter_var_1 +,35,counter_var_0 var_1 +
4357,115 15 14 24 113,29,115 69 0 101 113,15,11,14,0,24,8,15,var_0 counter_var_1 +,25,counter_var_0 var_1 +
4358,115 88 82 67 113,14,115 27 65 17 113,1,27,13,19,5,17,20,var_0 counter_var_1 +,40,counter_var_0 var_1 +
4359,115 22 35 9 113,34,115 45 16 94 113,22,16,12,16,9,1,38,var_0 counter_var_1 +,28,counter_var_0 var_1 +
4360,115 55 53 51 113,33,115 77 4 52 113,26,19,7,4,20,21,30,var_0 counter_var_1 +,26,counter_var_0 var_1 +
4361,115 11 18 73 113,29,115 38 82 67 113,11,9,18,13,11,5,24,var_0 counter_var_1 +,27,counter_var_0 var_1 +
4362,115 36 42 55 113,26,115 70 103 49 113,7,12,19,11,24,18,18,var_0 counter_var_1 +,31,counter_var_0 var_1 +
4363,115 99 87 69 113,30,115 76 58 98 113,12,18,18,12,7,5,24,var_0 counter_var_1 +,36,counter_var_0 var_1 +
4364,115 101 51 97 113,19,115 78 93 37 113,14,20,5,1,4,6,15,var_0 counter_var_1 +,25,counter_var_0 var_1 +
4365,115 10 81 54 113,22,115 46 93 37 113,10,17,12,1,23,6,11,var_0 counter_var_1 +,29,counter_var_0 var_1 +
4366,115 6 96 6 113,10,115 90 30 70 113,6,3,4,7,6,8,13,var_0 counter_var_1 +,7,counter_var_0 var_1 +
4367,115 75 7 10 113,24,115 81 29 25 113,17,23,7,6,10,25,23,var_0 counter_var_1 +,30,counter_var_0 var_1 +
4368,115 91 21 92 113,25,115 20 16 94 113,4,20,21,16,30,1,20,var_0 counter_var_1 +,41,counter_var_0 var_1 +
4369,115 74 88 66 113,35,115 47 72 71 113,16,18,19,3,4,9,19,var_0 counter_var_1 +,37,counter_var_0 var_1 +
4370,115 27 45 76 113,49,115 112 91 33 113,27,25,22,22,14,2,49,var_0 counter_var_1 +,47,counter_var_0 var_1 +
4371,115 23 19 86 113,42,115 13 97 81 113,23,13,19,5,24,19,28,var_0 counter_var_1 +,32,counter_var_0 var_1 +
4372,115 46 45 76 113,39,115 3 47 34 113,17,3,22,1,14,3,18,var_0 counter_var_1 +,25,counter_var_0 var_1 +
4373,115 58 9 87 113,9,115 19 104 84 113,0,19,9,12,25,22,12,var_0 counter_var_1 +,28,counter_var_0 var_1 +
4374,115 57 50 77 113,32,115 59 66 102 113,28,1,4,20,15,9,48,var_0 counter_var_1 +,5,counter_var_0 var_1 +
4375,115 66 55 48 113,17,115 13 65 17 113,8,13,9,19,17,17,27,var_0 counter_var_1 +,22,counter_var_0 var_1 +
4376,115 99 24 5 113,13,115 107 49 72 113,12,20,1,3,5,10,15,var_0 counter_var_1 +,21,counter_var_0 var_1 +
4377,115 88 0 101 113,1,115 81 28 7 113,1,23,0,5,8,7,6,var_0 counter_var_1 +,23,counter_var_0 var_1 +
4378,115 76 65 17 113,37,115 37 112 103 113,18,8,19,20,17,10,38,var_0 counter_var_1 +,27,counter_var_0 var_1 +
4379,115 63 66 102 113,25,115 96 29 25 113,5,9,20,6,9,25,11,var_0 counter_var_1 +,29,counter_var_0 var_1 +
4380,115 71 39 14 113,29,115 41 9 87 113,13,12,16,9,14,25,22,var_0 counter_var_1 +,28,counter_var_0 var_1 +
4381,115 79 41 22 113,39,115 23 95 29 113,21,23,18,3,22,29,24,var_0 counter_var_1 +,41,counter_var_0 var_1 +
4382,115 75 73 96 113,21,115 93 17 108 113,17,6,4,17,3,15,34,var_0 counter_var_1 +,10,counter_var_0 var_1 +
4383,115 26 45 76 113,48,115 78 6 56 113,26,20,22,6,14,25,32,var_0 counter_var_1 +,42,counter_var_0 var_1 +
4384,115 55 45 76 113,48,115 102 28 7 113,26,15,22,5,14,7,31,var_0 counter_var_1 +,37,counter_var_0 var_1 +
4385,115 39 6 56 113,16,115 50 11 30 113,10,21,6,11,25,30,21,var_0 counter_var_1 +,27,counter_var_0 var_1 +
4386,115 71 112 103 113,33,115 78 32 64 113,13,20,20,9,10,2,22,var_0 counter_var_1 +,40,counter_var_0 var_1 +
4387,115 32 27 88 113,7,115 64 1 40 113,3,6,4,1,26,9,4,var_0 counter_var_1 +,10,counter_var_0 var_1 +
4388,115 111 33 50 113,34,115 11 103 49 113,24,11,10,11,19,18,35,var_0 counter_var_1 +,21,counter_var_0 var_1 +
4389,115 41 6 56 113,18,115 1 38 20 113,12,1,6,15,25,20,27,var_0 counter_var_1 +,7,counter_var_0 var_1 +
4390,115 24 92 2 113,24,115 25 42 55 113,24,25,0,19,2,24,43,var_0 counter_var_1 +,25,counter_var_0 var_1 +
4391,115 46 55 48 113,26,115 18 98 78 113,17,18,9,6,17,16,23,var_0 counter_var_1 +,27,counter_var_0 var_1 +
4392,115 83 108 58 113,41,115 50 60 44 113,25,21,16,14,27,13,39,var_0 counter_var_1 +,37,counter_var_0 var_1 +
4393,115 43 50 77 113,18,115 80 88 66 113,14,22,4,19,15,4,33,var_0 counter_var_1 +,26,counter_var_0 var_1 +
4394,115 2 50 77 113,6,115 51 79 57 113,2,22,4,10,15,26,12,var_0 counter_var_1 +,26,counter_var_0 var_1 +
4395,115 11 92 2 113,11,115 67 53 51 113,11,9,0,7,2,20,18,var_0 counter_var_1 +,9,counter_var_0 var_1 +
4396,115 92 32 64 113,14,115 34 31 109 113,5,5,9,8,2,16,13,var_0 counter_var_1 +,14,counter_var_0 var_1 +
4397,115 80 67 46 113,43,115 87 27 88 113,22,0,21,4,15,26,26,var_0 counter_var_1 +,21,counter_var_0 var_1 +
4398,115 65 29 25 113,13,115 15 43 110 113,7,15,6,20,25,17,27,var_0 counter_var_1 +,21,counter_var_0 var_1 +
4399,115 71 110 61 113,31,115 84 97 81 113,13,26,18,5,30,19,18,var_0 counter_var_1 +,44,counter_var_0 var_1 +
4400,115 86 12 21 113,40,115 68 92 2 113,28,10,12,0,21,2,28,var_0 counter_var_1 +,22,counter_var_0 var_1 +
4401,115 63 100 0 113,13,115 94 54 83 113,5,7,8,8,0,21,13,var_0 counter_var_1 +,15,counter_var_0 var_1 +
4402,115 59 76 93 113,8,115 2 49 72 113,1,2,7,3,0,10,4,var_0 counter_var_1 +,9,counter_var_0 var_1 +
4403,115 8 91 33 113,30,115 82 48 89 113,8,24,22,2,2,27,10,var_0 counter_var_1 +,46,counter_var_0 var_1 +
4404,115 34 98 78 113,11,115 19 76 93 113,5,19,6,7,16,0,12,var_0 counter_var_1 +,25,counter_var_0 var_1 +
4405,115 82 5 47 113,29,115 92 65 17 113,24,5,5,19,16,17,43,var_0 counter_var_1 +,10,counter_var_0 var_1 +
4406,115 23 112 103 113,43,115 19 102 16 113,23,19,20,10,10,16,33,var_0 counter_var_1 +,39,counter_var_0 var_1 +
4407,115 107 37 42 113,34,115 71 21 92 113,20,13,14,21,11,30,41,var_0 counter_var_1 +,27,counter_var_0 var_1 +
4408,115 17 12 21 113,29,115 62 107 60 113,17,4,12,15,21,29,32,var_0 counter_var_1 +,16,counter_var_0 var_1 +
4409,115 37 53 51 113,15,115 96 25 111 113,8,9,7,2,20,18,10,var_0 counter_var_1 +,16,counter_var_0 var_1 +
4410,115 109 97 81 113,27,115 93 32 64 113,22,6,5,9,19,2,31,var_0 counter_var_1 +,11,counter_var_0 var_1 +
4411,115 109 60 44 113,36,115 53 39 14 113,22,24,14,16,13,14,38,var_0 counter_var_1 +,38,counter_var_0 var_1 +
4412,115 10 54 83 113,18,115 90 7 10 113,10,3,8,7,21,10,17,var_0 counter_var_1 +,11,counter_var_0 var_1 +
4413,115 50 20 8 113,41,115 96 6 56 113,21,9,20,6,8,25,27,var_0 counter_var_1 +,29,counter_var_0 var_1 +
4414,115 106 95 29 113,22,115 52 45 76 113,19,23,3,22,29,14,41,var_0 counter_var_1 +,26,counter_var_0 var_1 +
4415,115 62 74 13 113,9,115 33 61 18 113,4,4,5,15,13,18,19,var_0 counter_var_1 +,9,counter_var_0 var_1 +
4416,115 28 23 4 113,28,115 54 75 82 113,28,25,0,6,4,20,34,var_0 counter_var_1 +,25,counter_var_0 var_1 +
4417,115 107 56 59 113,30,115 18 26 112 113,20,18,10,3,28,19,23,var_0 counter_var_1 +,28,counter_var_0 var_1 +
4418,115 16 89 28 113,36,115 3 39 14 113,16,3,20,16,28,14,32,var_0 counter_var_1 +,23,counter_var_0 var_1 +
4419,115 67 55 48 113,18,115 69 111 12 113,9,11,9,19,17,12,28,var_0 counter_var_1 +,20,counter_var_0 var_1 +
4420,115 2 90 90 113,23,115 49 98 78 113,2,20,21,6,28,16,8,var_0 counter_var_1 +,41,counter_var_0 var_1 +
4421,115 72 86 45 113,31,115 105 74 13 113,14,18,17,5,14,13,19,var_0 counter_var_1 +,35,counter_var_0 var_1 +
4422,115 40 60 44 113,25,115 27 81 54 113,11,27,14,12,13,23,23,var_0 counter_var_1 +,41,counter_var_0 var_1 +
4423,115 40 0 101 113,11,115 94 24 5 113,11,7,0,1,8,5,12,var_0 counter_var_1 +,7,counter_var_0 var_1 +
4424,115 60 9 87 113,11,115 96 7 10 113,2,9,9,7,25,10,9,var_0 counter_var_1 +,18,counter_var_0 var_1 +
4425,115 31 27 88 113,6,115 66 29 25 113,2,8,4,6,26,25,8,var_0 counter_var_1 +,12,counter_var_0 var_1 +
4426,115 21 60 44 113,35,115 59 36 106 113,21,1,14,13,13,13,34,var_0 counter_var_1 +,15,counter_var_0 var_1 +
4427,115 64 84 32 113,21,115 40 54 83 113,6,11,15,8,1,21,14,var_0 counter_var_1 +,26,counter_var_0 var_1 +
4428,115 36 105 62 113,20,115 27 29 25 113,7,27,13,6,0,25,13,var_0 counter_var_1 +,40,counter_var_0 var_1 +
4429,115 9 70 36 113,10,115 66 21 92 113,9,8,1,21,5,30,30,var_0 counter_var_1 +,9,counter_var_0 var_1 +
4430,115 73 100 0 113,23,115 21 85 3 113,15,21,8,16,0,3,31,var_0 counter_var_1 +,29,counter_var_0 var_1 +
4431,115 21 15 53 113,36,115 64 105 62 113,21,6,15,13,22,0,34,var_0 counter_var_1 +,21,counter_var_0 var_1 +
4432,115 111 46 80 113,24,115 35 39 14 113,24,6,0,16,18,14,40,var_0 counter_var_1 +,6,counter_var_0 var_1 +
4433,115 5 8 26 113,13,115 69 84 32 113,5,11,8,15,26,1,20,var_0 counter_var_1 +,19,counter_var_0 var_1 +
4434,115 39 5 47 113,15,115 70 27 88 113,10,12,5,4,16,26,14,var_0 counter_var_1 +,17,counter_var_0 var_1 +
4435,115 87 42 55 113,19,115 19 80 31 113,0,19,19,11,24,0,11,var_0 counter_var_1 +,38,counter_var_0 var_1 +
4436,115 85 12 21 113,39,115 91 112 103 113,27,4,12,20,21,10,47,var_0 counter_var_1 +,16,counter_var_0 var_1 +
4437,115 101 60 44 113,28,115 42 63 43 113,14,13,14,17,13,12,31,var_0 counter_var_1 +,27,counter_var_0 var_1 +
4438,115 87 26 112 113,3,115 103 40 11 113,0,16,3,17,19,11,17,var_0 counter_var_1 +,19,counter_var_0 var_1 +
4439,115 75 8 26 113,25,115 38 110 61 113,17,9,8,18,26,30,35,var_0 counter_var_1 +,17,counter_var_0 var_1 +
4440,115 83 83 38 113,39,115 73 97 81 113,25,15,14,5,7,19,30,var_0 counter_var_1 +,29,counter_var_0 var_1 +
4441,115 88 96 6 113,5,115 9 56 59 113,1,9,4,10,6,28,11,var_0 counter_var_1 +,13,counter_var_0 var_1 +
4442,115 43 4 52 113,18,115 108 85 3 113,14,21,4,16,21,3,30,var_0 counter_var_1 +,25,counter_var_0 var_1 +
4443,115 49 53 51 113,27,115 92 96 6 113,20,5,7,4,20,6,24,var_0 counter_var_1 +,12,counter_var_0 var_1 +
4444,115 49 67 46 113,41,115 52 16 94 113,20,23,21,16,15,1,36,var_0 counter_var_1 +,44,counter_var_0 var_1 +
4445,115 50 87 69 113,39,115 31 27 88 113,21,2,18,4,7,26,25,var_0 counter_var_1 +,20,counter_var_0 var_1 +
4446,115 68 57 1 113,21,115 25 22 75 113,10,25,11,22,1,13,32,var_0 counter_var_1 +,36,counter_var_0 var_1 +
4447,115 93 105 62 113,19,115 90 92 2 113,6,3,13,0,0,2,6,var_0 counter_var_1 +,16,counter_var_0 var_1 +
4448,115 110 96 6 113,27,115 42 13 91 113,23,13,4,13,6,29,36,var_0 counter_var_1 +,17,counter_var_0 var_1 +
4449,115 32 1 40 113,4,115 36 20 8 113,3,7,1,20,9,8,23,var_0 counter_var_1 +,8,counter_var_0 var_1 +
4450,115 6 1 40 113,7,115 7 89 28 113,6,7,1,20,9,28,26,var_0 counter_var_1 +,8,counter_var_0 var_1 +
4451,115 109 29 25 113,28,115 104 84 32 113,22,17,6,15,25,1,37,var_0 counter_var_1 +,23,counter_var_0 var_1 +
4452,115 96 74 13 113,14,115 40 98 78 113,9,11,5,6,13,16,15,var_0 counter_var_1 +,16,counter_var_0 var_1 +
4453,115 26 58 98 113,38,115 81 11 30 113,26,23,12,11,5,30,37,var_0 counter_var_1 +,35,counter_var_0 var_1 +
4454,115 79 38 20 113,36,115 96 85 3 113,21,9,15,16,20,3,37,var_0 counter_var_1 +,24,counter_var_0 var_1 +
4455,115 85 55 48 113,36,115 37 97 81 113,27,8,9,5,17,19,32,var_0 counter_var_1 +,17,counter_var_0 var_1 +
4456,115 36 2 63 113,9,115 14 104 84 113,7,14,2,12,1,22,19,var_0 counter_var_1 +,16,counter_var_0 var_1 +
4457,115 52 13 91 113,36,115 43 20 8 113,23,14,13,20,29,8,43,var_0 counter_var_1 +,27,counter_var_0 var_1 +
4458,115 16 57 1 113,27,115 93 1 40 113,16,6,11,1,1,9,17,var_0 counter_var_1 +,17,counter_var_0 var_1 +
4459,115 75 29 25 113,23,115 24 53 51 113,17,24,6,7,25,20,24,var_0 counter_var_1 +,30,counter_var_0 var_1 +
4460,115 13 2 63 113,15,115 87 61 18 113,13,0,2,15,1,18,28,var_0 counter_var_1 +,2,counter_var_0 var_1 +
4461,115 81 40 11 113,40,115 21 41 22 113,23,21,17,18,11,22,41,var_0 counter_var_1 +,38,counter_var_0 var_1 +
4462,115 25 105 62 113,38,115 93 101 104 113,25,6,13,9,0,11,34,var_0 counter_var_1 +,19,counter_var_0 var_1 +
4463,115 50 12 21 113,33,115 81 64 19 113,21,23,12,18,21,19,39,var_0 counter_var_1 +,35,counter_var_0 var_1 +
4464,115 54 9 87 113,34,115 25 91 33 113,25,25,9,22,25,2,47,var_0 counter_var_1 +,34,counter_var_0 var_1 +
4465,115 36 21 92 113,28,115 106 74 13 113,7,19,21,5,30,13,12,var_0 counter_var_1 +,40,counter_var_0 var_1 +
4466,115 26 93 37 113,27,115 24 97 81 113,26,24,1,5,6,19,31,var_0 counter_var_1 +,25,counter_var_0 var_1 +
4467,115 58 35 9 113,12,115 88 6 56 113,0,1,12,6,9,25,6,var_0 counter_var_1 +,13,counter_var_0 var_1 +
4468,115 27 96 6 113,31,115 77 63 43 113,27,19,4,17,6,12,44,var_0 counter_var_1 +,23,counter_var_0 var_1 +
4469,115 110 20 8 113,43,115 36 1 40 113,23,7,20,1,8,9,24,var_0 counter_var_1 +,27,counter_var_0 var_1 +
4470,115 46 79 57 113,27,115 87 55 48 113,17,0,10,9,26,17,26,var_0 counter_var_1 +,10,counter_var_0 var_1 +
4471,115 91 16 94 113,20,115 109 90 90 113,4,22,16,21,1,28,25,var_0 counter_var_1 +,38,counter_var_0 var_1 +
4472,115 52 99 85 113,30,115 98 23 4 113,23,11,7,0,23,4,23,var_0 counter_var_1 +,18,counter_var_0 var_1 +
4473,115 4 80 31 113,15,115 79 44 107 113,4,21,11,21,0,14,25,var_0 counter_var_1 +,32,counter_var_0 var_1 +
4474,115 86 41 22 113,46,115 12 107 60 113,28,12,18,15,22,29,43,var_0 counter_var_1 +,30,counter_var_0 var_1 +
4475,115 44 37 42 113,29,115 18 18 73 113,15,18,14,18,11,11,33,var_0 counter_var_1 +,32,counter_var_0 var_1 +
4476,115 98 8 26 113,19,115 26 6 56 113,11,26,8,6,26,25,17,var_0 counter_var_1 +,34,counter_var_0 var_1 +
4477,115 69 42 55 113,30,115 88 88 66 113,11,1,19,19,24,4,30,var_0 counter_var_1 +,20,counter_var_0 var_1 +
4478,115 66 69 99 113,8,115 52 28 7 113,8,23,0,5,6,7,13,var_0 counter_var_1 +,23,counter_var_0 var_1 +
4479,115 94 74 13 113,12,115 66 62 41 113,7,8,5,16,13,10,23,var_0 counter_var_1 +,13,counter_var_0 var_1 +
4480,115 6 79 57 113,16,115 100 44 107 113,6,13,10,21,26,14,27,var_0 counter_var_1 +,23,counter_var_0 var_1 +
4481,115 63 6 56 113,11,115 75 79 57 113,5,17,6,10,25,26,15,var_0 counter_var_1 +,23,counter_var_0 var_1 +
4482,115 104 1 40 113,18,115 18 71 74 113,17,18,1,2,9,12,19,var_0 counter_var_1 +,19,counter_var_0 var_1 +
4483,115 22 55 48 113,31,115 104 10 68 113,22,17,9,10,17,6,32,var_0 counter_var_1 +,26,counter_var_0 var_1 +
4484,115 88 36 106 113,14,115 81 40 11 113,1,23,13,17,13,11,18,var_0 counter_var_1 +,36,counter_var_0 var_1 +
4485,115 82 62 41 113,40,115 102 15 53 113,24,15,16,15,10,22,39,var_0 counter_var_1 +,31,counter_var_0 var_1 +
4486,115 65 81 54 113,19,115 100 103 49 113,7,13,12,11,23,18,18,var_0 counter_var_1 +,25,counter_var_0 var_1 +
4487,115 98 0 101 113,11,115 73 104 84 113,11,15,0,12,8,22,23,var_0 counter_var_1 +,15,counter_var_0 var_1 +
4488,115 3 67 46 113,24,115 34 87 69 113,3,5,21,18,15,7,21,var_0 counter_var_1 +,26,counter_var_0 var_1 +
4489,115 77 89 28 113,39,115 82 81 54 113,19,24,20,12,28,23,31,var_0 counter_var_1 +,44,counter_var_0 var_1 +
4490,115 30 60 44 113,15,115 73 70 36 113,1,15,14,1,13,5,2,var_0 counter_var_1 +,29,counter_var_0 var_1 +
4491,115 5 16 94 113,21,115 96 69 99 113,5,9,16,0,1,6,5,var_0 counter_var_1 +,25,counter_var_0 var_1 +
4492,115 60 38 20 113,17,115 4 40 11 113,2,4,15,17,20,11,19,var_0 counter_var_1 +,19,counter_var_0 var_1 +
4493,115 9 25 111 113,11,115 8 76 93 113,9,8,2,7,18,0,16,var_0 counter_var_1 +,10,counter_var_0 var_1 +
4494,115 26 59 23 113,39,115 96 95 29 113,26,9,13,3,23,29,29,var_0 counter_var_1 +,22,counter_var_0 var_1 +
4495,115 15 59 23 113,28,115 11 28 7 113,15,11,13,5,23,7,20,var_0 counter_var_1 +,24,counter_var_0 var_1 +
4496,115 43 72 71 113,17,115 99 57 1 113,14,12,3,11,9,1,25,var_0 counter_var_1 +,15,counter_var_0 var_1 +
4497,115 57 85 3 113,44,115 53 86 45 113,28,24,16,17,3,14,45,var_0 counter_var_1 +,40,counter_var_0 var_1 +
4498,115 108 52 95 113,27,115 30 30 70 113,21,1,6,7,2,8,28,var_0 counter_var_1 +,7,counter_var_0 var_1 +
4499,115 1 14 24 113,15,115 28 21 92 113,1,28,14,21,24,30,22,var_0 counter_var_1 +,42,counter_var_0 var_1 +
4500,115 109 35 9 113,34,115 110 11 30 113,22,23,12,11,9,30,33,var_0 counter_var_1 +,35,counter_var_0 var_1 +
4501,115 87 6 56 113,6,115 107 22 75 113,0,20,6,22,25,13,22,var_0 counter_var_1 +,26,counter_var_0 var_1 +
4502,115 16 105 62 113,29,115 11 3 15 113,16,11,13,3,0,15,19,var_0 counter_var_1 +,24,counter_var_0 var_1 +
4503,115 19 110 61 113,37,115 104 49 72 113,19,17,18,3,30,10,22,var_0 counter_var_1 +,35,counter_var_0 var_1 +
4504,115 70 17 108 113,29,115 17 73 96 113,12,17,17,4,15,3,16,var_0 counter_var_1 +,34,counter_var_0 var_1 +
4505,115 40 26 112 113,14,115 0 67 46 113,11,0,3,21,19,15,32,var_0 counter_var_1 +,3,counter_var_0 var_1 +
4506,115 8 76 93 113,15,115 77 83 38 113,8,19,7,14,0,7,22,var_0 counter_var_1 +,26,counter_var_0 var_1 +
4507,115 103 88 66 113,35,115 44 53 51 113,16,15,19,7,4,20,23,var_0 counter_var_1 +,34,counter_var_0 var_1 +
4508,115 27 98 78 113,33,115 44 96 6 113,27,15,6,4,16,6,31,var_0 counter_var_1 +,21,counter_var_0 var_1 +
4509,115 101 8 26 113,22,115 14 56 59 113,14,14,8,10,26,28,24,var_0 counter_var_1 +,22,counter_var_0 var_1 +
4510,115 95 95 29 113,11,115 74 101 104 113,8,16,3,9,29,11,17,var_0 counter_var_1 +,19,counter_var_0 var_1 +
4511,115 92 70 36 113,6,115 42 108 58 113,5,13,1,16,5,27,21,var_0 counter_var_1 +,14,counter_var_0 var_1 +
4512,115 111 91 33 113,46,115 91 73 96 113,24,4,22,4,2,3,28,var_0 counter_var_1 +,26,counter_var_0 var_1 +
4513,115 53 73 96 113,28,115 53 104 84 113,24,24,4,12,3,22,36,var_0 counter_var_1 +,28,counter_var_0 var_1 +
4514,115 61 100 0 113,11,115 11 42 55 113,3,11,8,19,0,24,22,var_0 counter_var_1 +,19,counter_var_0 var_1 +
4515,115 69 12 21 113,23,115 61 50 77 113,11,3,12,4,21,15,15,var_0 counter_var_1 +,15,counter_var_0 var_1 +
4516,115 56 96 6 113,31,115 46 36 106 113,27,17,4,13,6,13,40,var_0 counter_var_1 +,21,counter_var_0 var_1 +
4517,115 42 93 37 113,14,115 94 7 10 113,13,7,1,7,6,10,20,var_0 counter_var_1 +,8,counter_var_0 var_1 +
4518,115 24 67 46 113,45,115 15 98 78 113,24,15,21,6,15,16,30,var_0 counter_var_1 +,36,counter_var_0 var_1 +
4519,115 74 65 17 113,35,115 8 45 76 113,16,8,19,22,17,14,38,var_0 counter_var_1 +,27,counter_var_0 var_1 +
4520,115 103 23 4 113,16,115 43 9 87 113,16,14,0,9,4,25,25,var_0 counter_var_1 +,14,counter_var_0 var_1 +
4521,115 49 27 88 113,24,115 84 9 87 113,20,26,4,9,26,25,29,var_0 counter_var_1 +,30,counter_var_0 var_1 +
4522,115 87 91 33 113,22,115 48 75 82 113,0,19,22,6,2,20,6,var_0 counter_var_1 +,41,counter_var_0 var_1 +
4523,115 27 82 67 113,40,115 16 22 75 113,27,16,13,22,5,13,49,var_0 counter_var_1 +,29,counter_var_0 var_1 +
4524,115 67 12 21 113,21,115 10 77 105 113,9,10,12,8,21,12,17,var_0 counter_var_1 +,22,counter_var_0 var_1 +
4525,115 14 9 87 113,23,115 21 38 20 113,14,21,9,15,25,20,29,var_0 counter_var_1 +,30,counter_var_0 var_1 +
4526,115 12 18 73 113,30,115 35 57 1 113,12,6,18,11,11,1,23,var_0 counter_var_1 +,24,counter_var_0 var_1 +
4527,115 93 51 97 113,11,115 24 72 71 113,6,24,5,3,4,9,9,var_0 counter_var_1 +,29,counter_var_0 var_1 +
4528,115 59 10 68 113,11,115 95 46 80 113,1,8,10,0,6,18,1,var_0 counter_var_1 +,18,counter_var_0 var_1 +
4529,115 100 82 67 113,26,115 38 38 20 113,13,9,13,15,5,20,28,var_0 counter_var_1 +,22,counter_var_0 var_1 +
4530,115 100 45 76 113,35,115 1 106 35 113,13,1,22,14,14,4,27,var_0 counter_var_1 +,23,counter_var_0 var_1 +
4531,115 61 89 28 113,23,115 94 85 3 113,3,7,20,16,28,3,19,var_0 counter_var_1 +,27,counter_var_0 var_1 +
4532,115 9 78 65 113,18,115 103 19 86 113,9,16,9,19,3,24,28,var_0 counter_var_1 +,25,counter_var_0 var_1 +
4533,115 72 96 6 113,18,115 108 91 33 113,14,21,4,22,6,2,36,var_0 counter_var_1 +,25,counter_var_0 var_1 +
4534,115 25 47 34 113,26,115 93 43 110 113,25,6,1,20,3,17,45,var_0 counter_var_1 +,7,counter_var_0 var_1 +
4535,115 34 23 4 113,5,115 36 39 14 113,5,7,0,16,4,14,21,var_0 counter_var_1 +,7,counter_var_0 var_1 +
4536,115 2 43 110 113,22,115 15 22 75 113,2,15,20,22,17,13,24,var_0 counter_var_1 +,35,counter_var_0 var_1 +
4537,115 83 77 105 113,33,115 1 31 109 113,25,1,8,8,12,16,33,var_0 counter_var_1 +,9,counter_var_0 var_1 +
4538,115 98 96 6 113,15,115 20 0 101 113,11,20,4,0,6,8,11,var_0 counter_var_1 +,24,counter_var_0 var_1 +
4539,115 84 108 58 113,42,115 42 5 47 113,26,13,16,5,27,16,31,var_0 counter_var_1 +,29,counter_var_0 var_1 +
4540,115 104 64 19 113,35,115 109 50 77 113,17,22,18,4,19,15,21,var_0 counter_var_1 +,40,counter_var_0 var_1 +
4541,115 9 3 15 113,12,115 89 101 104 113,9,2,3,9,15,11,18,var_0 counter_var_1 +,5,counter_var_0 var_1 +
4542,115 28 95 29 113,31,115 86 111 12 113,28,28,3,19,29,12,47,var_0 counter_var_1 +,31,counter_var_0 var_1 +
4543,115 110 12 21 113,35,115 91 94 39 113,23,4,12,2,21,8,25,var_0 counter_var_1 +,16,counter_var_0 var_1 +
4544,115 108 82 67 113,34,115 79 111 12 113,21,21,13,19,5,12,40,var_0 counter_var_1 +,34,counter_var_0 var_1 +
4545,115 62 106 35 113,18,115 93 2 63 113,4,6,14,2,4,1,6,var_0 counter_var_1 +,20,counter_var_0 var_1 +
4546,115 29 5 47 113,5,115 99 54 83 113,0,12,5,8,16,21,8,var_0 counter_var_1 +,17,counter_var_0 var_1 +
4547,115 33 46 80 113,4,115 68 19 86 113,4,10,0,19,18,24,23,var_0 counter_var_1 +,10,counter_var_0 var_1 +
4548,115 90 48 89 113,5,115 101 89 28 113,3,14,2,20,27,28,23,var_0 counter_var_1 +,16,counter_var_0 var_1 +
4549,115 80 102 16 113,32,115 34 60 44 113,22,5,10,14,16,13,36,var_0 counter_var_1 +,15,counter_var_0 var_1 +
4550,115 101 29 25 113,20,115 107 57 1 113,14,20,6,11,25,1,25,var_0 counter_var_1 +,26,counter_var_0 var_1 +
4551,115 77 19 86 113,38,115 93 64 19 113,19,6,19,18,24,19,37,var_0 counter_var_1 +,25,counter_var_0 var_1 +
4552,115 29 80 31 113,11,115 35 96 6 113,0,6,11,4,0,6,4,var_0 counter_var_1 +,17,counter_var_0 var_1 +
4553,115 15 15 53 113,30,115 77 58 98 113,15,19,15,12,22,5,27,var_0 counter_var_1 +,34,counter_var_0 var_1 +
4554,115 47 72 71 113,21,115 20 13 91 113,18,20,3,13,9,29,31,var_0 counter_var_1 +,23,counter_var_0 var_1 +
4555,115 82 89 28 113,44,115 10 67 46 113,24,10,20,21,28,15,45,var_0 counter_var_1 +,30,counter_var_0 var_1 +
4556,115 43 49 72 113,17,115 5 14 24 113,14,5,3,14,10,24,28,var_0 counter_var_1 +,8,counter_var_0 var_1 +
4557,115 34 105 62 113,18,115 1 35 9 113,5,1,13,12,0,9,17,var_0 counter_var_1 +,14,counter_var_0 var_1 +
4558,115 87 13 91 113,13,115 45 18 73 113,0,16,13,18,29,11,18,var_0 counter_var_1 +,29,counter_var_0 var_1 +
4559,115 27 40 11 113,44,115 55 72 71 113,27,26,17,3,11,9,30,var_0 counter_var_1 +,43,counter_var_0 var_1 +
4560,115 67 56 59 113,19,115 33 100 0 113,9,4,10,8,28,0,17,var_0 counter_var_1 +,14,counter_var_0 var_1 +
4561,115 91 48 89 113,6,115 28 27 88 113,4,28,2,4,27,26,8,var_0 counter_var_1 +,30,counter_var_0 var_1 +
4562,115 81 89 28 113,43,115 56 24 5 113,23,27,20,1,28,5,24,var_0 counter_var_1 +,47,counter_var_0 var_1 +
4563,115 65 106 35 113,21,115 89 83 38 113,7,2,14,14,4,7,21,var_0 counter_var_1 +,16,counter_var_0 var_1 +
4564,115 33 69 99 113,4,115 82 58 98 113,4,24,0,12,6,5,16,var_0 counter_var_1 +,24,counter_var_0 var_1 +
4565,115 90 15 53 113,18,115 2 105 62 113,3,2,15,13,22,0,16,var_0 counter_var_1 +,17,counter_var_0 var_1 +
4566,115 91 0 101 113,4,115 41 65 17 113,4,12,0,19,8,17,23,var_0 counter_var_1 +,12,counter_var_0 var_1 +
4567,115 75 76 93 113,24,115 23 8 26 113,17,23,7,8,0,26,25,var_0 counter_var_1 +,30,counter_var_0 var_1 +
4568,115 26 86 45 113,43,115 93 73 96 113,26,6,17,4,14,3,30,var_0 counter_var_1 +,23,counter_var_0 var_1 +
4569,115 29 54 83 113,8,115 32 41 22 113,0,3,8,18,21,22,18,var_0 counter_var_1 +,11,counter_var_0 var_1 +
4570,115 108 72 71 113,24,115 24 83 38 113,21,24,3,14,9,7,35,var_0 counter_var_1 +,27,counter_var_0 var_1 +
4571,115 1 24 5 113,2,115 103 35 9 113,1,16,1,12,5,9,13,var_0 counter_var_1 +,17,counter_var_0 var_1 +
4572,115 78 83 38 113,34,115 33 110 61 113,20,4,14,18,7,30,38,var_0 counter_var_1 +,18,counter_var_0 var_1 +
4573,115 63 18 73 113,23,115 30 82 67 113,5,1,18,13,11,5,18,var_0 counter_var_1 +,19,counter_var_0 var_1 +
4574,115 35 49 72 113,9,115 32 67 46 113,6,3,3,21,10,15,27,var_0 counter_var_1 +,6,counter_var_0 var_1 +
4575,115 82 53 51 113,31,115 89 72 71 113,24,2,7,3,20,9,27,var_0 counter_var_1 +,9,counter_var_0 var_1 +
4576,115 38 66 102 113,29,115 105 64 19 113,9,18,20,18,9,19,27,var_0 counter_var_1 +,38,counter_var_0 var_1 +
4577,115 52 11 30 113,34,115 35 97 81 113,23,6,11,5,30,19,28,var_0 counter_var_1 +,17,counter_var_0 var_1 +
4578,115 50 44 107 113,42,115 39 90 90 113,21,10,21,21,14,28,42,var_0 counter_var_1 +,31,counter_var_0 var_1 +
4579,115 47 97 81 113,23,115 75 47 34 113,18,17,5,1,19,3,19,var_0 counter_var_1 +,22,counter_var_0 var_1 +
4580,115 22 3 15 113,25,115 24 43 110 113,22,24,3,20,15,17,42,var_0 counter_var_1 +,27,counter_var_0 var_1 +
4581,115 91 47 34 113,5,115 111 86 45 113,4,24,1,17,3,14,21,var_0 counter_var_1 +,25,counter_var_0 var_1 +
4582,115 60 62 41 113,18,115 64 14 24 113,2,6,16,14,10,24,16,var_0 counter_var_1 +,22,counter_var_0 var_1 +
4583,115 13 41 22 113,31,115 29 39 14 113,13,0,18,16,22,14,29,var_0 counter_var_1 +,18,counter_var_0 var_1 +
4584,115 52 92 2 113,23,115 75 98 78 113,23,17,0,6,2,16,29,var_0 counter_var_1 +,17,counter_var_0 var_1 +
4585,115 86 48 89 113,30,115 73 42 55 113,28,15,2,19,27,24,47,var_0 counter_var_1 +,17,counter_var_0 var_1 +
4586,115 51 50 77 113,26,115 10 47 34 113,22,10,4,1,15,3,23,var_0 counter_var_1 +,14,counter_var_0 var_1 +
4587,115 44 28 7 113,20,115 103 85 3 113,15,16,5,16,7,3,31,var_0 counter_var_1 +,21,counter_var_0 var_1 +
4588,115 2 8 26 113,10,115 52 42 55 113,2,23,8,19,26,24,21,var_0 counter_var_1 +,31,counter_var_0 var_1 +
4589,115 102 57 1 113,26,115 6 79 57 113,15,6,11,10,1,26,25,var_0 counter_var_1 +,17,counter_var_0 var_1 +
4590,115 76 57 1 113,29,115 3 50 77 113,18,3,11,4,1,15,22,var_0 counter_var_1 +,14,counter_var_0 var_1 +
4591,115 11 108 58 113,27,115 34 47 34 113,11,5,16,1,27,3,12,var_0 counter_var_1 +,21,counter_var_0 var_1 +
4592,115 32 39 14 113,19,115 65 82 67 113,3,7,16,13,14,5,16,var_0 counter_var_1 +,23,counter_var_0 var_1 +
4593,115 75 98 78 113,23,115 3 66 102 113,17,3,6,20,16,9,37,var_0 counter_var_1 +,9,counter_var_0 var_1 +
4594,115 22 74 13 113,27,115 76 57 1 113,22,18,5,11,13,1,33,var_0 counter_var_1 +,23,counter_var_0 var_1 +
4595,115 29 81 54 113,12,115 45 88 66 113,0,16,12,19,23,4,19,var_0 counter_var_1 +,28,counter_var_0 var_1 +
4596,115 64 79 57 113,16,115 49 19 86 113,6,20,10,19,26,24,25,var_0 counter_var_1 +,30,counter_var_0 var_1 +
4597,115 62 85 3 113,20,115 14 47 34 113,4,14,16,1,3,3,5,var_0 counter_var_1 +,30,counter_var_0 var_1 +
4598,115 77 32 64 113,28,115 47 57 1 113,19,18,9,11,2,1,30,var_0 counter_var_1 +,27,counter_var_0 var_1 +
4599,115 31 85 3 113,18,115 109 88 66 113,2,22,16,19,3,4,21,var_0 counter_var_1 +,38,counter_var_0 var_1 +
4600,115 100 80 31 113,24,115 20 107 60 113,13,20,11,15,0,29,28,var_0 counter_var_1 +,31,counter_var_0 var_1 +
4601,115 66 33 50 113,18,115 88 74 13 113,8,1,10,5,19,13,13,var_0 counter_var_1 +,11,counter_var_0 var_1 +
4602,115 24 96 6 113,28,115 53 2 63 113,24,24,4,2,6,1,26,var_0 counter_var_1 +,28,counter_var_0 var_1 +
4603,115 73 25 111 113,17,115 15 75 82 113,15,15,2,6,18,20,21,var_0 counter_var_1 +,17,counter_var_0 var_1 +
4604,115 53 96 6 113,28,115 56 36 106 113,24,27,4,13,6,13,37,var_0 counter_var_1 +,31,counter_var_0 var_1 +
4605,115 37 19 86 113,27,115 34 86 45 113,8,5,19,17,24,14,25,var_0 counter_var_1 +,24,counter_var_0 var_1 +
4606,115 58 56 59 113,10,115 11 99 85 113,0,11,10,7,28,23,7,var_0 counter_var_1 +,21,counter_var_0 var_1 +
4607,115 8 68 100 113,30,115 5 94 39 113,8,5,22,2,7,8,10,var_0 counter_var_1 +,27,counter_var_0 var_1 +
4608,115 37 83 38 113,22,115 103 4 52 113,8,16,14,4,7,21,12,var_0 counter_var_1 +,30,counter_var_0 var_1 +
4609,115 67 5 47 113,14,115 98 2 63 113,9,11,5,2,16,1,11,var_0 counter_var_1 +,16,counter_var_0 var_1 +
4610,115 69 44 107 113,32,115 68 89 28 113,11,10,21,20,14,28,31,var_0 counter_var_1 +,31,counter_var_0 var_1 +
4611,115 86 11 30 113,39,115 33 106 35 113,28,4,11,14,30,4,42,var_0 counter_var_1 +,15,counter_var_0 var_1 +
4612,115 104 95 29 113,20,115 79 4 52 113,17,21,3,4,29,21,21,var_0 counter_var_1 +,24,counter_var_0 var_1 +
4613,115 52 16 94 113,39,115 39 36 106 113,23,10,16,13,1,13,36,var_0 counter_var_1 +,26,counter_var_0 var_1 +
4614,115 29 50 77 113,4,115 65 24 5 113,0,7,4,1,15,5,1,var_0 counter_var_1 +,11,counter_var_0 var_1 +
4615,115 0 3 15 113,3,115 99 39 14 113,0,12,3,16,15,14,16,var_0 counter_var_1 +,15,counter_var_0 var_1 +
4616,115 73 79 57 113,25,115 2 46 80 113,15,2,10,0,26,18,15,var_0 counter_var_1 +,12,counter_var_0 var_1 +
4617,115 65 11 30 113,18,115 46 95 29 113,7,17,11,3,30,29,10,var_0 counter_var_1 +,28,counter_var_0 var_1 +
4618,115 57 68 100 113,50,115 94 41 22 113,28,7,22,18,7,22,46,var_0 counter_var_1 +,29,counter_var_0 var_1 +
4619,115 57 55 48 113,37,115 95 88 66 113,28,8,9,19,17,4,47,var_0 counter_var_1 +,17,counter_var_0 var_1 +
4620,115 87 32 64 113,9,115 13 30 70 113,0,13,9,7,2,8,7,var_0 counter_var_1 +,22,counter_var_0 var_1 +
4621,115 81 107 60 113,38,115 6 110 61 113,23,6,15,18,29,30,41,var_0 counter_var_1 +,21,counter_var_0 var_1 +
4622,115 25 60 44 113,39,115 27 77 105 113,25,27,14,8,13,12,33,var_0 counter_var_1 +,41,counter_var_0 var_1 +
4623,115 87 85 3 113,16,115 34 16 94 113,0,5,16,16,3,1,16,var_0 counter_var_1 +,21,counter_var_0 var_1 +
4624,115 6 87 69 113,24,115 91 93 37 113,6,4,18,1,7,6,7,var_0 counter_var_1 +,22,counter_var_0 var_1 +
4625,115 37 72 71 113,11,115 3 76 93 113,8,3,3,7,9,0,15,var_0 counter_var_1 +,6,counter_var_0 var_1 +
4626,115 26 65 17 113,45,115 45 94 39 113,26,16,19,2,17,8,28,var_0 counter_var_1 +,35,counter_var_0 var_1 +
4627,115 74 110 61 113,34,115 105 71 74 113,16,18,18,2,30,12,18,var_0 counter_var_1 +,36,counter_var_0 var_1 +
4628,115 70 9 87 113,21,115 98 104 84 113,12,11,9,12,25,22,24,var_0 counter_var_1 +,20,counter_var_0 var_1 +
4629,115 1 44 107 113,22,115 96 65 17 113,1,9,21,19,14,17,20,var_0 counter_var_1 +,30,counter_var_0 var_1 +
4630,115 26 32 64 113,35,115 46 49 72 113,26,17,9,3,2,10,29,var_0 counter_var_1 +,26,counter_var_0 var_1 +
4631,115 37 65 17 113,27,115 39 9 87 113,8,10,19,9,17,25,17,var_0 counter_var_1 +,29,counter_var_0 var_1 +
4632,115 77 39 14 113,35,115 57 106 35 113,19,28,16,14,14,4,33,var_0 counter_var_1 +,44,counter_var_0 var_1 +
4633,115 57 28 7 113,33,115 52 91 33 113,28,23,5,22,7,2,50,var_0 counter_var_1 +,28,counter_var_0 var_1 +
4634,115 58 51 97 113,5,115 19 41 22 113,0,19,5,18,4,22,18,var_0 counter_var_1 +,24,counter_var_0 var_1 +
4635,115 53 94 39 113,26,115 65 73 96 113,24,7,2,4,8,3,28,var_0 counter_var_1 +,9,counter_var_0 var_1 +
4636,115 79 82 67 113,34,115 17 85 3 113,21,17,13,16,5,3,37,var_0 counter_var_1 +,30,counter_var_0 var_1 +
4637,115 67 30 70 113,16,115 52 83 38 113,9,23,7,14,8,7,23,var_0 counter_var_1 +,30,counter_var_0 var_1 +
4638,115 54 97 81 113,30,115 102 38 20 113,25,15,5,15,19,20,40,var_0 counter_var_1 +,20,counter_var_0 var_1 +
4639,115 37 93 37 113,9,115 4 29 25 113,8,4,1,6,6,25,14,var_0 counter_var_1 +,5,counter_var_0 var_1 +
4640,115 15 102 16 113,25,115 2 31 109 113,15,2,10,8,16,16,23,var_0 counter_var_1 +,12,counter_var_0 var_1 +
4641,115 31 77 105 113,10,115 19 82 67 113,2,19,8,13,12,5,15,var_0 counter_var_1 +,27,counter_var_0 var_1 +
4642,115 55 89 28 113,46,115 53 11 30 113,26,24,20,11,28,30,37,var_0 counter_var_1 +,44,counter_var_0 var_1 +
4643,115 16 25 111 113,18,115 78 83 38 113,16,20,2,14,18,7,30,var_0 counter_var_1 +,22,counter_var_0 var_1 +
4644,115 33 24 5 113,5,115 104 108 58 113,4,17,1,16,5,27,20,var_0 counter_var_1 +,18,counter_var_0 var_1 +
4645,115 6 25 111 113,8,115 30 53 51 113,6,1,2,7,18,20,13,var_0 counter_var_1 +,3,counter_var_0 var_1 +
4646,115 78 75 82 113,26,115 71 103 49 113,20,13,6,11,20,18,31,var_0 counter_var_1 +,19,counter_var_0 var_1 +
4647,115 71 20 8 113,33,115 21 18 73 113,13,21,20,18,8,11,31,var_0 counter_var_1 +,41,counter_var_0 var_1 +
4648,115 61 29 25 113,9,115 61 52 95 113,3,3,6,6,25,2,9,var_0 counter_var_1 +,9,counter_var_0 var_1 +
4649,115 57 39 14 113,44,115 31 36 106 113,28,2,16,13,14,13,41,var_0 counter_var_1 +,18,counter_var_0 var_1 +
4650,115 108 65 17 113,40,115 28 48 89 113,21,28,19,2,17,27,23,var_0 counter_var_1 +,47,counter_var_0 var_1 +
4651,115 93 46 80 113,6,115 32 25 111 113,6,3,0,2,18,18,8,var_0 counter_var_1 +,3,counter_var_0 var_1 +
4652,115 16 28 7 113,21,115 12 47 34 113,16,12,5,1,7,3,17,var_0 counter_var_1 +,17,counter_var_0 var_1 +
4653,115 85 18 73 113,45,115 96 64 19 113,27,9,18,18,11,19,45,var_0 counter_var_1 +,27,counter_var_0 var_1 +
4654,115 110 87 69 113,41,115 47 77 105 113,23,18,18,8,7,12,31,var_0 counter_var_1 +,36,counter_var_0 var_1 +
4655,115 3 35 9 113,15,115 99 0 101 113,3,12,12,0,9,8,3,var_0 counter_var_1 +,24,counter_var_0 var_1 +
4656,115 107 81 54 113,32,115 78 66 102 113,20,20,12,20,23,9,40,var_0 counter_var_1 +,32,counter_var_0 var_1 +
4657,115 73 74 13 113,20,115 30 65 17 113,15,1,5,19,13,17,34,var_0 counter_var_1 +,6,counter_var_0 var_1 +
4658,115 44 11 30 113,26,115 69 62 41 113,15,11,11,16,30,10,31,var_0 counter_var_1 +,22,counter_var_0 var_1 +
4659,115 65 4 52 113,11,115 105 100 0 113,7,18,4,8,21,0,15,var_0 counter_var_1 +,22,counter_var_0 var_1 +
4660,115 110 14 24 113,37,115 66 67 46 113,23,8,14,21,24,15,44,var_0 counter_var_1 +,22,counter_var_0 var_1 +
4661,115 69 16 94 113,27,115 26 41 22 113,11,26,16,18,1,22,29,var_0 counter_var_1 +,42,counter_var_0 var_1 +
4662,115 104 91 33 113,39,115 82 57 1 113,17,24,22,11,2,1,28,var_0 counter_var_1 +,46,counter_var_0 var_1 +
4663,115 12 68 100 113,34,115 71 37 42 113,12,13,22,14,7,11,26,var_0 counter_var_1 +,35,counter_var_0 var_1 +
4664,115 28 74 13 113,33,115 6 0 101 113,28,6,5,0,13,8,28,var_0 counter_var_1 +,11,counter_var_0 var_1 +
4665,115 51 20 8 113,42,115 15 112 103 113,22,15,20,20,8,10,42,var_0 counter_var_1 +,35,counter_var_0 var_1 +
4666,115 112 35 9 113,37,115 23 98 78 113,25,23,12,6,9,16,31,var_0 counter_var_1 +,35,counter_var_0 var_1 +
4667,115 66 27 88 113,12,115 87 111 12 113,8,0,4,19,26,12,27,var_0 counter_var_1 +,4,counter_var_0 var_1 +
4668,115 83 104 84 113,37,115 10 32 64 113,25,10,12,9,22,2,34,var_0 counter_var_1 +,22,counter_var_0 var_1 +
4669,115 36 58 98 113,19,115 107 88 66 113,7,20,12,19,5,4,26,var_0 counter_var_1 +,32,counter_var_0 var_1 +
4670,115 32 49 72 113,6,115 81 18 73 113,3,23,3,18,10,11,21,var_0 counter_var_1 +,26,counter_var_0 var_1 +
4671,115 93 99 85 113,13,115 108 98 78 113,6,21,7,6,23,16,12,var_0 counter_var_1 +,28,counter_var_0 var_1 +
4672,115 3 108 58 113,19,115 105 17 108 113,3,18,16,17,27,15,20,var_0 counter_var_1 +,34,counter_var_0 var_1 +
4673,115 21 25 111 113,23,115 69 41 22 113,21,11,2,18,18,22,39,var_0 counter_var_1 +,13,counter_var_0 var_1 +
4674,115 80 26 112 113,25,115 78 61 18 113,22,20,3,15,19,18,37,var_0 counter_var_1 +,23,counter_var_0 var_1 +
4675,115 40 43 110 113,31,115 61 86 45 113,11,3,20,17,17,14,28,var_0 counter_var_1 +,23,counter_var_0 var_1 +
4676,115 59 8 26 113,9,115 107 31 109 113,1,20,8,8,26,16,9,var_0 counter_var_1 +,28,counter_var_0 var_1 +
4677,115 95 61 18 113,23,115 105 35 9 113,8,18,15,12,18,9,20,var_0 counter_var_1 +,33,counter_var_0 var_1 +
4678,115 65 44 107 113,28,115 93 21 92 113,7,6,21,21,14,30,28,var_0 counter_var_1 +,27,counter_var_0 var_1 +
4679,115 67 110 61 113,27,115 15 88 66 113,9,15,18,19,30,4,28,var_0 counter_var_1 +,33,counter_var_0 var_1 +
4680,115 83 25 111 113,27,115 38 50 77 113,25,9,2,4,18,15,29,var_0 counter_var_1 +,11,counter_var_0 var_1 +
4681,115 101 105 62 113,27,115 79 32 64 113,14,21,13,9,0,2,23,var_0 counter_var_1 +,34,counter_var_0 var_1 +
4682,115 80 56 59 113,32,115 40 20 8 113,22,11,10,20,28,8,42,var_0 counter_var_1 +,21,counter_var_0 var_1 +
4683,115 39 85 3 113,26,115 53 13 91 113,10,24,16,13,3,29,23,var_0 counter_var_1 +,40,counter_var_0 var_1 +
4684,115 62 36 106 113,17,115 95 98 78 113,4,8,13,6,13,16,10,var_0 counter_var_1 +,21,counter_var_0 var_1 +
4685,115 106 93 37 113,20,115 64 19 86 113,19,6,1,19,6,24,38,var_0 counter_var_1 +,7,counter_var_0 var_1 +
4686,115 66 63 43 113,25,115 2 9 87 113,8,2,17,9,12,25,17,var_0 counter_var_1 +,19,counter_var_0 var_1 +
4687,115 14 37 42 113,28,115 24 2 63 113,14,24,14,2,11,1,16,var_0 counter_var_1 +,38,counter_var_0 var_1 +
4688,115 72 84 32 113,29,115 63 89 28 113,14,5,15,20,1,28,34,var_0 counter_var_1 +,20,counter_var_0 var_1 +
4689,115 14 94 39 113,16,115 110 87 69 113,14,23,2,18,8,7,32,var_0 counter_var_1 +,25,counter_var_0 var_1 +
4690,115 92 61 18 113,20,115 91 106 35 113,5,4,15,14,18,4,19,var_0 counter_var_1 +,19,counter_var_0 var_1 +
4691,115 1 4 52 113,5,115 10 87 69 113,1,10,4,18,21,7,19,var_0 counter_var_1 +,14,counter_var_0 var_1 +
4692,115 34 86 45 113,22,115 74 94 39 113,5,16,17,2,14,8,7,var_0 counter_var_1 +,33,counter_var_0 var_1 +
4693,115 11 31 109 113,19,115 14 5 47 113,11,14,8,5,16,16,16,var_0 counter_var_1 +,22,counter_var_0 var_1 +
4694,115 48 26 112 113,22,115 10 100 0 113,19,10,3,8,19,0,27,var_0 counter_var_1 +,13,counter_var_0 var_1 +
4695,115 40 25 111 113,13,115 112 25 111 113,11,25,2,2,18,18,13,var_0 counter_var_1 +,27,counter_var_0 var_1 +
4696,115 70 49 72 113,15,115 39 13 91 113,12,10,3,13,10,29,25,var_0 counter_var_1 +,13,counter_var_0 var_1 +
4697,115 1 90 90 113,22,115 20 32 64 113,1,20,21,9,28,2,10,var_0 counter_var_1 +,41,counter_var_0 var_1 +
4698,115 73 51 97 113,20,115 62 102 16 113,15,4,5,10,4,16,25,var_0 counter_var_1 +,9,counter_var_0 var_1 +
4699,115 53 103 49 113,35,115 4 50 77 113,24,4,11,4,18,15,28,var_0 counter_var_1 +,15,counter_var_0 var_1 +
4700,115 55 92 2 113,26,115 69 6 56 113,26,11,0,6,2,25,32,var_0 counter_var_1 +,11,counter_var_0 var_1 +
4701,115 62 6 56 113,10,115 67 23 4 113,4,9,6,0,25,4,4,var_0 counter_var_1 +,15,counter_var_0 var_1 +
4702,115 85 100 0 113,35,115 73 13 91 113,27,15,8,13,0,29,40,var_0 counter_var_1 +,23,counter_var_0 var_1 +
4703,115 19 45 76 113,41,115 54 34 27 113,19,25,22,11,14,27,30,var_0 counter_var_1 +,47,counter_var_0 var_1 +
4704,115 85 78 65 113,36,115 84 104 84 113,27,26,9,12,3,22,39,var_0 counter_var_1 +,35,counter_var_0 var_1 +
4705,115 83 31 109 113,33,115 86 32 64 113,25,28,8,9,16,2,34,var_0 counter_var_1 +,36,counter_var_0 var_1 +
4706,115 112 19 86 113,44,115 53 75 82 113,25,24,19,6,24,20,31,var_0 counter_var_1 +,43,counter_var_0 var_1 +
4707,115 80 69 99 113,22,115 83 86 45 113,22,25,0,17,6,14,39,var_0 counter_var_1 +,25,counter_var_0 var_1 +
4708,115 55 84 32 113,41,115 50 63 43 113,26,21,15,17,1,12,43,var_0 counter_var_1 +,36,counter_var_0 var_1 +
4709,115 110 17 108 113,40,115 25 17 108 113,23,25,17,17,15,15,40,var_0 counter_var_1 +,42,counter_var_0 var_1 +
4710,115 38 93 37 113,10,115 93 13 91 113,9,6,1,13,6,29,22,var_0 counter_var_1 +,7,counter_var_0 var_1 +
4711,115 95 85 3 113,24,115 106 64 19 113,8,19,16,18,3,19,26,var_0 counter_var_1 +,35,counter_var_0 var_1 +
4712,115 70 91 33 113,34,115 40 79 57 113,12,11,22,10,2,26,22,var_0 counter_var_1 +,33,counter_var_0 var_1 +
4713,115 62 77 105 113,12,115 92 34 27 113,4,5,8,11,12,27,15,var_0 counter_var_1 +,13,counter_var_0 var_1 +
4714,115 23 39 14 113,39,115 70 46 80 113,23,12,16,0,14,18,23,var_0 counter_var_1 +,28,counter_var_0 var_1 +
4715,115 65 109 79 113,24,115 64 12 21 113,7,6,17,12,17,21,19,var_0 counter_var_1 +,23,counter_var_0 var_1 +
4716,115 67 108 58 113,25,115 23 74 13 113,9,23,16,5,27,13,14,var_0 counter_var_1 +,39,counter_var_0 var_1 +
4717,115 107 94 39 113,22,115 17 72 71 113,20,17,2,3,8,9,23,var_0 counter_var_1 +,19,counter_var_0 var_1 +
4718,115 72 83 38 113,28,115 37 71 74 113,14,8,14,2,7,12,16,var_0 counter_var_1 +,22,counter_var_0 var_1 +
4719,115 90 109 79 113,20,115 72 58 98 113,3,14,17,12,17,5,15,var_0 counter_var_1 +,31,counter_var_0 var_1 +
4720,115 72 75 82 113,20,115 15 84 32 113,14,15,6,15,20,1,29,var_0 counter_var_1 +,21,counter_var_0 var_1 +
4721,115 36 46 80 113,7,115 61 53 51 113,7,3,0,7,18,20,14,var_0 counter_var_1 +,3,counter_var_0 var_1 +
4722,115 10 73 96 113,14,115 47 38 20 113,10,18,4,15,3,20,25,var_0 counter_var_1 +,22,counter_var_0 var_1 +
4723,115 25 16 94 113,41,115 54 69 99 113,25,25,16,0,1,6,25,var_0 counter_var_1 +,41,counter_var_0 var_1 +
4724,115 60 98 78 113,8,115 78 39 14 113,2,20,6,16,16,14,18,var_0 counter_var_1 +,26,counter_var_0 var_1 +
4725,115 6 11 30 113,17,115 22 55 48 113,6,22,11,9,30,17,15,var_0 counter_var_1 +,33,counter_var_0 var_1 +
4726,115 29 18 73 113,18,115 30 34 27 113,0,1,18,11,11,27,11,var_0 counter_var_1 +,19,counter_var_0 var_1 +
4727,115 52 43 110 113,43,115 98 7 10 113,23,11,20,7,17,10,30,var_0 counter_var_1 +,31,counter_var_0 var_1 +
4728,115 110 67 46 113,44,115 80 44 107 113,23,22,21,21,15,14,44,var_0 counter_var_1 +,43,counter_var_0 var_1 +
4729,115 90 80 31 113,14,115 52 98 78 113,3,23,11,6,0,16,9,var_0 counter_var_1 +,34,counter_var_0 var_1 +
4730,115 64 10 68 113,16,115 66 107 60 113,6,8,10,15,6,29,21,var_0 counter_var_1 +,18,counter_var_0 var_1 +
4731,115 109 110 61 113,40,115 56 12 21 113,22,27,18,12,30,21,34,var_0 counter_var_1 +,45,counter_var_0 var_1 +
4732,115 91 10 68 113,14,115 19 92 2 113,4,19,10,0,6,2,4,var_0 counter_var_1 +,29,counter_var_0 var_1 +
4733,115 20 56 59 113,30,115 92 70 36 113,20,5,10,1,28,5,21,var_0 counter_var_1 +,15,counter_var_0 var_1 +
4734,115 9 63 43 113,26,115 15 41 22 113,9,15,17,18,12,22,27,var_0 counter_var_1 +,32,counter_var_0 var_1 +
4735,115 21 102 16 113,31,115 106 27 88 113,21,19,10,4,16,26,25,var_0 counter_var_1 +,29,counter_var_0 var_1 +
4736,115 50 5 47 113,26,115 90 72 71 113,21,3,5,3,16,9,24,var_0 counter_var_1 +,8,counter_var_0 var_1 +
4737,115 18 60 44 113,32,115 16 36 106 113,18,16,14,13,13,13,31,var_0 counter_var_1 +,30,counter_var_0 var_1 +
4738,115 100 18 73 113,31,115 98 13 91 113,13,11,18,13,11,29,26,var_0 counter_var_1 +,29,counter_var_0 var_1 +
4739,115 58 89 28 113,20,115 26 60 44 113,0,26,20,14,28,13,14,var_0 counter_var_1 +,46,counter_var_0 var_1 +
4740,115 109 79 57 113,32,115 82 108 58 113,22,24,10,16,26,27,38,var_0 counter_var_1 +,34,counter_var_0 var_1 +
4741,115 7 1 40 113,8,115 41 3 15 113,7,12,1,3,9,15,10,var_0 counter_var_1 +,13,counter_var_0 var_1 +
4742,115 90 74 13 113,8,115 88 28 7 113,3,1,5,5,13,7,8,var_0 counter_var_1 +,6,counter_var_0 var_1 +
4743,115 65 79 57 113,17,115 101 50 77 113,7,14,10,4,26,15,11,var_0 counter_var_1 +,24,counter_var_0 var_1 +
4744,115 48 59 23 113,32,115 81 2 63 113,19,23,13,2,23,1,21,var_0 counter_var_1 +,36,counter_var_0 var_1 +
4745,115 36 32 64 113,16,115 83 58 98 113,7,25,9,12,2,5,19,var_0 counter_var_1 +,34,counter_var_0 var_1 +
4746,115 27 54 83 113,35,115 22 6 56 113,27,22,8,6,21,25,33,var_0 counter_var_1 +,30,counter_var_0 var_1 +
4747,115 110 53 51 113,30,115 74 92 2 113,23,16,7,0,20,2,23,var_0 counter_var_1 +,23,counter_var_0 var_1 +
4748,115 30 45 76 113,23,115 32 31 109 113,1,3,22,8,14,16,9,var_0 counter_var_1 +,25,counter_var_0 var_1 +
4749,115 50 38 20 113,36,115 79 23 4 113,21,21,15,0,20,4,21,var_0 counter_var_1 +,36,counter_var_0 var_1 +
4750,115 101 73 96 113,18,115 49 104 84 113,14,20,4,12,3,22,26,var_0 counter_var_1 +,24,counter_var_0 var_1 +
4751,115 67 54 83 113,17,115 62 13 91 113,9,4,8,13,21,29,22,var_0 counter_var_1 +,12,counter_var_0 var_1 +
4752,115 92 13 91 113,18,115 85 40 11 113,5,27,13,17,29,11,22,var_0 counter_var_1 +,40,counter_var_0 var_1 +
4753,115 93 88 66 113,25,115 31 19 86 113,6,2,19,19,4,24,25,var_0 counter_var_1 +,21,counter_var_0 var_1 +
4754,115 52 19 86 113,42,115 110 31 109 113,23,23,19,8,24,16,31,var_0 counter_var_1 +,42,counter_var_0 var_1 +
4755,115 72 112 103 113,34,115 106 53 51 113,14,19,20,7,10,20,21,var_0 counter_var_1 +,39,counter_var_0 var_1 +
4756,115 91 61 18 113,19,115 0 1 40 113,4,0,15,1,18,9,5,var_0 counter_var_1 +,15,counter_var_0 var_1 +
4757,115 24 111 12 113,43,115 78 43 110 113,24,20,19,20,12,17,44,var_0 counter_var_1 +,39,counter_var_0 var_1 +
4758,115 9 59 23 113,22,115 34 10 68 113,9,5,13,10,23,6,19,var_0 counter_var_1 +,18,counter_var_0 var_1 +
4759,115 74 13 91 113,29,115 109 67 46 113,16,22,13,21,29,15,37,var_0 counter_var_1 +,35,counter_var_0 var_1 +
4760,115 93 85 3 113,22,115 37 3 15 113,6,8,16,3,3,15,9,var_0 counter_var_1 +,24,counter_var_0 var_1 +
4761,115 54 56 59 113,35,115 80 36 106 113,25,22,10,13,28,13,38,var_0 counter_var_1 +,32,counter_var_0 var_1 +
4762,115 68 72 71 113,13,115 17 65 17 113,10,17,3,19,9,17,29,var_0 counter_var_1 +,20,counter_var_0 var_1 +
4763,115 88 40 11 113,18,115 62 15 53 113,1,4,17,15,11,22,16,var_0 counter_var_1 +,21,counter_var_0 var_1 +
4764,115 54 89 28 113,45,115 70 6 56 113,25,12,20,6,28,25,31,var_0 counter_var_1 +,32,counter_var_0 var_1 +
4765,115 54 25 111 113,27,115 72 40 11 113,25,14,2,17,18,11,42,var_0 counter_var_1 +,16,counter_var_0 var_1 +
4766,115 73 85 3 113,31,115 88 25 111 113,15,1,16,2,3,18,17,var_0 counter_var_1 +,17,counter_var_0 var_1 +
4767,115 43 80 31 113,25,115 35 36 106 113,14,6,11,13,0,13,27,var_0 counter_var_1 +,17,counter_var_0 var_1 +
4768,115 33 88 66 113,23,115 0 17 108 113,4,0,19,17,4,15,21,var_0 counter_var_1 +,19,counter_var_0 var_1 +
4769,115 27 100 0 113,35,115 79 12 21 113,27,21,8,12,0,21,39,var_0 counter_var_1 +,29,counter_var_0 var_1 +
4770,115 29 59 23 113,13,115 21 0 101 113,0,21,13,0,23,8,0,var_0 counter_var_1 +,34,counter_var_0 var_1 +
4771,115 71 69 99 113,13,115 27 57 1 113,13,27,0,11,6,1,24,var_0 counter_var_1 +,27,counter_var_0 var_1 +
4772,115 68 40 11 113,27,115 34 109 79 113,10,5,17,17,11,17,27,var_0 counter_var_1 +,22,counter_var_0 var_1 +
4773,115 86 93 37 113,29,115 89 110 61 113,28,2,1,18,6,30,46,var_0 counter_var_1 +,3,counter_var_0 var_1 +
4774,115 94 19 86 113,26,115 23 32 64 113,7,23,19,9,24,2,16,var_0 counter_var_1 +,42,counter_var_0 var_1 +
4775,115 25 95 29 113,28,115 107 78 65 113,25,20,3,9,29,3,34,var_0 counter_var_1 +,23,counter_var_0 var_1 +
4776,115 103 20 8 113,36,115 67 103 49 113,16,9,20,11,8,18,27,var_0 counter_var_1 +,29,counter_var_0 var_1 +
4777,115 65 76 93 113,14,115 9 8 26 113,7,9,7,8,0,26,15,var_0 counter_var_1 +,16,counter_var_0 var_1 +
4778,115 107 57 1 113,31,115 12 8 26 113,20,12,11,8,1,26,28,var_0 counter_var_1 +,23,counter_var_0 var_1 +
4779,115 31 67 46 113,23,115 22 39 14 113,2,22,21,16,15,14,18,var_0 counter_var_1 +,43,counter_var_0 var_1 +
4780,115 2 68 100 113,24,115 100 48 89 113,2,13,22,2,7,27,4,var_0 counter_var_1 +,35,counter_var_0 var_1 +
4781,115 101 47 34 113,15,115 89 61 18 113,14,2,1,15,3,18,29,var_0 counter_var_1 +,3,counter_var_0 var_1 +
4782,115 92 55 48 113,14,115 80 43 110 113,5,22,9,20,17,17,25,var_0 counter_var_1 +,31,counter_var_0 var_1 +
4783,115 16 36 106 113,29,115 108 71 74 113,16,21,13,2,13,12,18,var_0 counter_var_1 +,34,counter_var_0 var_1 +
4784,115 37 1 40 113,9,115 59 51 97 113,8,1,1,5,9,4,13,var_0 counter_var_1 +,2,counter_var_0 var_1 +
4785,115 25 54 83 113,33,115 107 76 93 113,25,20,8,7,21,0,32,var_0 counter_var_1 +,28,counter_var_0 var_1 +
4786,115 19 111 12 113,38,115 83 2 63 113,19,25,19,2,12,1,21,var_0 counter_var_1 +,44,counter_var_0 var_1 +
4787,115 59 25 111 113,3,115 109 97 81 113,1,22,2,5,18,19,6,var_0 counter_var_1 +,24,counter_var_0 var_1 +
4788,115 37 67 46 113,29,115 11 35 9 113,8,11,21,12,15,9,20,var_0 counter_var_1 +,32,counter_var_0 var_1 +
4789,115 101 12 21 113,26,115 96 78 65 113,14,9,12,9,21,3,23,var_0 counter_var_1 +,21,counter_var_0 var_1 +
4790,115 80 73 96 113,26,115 102 73 96 113,22,15,4,4,3,3,26,var_0 counter_var_1 +,19,counter_var_0 var_1 +
4791,115 40 41 22 113,29,115 1 9 87 113,11,1,18,9,22,25,20,var_0 counter_var_1 +,19,counter_var_0 var_1 +
4792,115 3 83 38 113,17,115 105 91 33 113,3,18,14,22,7,2,25,var_0 counter_var_1 +,32,counter_var_0 var_1 +
4793,115 92 108 58 113,21,115 58 102 16 113,5,0,16,10,27,16,15,var_0 counter_var_1 +,16,counter_var_0 var_1 +
4794,115 6 48 89 113,8,115 98 91 33 113,6,11,2,22,27,2,28,var_0 counter_var_1 +,13,counter_var_0 var_1 +
4795,115 74 8 26 113,24,115 29 51 97 113,16,0,8,5,26,4,21,var_0 counter_var_1 +,8,counter_var_0 var_1 +
4796,115 110 69 99 113,23,115 45 52 95 113,23,16,0,6,6,2,29,var_0 counter_var_1 +,16,counter_var_0 var_1 +
4797,115 1 101 104 113,10,115 3 60 44 113,1,3,9,14,11,13,15,var_0 counter_var_1 +,12,counter_var_0 var_1 +
4798,115 57 11 30 113,39,115 111 60 44 113,28,24,11,14,30,13,42,var_0 counter_var_1 +,35,counter_var_0 var_1 +
4799,115 55 88 66 113,45,115 37 29 25 113,26,8,19,6,4,25,32,var_0 counter_var_1 +,27,counter_var_0 var_1 +
4800,115 21 42 55 113,40,115 95 29 25 113,21,8,19,6,24,25,27,var_0 counter_var_1 +,27,counter_var_0 var_1 +
4801,115 106 62 41 113,35,115 39 66 102 113,19,10,16,20,10,9,39,var_0 counter_var_1 +,26,counter_var_0 var_1 +
4802,115 12 28 7 113,17,115 18 3 15 113,12,18,5,3,7,15,15,var_0 counter_var_1 +,23,counter_var_0 var_1 +
4803,115 17 81 54 113,29,115 71 87 69 113,17,13,12,18,23,7,35,var_0 counter_var_1 +,25,counter_var_0 var_1 +
4804,115 62 31 109 113,12,115 69 56 59 113,4,11,8,10,16,28,14,var_0 counter_var_1 +,19,counter_var_0 var_1 +
4805,115 110 80 31 113,34,115 30 107 60 113,23,1,11,15,0,29,38,var_0 counter_var_1 +,12,counter_var_0 var_1 +
4806,115 52 96 6 113,27,115 82 104 84 113,23,24,4,12,6,22,35,var_0 counter_var_1 +,28,counter_var_0 var_1 +
4807,115 10 89 28 113,30,115 70 22 75 113,10,12,20,22,28,13,32,var_0 counter_var_1 +,32,counter_var_0 var_1 +
4808,115 33 106 35 113,18,115 14 40 11 113,4,14,14,17,4,11,21,var_0 counter_var_1 +,28,counter_var_0 var_1 +
4809,115 88 76 93 113,8,115 95 11 30 113,1,8,7,11,0,30,12,var_0 counter_var_1 +,15,counter_var_0 var_1 +
4810,115 95 74 13 113,13,115 17 52 95 113,8,17,5,6,13,2,14,var_0 counter_var_1 +,22,counter_var_0 var_1 +
4811,115 12 31 109 113,20,115 27 24 5 113,12,27,8,1,16,5,13,var_0 counter_var_1 +,35,counter_var_0 var_1 +
4812,115 26 55 48 113,35,115 73 77 105 113,26,15,9,8,17,12,34,var_0 counter_var_1 +,24,counter_var_0 var_1 +
4813,115 102 34 27 113,26,115 63 30 70 113,15,5,11,7,27,8,22,var_0 counter_var_1 +,16,counter_var_0 var_1 +
4814,115 43 111 12 113,33,115 55 35 9 113,14,26,19,12,12,9,26,var_0 counter_var_1 +,45,counter_var_0 var_1 +
4815,115 73 56 59 113,25,115 14 93 37 113,15,14,10,1,28,6,16,var_0 counter_var_1 +,24,counter_var_0 var_1 +
4816,115 59 38 20 113,16,115 55 103 49 113,1,26,15,11,20,18,12,var_0 counter_var_1 +,41,counter_var_0 var_1 +
4817,115 79 63 43 113,38,115 65 18 73 113,21,7,17,18,12,11,39,var_0 counter_var_1 +,24,counter_var_0 var_1 +
4818,115 54 111 12 113,44,115 5 83 38 113,25,5,19,14,12,7,39,var_0 counter_var_1 +,24,counter_var_0 var_1 +
4819,115 0 80 31 113,11,115 21 28 7 113,0,21,11,5,0,7,5,var_0 counter_var_1 +,32,counter_var_0 var_1 +
4820,115 31 80 31 113,13,115 86 82 67 113,2,28,11,13,0,5,15,var_0 counter_var_1 +,39,counter_var_0 var_1 +
4821,115 68 14 24 113,24,115 61 20 8 113,10,3,14,20,24,8,30,var_0 counter_var_1 +,17,counter_var_0 var_1 +
4822,115 10 17 108 113,27,115 65 111 12 113,10,7,17,19,15,12,29,var_0 counter_var_1 +,24,counter_var_0 var_1 +
4823,115 92 83 38 113,19,115 79 66 102 113,5,21,14,20,7,9,25,var_0 counter_var_1 +,35,counter_var_0 var_1 +
4824,115 61 17 108 113,20,115 49 33 50 113,3,20,17,10,15,19,13,var_0 counter_var_1 +,37,counter_var_0 var_1 +
4825,115 21 9 87 113,30,115 41 5 47 113,21,12,9,5,25,16,26,var_0 counter_var_1 +,21,counter_var_0 var_1 +
4826,115 21 20 8 113,41,115 35 23 4 113,21,6,20,0,8,4,21,var_0 counter_var_1 +,26,counter_var_0 var_1 +
4827,115 44 18 73 113,33,115 2 100 0 113,15,2,18,8,11,0,23,var_0 counter_var_1 +,20,counter_var_0 var_1 +
4828,115 56 110 61 113,45,115 97 57 1 113,27,10,18,11,30,1,38,var_0 counter_var_1 +,28,counter_var_0 var_1 +
4829,115 56 111 12 113,46,115 57 50 77 113,27,28,19,4,12,15,31,var_0 counter_var_1 +,47,counter_var_0 var_1 +
4830,115 4 81 54 113,16,115 84 85 3 113,4,26,12,16,23,3,20,var_0 counter_var_1 +,38,counter_var_0 var_1 +
4831,115 31 73 96 113,6,115 26 46 80 113,2,26,4,0,3,18,2,var_0 counter_var_1 +,30,counter_var_0 var_1 +
4832,115 62 73 96 113,8,115 80 107 60 113,4,22,4,15,3,29,19,var_0 counter_var_1 +,26,counter_var_0 var_1 +
4833,115 18 51 97 113,23,115 107 95 29 113,18,20,5,3,4,29,21,var_0 counter_var_1 +,25,counter_var_0 var_1 +
4834,115 75 41 22 113,35,115 81 63 43 113,17,23,18,17,22,12,34,var_0 counter_var_1 +,41,counter_var_0 var_1 +
4835,115 30 25 111 113,3,115 67 28 7 113,1,9,2,5,18,7,6,var_0 counter_var_1 +,11,counter_var_0 var_1 +
4836,115 70 95 29 113,15,115 46 39 14 113,12,17,3,16,29,14,28,var_0 counter_var_1 +,20,counter_var_0 var_1 +
4837,115 31 30 70 113,9,115 101 3 15 113,2,14,7,3,8,15,5,var_0 counter_var_1 +,21,counter_var_0 var_1 +
4838,115 41 28 7 113,17,115 50 71 74 113,12,21,5,2,7,12,14,var_0 counter_var_1 +,26,counter_var_0 var_1 +
4839,115 71 15 53 113,28,115 78 97 81 113,13,20,15,5,22,19,18,var_0 counter_var_1 +,35,counter_var_0 var_1 +
4840,115 25 69 99 113,25,115 33 112 103 113,25,4,0,20,6,10,45,var_0 counter_var_1 +,4,counter_var_0 var_1 +
4841,115 91 102 16 113,14,115 73 34 27 113,4,15,10,11,16,27,15,var_0 counter_var_1 +,25,counter_var_0 var_1 +
4842,115 39 59 23 113,23,115 49 52 95 113,10,20,13,6,23,2,16,var_0 counter_var_1 +,33,counter_var_0 var_1 +
4843,115 15 73 96 113,19,115 97 87 69 113,15,10,4,18,3,7,33,var_0 counter_var_1 +,14,counter_var_0 var_1 +
4844,115 35 13 91 113,19,115 104 1 40 113,6,17,13,1,29,9,7,var_0 counter_var_1 +,30,counter_var_0 var_1 +
4845,115 31 101 104 113,11,115 47 96 6 113,2,18,9,4,11,6,6,var_0 counter_var_1 +,27,counter_var_0 var_1 +
4846,115 73 78 65 113,24,115 53 43 110 113,15,24,9,20,3,17,35,var_0 counter_var_1 +,33,counter_var_0 var_1 +
4847,115 103 4 52 113,20,115 103 51 97 113,16,16,4,5,21,4,21,var_0 counter_var_1 +,20,counter_var_0 var_1 +
4848,115 61 70 36 113,4,115 5 81 54 113,3,5,1,12,5,23,15,var_0 counter_var_1 +,6,counter_var_0 var_1 +
4849,115 12 49 72 113,15,115 78 8 26 113,12,20,3,8,10,26,20,var_0 counter_var_1 +,23,counter_var_0 var_1 +
4850,115 82 92 2 113,24,115 61 47 34 113,24,3,0,1,2,3,25,var_0 counter_var_1 +,3,counter_var_0 var_1 +
4851,115 49 109 79 113,37,115 72 91 33 113,20,14,17,22,17,2,42,var_0 counter_var_1 +,31,counter_var_0 var_1 +
4852,115 95 20 8 113,28,115 12 90 90 113,8,12,20,21,8,28,29,var_0 counter_var_1 +,32,counter_var_0 var_1 +
4853,115 58 28 7 113,5,115 71 9 87 113,0,13,5,9,7,25,9,var_0 counter_var_1 +,18,counter_var_0 var_1 +
4854,115 67 71 74 113,11,115 89 4 52 113,9,2,2,4,12,21,13,var_0 counter_var_1 +,4,counter_var_0 var_1 +
4855,115 10 2 63 113,12,115 92 110 61 113,10,5,2,18,1,30,28,var_0 counter_var_1 +,7,counter_var_0 var_1 +
4856,115 19 91 33 113,41,115 27 26 112 113,19,27,22,3,2,19,22,var_0 counter_var_1 +,49,counter_var_0 var_1 +
4857,115 19 75 82 113,25,115 80 79 57 113,19,22,6,10,20,26,29,var_0 counter_var_1 +,28,counter_var_0 var_1 +
4858,115 33 74 13 113,9,115 11 106 35 113,4,11,5,14,13,4,18,var_0 counter_var_1 +,16,counter_var_0 var_1 +
4859,115 76 112 103 113,38,115 14 28 7 113,18,14,20,5,10,7,23,var_0 counter_var_1 +,34,counter_var_0 var_1 +
4860,115 40 95 29 113,14,115 18 102 16 113,11,18,3,10,29,16,21,var_0 counter_var_1 +,21,counter_var_0 var_1 +
4861,115 77 36 106 113,32,115 3 9 87 113,19,3,13,9,13,25,28,var_0 counter_var_1 +,16,counter_var_0 var_1 +
4862,115 97 63 43 113,27,115 25 28 7 113,10,25,17,5,12,7,15,var_0 counter_var_1 +,42,counter_var_0 var_1 +
4863,115 63 39 14 113,21,115 15 25 111 113,5,15,16,2,14,18,7,var_0 counter_var_1 +,31,counter_var_0 var_1 +
4864,115 61 97 81 113,8,115 64 46 80 113,3,6,5,0,19,18,3,var_0 counter_var_1 +,11,counter_var_0 var_1 +
4865,115 0 91 33 113,22,115 53 103 49 113,0,24,22,11,2,18,11,var_0 counter_var_1 +,46,counter_var_0 var_1 +
4866,115 81 1 40 113,24,115 65 0 101 113,23,7,1,0,9,8,23,var_0 counter_var_1 +,8,counter_var_0 var_1 +
4867,115 58 59 23 113,13,115 74 20 8 113,0,16,13,20,23,8,20,var_0 counter_var_1 +,29,counter_var_0 var_1 +
4868,115 32 21 92 113,24,115 59 61 18 113,3,1,21,15,30,18,18,var_0 counter_var_1 +,22,counter_var_0 var_1 +
4869,115 39 33 50 113,20,115 53 16 94 113,10,24,10,16,19,1,26,var_0 counter_var_1 +,34,counter_var_0 var_1 +
4870,115 19 78 65 113,28,115 46 19 86 113,19,17,9,19,3,24,38,var_0 counter_var_1 +,26,counter_var_0 var_1 +
4871,115 86 2 63 113,30,115 44 11 30 113,28,15,2,11,1,30,39,var_0 counter_var_1 +,17,counter_var_0 var_1 +
4872,115 54 96 6 113,29,115 56 88 66 113,25,27,4,19,6,4,44,var_0 counter_var_1 +,31,counter_var_0 var_1 +
4873,115 51 54 83 113,30,115 36 31 109 113,22,7,8,8,21,16,30,var_0 counter_var_1 +,15,counter_var_0 var_1 +
4874,115 6 91 33 113,28,115 76 66 102 113,6,18,22,20,2,9,26,var_0 counter_var_1 +,40,counter_var_0 var_1 +
4875,115 80 101 104 113,31,115 60 65 17 113,22,2,9,19,11,17,41,var_0 counter_var_1 +,11,counter_var_0 var_1 +
4876,115 95 48 89 113,10,115 83 0 101 113,8,25,2,0,27,8,8,var_0 counter_var_1 +,27,counter_var_0 var_1 +
4877,115 105 27 88 113,22,115 106 3 15 113,18,19,4,3,26,15,21,var_0 counter_var_1 +,23,counter_var_0 var_1 +
4878,115 29 100 0 113,8,115 112 33 50 113,0,25,8,10,0,19,10,var_0 counter_var_1 +,33,counter_var_0 var_1 +
4879,115 79 110 61 113,39,115 17 96 6 113,21,17,18,4,30,6,25,var_0 counter_var_1 +,35,counter_var_0 var_1 +
4880,115 23 108 58 113,39,115 14 112 103 113,23,14,16,20,27,10,43,var_0 counter_var_1 +,30,counter_var_0 var_1 +
4881,115 105 112 103 113,38,115 97 36 106 113,18,10,20,13,10,13,31,var_0 counter_var_1 +,30,counter_var_0 var_1 +
4882,115 53 16 94 113,40,115 73 47 34 113,24,15,16,1,1,3,25,var_0 counter_var_1 +,31,counter_var_0 var_1 +
4883,115 92 54 83 113,13,115 8 43 110 113,5,8,8,20,21,17,25,var_0 counter_var_1 +,16,counter_var_0 var_1 +
4884,115 26 49 72 113,29,115 46 104 84 113,26,17,3,12,10,22,38,var_0 counter_var_1 +,20,counter_var_0 var_1 +
4885,115 72 92 2 113,14,115 56 107 60 113,14,27,0,15,2,29,29,var_0 counter_var_1 +,27,counter_var_0 var_1 +
4886,115 105 102 16 113,28,115 22 44 107 113,18,22,10,21,16,14,39,var_0 counter_var_1 +,32,counter_var_0 var_1 +
4887,115 6 109 79 113,23,115 84 69 99 113,6,26,17,0,17,6,6,var_0 counter_var_1 +,43,counter_var_0 var_1 +
4888,115 14 51 97 113,19,115 11 87 69 113,14,11,5,18,4,7,32,var_0 counter_var_1 +,16,counter_var_0 var_1 +
4889,115 78 65 17 113,39,115 8 27 88 113,20,8,19,4,17,26,24,var_0 counter_var_1 +,27,counter_var_0 var_1 +
4890,115 42 75 82 113,19,115 0 28 7 113,13,0,6,5,20,7,18,var_0 counter_var_1 +,6,counter_var_0 var_1 +
4891,115 18 44 107 113,39,115 39 73 96 113,18,10,21,4,14,3,22,var_0 counter_var_1 +,31,counter_var_0 var_1 +
4892,115 66 96 6 113,12,115 59 21 92 113,8,1,4,21,6,30,29,var_0 counter_var_1 +,5,counter_var_0 var_1 +
4893,115 92 93 37 113,6,115 31 40 11 113,5,2,1,17,6,11,22,var_0 counter_var_1 +,3,counter_var_0 var_1 +
4894,115 11 24 5 113,12,115 78 77 105 113,11,20,1,8,5,12,19,var_0 counter_var_1 +,21,counter_var_0 var_1 +
4895,115 25 33 50 113,35,115 4 24 5 113,25,4,10,1,19,5,26,var_0 counter_var_1 +,14,counter_var_0 var_1 +
4896,115 34 29 25 113,11,115 6 80 31 113,5,6,6,11,25,0,16,var_0 counter_var_1 +,12,counter_var_0 var_1 +
4897,115 81 76 93 113,30,115 20 65 17 113,23,20,7,19,0,17,42,var_0 counter_var_1 +,27,counter_var_0 var_1 +
4898,115 29 78 65 113,9,115 43 54 83 113,0,14,9,8,3,21,8,var_0 counter_var_1 +,23,counter_var_0 var_1 +
4899,115 2 34 27 113,13,115 35 33 50 113,2,6,11,10,27,19,12,var_0 counter_var_1 +,17,counter_var_0 var_1 +
4900,115 81 112 103 113,43,115 35 66 102 113,23,6,20,20,10,9,43,var_0 counter_var_1 +,26,counter_var_0 var_1 +
4901,115 36 48 89 113,9,115 9 22 75 113,7,9,2,22,27,13,29,var_0 counter_var_1 +,11,counter_var_0 var_1 +
4902,115 21 81 54 113,33,115 1 94 39 113,21,1,12,2,23,8,23,var_0 counter_var_1 +,13,counter_var_0 var_1 +
4903,115 94 18 73 113,25,115 17 80 31 113,7,17,18,11,11,0,18,var_0 counter_var_1 +,35,counter_var_0 var_1 +
4904,115 49 29 25 113,26,115 10 43 110 113,20,10,6,20,25,17,40,var_0 counter_var_1 +,16,counter_var_0 var_1 +
4905,115 81 12 21 113,35,115 19 48 89 113,23,19,12,2,21,27,25,var_0 counter_var_1 +,31,counter_var_0 var_1 +
4906,115 67 2 63 113,11,115 45 97 81 113,9,16,2,5,1,19,14,var_0 counter_var_1 +,18,counter_var_0 var_1 +
4907,115 84 66 102 113,46,115 73 22 75 113,26,15,20,22,9,13,48,var_0 counter_var_1 +,35,counter_var_0 var_1 +
4908,115 101 21 92 113,35,115 86 61 18 113,14,28,21,15,30,18,29,var_0 counter_var_1 +,49,counter_var_0 var_1 +
4909,115 31 70 36 113,3,115 85 96 6 113,2,27,1,4,5,6,6,var_0 counter_var_1 +,28,counter_var_0 var_1 +
4910,115 70 39 14 113,28,115 77 75 82 113,12,19,16,6,14,20,18,var_0 counter_var_1 +,35,counter_var_0 var_1 +
4911,115 108 50 77 113,25,115 90 77 105 113,21,3,4,8,15,12,29,var_0 counter_var_1 +,7,counter_var_0 var_1 +
4912,115 59 17 108 113,18,115 15 2 63 113,1,15,17,2,15,1,3,var_0 counter_var_1 +,32,counter_var_0 var_1 +
4913,115 11 72 71 113,14,115 21 104 84 113,11,21,3,12,9,22,23,var_0 counter_var_1 +,24,counter_var_0 var_1 +
4914,115 34 46 80 113,5,115 70 37 42 113,5,12,0,14,18,11,19,var_0 counter_var_1 +,12,counter_var_0 var_1 +
4915,115 43 84 32 113,29,115 44 98 78 113,14,15,15,6,1,16,20,var_0 counter_var_1 +,30,counter_var_0 var_1 +
4916,115 108 86 45 113,38,115 90 98 78 113,21,3,17,6,14,16,27,var_0 counter_var_1 +,20,counter_var_0 var_1 +
4917,115 33 11 30 113,15,115 111 33 50 113,4,24,11,10,30,19,14,var_0 counter_var_1 +,35,counter_var_0 var_1 +
4918,115 112 91 33 113,47,115 51 4 52 113,25,22,22,4,2,21,29,var_0 counter_var_1 +,44,counter_var_0 var_1 +
4919,115 79 112 103 113,41,115 31 31 109 113,21,2,20,8,10,16,29,var_0 counter_var_1 +,22,counter_var_0 var_1 +
4920,115 86 8 26 113,36,115 79 96 6 113,28,21,8,4,26,6,32,var_0 counter_var_1 +,29,counter_var_0 var_1 +
4921,115 46 35 9 113,29,115 106 73 96 113,17,19,12,4,9,3,21,var_0 counter_var_1 +,31,counter_var_0 var_1 +
4922,115 54 110 61 113,43,115 95 12 21 113,25,8,18,12,30,21,37,var_0 counter_var_1 +,26,counter_var_0 var_1 +
4923,115 66 28 7 113,13,115 45 6 56 113,8,16,5,6,7,25,14,var_0 counter_var_1 +,21,counter_var_0 var_1 +
4924,115 49 3 15 113,23,115 62 23 4 113,20,4,3,0,15,4,20,var_0 counter_var_1 +,7,counter_var_0 var_1 +
4925,115 59 72 71 113,4,115 32 73 96 113,1,3,3,4,9,3,5,var_0 counter_var_1 +,6,counter_var_0 var_1 +
4926,115 9 8 26 113,17,115 30 89 28 113,9,1,8,20,26,28,29,var_0 counter_var_1 +,9,counter_var_0 var_1 +
4927,115 67 61 18 113,24,115 13 0 101 113,9,13,15,0,18,8,9,var_0 counter_var_1 +,28,counter_var_0 var_1 +
4928,115 84 0 101 113,26,115 105 1 40 113,26,18,0,1,8,9,27,var_0 counter_var_1 +,18,counter_var_0 var_1 +
4929,115 93 56 59 113,16,115 27 21 92 113,6,27,10,21,28,30,27,var_0 counter_var_1 +,37,counter_var_0 var_1 +
4930,115 23 70 36 113,24,115 111 89 28 113,23,24,1,20,5,28,43,var_0 counter_var_1 +,25,counter_var_0 var_1 +
4931,115 90 61 18 113,18,115 47 25 111 113,3,18,15,2,18,18,5,var_0 counter_var_1 +,33,counter_var_0 var_1 +
4932,115 106 15 53 113,34,115 4 110 61 113,19,4,15,18,22,30,37,var_0 counter_var_1 +,19,counter_var_0 var_1 +
4933,115 14 44 107 113,35,115 69 42 55 113,14,11,21,19,14,24,33,var_0 counter_var_1 +,32,counter_var_0 var_1 +
4934,115 27 5 47 113,32,115 101 30 70 113,27,14,5,7,16,8,34,var_0 counter_var_1 +,19,counter_var_0 var_1 +
4935,115 60 74 13 113,7,115 69 55 48 113,2,11,5,9,13,17,11,var_0 counter_var_1 +,16,counter_var_0 var_1 +
4936,115 48 1 40 113,20,115 9 18 73 113,19,9,1,18,9,11,37,var_0 counter_var_1 +,10,counter_var_0 var_1 +
4937,115 68 110 61 113,28,115 5 17 108 113,10,5,18,17,30,15,27,var_0 counter_var_1 +,23,counter_var_0 var_1 +
4938,115 97 101 104 113,19,115 109 24 5 113,10,22,9,1,11,5,11,var_0 counter_var_1 +,31,counter_var_0 var_1 +
4939,115 3 87 69 113,21,115 55 88 66 113,3,26,18,19,7,4,22,var_0 counter_var_1 +,44,counter_var_0 var_1 +
4940,115 100 86 45 113,30,115 91 89 28 113,13,4,17,20,14,28,33,var_0 counter_var_1 +,21,counter_var_0 var_1 +
4941,115 50 90 90 113,42,115 86 86 45 113,21,28,21,17,28,14,38,var_0 counter_var_1 +,49,counter_var_0 var_1 +
4942,115 45 65 17 113,35,115 42 14 24 113,16,13,19,14,17,24,30,var_0 counter_var_1 +,32,counter_var_0 var_1 +
4943,115 108 40 11 113,38,115 56 28 7 113,21,27,17,5,11,7,26,var_0 counter_var_1 +,44,counter_var_0 var_1 +
4944,115 87 76 93 113,7,115 98 75 82 113,0,11,7,6,0,20,6,var_0 counter_var_1 +,18,counter_var_0 var_1 +
4945,115 59 3 15 113,4,115 59 60 44 113,1,1,3,14,15,13,15,var_0 counter_var_1 +,4,counter_var_0 var_1 +
4946,115 49 38 20 113,35,115 7 38 20 113,20,7,15,15,20,20,35,var_0 counter_var_1 +,22,counter_var_0 var_1 +
4947,115 52 37 42 113,37,115 26 110 61 113,23,26,14,18,11,30,41,var_0 counter_var_1 +,40,counter_var_0 var_1 +
4948,115 93 98 78 113,12,115 31 30 70 113,6,2,6,7,16,8,13,var_0 counter_var_1 +,8,counter_var_0 var_1 +
4949,115 45 101 104 113,25,115 28 83 38 113,16,28,9,14,11,7,30,var_0 counter_var_1 +,37,counter_var_0 var_1 +
4950,115 9 6 56 113,15,115 62 98 78 113,9,4,6,6,25,16,15,var_0 counter_var_1 +,10,counter_var_0 var_1 +
4951,115 63 108 58 113,21,115 28 11 30 113,5,28,16,11,27,30,16,var_0 counter_var_1 +,44,counter_var_0 var_1 +
4952,115 104 48 89 113,19,115 97 66 102 113,17,10,2,20,27,9,37,var_0 counter_var_1 +,12,counter_var_0 var_1 +
4953,115 1 38 20 113,16,115 75 109 79 113,1,17,15,17,20,17,18,var_0 counter_var_1 +,32,counter_var_0 var_1 +
4954,115 71 108 58 113,29,115 60 96 6 113,13,2,16,4,27,6,17,var_0 counter_var_1 +,18,counter_var_0 var_1 +
4955,115 43 70 36 113,15,115 108 46 80 113,14,21,1,0,5,18,14,var_0 counter_var_1 +,22,counter_var_0 var_1 +
4956,115 98 43 110 113,31,115 75 91 33 113,11,17,20,22,17,2,33,var_0 counter_var_1 +,37,counter_var_0 var_1 +
4957,115 22 72 71 113,25,115 87 93 37 113,22,0,3,1,9,6,23,var_0 counter_var_1 +,3,counter_var_0 var_1 +
4958,115 10 106 35 113,24,115 39 25 111 113,10,10,14,2,4,18,12,var_0 counter_var_1 +,24,counter_var_0 var_1 +
4959,115 58 92 2 113,0,115 87 112 103 113,0,0,0,20,2,10,20,var_0 counter_var_1 +,0,counter_var_0 var_1 +
4960,115 99 34 27 113,23,115 30 16 94 113,12,1,11,16,27,1,28,var_0 counter_var_1 +,12,counter_var_0 var_1 +
4961,115 98 67 46 113,32,115 28 87 69 113,11,28,21,18,15,7,29,var_0 counter_var_1 +,49,counter_var_0 var_1 +
4962,115 57 64 19 113,46,115 22 7 10 113,28,22,18,7,19,10,35,var_0 counter_var_1 +,40,counter_var_0 var_1 +
4963,115 77 58 98 113,31,115 103 36 106 113,19,16,12,13,5,13,32,var_0 counter_var_1 +,28,counter_var_0 var_1 +
4964,115 17 109 79 113,34,115 3 97 81 113,17,3,17,5,17,19,22,var_0 counter_var_1 +,20,counter_var_0 var_1 +
4965,115 12 70 36 113,13,115 14 57 1 113,12,14,1,11,5,1,23,var_0 counter_var_1 +,15,counter_var_0 var_1 +
4966,115 43 103 49 113,25,115 98 3 15 113,14,11,11,3,18,15,17,var_0 counter_var_1 +,22,counter_var_0 var_1 +
4967,115 82 28 7 113,29,115 78 27 88 113,24,20,5,4,7,26,28,var_0 counter_var_1 +,25,counter_var_0 var_1 +
4968,115 80 85 3 113,38,115 29 69 99 113,22,0,16,0,3,6,22,var_0 counter_var_1 +,16,counter_var_0 var_1 +
4969,115 71 13 91 113,26,115 56 21 92 113,13,27,13,21,29,30,34,var_0 counter_var_1 +,40,counter_var_0 var_1 +
4970,115 57 112 103 113,48,115 5 68 100 113,28,5,20,22,10,7,50,var_0 counter_var_1 +,25,counter_var_0 var_1 +
4971,115 84 47 34 113,27,115 95 30 70 113,26,8,1,7,3,8,33,var_0 counter_var_1 +,9,counter_var_0 var_1 +
4972,115 76 21 92 113,39,115 14 21 92 113,18,14,21,21,30,30,39,var_0 counter_var_1 +,35,counter_var_0 var_1 +
4973,115 47 37 42 113,32,115 81 78 65 113,18,23,14,9,11,3,27,var_0 counter_var_1 +,37,counter_var_0 var_1 +
4974,115 47 45 76 113,40,115 60 23 4 113,18,2,22,0,14,4,18,var_0 counter_var_1 +,24,counter_var_0 var_1 +
4975,115 66 16 94 113,24,115 0 44 107 113,8,0,16,21,1,14,29,var_0 counter_var_1 +,16,counter_var_0 var_1 +
4976,115 100 16 94 113,29,115 105 111 12 113,13,18,16,19,1,12,32,var_0 counter_var_1 +,34,counter_var_0 var_1 +
4977,115 89 26 112 113,5,115 11 37 42 113,2,11,3,14,19,11,16,var_0 counter_var_1 +,14,counter_var_0 var_1 +
4978,115 7 110 61 113,25,115 107 65 17 113,7,20,18,19,30,17,26,var_0 counter_var_1 +,38,counter_var_0 var_1 +
4979,115 11 26 112 113,14,115 64 28 7 113,11,6,3,5,19,7,16,var_0 counter_var_1 +,9,counter_var_0 var_1 +
4980,115 31 51 97 113,7,115 91 8 26 113,2,4,5,8,4,26,10,var_0 counter_var_1 +,9,counter_var_0 var_1 +
4981,115 12 98 78 113,18,115 54 7 10 113,12,25,6,7,16,10,19,var_0 counter_var_1 +,31,counter_var_0 var_1 +
4982,115 56 46 80 113,27,115 57 60 44 113,27,28,0,14,18,13,41,var_0 counter_var_1 +,28,counter_var_0 var_1 +
4983,115 105 25 111 113,20,115 20 110 61 113,18,20,2,18,18,30,36,var_0 counter_var_1 +,22,counter_var_0 var_1 +
4984,115 98 90 90 113,32,115 86 109 79 113,11,28,21,17,28,17,28,var_0 counter_var_1 +,49,counter_var_0 var_1 +
4985,115 12 61 18 113,27,115 58 25 111 113,12,0,15,2,18,18,14,var_0 counter_var_1 +,15,counter_var_0 var_1 +
4986,115 23 33 50 113,33,115 91 72 71 113,23,4,10,3,19,9,26,var_0 counter_var_1 +,14,counter_var_0 var_1 +
4987,115 9 60 44 113,23,115 65 90 90 113,9,7,14,21,13,28,30,var_0 counter_var_1 +,21,counter_var_0 var_1 +
4988,115 65 42 55 113,26,115 92 4 52 113,7,5,19,4,24,21,11,var_0 counter_var_1 +,24,counter_var_0 var_1 +
4989,115 67 78 65 113,18,115 52 81 54 113,9,23,9,12,3,23,21,var_0 counter_var_1 +,32,counter_var_0 var_1 +
4990,115 66 44 107 113,29,115 26 15 53 113,8,26,21,15,14,22,23,var_0 counter_var_1 +,47,counter_var_0 var_1 +
4991,115 8 14 24 113,22,115 34 89 28 113,8,5,14,20,24,28,28,var_0 counter_var_1 +,19,counter_var_0 var_1 +
4992,115 1 61 18 113,16,115 63 2 63 113,1,5,15,2,18,1,3,var_0 counter_var_1 +,20,counter_var_0 var_1 +
4993,115 43 51 97 113,19,115 16 24 5 113,14,16,5,1,4,5,15,var_0 counter_var_1 +,21,counter_var_0 var_1 +
4994,115 58 75 82 113,6,115 101 94 39 113,0,14,6,2,20,8,2,var_0 counter_var_1 +,20,counter_var_0 var_1 +
4995,115 9 54 83 113,17,115 82 44 107 113,9,24,8,21,21,14,30,var_0 counter_var_1 +,32,counter_var_0 var_1 +
4996,115 23 66 102 113,43,115 9 40 11 113,23,9,20,17,9,11,40,var_0 counter_var_1 +,29,counter_var_0 var_1 +
4997,115 111 92 2 113,24,115 18 55 48 113,24,18,0,9,2,17,33,var_0 counter_var_1 +,18,counter_var_0 var_1 +
4998,115 3 42 55 113,22,115 1 102 16 113,3,1,19,10,24,16,13,var_0 counter_var_1 +,20,counter_var_0 var_1 +
4999,115 10 98 78 113,16,115 35 44 107 113,10,6,6,21,16,14,31,var_0 counter_var_1 +,12,counter_var_0 var_1 +
5000,115 53 82 67 113,37,115 43 52 95 113,24,14,13,6,5,2,30,var_0 counter_var_1 +,27,counter_var_0 var_1 +
5001,115 50 40 11 113,38,115 15 5 47 113,21,15,17,5,11,16,26,var_0 counter_var_1 +,32,counter_var_0 var_1 +
5002,115 63 95 29 113,8,115 31 55 48 113,5,2,3,9,29,17,14,var_0 counter_var_1 +,5,counter_var_0 var_1 +
5003,115 19 14 24 113,33,115 71 105 62 113,19,13,14,13,24,0,32,var_0 counter_var_1 +,27,counter_var_0 var_1 +
5004,115 43 20 8 113,34,115 7 62 41 113,14,7,20,16,8,10,30,var_0 counter_var_1 +,27,counter_var_0 var_1 +
5005,115 55 30 70 113,33,115 105 63 43 113,26,18,7,17,8,12,43,var_0 counter_var_1 +,25,counter_var_0 var_1 +
5006,115 26 72 71 113,29,115 87 66 102 113,26,0,3,20,9,9,46,var_0 counter_var_1 +,3,counter_var_0 var_1 +
5007,115 105 42 55 113,37,115 5 64 19 113,18,5,19,18,24,19,36,var_0 counter_var_1 +,24,counter_var_0 var_1 +
5008,115 60 15 53 113,17,115 24 48 89 113,2,24,15,2,22,27,4,var_0 counter_var_1 +,39,counter_var_0 var_1 +
5009,115 1 91 33 113,23,115 26 29 25 113,1,26,22,6,2,25,7,var_0 counter_var_1 +,48,counter_var_0 var_1 +
5010,115 62 90 90 113,25,115 106 52 95 113,4,19,21,6,28,2,10,var_0 counter_var_1 +,40,counter_var_0 var_1 +
5011,115 96 95 29 113,12,115 37 9 87 113,9,8,3,9,29,25,18,var_0 counter_var_1 +,11,counter_var_0 var_1 +
5012,115 98 5 47 113,16,115 21 73 96 113,11,21,5,4,16,3,15,var_0 counter_var_1 +,26,counter_var_0 var_1 +
5013,115 74 22 75 113,38,115 100 19 86 113,16,13,22,19,13,24,35,var_0 counter_var_1 +,35,counter_var_0 var_1 +
5014,115 79 64 19 113,39,115 43 13 91 113,21,14,18,13,19,29,34,var_0 counter_var_1 +,32,counter_var_0 var_1 +
5015,115 108 102 16 113,31,115 11 39 14 113,21,11,10,16,16,14,37,var_0 counter_var_1 +,21,counter_var_0 var_1 +
5016,115 28 104 84 113,40,115 1 34 27 113,28,1,12,11,22,27,39,var_0 counter_var_1 +,13,counter_var_0 var_1 +
5017,115 40 89 28 113,31,115 27 33 50 113,11,27,20,10,28,19,21,var_0 counter_var_1 +,47,counter_var_0 var_1 +
5018,115 31 59 23 113,15,115 49 76 93 113,2,20,13,7,23,0,9,var_0 counter_var_1 +,33,counter_var_0 var_1 +
5019,115 68 60 44 113,24,115 86 44 107 113,10,28,14,21,13,14,31,var_0 counter_var_1 +,42,counter_var_0 var_1 +
5020,115 3 92 2 113,3,115 88 101 104 113,3,1,0,9,2,11,12,var_0 counter_var_1 +,1,counter_var_0 var_1 +
5021,115 89 99 85 113,9,115 14 79 57 113,2,14,7,10,23,26,12,var_0 counter_var_1 +,21,counter_var_0 var_1 +
5022,115 103 19 86 113,35,115 71 80 31 113,16,13,19,11,24,0,27,var_0 counter_var_1 +,32,counter_var_0 var_1 +
5023,115 67 8 26 113,17,115 74 17 108 113,9,16,8,17,26,15,26,var_0 counter_var_1 +,24,counter_var_0 var_1 +
5024,115 49 14 24 113,34,115 55 102 16 113,20,26,14,10,24,16,30,var_0 counter_var_1 +,40,counter_var_0 var_1 +
5025,115 59 65 17 113,20,115 102 86 45 113,1,15,19,17,17,14,18,var_0 counter_var_1 +,34,counter_var_0 var_1 +
5026,115 25 44 107 113,46,115 37 28 7 113,25,8,21,5,14,7,30,var_0 counter_var_1 +,29,counter_var_0 var_1 +
5027,115 70 30 70 113,19,115 16 12 21 113,12,16,7,12,8,21,24,var_0 counter_var_1 +,23,counter_var_0 var_1 +
5028,115 15 37 42 113,29,115 13 31 109 113,15,13,14,8,11,16,23,var_0 counter_var_1 +,27,counter_var_0 var_1 +
5029,115 112 90 90 113,46,115 55 1 40 113,25,26,21,1,28,9,26,var_0 counter_var_1 +,47,counter_var_0 var_1 +
5030,115 8 56 59 113,18,115 54 87 69 113,8,25,10,18,28,7,26,var_0 counter_var_1 +,35,counter_var_0 var_1 +
5031,115 85 9 87 113,36,115 18 8 26 113,27,18,9,8,25,26,35,var_0 counter_var_1 +,27,counter_var_0 var_1 +
5032,115 71 54 83 113,21,115 79 45 76 113,13,21,8,22,21,14,35,var_0 counter_var_1 +,29,counter_var_0 var_1 +
5033,115 44 106 35 113,29,115 18 30 70 113,15,18,14,7,4,8,22,var_0 counter_var_1 +,32,counter_var_0 var_1 +
5034,115 27 43 110 113,47,115 34 74 13 113,27,5,20,5,17,13,32,var_0 counter_var_1 +,25,counter_var_0 var_1 +
5035,115 103 73 96 113,20,115 59 70 36 113,16,1,4,1,3,5,17,var_0 counter_var_1 +,5,counter_var_0 var_1 +
5036,115 4 76 93 113,11,115 69 75 82 113,4,11,7,6,0,20,10,var_0 counter_var_1 +,18,counter_var_0 var_1 +
5037,115 66 46 80 113,8,115 68 75 82 113,8,10,0,6,18,20,14,var_0 counter_var_1 +,10,counter_var_0 var_1 +
5038,115 37 78 65 113,17,115 16 72 71 113,8,16,9,3,3,9,11,var_0 counter_var_1 +,25,counter_var_0 var_1 +
5039,115 103 17 108 113,33,115 53 68 100 113,16,24,17,22,15,7,38,var_0 counter_var_1 +,41,counter_var_0 var_1 +
5040,115 57 15 53 113,43,115 47 39 14 113,28,18,15,16,22,14,44,var_0 counter_var_1 +,33,counter_var_0 var_1 +
5041,115 23 31 109 113,31,115 17 29 25 113,23,17,8,6,16,25,29,var_0 counter_var_1 +,25,counter_var_0 var_1 +
5042,115 89 68 100 113,24,115 28 70 36 113,2,28,22,1,7,5,3,var_0 counter_var_1 +,50,counter_var_0 var_1 +
5043,115 9 107 60 113,24,115 11 94 39 113,9,11,15,2,29,8,11,var_0 counter_var_1 +,26,counter_var_0 var_1 +
5044,115 89 75 82 113,8,115 30 31 109 113,2,1,6,8,20,16,10,var_0 counter_var_1 +,7,counter_var_0 var_1 +
5045,115 70 76 93 113,19,115 55 19 86 113,12,26,7,19,0,24,31,var_0 counter_var_1 +,33,counter_var_0 var_1 +
5046,115 102 19 86 113,34,115 24 35 9 113,15,24,19,12,24,9,27,var_0 counter_var_1 +,43,counter_var_0 var_1 +
5047,115 62 32 64 113,13,115 47 70 36 113,4,18,9,1,2,5,5,var_0 counter_var_1 +,27,counter_var_0 var_1 +
5048,115 55 62 41 113,42,115 73 86 45 113,26,15,16,17,10,14,43,var_0 counter_var_1 +,31,counter_var_0 var_1 +
5049,115 63 27 88 113,9,115 16 23 4 113,5,16,4,0,26,4,5,var_0 counter_var_1 +,20,counter_var_0 var_1 +
5050,115 41 52 95 113,18,115 83 93 37 113,12,25,6,1,2,6,13,var_0 counter_var_1 +,31,counter_var_0 var_1 +
5051,115 39 10 68 113,20,115 85 112 103 113,10,27,10,20,6,10,30,var_0 counter_var_1 +,37,counter_var_0 var_1 +
5052,115 42 88 66 113,32,115 18 46 80 113,13,18,19,0,4,18,13,var_0 counter_var_1 +,37,counter_var_0 var_1 +
5053,115 38 26 112 113,12,115 88 66 102 113,9,1,3,20,19,9,29,var_0 counter_var_1 +,4,counter_var_0 var_1 +
5054,115 65 32 64 113,16,115 43 100 0 113,7,14,9,8,2,0,15,var_0 counter_var_1 +,23,counter_var_0 var_1 +
5055,115 35 32 64 113,15,115 80 68 100 113,6,22,9,22,2,7,28,var_0 counter_var_1 +,31,counter_var_0 var_1 +
5056,115 43 25 111 113,16,115 53 98 78 113,14,24,2,6,18,16,20,var_0 counter_var_1 +,26,counter_var_0 var_1 +
5057,115 94 2 63 113,9,115 96 94 39 113,7,9,2,2,1,8,9,var_0 counter_var_1 +,11,counter_var_0 var_1 +
5058,115 112 109 79 113,42,115 85 34 27 113,25,27,17,11,17,27,36,var_0 counter_var_1 +,44,counter_var_0 var_1 +
5059,115 100 99 85 113,20,115 46 24 5 113,13,17,7,1,23,5,14,var_0 counter_var_1 +,24,counter_var_0 var_1 +
5060,115 7 107 60 113,22,115 87 74 13 113,7,0,15,5,29,13,12,var_0 counter_var_1 +,15,counter_var_0 var_1 +
5061,115 4 9 87 113,13,115 31 8 26 113,4,2,9,8,25,26,12,var_0 counter_var_1 +,11,counter_var_0 var_1 +
5062,115 90 33 50 113,13,115 65 93 37 113,3,7,10,1,19,6,4,var_0 counter_var_1 +,17,counter_var_0 var_1 +
5063,115 59 88 66 113,20,115 32 12 21 113,1,3,19,12,4,21,13,var_0 counter_var_1 +,22,counter_var_0 var_1 +
5064,115 90 7 10 113,10,115 48 52 95 113,3,19,7,6,10,2,9,var_0 counter_var_1 +,26,counter_var_0 var_1 +
5065,115 79 55 48 113,30,115 104 39 14 113,21,17,9,16,17,14,37,var_0 counter_var_1 +,26,counter_var_0 var_1 +
5066,115 20 62 41 113,36,115 86 83 38 113,20,28,16,14,10,7,34,var_0 counter_var_1 +,44,counter_var_0 var_1 +
5067,115 63 36 106 113,18,115 79 67 46 113,5,21,13,21,13,15,26,var_0 counter_var_1 +,34,counter_var_0 var_1 +
5068,115 83 61 18 113,40,115 19 9 87 113,25,19,15,9,18,25,34,var_0 counter_var_1 +,34,counter_var_0 var_1 +
5069,115 61 55 48 113,12,115 5 50 77 113,3,5,9,4,17,15,7,var_0 counter_var_1 +,14,counter_var_0 var_1 +
5070,115 80 14 24 113,36,115 104 107 60 113,22,17,14,15,24,29,37,var_0 counter_var_1 +,31,counter_var_0 var_1 +
5071,115 112 22 75 113,47,115 93 19 86 113,25,6,22,19,13,24,44,var_0 counter_var_1 +,28,counter_var_0 var_1 +
5072,115 87 10 68 113,10,115 79 102 16 113,0,21,10,10,6,16,10,var_0 counter_var_1 +,31,counter_var_0 var_1 +
5073,115 29 102 16 113,10,115 35 85 3 113,0,6,10,16,16,3,16,var_0 counter_var_1 +,16,counter_var_0 var_1 +
5074,115 57 77 105 113,36,115 83 59 23 113,28,25,8,13,12,23,41,var_0 counter_var_1 +,33,counter_var_0 var_1 +
5075,115 112 69 99 113,25,115 51 105 62 113,25,22,0,13,6,0,38,var_0 counter_var_1 +,22,counter_var_0 var_1 +
5076,115 17 96 6 113,21,115 22 0 101 113,17,22,4,0,6,8,17,var_0 counter_var_1 +,26,counter_var_0 var_1 +
5077,115 60 67 46 113,23,115 75 39 14 113,2,17,21,16,15,14,18,var_0 counter_var_1 +,38,counter_var_0 var_1 +
5078,115 58 93 37 113,1,115 22 108 58 113,0,22,1,16,6,27,16,var_0 counter_var_1 +,23,counter_var_0 var_1 +
5079,115 99 14 24 113,26,115 42 53 51 113,12,13,14,7,24,20,19,var_0 counter_var_1 +,27,counter_var_0 var_1 +
5080,115 34 67 46 113,26,115 20 95 29 113,5,20,21,3,15,29,8,var_0 counter_var_1 +,41,counter_var_0 var_1 +
5081,115 94 49 72 113,10,115 96 55 48 113,7,9,3,9,10,17,16,var_0 counter_var_1 +,12,counter_var_0 var_1 +
5082,115 42 9 87 113,22,115 78 31 109 113,13,20,9,8,25,16,21,var_0 counter_var_1 +,29,counter_var_0 var_1 +
5083,115 40 1 40 113,12,115 82 4 52 113,11,24,1,4,9,21,15,var_0 counter_var_1 +,25,counter_var_0 var_1 +
5084,115 63 56 59 113,15,115 101 42 55 113,5,14,10,19,28,24,24,var_0 counter_var_1 +,24,counter_var_0 var_1 +
5085,115 77 12 21 113,31,115 107 13 91 113,19,20,12,13,21,29,32,var_0 counter_var_1 +,32,counter_var_0 var_1 +
5086,115 68 29 25 113,16,115 5 79 57 113,10,5,6,10,25,26,20,var_0 counter_var_1 +,11,counter_var_0 var_1 +
5087,115 55 66 102 113,46,115 9 89 28 113,26,9,20,20,9,28,46,var_0 counter_var_1 +,29,counter_var_0 var_1 +
5088,115 54 13 91 113,38,115 30 104 84 113,25,1,13,12,29,22,37,var_0 counter_var_1 +,14,counter_var_0 var_1 +
5089,115 42 31 109 113,21,115 11 111 12 113,13,11,8,19,16,12,32,var_0 counter_var_1 +,19,counter_var_0 var_1 +
5090,115 67 48 89 113,11,115 56 1 40 113,9,27,2,1,27,9,10,var_0 counter_var_1 +,29,counter_var_0 var_1 +
5091,115 112 62 41 113,41,115 64 13 91 113,25,6,16,13,10,29,38,var_0 counter_var_1 +,22,counter_var_0 var_1 +
5092,115 29 99 85 113,7,115 21 14 24 113,0,21,7,14,23,24,14,var_0 counter_var_1 +,28,counter_var_0 var_1 +
5093,115 26 98 78 113,32,115 104 98 78 113,26,17,6,6,16,16,32,var_0 counter_var_1 +,23,counter_var_0 var_1 +
5094,115 18 99 85 113,25,115 86 26 112 113,18,28,7,3,23,19,21,var_0 counter_var_1 +,35,counter_var_0 var_1 +
5095,115 9 67 46 113,30,115 106 94 39 113,9,19,21,2,15,8,11,var_0 counter_var_1 +,40,counter_var_0 var_1 +
5096,115 0 59 23 113,13,115 49 55 48 113,0,20,13,9,23,17,9,var_0 counter_var_1 +,33,counter_var_0 var_1 +
5097,115 85 107 60 113,42,115 100 26 112 113,27,13,15,3,29,19,30,var_0 counter_var_1 +,28,counter_var_0 var_1 +
5098,115 38 8 26 113,17,115 44 38 20 113,9,15,8,15,26,20,24,var_0 counter_var_1 +,23,counter_var_0 var_1 +
5099,115 24 102 16 113,34,115 77 32 64 113,24,19,10,9,16,2,33,var_0 counter_var_1 +,29,counter_var_0 var_1 +
5100,115 96 77 105 113,17,115 64 50 77 113,9,6,8,4,12,15,13,var_0 counter_var_1 +,14,counter_var_0 var_1 +
5101,115 109 49 72 113,25,115 16 102 16 113,22,16,3,10,10,16,32,var_0 counter_var_1 +,19,counter_var_0 var_1 +
5102,115 104 43 110 113,37,115 26 1 40 113,17,26,20,1,17,9,18,var_0 counter_var_1 +,46,counter_var_0 var_1 +
5103,115 92 89 28 113,25,115 73 99 85 113,5,15,20,7,28,23,12,var_0 counter_var_1 +,35,counter_var_0 var_1 +
5104,115 104 11 30 113,28,115 69 53 51 113,17,11,11,7,30,20,24,var_0 counter_var_1 +,22,counter_var_0 var_1 +
5105,115 102 35 9 113,27,115 46 78 65 113,15,17,12,9,9,3,24,var_0 counter_var_1 +,29,counter_var_0 var_1 +
5106,115 65 103 49 113,18,115 75 94 39 113,7,17,11,2,18,8,9,var_0 counter_var_1 +,28,counter_var_0 var_1 +
5107,115 72 5 47 113,19,115 40 32 64 113,14,11,5,9,16,2,23,var_0 counter_var_1 +,16,counter_var_0 var_1 +
