,data,labels,counterfactual_data,var_0,counter_var_0,var_1,counter_var_1,aux_0,counter_aux_0,CF_Label_0,CF_FN_0,CF_Label_1,CF_FN_1
0,115 51 93 37 113,23,115 92 9 87 113,22,5,1,9,6,25,31,var_0 counter_var_1 +,6,counter_var_0 var_1 +
1,115 54 8 26 113,33,115 74 10 68 113,25,16,8,10,26,6,35,var_0 counter_var_1 +,24,counter_var_0 var_1 +
2,115 59 70 36 113,2,115 71 76 93 113,1,13,1,7,5,0,8,var_0 counter_var_1 +,14,counter_var_0 var_1 +
3,115 17 79 57 113,27,115 48 36 106 113,17,19,10,13,26,13,30,var_0 counter_var_1 +,29,counter_var_0 var_1 +
4,115 91 44 107 113,25,115 97 76 93 113,4,10,21,7,14,0,11,var_0 counter_var_1 +,31,counter_var_0 var_1 +
5,115 38 97 81 113,14,115 107 41 22 113,9,20,5,18,19,22,27,var_0 counter_var_1 +,25,counter_var_0 var_1 +
6,115 60 19 86 113,21,115 19 51 97 113,2,19,19,5,24,4,7,var_0 counter_var_1 +,38,counter_var_0 var_1 +
7,115 34 91 33 113,27,115 58 58 98 113,5,0,22,12,2,5,17,var_0 counter_var_1 +,22,counter_var_0 var_1 +
8,115 7 78 65 113,16,115 14 44 107 113,7,14,9,21,3,14,28,var_0 counter_var_1 +,23,counter_var_0 var_1 +
9,115 54 10 68 113,35,115 107 73 96 113,25,20,10,4,6,3,29,var_0 counter_var_1 +,30,counter_var_0 var_1 +
10,115 66 49 72 113,11,115 21 45 76 113,8,21,3,22,10,14,30,var_0 counter_var_1 +,24,counter_var_0 var_1 +
11,115 74 45 76 113,38,115 34 93 37 113,16,5,22,1,14,6,17,var_0 counter_var_1 +,27,counter_var_0 var_1 +
12,115 103 72 71 113,19,115 106 1 40 113,16,19,3,1,9,9,17,var_0 counter_var_1 +,22,counter_var_0 var_1 +
13,115 42 39 14 113,29,115 60 89 28 113,13,2,16,20,14,28,33,var_0 counter_var_1 +,18,counter_var_0 var_1 +
14,115 60 4 52 113,6,115 66 102 16 113,2,8,4,10,21,16,12,var_0 counter_var_1 +,12,counter_var_0 var_1 +
15,115 51 69 99 113,22,115 58 109 79 113,22,0,0,17,6,17,39,var_0 counter_var_1 +,0,counter_var_0 var_1 +
16,115 79 1 40 113,22,115 102 3 15 113,21,15,1,3,9,15,24,var_0 counter_var_1 +,16,counter_var_0 var_1 +
17,115 46 13 91 113,30,115 37 13 91 113,17,8,13,13,29,29,30,var_0 counter_var_1 +,21,counter_var_0 var_1 +
18,115 13 89 28 113,33,115 22 43 110 113,13,22,20,20,28,17,33,var_0 counter_var_1 +,42,counter_var_0 var_1 +
19,115 5 101 104 113,14,115 1 107 60 113,5,1,9,15,11,29,20,var_0 counter_var_1 +,10,counter_var_0 var_1 +
20,115 96 100 0 113,17,115 67 1 40 113,9,9,8,1,0,9,10,var_0 counter_var_1 +,17,counter_var_0 var_1 +
21,115 39 74 13 113,15,115 36 13 91 113,10,7,5,13,13,29,23,var_0 counter_var_1 +,12,counter_var_0 var_1 +
22,115 79 61 18 113,36,115 29 70 36 113,21,0,15,1,18,5,22,var_0 counter_var_1 +,15,counter_var_0 var_1 +
23,115 33 102 16 113,14,115 94 100 0 113,4,7,10,8,16,0,12,var_0 counter_var_1 +,17,counter_var_0 var_1 +
24,115 87 81 54 113,12,115 8 87 69 113,0,8,12,18,23,7,18,var_0 counter_var_1 +,20,counter_var_0 var_1 +
25,115 54 92 2 113,25,115 77 90 90 113,25,19,0,21,2,28,46,var_0 counter_var_1 +,19,counter_var_0 var_1 +
26,115 80 93 37 113,23,115 36 84 32 113,22,7,1,15,6,1,37,var_0 counter_var_1 +,8,counter_var_0 var_1 +
27,115 33 72 71 113,7,115 51 57 1 113,4,22,3,11,9,1,15,var_0 counter_var_1 +,25,counter_var_0 var_1 +
28,115 1 79 57 113,11,115 101 35 9 113,1,14,10,12,26,9,13,var_0 counter_var_1 +,24,counter_var_0 var_1 +
29,115 13 9 87 113,22,115 102 110 61 113,13,15,9,18,25,30,31,var_0 counter_var_1 +,24,counter_var_0 var_1 +
30,115 63 22 75 113,27,115 66 31 109 113,5,8,22,8,13,16,13,var_0 counter_var_1 +,30,counter_var_0 var_1 +
31,115 35 72 71 113,9,115 103 77 105 113,6,16,3,8,9,12,14,var_0 counter_var_1 +,19,counter_var_0 var_1 +
32,115 94 1 40 113,8,115 89 69 99 113,7,2,1,0,9,6,7,var_0 counter_var_1 +,3,counter_var_0 var_1 +
33,115 20 108 58 113,36,115 103 109 79 113,20,16,16,17,27,17,37,var_0 counter_var_1 +,32,counter_var_0 var_1 +
34,115 8 33 50 113,18,115 80 92 2 113,8,22,10,0,19,2,8,var_0 counter_var_1 +,32,counter_var_0 var_1 +
35,115 91 9 87 113,13,115 96 34 27 113,4,9,9,11,25,27,15,var_0 counter_var_1 +,18,counter_var_0 var_1 +
36,115 3 31 109 113,11,115 48 96 6 113,3,19,8,4,16,6,7,var_0 counter_var_1 +,27,counter_var_0 var_1 +
37,115 94 30 70 113,14,115 42 51 97 113,7,13,7,5,8,4,12,var_0 counter_var_1 +,20,counter_var_0 var_1 +
38,115 91 97 81 113,9,115 29 5 47 113,4,0,5,5,19,16,9,var_0 counter_var_1 +,5,counter_var_0 var_1 +
39,115 16 56 59 113,26,115 8 29 25 113,16,8,10,6,28,25,22,var_0 counter_var_1 +,18,counter_var_0 var_1 +
40,115 110 21 92 113,44,115 2 35 9 113,23,2,21,12,30,9,35,var_0 counter_var_1 +,23,counter_var_0 var_1 +
41,115 42 29 25 113,19,115 3 78 65 113,13,3,6,9,25,3,22,var_0 counter_var_1 +,9,counter_var_0 var_1 +
42,115 69 47 34 113,12,115 88 108 58 113,11,1,1,16,3,27,27,var_0 counter_var_1 +,2,counter_var_0 var_1 +
43,115 100 5 47 113,18,115 104 67 46 113,13,17,5,21,16,15,34,var_0 counter_var_1 +,22,counter_var_0 var_1 +
44,115 10 86 45 113,27,115 68 54 83 113,10,10,17,8,14,21,18,var_0 counter_var_1 +,27,counter_var_0 var_1 +
45,115 0 12 21 113,12,115 18 14 24 113,0,18,12,14,21,24,14,var_0 counter_var_1 +,30,counter_var_0 var_1 +
46,115 8 48 89 113,10,115 77 79 57 113,8,19,2,10,27,26,18,var_0 counter_var_1 +,21,counter_var_0 var_1 +
47,115 83 87 69 113,43,115 34 34 27 113,25,5,18,11,7,27,36,var_0 counter_var_1 +,23,counter_var_0 var_1 +
48,115 12 29 25 113,18,115 100 102 16 113,12,13,6,10,25,16,22,var_0 counter_var_1 +,19,counter_var_0 var_1 +
49,115 61 75 82 113,9,115 112 61 18 113,3,25,6,15,20,18,18,var_0 counter_var_1 +,31,counter_var_0 var_1 +
50,115 76 56 59 113,28,115 15 83 38 113,18,15,10,14,28,7,32,var_0 counter_var_1 +,25,counter_var_0 var_1 +
51,115 85 11 30 113,38,115 96 71 74 113,27,9,11,2,30,12,29,var_0 counter_var_1 +,20,counter_var_0 var_1 +
52,115 100 96 6 113,17,115 15 109 79 113,13,15,4,17,6,17,30,var_0 counter_var_1 +,19,counter_var_0 var_1 +
53,115 27 99 85 113,34,115 65 63 43 113,27,7,7,17,23,12,44,var_0 counter_var_1 +,14,counter_var_0 var_1 +
54,115 93 84 32 113,21,115 65 25 111 113,6,7,15,2,1,18,8,var_0 counter_var_1 +,22,counter_var_0 var_1 +
55,115 102 111 12 113,34,115 90 18 73 113,15,3,19,18,12,11,33,var_0 counter_var_1 +,22,counter_var_0 var_1 +
56,115 6 90 90 113,27,115 27 92 2 113,6,27,21,0,28,2,6,var_0 counter_var_1 +,48,counter_var_0 var_1 +
57,115 96 103 49 113,20,115 66 39 14 113,9,8,11,16,18,14,25,var_0 counter_var_1 +,19,counter_var_0 var_1 +
58,115 24 52 95 113,30,115 50 15 53 113,24,21,6,15,2,22,39,var_0 counter_var_1 +,27,counter_var_0 var_1 +
59,115 41 83 38 113,26,115 89 23 4 113,12,2,14,0,7,4,12,var_0 counter_var_1 +,16,counter_var_0 var_1 +
60,115 69 33 50 113,21,115 49 102 16 113,11,20,10,10,19,16,21,var_0 counter_var_1 +,30,counter_var_0 var_1 +
61,115 63 10 68 113,15,115 18 67 46 113,5,18,10,21,6,15,26,var_0 counter_var_1 +,28,counter_var_0 var_1 +
62,115 10 3 15 113,13,115 47 35 9 113,10,18,3,12,15,9,22,var_0 counter_var_1 +,21,counter_var_0 var_1 +
63,115 88 56 59 113,11,115 19 27 88 113,1,19,10,4,28,26,5,var_0 counter_var_1 +,29,counter_var_0 var_1 +
64,115 63 63 43 113,22,115 17 12 21 113,5,17,17,12,12,21,17,var_0 counter_var_1 +,34,counter_var_0 var_1 +
65,115 15 47 34 113,16,115 87 95 29 113,15,0,1,3,3,29,18,var_0 counter_var_1 +,1,counter_var_0 var_1 +
66,115 107 101 104 113,29,115 2 24 5 113,20,2,9,1,11,5,21,var_0 counter_var_1 +,11,counter_var_0 var_1 +
67,115 32 22 75 113,25,115 58 14 24 113,3,0,22,14,13,24,17,var_0 counter_var_1 +,22,counter_var_0 var_1 +
68,115 6 29 25 113,12,115 41 36 106 113,6,12,6,13,25,13,19,var_0 counter_var_1 +,18,counter_var_0 var_1 +
69,115 42 65 17 113,32,115 52 21 92 113,13,23,19,21,17,30,34,var_0 counter_var_1 +,42,counter_var_0 var_1 +
70,115 47 21 92 113,39,115 14 62 41 113,18,14,21,16,30,10,34,var_0 counter_var_1 +,35,counter_var_0 var_1 +
71,115 17 95 29 113,20,115 72 36 106 113,17,14,3,13,29,13,30,var_0 counter_var_1 +,17,counter_var_0 var_1 +
72,115 28 68 100 113,50,115 11 32 64 113,28,11,22,9,7,2,37,var_0 counter_var_1 +,33,counter_var_0 var_1 +
73,115 37 9 87 113,17,115 95 5 47 113,8,8,9,5,25,16,13,var_0 counter_var_1 +,17,counter_var_0 var_1 +
74,115 33 3 15 113,7,115 98 67 46 113,4,11,3,21,15,15,25,var_0 counter_var_1 +,14,counter_var_0 var_1 +
75,115 23 109 79 113,40,115 68 58 98 113,23,10,17,12,17,5,35,var_0 counter_var_1 +,27,counter_var_0 var_1 +
76,115 62 76 93 113,11,115 104 80 31 113,4,17,7,11,0,0,15,var_0 counter_var_1 +,24,counter_var_0 var_1 +
77,115 60 12 21 113,14,115 24 106 35 113,2,24,12,14,21,4,16,var_0 counter_var_1 +,36,counter_var_0 var_1 +
78,115 45 59 23 113,29,115 26 48 89 113,16,26,13,2,23,27,18,var_0 counter_var_1 +,39,counter_var_0 var_1 +
79,115 20 92 2 113,20,115 27 79 57 113,20,27,0,10,2,26,30,var_0 counter_var_1 +,27,counter_var_0 var_1 +
80,115 54 99 85 113,32,115 4 27 88 113,25,4,7,4,23,26,29,var_0 counter_var_1 +,11,counter_var_0 var_1 +
81,115 7 2 63 113,9,115 48 100 0 113,7,19,2,8,1,0,15,var_0 counter_var_1 +,21,counter_var_0 var_1 +
82,115 32 95 29 113,6,115 73 30 70 113,3,15,3,7,29,8,10,var_0 counter_var_1 +,18,counter_var_0 var_1 +
83,115 35 63 43 113,23,115 14 6 56 113,6,14,17,6,12,25,12,var_0 counter_var_1 +,31,counter_var_0 var_1 +
84,115 8 83 38 113,22,115 69 18 73 113,8,11,14,18,7,11,26,var_0 counter_var_1 +,25,counter_var_0 var_1 +
85,115 48 16 94 113,35,115 16 30 70 113,19,16,16,7,1,8,26,var_0 counter_var_1 +,32,counter_var_0 var_1 +
86,115 73 15 53 113,30,115 11 19 86 113,15,11,15,19,22,24,34,var_0 counter_var_1 +,26,counter_var_0 var_1 +
87,115 19 103 49 113,30,115 91 69 99 113,19,4,11,0,18,6,19,var_0 counter_var_1 +,15,counter_var_0 var_1 +
88,115 72 69 99 113,14,115 109 0 101 113,14,22,0,0,6,8,14,var_0 counter_var_1 +,22,counter_var_0 var_1 +
89,115 17 86 45 113,34,115 98 0 101 113,17,11,17,0,14,8,17,var_0 counter_var_1 +,28,counter_var_0 var_1 +
90,115 50 52 95 113,27,115 100 12 21 113,21,13,6,12,2,21,33,var_0 counter_var_1 +,19,counter_var_0 var_1 +
91,115 43 32 64 113,23,115 78 46 80 113,14,20,9,0,2,18,14,var_0 counter_var_1 +,29,counter_var_0 var_1 +
92,115 21 89 28 113,41,115 98 47 34 113,21,11,20,1,28,3,22,var_0 counter_var_1 +,31,counter_var_0 var_1 +
93,115 58 83 38 113,14,115 104 56 59 113,0,17,14,10,7,28,10,var_0 counter_var_1 +,31,counter_var_0 var_1 +
94,115 39 47 34 113,11,115 24 101 104 113,10,24,1,9,3,11,19,var_0 counter_var_1 +,25,counter_var_0 var_1 +
95,115 89 50 77 113,6,115 89 74 13 113,2,2,4,5,15,13,7,var_0 counter_var_1 +,6,counter_var_0 var_1 +
96,115 30 74 13 113,6,115 53 78 65 113,1,24,5,9,13,3,10,var_0 counter_var_1 +,29,counter_var_0 var_1 +
97,115 34 15 53 113,20,115 61 95 29 113,5,3,15,3,22,29,8,var_0 counter_var_1 +,18,counter_var_0 var_1 +
98,115 70 7 10 113,19,115 81 83 38 113,12,23,7,14,10,7,26,var_0 counter_var_1 +,30,counter_var_0 var_1 +
99,115 12 11 30 113,23,115 22 18 73 113,12,22,11,18,30,11,30,var_0 counter_var_1 +,33,counter_var_0 var_1 +
100,115 39 86 45 113,27,115 22 47 34 113,10,22,17,1,14,3,11,var_0 counter_var_1 +,39,counter_var_0 var_1 +
101,115 50 42 55 113,40,115 81 44 107 113,21,23,19,21,24,14,42,var_0 counter_var_1 +,42,counter_var_0 var_1 +
102,115 69 38 20 113,26,115 95 17 108 113,11,8,15,17,20,15,28,var_0 counter_var_1 +,23,counter_var_0 var_1 +
103,115 19 107 60 113,34,115 49 40 11 113,19,20,15,17,29,11,36,var_0 counter_var_1 +,35,counter_var_0 var_1 +
104,115 77 111 12 113,38,115 99 30 70 113,19,12,19,7,12,8,26,var_0 counter_var_1 +,31,counter_var_0 var_1 +
105,115 6 4 52 113,10,115 23 39 14 113,6,23,4,16,21,14,22,var_0 counter_var_1 +,27,counter_var_0 var_1 +
106,115 88 99 85 113,8,115 5 30 70 113,1,5,7,7,23,8,8,var_0 counter_var_1 +,12,counter_var_0 var_1 +
107,115 98 61 18 113,26,115 18 5 47 113,11,18,15,5,18,16,16,var_0 counter_var_1 +,33,counter_var_0 var_1 +
108,115 70 14 24 113,26,115 16 13 91 113,12,16,14,13,24,29,25,var_0 counter_var_1 +,30,counter_var_0 var_1 +
109,115 13 4 52 113,17,115 87 78 65 113,13,0,4,9,21,3,22,var_0 counter_var_1 +,4,counter_var_0 var_1 +
110,115 54 38 20 113,40,115 67 33 50 113,25,9,15,10,20,19,35,var_0 counter_var_1 +,24,counter_var_0 var_1 +
111,115 21 7 10 113,28,115 33 57 1 113,21,4,7,11,10,1,32,var_0 counter_var_1 +,11,counter_var_0 var_1 +
112,115 68 98 78 113,16,115 87 64 19 113,10,0,6,18,16,19,28,var_0 counter_var_1 +,6,counter_var_0 var_1 +
113,115 10 68 100 113,32,115 79 56 59 113,10,21,22,10,7,28,20,var_0 counter_var_1 +,43,counter_var_0 var_1 +
114,115 43 105 62 113,27,115 9 69 99 113,14,9,13,0,0,6,14,var_0 counter_var_1 +,22,counter_var_0 var_1 +
115,115 45 80 31 113,27,115 35 91 33 113,16,6,11,22,0,2,38,var_0 counter_var_1 +,17,counter_var_0 var_1 +
116,115 15 31 109 113,23,115 81 22 75 113,15,23,8,22,16,13,37,var_0 counter_var_1 +,31,counter_var_0 var_1 +
117,115 108 79 57 113,31,115 53 14 24 113,21,24,10,14,26,24,35,var_0 counter_var_1 +,34,counter_var_0 var_1 +
118,115 77 88 66 113,38,115 11 6 56 113,19,11,19,6,4,25,25,var_0 counter_var_1 +,30,counter_var_0 var_1 +
119,115 87 35 9 113,12,115 34 51 97 113,0,5,12,5,9,4,5,var_0 counter_var_1 +,17,counter_var_0 var_1 +
120,115 28 102 16 113,38,115 23 93 37 113,28,23,10,1,16,6,29,var_0 counter_var_1 +,33,counter_var_0 var_1 +
121,115 112 74 13 113,30,115 13 14 24 113,25,13,5,14,13,24,39,var_0 counter_var_1 +,18,counter_var_0 var_1 +
122,115 104 98 78 113,23,115 20 84 32 113,17,20,6,15,16,1,32,var_0 counter_var_1 +,26,counter_var_0 var_1 +
123,115 78 57 1 113,31,115 66 76 93 113,20,8,11,7,1,0,27,var_0 counter_var_1 +,19,counter_var_0 var_1 +
124,115 60 3 15 113,5,115 32 106 35 113,2,3,3,14,15,4,16,var_0 counter_var_1 +,6,counter_var_0 var_1 +
125,115 111 110 61 113,42,115 77 68 100 113,24,19,18,22,30,7,46,var_0 counter_var_1 +,37,counter_var_0 var_1 +
126,115 100 51 97 113,18,115 9 97 81 113,13,9,5,5,4,19,18,var_0 counter_var_1 +,14,counter_var_0 var_1 +
127,115 95 22 75 113,30,115 75 54 83 113,8,17,22,8,13,21,16,var_0 counter_var_1 +,39,counter_var_0 var_1 +
128,115 65 57 1 113,18,115 76 22 75 113,7,18,11,22,1,13,29,var_0 counter_var_1 +,29,counter_var_0 var_1 +
129,115 58 80 31 113,11,115 52 89 28 113,0,23,11,20,0,28,20,var_0 counter_var_1 +,34,counter_var_0 var_1 +
130,115 11 9 87 113,20,115 43 28 7 113,11,14,9,5,25,7,16,var_0 counter_var_1 +,23,counter_var_0 var_1 +
131,115 44 35 9 113,27,115 86 6 56 113,15,28,12,6,9,25,21,var_0 counter_var_1 +,40,counter_var_0 var_1 +
132,115 100 94 39 113,15,115 50 81 54 113,13,21,2,12,8,23,25,var_0 counter_var_1 +,23,counter_var_0 var_1 +
133,115 47 14 24 113,32,115 110 26 112 113,18,23,14,3,24,19,21,var_0 counter_var_1 +,37,counter_var_0 var_1 +
134,115 49 65 17 113,39,115 58 4 52 113,20,0,19,4,17,21,24,var_0 counter_var_1 +,19,counter_var_0 var_1 +
135,115 97 13 91 113,23,115 22 17 108 113,10,22,13,17,29,15,27,var_0 counter_var_1 +,35,counter_var_0 var_1 +
136,115 110 44 107 113,44,115 98 85 3 113,23,11,21,16,14,3,39,var_0 counter_var_1 +,32,counter_var_0 var_1 +
137,115 107 49 72 113,23,115 14 43 110 113,20,14,3,20,10,17,40,var_0 counter_var_1 +,17,counter_var_0 var_1 +
138,115 58 87 69 113,18,115 4 90 90 113,0,4,18,21,7,28,21,var_0 counter_var_1 +,22,counter_var_0 var_1 +
139,115 89 35 9 113,14,115 98 25 111 113,2,11,12,2,9,18,4,var_0 counter_var_1 +,23,counter_var_0 var_1 +
140,115 106 61 18 113,34,115 104 57 1 113,19,17,15,11,18,1,30,var_0 counter_var_1 +,32,counter_var_0 var_1 +
141,115 35 68 100 113,28,115 14 1 40 113,6,14,22,1,7,9,7,var_0 counter_var_1 +,36,counter_var_0 var_1 +
142,115 26 89 28 113,46,115 103 87 69 113,26,16,20,18,28,7,44,var_0 counter_var_1 +,36,counter_var_0 var_1 +
143,115 19 69 99 113,19,115 7 107 60 113,19,7,0,15,6,29,34,var_0 counter_var_1 +,7,counter_var_0 var_1 +
144,115 35 59 23 113,19,115 12 69 99 113,6,12,13,0,23,6,6,var_0 counter_var_1 +,25,counter_var_0 var_1 +
145,115 43 76 93 113,21,115 54 38 20 113,14,25,7,15,0,20,29,var_0 counter_var_1 +,32,counter_var_0 var_1 +
146,115 89 34 27 113,13,115 14 38 20 113,2,14,11,15,27,20,17,var_0 counter_var_1 +,25,counter_var_0 var_1 +
147,115 90 1 40 113,4,115 71 32 64 113,3,13,1,9,9,2,12,var_0 counter_var_1 +,14,counter_var_0 var_1 +
148,115 88 61 18 113,16,115 29 30 70 113,1,0,15,7,18,8,8,var_0 counter_var_1 +,15,counter_var_0 var_1 +
149,115 66 68 100 113,30,115 104 47 34 113,8,17,22,1,7,3,9,var_0 counter_var_1 +,39,counter_var_0 var_1 +
150,115 100 81 54 113,25,115 52 86 45 113,13,23,12,17,23,14,30,var_0 counter_var_1 +,35,counter_var_0 var_1 +
151,115 4 71 74 113,6,115 2 7 10 113,4,2,2,7,12,10,11,var_0 counter_var_1 +,4,counter_var_0 var_1 +
152,115 9 43 110 113,29,115 106 89 28 113,9,19,20,20,17,28,29,var_0 counter_var_1 +,39,counter_var_0 var_1 +
153,115 20 6 56 113,26,115 9 103 49 113,20,9,6,11,25,18,31,var_0 counter_var_1 +,15,counter_var_0 var_1 +
154,115 40 22 75 113,33,115 53 46 80 113,11,24,22,0,13,18,11,var_0 counter_var_1 +,46,counter_var_0 var_1 +
155,115 10 0 101 113,10,115 56 39 14 113,10,27,0,16,8,14,26,var_0 counter_var_1 +,27,counter_var_0 var_1 +
156,115 0 7 10 113,7,115 0 40 11 113,0,0,7,17,10,11,17,var_0 counter_var_1 +,7,counter_var_0 var_1 +
157,115 95 108 58 113,24,115 47 29 25 113,8,18,16,6,27,25,14,var_0 counter_var_1 +,34,counter_var_0 var_1 +
158,115 24 42 55 113,43,115 93 34 27 113,24,6,19,11,24,27,35,var_0 counter_var_1 +,25,counter_var_0 var_1 +
159,115 105 48 89 113,20,115 85 69 99 113,18,27,2,0,27,6,18,var_0 counter_var_1 +,29,counter_var_0 var_1 +
160,115 56 26 112 113,30,115 13 5 47 113,27,13,3,5,19,16,32,var_0 counter_var_1 +,16,counter_var_0 var_1 +
161,115 112 80 31 113,36,115 85 28 7 113,25,27,11,5,0,7,30,var_0 counter_var_1 +,38,counter_var_0 var_1 +
162,115 65 98 78 113,13,115 25 62 41 113,7,25,6,16,16,10,23,var_0 counter_var_1 +,31,counter_var_0 var_1 +
163,115 89 15 53 113,17,115 1 75 82 113,2,1,15,6,22,20,8,var_0 counter_var_1 +,16,counter_var_0 var_1 +
164,115 55 75 82 113,32,115 59 90 90 113,26,1,6,21,20,28,47,var_0 counter_var_1 +,7,counter_var_0 var_1 +
165,115 46 38 20 113,32,115 62 34 27 113,17,4,15,11,20,27,28,var_0 counter_var_1 +,19,counter_var_0 var_1 +
166,115 2 93 37 113,3,115 108 57 1 113,2,21,1,11,6,1,13,var_0 counter_var_1 +,22,counter_var_0 var_1 +
167,115 76 25 111 113,20,115 26 103 49 113,18,26,2,11,18,18,29,var_0 counter_var_1 +,28,counter_var_0 var_1 +
168,115 20 30 70 113,27,115 52 35 9 113,20,23,7,12,8,9,32,var_0 counter_var_1 +,30,counter_var_0 var_1 +
169,115 41 80 31 113,23,115 8 57 1 113,12,8,11,11,0,1,23,var_0 counter_var_1 +,19,counter_var_0 var_1 +
170,115 73 57 1 113,26,115 4 38 20 113,15,4,11,15,1,20,30,var_0 counter_var_1 +,15,counter_var_0 var_1 +
171,115 65 96 6 113,11,115 6 32 64 113,7,6,4,9,6,2,16,var_0 counter_var_1 +,10,counter_var_0 var_1 +
172,115 59 77 105 113,9,115 6 75 82 113,1,6,8,6,12,20,7,var_0 counter_var_1 +,14,counter_var_0 var_1 +
173,115 32 46 80 113,3,115 86 33 50 113,3,28,0,10,18,19,13,var_0 counter_var_1 +,28,counter_var_0 var_1 +
174,115 19 37 42 113,33,115 67 93 37 113,19,9,14,1,11,6,20,var_0 counter_var_1 +,23,counter_var_0 var_1 +
175,115 37 85 3 113,24,115 31 78 65 113,8,2,16,9,3,3,17,var_0 counter_var_1 +,18,counter_var_0 var_1 +
176,115 112 100 0 113,33,115 108 61 18 113,25,21,8,15,0,18,40,var_0 counter_var_1 +,29,counter_var_0 var_1 +
177,115 50 77 105 113,29,115 3 88 66 113,21,3,8,19,12,4,40,var_0 counter_var_1 +,11,counter_var_0 var_1 +
178,115 74 69 99 113,16,115 42 29 25 113,16,13,0,6,6,25,22,var_0 counter_var_1 +,13,counter_var_0 var_1 +
179,115 30 19 86 113,20,115 21 12 21 113,1,21,19,12,24,21,13,var_0 counter_var_1 +,40,counter_var_0 var_1 +
180,115 20 84 32 113,35,115 97 41 22 113,20,10,15,18,1,22,38,var_0 counter_var_1 +,25,counter_var_0 var_1 +
181,115 77 68 100 113,41,115 61 51 97 113,19,3,22,5,7,4,24,var_0 counter_var_1 +,25,counter_var_0 var_1 +
182,115 40 82 67 113,24,115 60 99 85 113,11,2,13,7,5,23,18,var_0 counter_var_1 +,15,counter_var_0 var_1 +
183,115 58 22 75 113,22,115 2 55 48 113,0,2,22,9,13,17,9,var_0 counter_var_1 +,24,counter_var_0 var_1 +
184,115 64 49 72 113,9,115 63 85 3 113,6,5,3,16,10,3,22,var_0 counter_var_1 +,8,counter_var_0 var_1 +
185,115 36 66 102 113,27,115 93 54 83 113,7,6,20,8,9,21,15,var_0 counter_var_1 +,26,counter_var_0 var_1 +
186,115 46 59 23 113,30,115 35 12 21 113,17,6,13,12,23,21,29,var_0 counter_var_1 +,19,counter_var_0 var_1 +
187,115 37 4 52 113,12,115 100 91 33 113,8,13,4,22,21,2,30,var_0 counter_var_1 +,17,counter_var_0 var_1 +
188,115 84 64 19 113,44,115 26 85 3 113,26,26,18,16,19,3,42,var_0 counter_var_1 +,44,counter_var_0 var_1 +
189,115 88 44 107 113,22,115 33 3 15 113,1,4,21,3,14,15,4,var_0 counter_var_1 +,25,counter_var_0 var_1 +
190,115 3 21 92 113,24,115 26 89 28 113,3,26,21,20,30,28,23,var_0 counter_var_1 +,47,counter_var_0 var_1 +
191,115 82 71 74 113,26,115 1 46 80 113,24,1,2,0,12,18,24,var_0 counter_var_1 +,3,counter_var_0 var_1 +
192,115 63 13 91 113,18,115 76 12 21 113,5,18,13,12,29,21,17,var_0 counter_var_1 +,31,counter_var_0 var_1 +
193,115 4 48 89 113,6,115 70 95 29 113,4,12,2,3,27,29,7,var_0 counter_var_1 +,14,counter_var_0 var_1 +
194,115 111 4 52 113,28,115 95 81 54 113,24,8,4,12,21,23,36,var_0 counter_var_1 +,12,counter_var_0 var_1 +
195,115 35 98 78 113,12,115 33 109 79 113,6,4,6,17,16,17,23,var_0 counter_var_1 +,10,counter_var_0 var_1 +
196,115 27 30 70 113,34,115 28 111 12 113,27,28,7,19,8,12,46,var_0 counter_var_1 +,35,counter_var_0 var_1 +
197,115 30 22 75 113,23,115 59 55 48 113,1,1,22,9,13,17,10,var_0 counter_var_1 +,23,counter_var_0 var_1 +
198,115 89 40 11 113,19,115 97 0 101 113,2,10,17,0,11,8,2,var_0 counter_var_1 +,27,counter_var_0 var_1 +
199,115 49 18 73 113,38,115 59 82 67 113,20,1,18,13,11,5,33,var_0 counter_var_1 +,19,counter_var_0 var_1 +
200,115 83 12 21 113,37,115 44 7 10 113,25,15,12,7,21,10,32,var_0 counter_var_1 +,27,counter_var_0 var_1 +
201,115 59 52 95 113,7,115 40 105 62 113,1,11,6,13,2,0,14,var_0 counter_var_1 +,17,counter_var_0 var_1 +
202,115 83 23 4 113,25,115 82 3 15 113,25,24,0,3,4,15,28,var_0 counter_var_1 +,24,counter_var_0 var_1 +
203,115 78 52 95 113,26,115 87 26 112 113,20,0,6,3,2,19,23,var_0 counter_var_1 +,6,counter_var_0 var_1 +
204,115 18 76 93 113,25,115 55 93 37 113,18,26,7,1,0,6,19,var_0 counter_var_1 +,33,counter_var_0 var_1 +
205,115 91 12 21 113,16,115 110 46 80 113,4,23,12,0,21,18,4,var_0 counter_var_1 +,35,counter_var_0 var_1 +
206,115 49 6 56 113,26,115 71 19 86 113,20,13,6,19,25,24,39,var_0 counter_var_1 +,19,counter_var_0 var_1 +
207,115 105 31 109 113,26,115 87 59 23 113,18,0,8,13,16,23,31,var_0 counter_var_1 +,8,counter_var_0 var_1 +
208,115 56 8 26 113,35,115 28 63 43 113,27,28,8,17,26,12,44,var_0 counter_var_1 +,36,counter_var_0 var_1 +
209,115 22 24 5 113,23,115 5 109 79 113,22,5,1,17,5,17,39,var_0 counter_var_1 +,6,counter_var_0 var_1 +
210,115 69 92 2 113,11,115 21 34 27 113,11,21,0,11,2,27,22,var_0 counter_var_1 +,21,counter_var_0 var_1 +
211,115 100 40 11 113,30,115 109 46 80 113,13,22,17,0,11,18,13,var_0 counter_var_1 +,39,counter_var_0 var_1 +
212,115 71 44 107 113,34,115 93 23 4 113,13,6,21,0,14,4,13,var_0 counter_var_1 +,27,counter_var_0 var_1 +
213,115 97 48 89 113,12,115 20 61 18 113,10,20,2,15,27,18,25,var_0 counter_var_1 +,22,counter_var_0 var_1 +
214,115 102 101 104 113,24,115 59 67 46 113,15,1,9,21,11,15,36,var_0 counter_var_1 +,10,counter_var_0 var_1 +
215,115 74 43 110 113,36,115 3 95 29 113,16,3,20,3,17,29,19,var_0 counter_var_1 +,23,counter_var_0 var_1 +
216,115 67 112 103 113,29,115 22 51 97 113,9,22,20,5,10,4,14,var_0 counter_var_1 +,42,counter_var_0 var_1 +
217,115 22 36 106 113,35,115 47 109 79 113,22,18,13,17,13,17,39,var_0 counter_var_1 +,31,counter_var_0 var_1 +
218,115 91 112 103 113,24,115 55 20 8 113,4,26,20,20,10,8,24,var_0 counter_var_1 +,46,counter_var_0 var_1 +
219,115 83 59 23 113,38,115 111 84 32 113,25,24,13,15,23,1,40,var_0 counter_var_1 +,37,counter_var_0 var_1 +
220,115 28 35 9 113,40,115 16 53 51 113,28,16,12,7,9,20,35,var_0 counter_var_1 +,28,counter_var_0 var_1 +
221,115 16 50 77 113,20,115 103 103 49 113,16,16,4,11,15,18,27,var_0 counter_var_1 +,20,counter_var_0 var_1 +
222,115 104 20 8 113,37,115 105 50 77 113,17,18,20,4,8,15,21,var_0 counter_var_1 +,38,counter_var_0 var_1 +
223,115 104 61 18 113,32,115 68 94 39 113,17,10,15,2,18,8,19,var_0 counter_var_1 +,25,counter_var_0 var_1 +
224,115 79 15 53 113,36,115 89 22 75 113,21,2,15,22,22,13,43,var_0 counter_var_1 +,17,counter_var_0 var_1 +
225,115 38 20 8 113,29,115 29 28 7 113,9,0,20,5,8,7,14,var_0 counter_var_1 +,20,counter_var_0 var_1 +
226,115 69 87 69 113,29,115 36 0 101 113,11,7,18,0,7,8,11,var_0 counter_var_1 +,25,counter_var_0 var_1 +
227,115 13 107 60 113,28,115 92 3 15 113,13,5,15,3,29,15,16,var_0 counter_var_1 +,20,counter_var_0 var_1 +
228,115 93 38 20 113,21,115 59 31 109 113,6,1,15,8,20,16,14,var_0 counter_var_1 +,16,counter_var_0 var_1 +
229,115 79 13 91 113,34,115 90 33 50 113,21,3,13,10,29,19,31,var_0 counter_var_1 +,16,counter_var_0 var_1 +
230,115 2 63 43 113,19,115 19 43 110 113,2,19,17,20,12,17,22,var_0 counter_var_1 +,36,counter_var_0 var_1 +
231,115 17 26 112 113,20,115 25 20 8 113,17,25,3,20,19,8,37,var_0 counter_var_1 +,28,counter_var_0 var_1 +
232,115 102 47 34 113,16,115 100 51 97 113,15,13,1,5,3,4,20,var_0 counter_var_1 +,14,counter_var_0 var_1 +
233,115 60 85 3 113,18,115 21 83 38 113,2,21,16,14,3,7,16,var_0 counter_var_1 +,37,counter_var_0 var_1 +
234,115 99 62 41 113,28,115 105 37 42 113,12,18,16,14,10,11,26,var_0 counter_var_1 +,34,counter_var_0 var_1 +
235,115 51 5 47 113,27,115 83 30 70 113,22,25,5,7,16,8,29,var_0 counter_var_1 +,30,counter_var_0 var_1 +
236,115 19 59 23 113,32,115 90 63 43 113,19,3,13,17,23,12,36,var_0 counter_var_1 +,16,counter_var_0 var_1 +
237,115 102 27 88 113,19,115 36 70 36 113,15,7,4,1,26,5,16,var_0 counter_var_1 +,11,counter_var_0 var_1 +
238,115 82 85 3 113,40,115 98 12 21 113,24,11,16,12,3,21,36,var_0 counter_var_1 +,27,counter_var_0 var_1 +
239,115 92 90 90 113,26,115 36 97 81 113,5,7,21,5,28,19,10,var_0 counter_var_1 +,28,counter_var_0 var_1 +
240,115 30 89 28 113,21,115 89 32 64 113,1,2,20,9,28,2,10,var_0 counter_var_1 +,22,counter_var_0 var_1 +
241,115 99 12 21 113,24,115 50 112 103 113,12,21,12,20,21,10,32,var_0 counter_var_1 +,33,counter_var_0 var_1 +
242,115 9 98 78 113,15,115 34 5 47 113,9,5,6,5,16,16,14,var_0 counter_var_1 +,11,counter_var_0 var_1 +
243,115 60 104 84 113,14,115 91 57 1 113,2,4,12,11,22,1,13,var_0 counter_var_1 +,16,counter_var_0 var_1 +
244,115 41 77 105 113,20,115 4 10 68 113,12,4,8,10,12,6,22,var_0 counter_var_1 +,12,counter_var_0 var_1 +
245,115 99 4 52 113,16,115 43 96 6 113,12,14,4,4,21,6,16,var_0 counter_var_1 +,18,counter_var_0 var_1 +
246,115 89 22 75 113,24,115 93 11 30 113,2,6,22,11,13,30,13,var_0 counter_var_1 +,28,counter_var_0 var_1 +
247,115 51 43 110 113,42,115 5 72 71 113,22,5,20,3,17,9,25,var_0 counter_var_1 +,25,counter_var_0 var_1 +
248,115 84 61 18 113,41,115 109 3 15 113,26,22,15,3,18,15,29,var_0 counter_var_1 +,37,counter_var_0 var_1 +
249,115 17 98 78 113,23,115 99 96 6 113,17,12,6,4,16,6,21,var_0 counter_var_1 +,18,counter_var_0 var_1 +
250,115 80 66 102 113,42,115 60 5 47 113,22,2,20,5,9,16,27,var_0 counter_var_1 +,22,counter_var_0 var_1 +
251,115 9 42 55 113,28,115 53 109 79 113,9,24,19,17,24,17,26,var_0 counter_var_1 +,43,counter_var_0 var_1 +
252,115 89 0 101 113,2,115 40 1 40 113,2,11,0,1,8,9,3,var_0 counter_var_1 +,11,counter_var_0 var_1 +
253,115 18 73 96 113,22,115 17 100 0 113,18,17,4,8,3,0,26,var_0 counter_var_1 +,21,counter_var_0 var_1 +
254,115 108 5 47 113,26,115 99 52 95 113,21,12,5,6,16,2,27,var_0 counter_var_1 +,17,counter_var_0 var_1 +
255,115 95 103 49 113,19,115 55 10 68 113,8,26,11,10,18,6,18,var_0 counter_var_1 +,37,counter_var_0 var_1 +
256,115 87 24 5 113,1,115 56 45 76 113,0,27,1,22,5,14,22,var_0 counter_var_1 +,28,counter_var_0 var_1 +
257,115 25 103 49 113,36,115 76 84 32 113,25,18,11,15,18,1,40,var_0 counter_var_1 +,29,counter_var_0 var_1 +
258,115 50 76 93 113,28,115 24 70 36 113,21,24,7,1,0,5,22,var_0 counter_var_1 +,31,counter_var_0 var_1 +
259,115 65 46 80 113,7,115 31 32 64 113,7,2,0,9,18,2,16,var_0 counter_var_1 +,2,counter_var_0 var_1 +
260,115 40 48 89 113,13,115 98 72 71 113,11,11,2,3,27,9,14,var_0 counter_var_1 +,13,counter_var_0 var_1 +
261,115 42 90 90 113,34,115 40 86 45 113,13,11,21,17,28,14,30,var_0 counter_var_1 +,32,counter_var_0 var_1 +
262,115 21 38 20 113,36,115 107 43 110 113,21,20,15,20,20,17,41,var_0 counter_var_1 +,35,counter_var_0 var_1 +
263,115 14 22 75 113,36,115 30 66 102 113,14,1,22,20,13,9,34,var_0 counter_var_1 +,23,counter_var_0 var_1 +
264,115 10 38 20 113,25,115 40 77 105 113,10,11,15,8,20,12,18,var_0 counter_var_1 +,26,counter_var_0 var_1 +
265,115 59 36 106 113,14,115 56 80 31 113,1,27,13,11,13,0,12,var_0 counter_var_1 +,40,counter_var_0 var_1 +
266,115 56 87 69 113,45,115 91 39 14 113,27,4,18,16,7,14,43,var_0 counter_var_1 +,22,counter_var_0 var_1 +
267,115 93 53 51 113,13,115 44 59 23 113,6,15,7,13,20,23,19,var_0 counter_var_1 +,22,counter_var_0 var_1 +
268,115 106 31 109 113,27,115 62 28 7 113,19,4,8,5,16,7,24,var_0 counter_var_1 +,12,counter_var_0 var_1 +
269,115 94 46 80 113,7,115 89 99 85 113,7,2,0,7,18,23,14,var_0 counter_var_1 +,2,counter_var_0 var_1 +
270,115 54 79 57 113,35,115 96 53 51 113,25,9,10,7,26,20,32,var_0 counter_var_1 +,19,counter_var_0 var_1 +
271,115 106 18 73 113,37,115 102 88 66 113,19,15,18,19,11,4,38,var_0 counter_var_1 +,33,counter_var_0 var_1 +
272,115 50 108 58 113,37,115 16 87 69 113,21,16,16,18,27,7,39,var_0 counter_var_1 +,32,counter_var_0 var_1 +
273,115 13 24 5 113,14,115 105 3 15 113,13,18,1,3,5,15,16,var_0 counter_var_1 +,19,counter_var_0 var_1 +
274,115 65 5 47 113,12,115 0 99 85 113,7,0,5,7,16,23,14,var_0 counter_var_1 +,5,counter_var_0 var_1 +
275,115 107 32 64 113,29,115 9 68 100 113,20,9,9,22,2,7,42,var_0 counter_var_1 +,18,counter_var_0 var_1 +
276,115 24 71 74 113,26,115 38 71 74 113,24,9,2,2,12,12,26,var_0 counter_var_1 +,11,counter_var_0 var_1 +
277,115 90 37 42 113,17,115 97 78 65 113,3,10,14,9,11,3,12,var_0 counter_var_1 +,24,counter_var_0 var_1 +
278,115 78 88 66 113,39,115 89 31 109 113,20,2,19,8,4,16,28,var_0 counter_var_1 +,21,counter_var_0 var_1 +
279,115 49 8 26 113,28,115 75 38 20 113,20,17,8,15,26,20,35,var_0 counter_var_1 +,25,counter_var_0 var_1 +
280,115 46 69 99 113,17,115 59 47 34 113,17,1,0,1,6,3,18,var_0 counter_var_1 +,1,counter_var_0 var_1 +
281,115 61 111 12 113,22,115 25 96 6 113,3,25,19,4,12,6,7,var_0 counter_var_1 +,44,counter_var_0 var_1 +
282,115 93 14 24 113,20,115 88 51 97 113,6,1,14,5,24,4,11,var_0 counter_var_1 +,15,counter_var_0 var_1 +
283,115 2 31 109 113,10,115 11 38 20 113,2,11,8,15,16,20,17,var_0 counter_var_1 +,19,counter_var_0 var_1 +
284,115 89 77 105 113,10,115 93 96 6 113,2,6,8,4,12,6,6,var_0 counter_var_1 +,14,counter_var_0 var_1 +
285,115 54 18 73 113,43,115 10 54 83 113,25,10,18,8,11,21,33,var_0 counter_var_1 +,28,counter_var_0 var_1 +
286,115 37 7 10 113,15,115 20 29 25 113,8,20,7,6,10,25,14,var_0 counter_var_1 +,27,counter_var_0 var_1 +
287,115 83 74 13 113,30,115 45 10 68 113,25,16,5,10,13,6,35,var_0 counter_var_1 +,21,counter_var_0 var_1 +
288,115 54 39 14 113,41,115 42 40 11 113,25,13,16,17,14,11,42,var_0 counter_var_1 +,29,counter_var_0 var_1 +
289,115 39 87 69 113,28,115 8 95 29 113,10,8,18,3,7,29,13,var_0 counter_var_1 +,26,counter_var_0 var_1 +
290,115 87 75 82 113,6,115 7 77 105 113,0,7,6,8,20,12,8,var_0 counter_var_1 +,13,counter_var_0 var_1 +
291,115 79 56 59 113,31,115 46 55 48 113,21,17,10,9,28,17,30,var_0 counter_var_1 +,27,counter_var_0 var_1 +
292,115 71 82 67 113,26,115 84 22 75 113,13,26,13,22,5,13,35,var_0 counter_var_1 +,39,counter_var_0 var_1 +
293,115 107 105 62 113,33,115 112 13 91 113,20,25,13,13,0,29,33,var_0 counter_var_1 +,38,counter_var_0 var_1 +
294,115 30 83 38 113,15,115 52 67 46 113,1,23,14,21,7,15,22,var_0 counter_var_1 +,37,counter_var_0 var_1 +
295,115 103 35 9 113,28,115 55 109 79 113,16,26,12,17,9,17,33,var_0 counter_var_1 +,38,counter_var_0 var_1 +
296,115 35 110 61 113,24,115 51 103 49 113,6,22,18,11,30,18,17,var_0 counter_var_1 +,40,counter_var_0 var_1 +
297,115 52 74 13 113,28,115 98 81 54 113,23,11,5,12,13,23,35,var_0 counter_var_1 +,16,counter_var_0 var_1 +
298,115 46 105 62 113,30,115 112 59 23 113,17,25,13,13,0,23,30,var_0 counter_var_1 +,38,counter_var_0 var_1 +
299,115 13 74 13 113,18,115 93 12 21 113,13,6,5,12,13,21,25,var_0 counter_var_1 +,11,counter_var_0 var_1 +
300,115 46 2 63 113,19,115 81 71 74 113,17,23,2,2,1,12,19,var_0 counter_var_1 +,25,counter_var_0 var_1 +
301,115 95 57 1 113,19,115 44 24 5 113,8,15,11,1,1,5,9,var_0 counter_var_1 +,26,counter_var_0 var_1 +
302,115 55 4 52 113,30,115 48 99 85 113,26,19,4,7,21,23,33,var_0 counter_var_1 +,23,counter_var_0 var_1 +
303,115 103 80 31 113,27,115 8 100 0 113,16,8,11,8,0,0,24,var_0 counter_var_1 +,19,counter_var_0 var_1 +
304,115 91 13 91 113,17,115 112 43 110 113,4,25,13,20,29,17,24,var_0 counter_var_1 +,38,counter_var_0 var_1 +
305,115 54 7 10 113,32,115 8 67 46 113,25,8,7,21,10,15,46,var_0 counter_var_1 +,15,counter_var_0 var_1 +
306,115 10 72 71 113,13,115 10 110 61 113,10,10,3,18,9,30,28,var_0 counter_var_1 +,13,counter_var_0 var_1 +
307,115 4 52 95 113,10,115 99 99 85 113,4,12,6,7,2,23,11,var_0 counter_var_1 +,18,counter_var_0 var_1 +
308,115 112 71 74 113,27,115 44 19 86 113,25,15,2,19,12,24,44,var_0 counter_var_1 +,17,counter_var_0 var_1 +
309,115 80 47 34 113,23,115 5 96 6 113,22,5,1,4,3,6,26,var_0 counter_var_1 +,6,counter_var_0 var_1 +
310,115 8 82 67 113,21,115 84 29 25 113,8,26,13,6,5,25,14,var_0 counter_var_1 +,39,counter_var_0 var_1 +
311,115 46 77 105 113,25,115 48 82 67 113,17,19,8,13,12,5,30,var_0 counter_var_1 +,27,counter_var_0 var_1 +
312,115 67 37 42 113,23,115 105 92 2 113,9,18,14,0,11,2,9,var_0 counter_var_1 +,32,counter_var_0 var_1 +
313,115 67 34 27 113,20,115 62 22 75 113,9,4,11,22,27,13,31,var_0 counter_var_1 +,15,counter_var_0 var_1 +
314,115 95 92 2 113,8,115 98 40 11 113,8,11,0,17,2,11,25,var_0 counter_var_1 +,11,counter_var_0 var_1 +
315,115 9 66 102 113,29,115 33 21 92 113,9,4,20,21,9,30,30,var_0 counter_var_1 +,24,counter_var_0 var_1 +
316,115 104 37 42 113,31,115 9 84 32 113,17,9,14,15,11,1,32,var_0 counter_var_1 +,23,counter_var_0 var_1 +
317,115 104 55 48 113,26,115 9 36 106 113,17,9,9,13,17,13,30,var_0 counter_var_1 +,18,counter_var_0 var_1 +
318,115 20 57 1 113,31,115 1 45 76 113,20,1,11,22,1,14,42,var_0 counter_var_1 +,12,counter_var_0 var_1 +
319,115 49 66 102 113,40,115 88 78 65 113,20,1,20,9,9,3,29,var_0 counter_var_1 +,21,counter_var_0 var_1 +
320,115 108 62 41 113,37,115 15 47 34 113,21,15,16,1,10,3,22,var_0 counter_var_1 +,31,counter_var_0 var_1 +
321,115 32 91 33 113,25,115 7 111 12 113,3,7,22,19,2,12,22,var_0 counter_var_1 +,29,counter_var_0 var_1 +
322,115 86 89 28 113,48,115 7 28 7 113,28,7,20,5,28,7,33,var_0 counter_var_1 +,27,counter_var_0 var_1 +
323,115 76 84 32 113,33,115 58 2 63 113,18,0,15,2,1,1,20,var_0 counter_var_1 +,15,counter_var_0 var_1 +
324,115 5 22 75 113,27,115 75 88 66 113,5,17,22,19,13,4,24,var_0 counter_var_1 +,39,counter_var_0 var_1 +
325,115 27 35 9 113,39,115 28 88 66 113,27,28,12,19,9,4,46,var_0 counter_var_1 +,40,counter_var_0 var_1 +
326,115 99 97 81 113,17,115 16 67 46 113,12,16,5,21,19,15,33,var_0 counter_var_1 +,21,counter_var_0 var_1 +
327,115 41 68 100 113,34,115 58 26 112 113,12,0,22,3,7,19,15,var_0 counter_var_1 +,22,counter_var_0 var_1 +
328,115 83 54 83 113,33,115 105 18 73 113,25,18,8,18,21,11,43,var_0 counter_var_1 +,26,counter_var_0 var_1 +
329,115 91 53 51 113,11,115 87 13 91 113,4,0,7,13,20,29,17,var_0 counter_var_1 +,7,counter_var_0 var_1 +
330,115 100 28 7 113,18,115 73 64 19 113,13,15,5,18,7,19,31,var_0 counter_var_1 +,20,counter_var_0 var_1 +
331,115 7 87 69 113,25,115 30 15 53 113,7,1,18,15,7,22,22,var_0 counter_var_1 +,19,counter_var_0 var_1 +
332,115 19 53 51 113,26,115 29 60 44 113,19,0,7,14,20,13,33,var_0 counter_var_1 +,7,counter_var_0 var_1 +
333,115 93 82 67 113,19,115 52 31 109 113,6,23,13,8,5,16,14,var_0 counter_var_1 +,36,counter_var_0 var_1 +
334,115 53 84 32 113,39,115 6 63 43 113,24,6,15,17,1,12,41,var_0 counter_var_1 +,21,counter_var_0 var_1 +
335,115 2 14 24 113,16,115 73 75 82 113,2,15,14,6,24,20,8,var_0 counter_var_1 +,29,counter_var_0 var_1 +
336,115 86 36 106 113,41,115 92 79 57 113,28,5,13,10,13,26,38,var_0 counter_var_1 +,18,counter_var_0 var_1 +
337,115 6 32 64 113,15,115 63 14 24 113,6,5,9,14,2,24,20,var_0 counter_var_1 +,14,counter_var_0 var_1 +
338,115 104 60 44 113,31,115 22 76 93 113,17,22,14,7,13,0,24,var_0 counter_var_1 +,36,counter_var_0 var_1 +
339,115 70 105 62 113,25,115 39 95 29 113,12,10,13,3,0,29,15,var_0 counter_var_1 +,23,counter_var_0 var_1 +
340,115 109 95 29 113,25,115 27 50 77 113,22,27,3,4,29,15,26,var_0 counter_var_1 +,30,counter_var_0 var_1 +
341,115 111 79 57 113,34,115 68 52 95 113,24,10,10,6,26,2,30,var_0 counter_var_1 +,20,counter_var_0 var_1 +
342,115 41 103 49 113,23,115 94 96 6 113,12,7,11,4,18,6,16,var_0 counter_var_1 +,18,counter_var_0 var_1 +
343,115 30 76 93 113,8,115 2 3 15 113,1,2,7,3,0,15,4,var_0 counter_var_1 +,9,counter_var_0 var_1 +
344,115 105 44 107 113,39,115 45 83 38 113,18,16,21,14,14,7,32,var_0 counter_var_1 +,37,counter_var_0 var_1 +
345,115 37 10 68 113,18,115 100 13 91 113,8,13,10,13,6,29,21,var_0 counter_var_1 +,23,counter_var_0 var_1 +
346,115 83 80 31 113,36,115 110 99 85 113,25,23,11,7,0,23,32,var_0 counter_var_1 +,34,counter_var_0 var_1 +
347,115 59 98 78 113,7,115 4 65 17 113,1,4,6,19,16,17,20,var_0 counter_var_1 +,10,counter_var_0 var_1 +
348,115 27 37 42 113,41,115 42 101 104 113,27,13,14,9,11,11,36,var_0 counter_var_1 +,27,counter_var_0 var_1 +
349,115 72 100 0 113,22,115 73 95 29 113,14,15,8,3,0,29,17,var_0 counter_var_1 +,23,counter_var_0 var_1 +
350,115 98 52 95 113,17,115 42 37 42 113,11,13,6,14,2,11,25,var_0 counter_var_1 +,19,counter_var_0 var_1 +
351,115 42 108 58 113,29,115 38 42 55 113,13,9,16,19,27,24,32,var_0 counter_var_1 +,25,counter_var_0 var_1 +
352,115 97 83 38 113,24,115 110 19 86 113,10,23,14,19,7,24,29,var_0 counter_var_1 +,37,counter_var_0 var_1 +
353,115 107 44 107 113,41,115 66 4 52 113,20,8,21,4,14,21,24,var_0 counter_var_1 +,29,counter_var_0 var_1 +
354,115 57 25 111 113,30,115 28 97 81 113,28,28,2,5,18,19,33,var_0 counter_var_1 +,30,counter_var_0 var_1 +
355,115 98 91 33 113,33,115 30 18 73 113,11,1,22,18,2,11,29,var_0 counter_var_1 +,23,counter_var_0 var_1 +
356,115 19 64 19 113,37,115 82 46 80 113,19,24,18,0,19,18,19,var_0 counter_var_1 +,42,counter_var_0 var_1 +
357,115 23 49 72 113,26,115 66 104 84 113,23,8,3,12,10,22,35,var_0 counter_var_1 +,11,counter_var_0 var_1 +
358,115 15 107 60 113,30,115 97 26 112 113,15,10,15,3,29,19,18,var_0 counter_var_1 +,25,counter_var_0 var_1 +
359,115 34 22 75 113,27,115 26 51 97 113,5,26,22,5,13,4,10,var_0 counter_var_1 +,48,counter_var_0 var_1 +
360,115 33 10 68 113,14,115 13 54 83 113,4,13,10,8,6,21,12,var_0 counter_var_1 +,23,counter_var_0 var_1 +
361,115 91 17 108 113,21,115 51 97 81 113,4,22,17,5,15,19,9,var_0 counter_var_1 +,39,counter_var_0 var_1 +
362,115 34 11 30 113,16,115 109 43 110 113,5,22,11,20,30,17,25,var_0 counter_var_1 +,33,counter_var_0 var_1 +
363,115 75 56 59 113,27,115 88 47 34 113,17,1,10,1,28,3,18,var_0 counter_var_1 +,11,counter_var_0 var_1 +
364,115 103 102 16 113,26,115 102 42 55 113,16,15,10,19,16,24,35,var_0 counter_var_1 +,25,counter_var_0 var_1 +
365,115 32 32 64 113,12,115 4 78 65 113,3,4,9,9,2,3,12,var_0 counter_var_1 +,13,counter_var_0 var_1 +
366,115 21 80 31 113,32,115 49 69 99 113,21,20,11,0,0,6,21,var_0 counter_var_1 +,31,counter_var_0 var_1 +
367,115 33 71 74 113,6,115 40 42 55 113,4,11,2,19,12,24,23,var_0 counter_var_1 +,13,counter_var_0 var_1 +
368,115 86 16 94 113,44,115 24 3 15 113,28,24,16,3,1,15,31,var_0 counter_var_1 +,40,counter_var_0 var_1 +
369,115 20 21 92 113,41,115 8 20 8 113,20,8,21,20,30,8,40,var_0 counter_var_1 +,29,counter_var_0 var_1 +
370,115 82 29 25 113,30,115 68 44 107 113,24,10,6,21,25,14,45,var_0 counter_var_1 +,16,counter_var_0 var_1 +
371,115 100 74 13 113,18,115 79 68 100 113,13,21,5,22,13,7,35,var_0 counter_var_1 +,26,counter_var_0 var_1 +
372,115 52 105 62 113,36,115 2 30 70 113,23,2,13,7,0,8,30,var_0 counter_var_1 +,15,counter_var_0 var_1 +
373,115 109 28 7 113,27,115 83 52 95 113,22,25,5,6,7,2,28,var_0 counter_var_1 +,30,counter_var_0 var_1 +
374,115 111 48 89 113,26,115 82 60 44 113,24,24,2,14,27,13,38,var_0 counter_var_1 +,26,counter_var_0 var_1 +
375,115 105 87 69 113,36,115 72 108 58 113,18,14,18,16,7,27,34,var_0 counter_var_1 +,32,counter_var_0 var_1 +
376,115 10 56 59 113,20,115 52 101 104 113,10,23,10,9,28,11,19,var_0 counter_var_1 +,33,counter_var_0 var_1 +
377,115 74 92 2 113,16,115 8 84 32 113,16,8,0,15,2,1,31,var_0 counter_var_1 +,8,counter_var_0 var_1 +
378,115 3 105 62 113,16,115 78 90 90 113,3,20,13,21,0,28,24,var_0 counter_var_1 +,33,counter_var_0 var_1 +
379,115 29 1 40 113,1,115 8 14 24 113,0,8,1,14,9,24,14,var_0 counter_var_1 +,9,counter_var_0 var_1 +
380,115 102 44 107 113,36,115 79 59 23 113,15,21,21,13,14,23,28,var_0 counter_var_1 +,42,counter_var_0 var_1 +
381,115 56 29 25 113,33,115 45 19 86 113,27,16,6,19,25,24,46,var_0 counter_var_1 +,22,counter_var_0 var_1 +
382,115 30 42 55 113,20,115 69 92 2 113,1,11,19,0,24,2,1,var_0 counter_var_1 +,30,counter_var_0 var_1 +
383,115 78 39 14 113,36,115 59 54 83 113,20,1,16,8,14,21,28,var_0 counter_var_1 +,17,counter_var_0 var_1 +
384,115 13 76 93 113,20,115 89 19 86 113,13,2,7,19,0,24,32,var_0 counter_var_1 +,9,counter_var_0 var_1 +
385,115 22 110 61 113,40,115 105 42 55 113,22,18,18,19,30,24,41,var_0 counter_var_1 +,36,counter_var_0 var_1 +
386,115 43 55 48 113,23,115 92 95 29 113,14,5,9,3,17,29,17,var_0 counter_var_1 +,14,counter_var_0 var_1 +
387,115 82 69 99 113,24,115 44 65 17 113,24,15,0,19,6,17,43,var_0 counter_var_1 +,15,counter_var_0 var_1 +
388,115 103 13 91 113,29,115 35 103 49 113,16,6,13,11,29,18,27,var_0 counter_var_1 +,19,counter_var_0 var_1 +
389,115 96 108 58 113,25,115 32 32 64 113,9,3,16,9,27,2,18,var_0 counter_var_1 +,19,counter_var_0 var_1 +
390,115 85 16 94 113,43,115 53 93 37 113,27,24,16,1,1,6,28,var_0 counter_var_1 +,40,counter_var_0 var_1 +
391,115 92 81 54 113,17,115 1 42 55 113,5,1,12,19,23,24,24,var_0 counter_var_1 +,13,counter_var_0 var_1 +
392,115 11 47 34 113,12,115 100 29 25 113,11,13,1,6,3,25,17,var_0 counter_var_1 +,14,counter_var_0 var_1 +
393,115 28 2 63 113,30,115 18 101 104 113,28,18,2,9,1,11,37,var_0 counter_var_1 +,20,counter_var_0 var_1 +
394,115 78 109 79 113,37,115 54 68 100 113,20,25,17,22,17,7,42,var_0 counter_var_1 +,42,counter_var_0 var_1 +
395,115 4 64 19 113,22,115 6 62 41 113,4,6,18,16,19,10,20,var_0 counter_var_1 +,24,counter_var_0 var_1 +
396,115 59 103 49 113,12,115 19 83 38 113,1,19,11,14,18,7,15,var_0 counter_var_1 +,30,counter_var_0 var_1 +
397,115 28 79 57 113,38,115 63 88 66 113,28,5,10,19,26,4,47,var_0 counter_var_1 +,15,counter_var_0 var_1 +
398,115 99 38 20 113,27,115 25 104 84 113,12,25,15,12,20,22,24,var_0 counter_var_1 +,40,counter_var_0 var_1 +
399,115 104 40 11 113,34,115 104 74 13 113,17,17,17,5,11,13,22,var_0 counter_var_1 +,34,counter_var_0 var_1 +
400,115 3 94 39 113,5,115 27 110 61 113,3,27,2,18,8,30,21,var_0 counter_var_1 +,29,counter_var_0 var_1 +
401,115 93 9 87 113,15,115 45 0 101 113,6,16,9,0,25,8,6,var_0 counter_var_1 +,25,counter_var_0 var_1 +
402,115 55 28 7 113,31,115 5 85 3 113,26,5,5,16,7,3,42,var_0 counter_var_1 +,10,counter_var_0 var_1 +
403,115 68 34 27 113,21,115 86 0 101 113,10,28,11,0,27,8,10,var_0 counter_var_1 +,39,counter_var_0 var_1 +
404,115 10 39 14 113,26,115 16 25 111 113,10,16,16,2,14,18,12,var_0 counter_var_1 +,32,counter_var_0 var_1 +
405,115 77 98 78 113,25,115 110 8 26 113,19,23,6,8,16,26,27,var_0 counter_var_1 +,29,counter_var_0 var_1 +
406,115 9 83 38 113,23,115 3 72 71 113,9,3,14,3,7,9,12,var_0 counter_var_1 +,17,counter_var_0 var_1 +
407,115 1 50 77 113,5,115 2 11 30 113,1,2,4,11,15,30,12,var_0 counter_var_1 +,6,counter_var_0 var_1 +
408,115 64 43 110 113,26,115 51 58 98 113,6,22,20,12,17,5,18,var_0 counter_var_1 +,42,counter_var_0 var_1 +
409,115 23 100 0 113,31,115 98 6 56 113,23,11,8,6,0,25,29,var_0 counter_var_1 +,19,counter_var_0 var_1 +
410,115 80 8 26 113,30,115 35 27 88 113,22,6,8,4,26,26,26,var_0 counter_var_1 +,14,counter_var_0 var_1 +
411,115 46 104 84 113,29,115 37 43 110 113,17,8,12,20,22,17,37,var_0 counter_var_1 +,20,counter_var_0 var_1 +
412,115 58 85 3 113,16,115 110 107 60 113,0,23,16,15,3,29,15,var_0 counter_var_1 +,39,counter_var_0 var_1 +
413,115 91 25 111 113,6,115 60 94 39 113,4,2,2,2,18,8,6,var_0 counter_var_1 +,4,counter_var_0 var_1 +
414,115 98 79 57 113,21,115 23 3 15 113,11,23,10,3,26,15,14,var_0 counter_var_1 +,33,counter_var_0 var_1 +
415,115 80 24 5 113,23,115 107 62 41 113,22,20,1,16,5,10,38,var_0 counter_var_1 +,21,counter_var_0 var_1 +
416,115 33 0 101 113,4,115 35 21 92 113,4,6,0,21,8,30,25,var_0 counter_var_1 +,6,counter_var_0 var_1 +
417,115 22 63 43 113,39,115 36 96 6 113,22,7,17,4,12,6,26,var_0 counter_var_1 +,24,counter_var_0 var_1 +
418,115 109 76 93 113,29,115 25 100 0 113,22,25,7,8,0,0,30,var_0 counter_var_1 +,32,counter_var_0 var_1 +
419,115 7 43 110 113,27,115 35 8 26 113,7,6,20,8,17,26,15,var_0 counter_var_1 +,26,counter_var_0 var_1 +
420,115 69 103 49 113,22,115 70 104 84 113,11,12,11,12,18,22,23,var_0 counter_var_1 +,23,counter_var_0 var_1 +
421,115 94 75 82 113,13,115 7 8 26 113,7,7,6,8,20,26,15,var_0 counter_var_1 +,13,counter_var_0 var_1 +
422,115 82 100 0 113,32,115 3 92 2 113,24,3,8,0,0,2,24,var_0 counter_var_1 +,11,counter_var_0 var_1 +
423,115 94 47 34 113,8,115 6 30 70 113,7,6,1,7,3,8,14,var_0 counter_var_1 +,7,counter_var_0 var_1 +
424,115 79 69 99 113,21,115 29 83 38 113,21,0,0,14,6,7,35,var_0 counter_var_1 +,0,counter_var_0 var_1 +
425,115 90 83 38 113,17,115 64 21 92 113,3,6,14,21,7,30,24,var_0 counter_var_1 +,20,counter_var_0 var_1 +
426,115 6 52 95 113,12,115 74 105 62 113,6,16,6,13,2,0,19,var_0 counter_var_1 +,22,counter_var_0 var_1 +
427,115 0 107 60 113,15,115 23 78 65 113,0,23,15,9,29,3,9,var_0 counter_var_1 +,38,counter_var_0 var_1 +
428,115 30 111 12 113,20,115 70 9 87 113,1,12,19,9,12,25,10,var_0 counter_var_1 +,31,counter_var_0 var_1 +
429,115 69 77 105 113,19,115 101 111 12 113,11,14,8,19,12,12,30,var_0 counter_var_1 +,22,counter_var_0 var_1 +
430,115 75 90 90 113,38,115 2 52 95 113,17,2,21,6,28,2,23,var_0 counter_var_1 +,23,counter_var_0 var_1 +
431,115 25 7 10 113,32,115 78 37 42 113,25,20,7,14,10,11,39,var_0 counter_var_1 +,27,counter_var_0 var_1 +
432,115 29 110 61 113,18,115 71 82 67 113,0,13,18,13,30,5,13,var_0 counter_var_1 +,31,counter_var_0 var_1 +
433,115 8 102 16 113,18,115 60 85 3 113,8,2,10,16,16,3,24,var_0 counter_var_1 +,12,counter_var_0 var_1 +
434,115 62 97 81 113,9,115 98 61 18 113,4,11,5,15,19,18,19,var_0 counter_var_1 +,16,counter_var_0 var_1 +
435,115 86 65 17 113,47,115 9 54 83 113,28,9,19,8,17,21,36,var_0 counter_var_1 +,28,counter_var_0 var_1 +
436,115 93 100 0 113,14,115 25 71 74 113,6,25,8,2,0,12,8,var_0 counter_var_1 +,33,counter_var_0 var_1 +
437,115 95 23 4 113,8,115 51 55 48 113,8,22,0,9,4,17,17,var_0 counter_var_1 +,22,counter_var_0 var_1 +
438,115 89 20 8 113,22,115 33 39 14 113,2,4,20,16,8,14,18,var_0 counter_var_1 +,24,counter_var_0 var_1 +
439,115 17 25 111 113,19,115 13 51 97 113,17,13,2,5,18,4,22,var_0 counter_var_1 +,15,counter_var_0 var_1 +
440,115 107 64 19 113,38,115 13 47 34 113,20,13,18,1,19,3,21,var_0 counter_var_1 +,31,counter_var_0 var_1 +
441,115 69 15 53 113,26,115 8 81 54 113,11,8,15,12,22,23,23,var_0 counter_var_1 +,23,counter_var_0 var_1 +
442,115 60 18 73 113,20,115 6 46 80 113,2,6,18,0,11,18,2,var_0 counter_var_1 +,24,counter_var_0 var_1 +
443,115 109 70 36 113,23,115 88 49 72 113,22,1,1,3,5,10,25,var_0 counter_var_1 +,2,counter_var_0 var_1 +
444,115 2 5 47 113,7,115 74 62 41 113,2,16,5,16,16,10,18,var_0 counter_var_1 +,21,counter_var_0 var_1 +
445,115 24 40 11 113,41,115 71 35 9 113,24,13,17,12,11,9,36,var_0 counter_var_1 +,30,counter_var_0 var_1 +
446,115 56 69 99 113,27,115 45 39 14 113,27,16,0,16,6,14,43,var_0 counter_var_1 +,16,counter_var_0 var_1 +
447,115 47 7 10 113,25,115 6 109 79 113,18,6,7,17,10,17,35,var_0 counter_var_1 +,13,counter_var_0 var_1 +
448,115 42 25 111 113,15,115 60 49 72 113,13,2,2,3,18,10,16,var_0 counter_var_1 +,4,counter_var_0 var_1 +
449,115 9 109 79 113,26,115 47 88 66 113,9,18,17,19,17,4,28,var_0 counter_var_1 +,35,counter_var_0 var_1 +
450,115 102 30 70 113,22,115 64 68 100 113,15,6,7,22,8,7,37,var_0 counter_var_1 +,13,counter_var_0 var_1 +
451,115 25 57 1 113,36,115 48 37 42 113,25,19,11,14,1,11,39,var_0 counter_var_1 +,30,counter_var_0 var_1 +
452,115 49 1 40 113,21,115 37 27 88 113,20,8,1,4,9,26,24,var_0 counter_var_1 +,9,counter_var_0 var_1 +
453,115 45 35 9 113,28,115 96 16 94 113,16,9,12,16,9,1,32,var_0 counter_var_1 +,21,counter_var_0 var_1 +
454,115 17 19 86 113,36,115 85 55 48 113,17,27,19,9,24,17,26,var_0 counter_var_1 +,46,counter_var_0 var_1 +
455,115 51 58 98 113,34,115 0 29 25 113,22,0,12,6,5,25,28,var_0 counter_var_1 +,12,counter_var_0 var_1 +
456,115 39 63 43 113,27,115 52 78 65 113,10,23,17,9,12,3,19,var_0 counter_var_1 +,40,counter_var_0 var_1 +
457,115 49 96 6 113,24,115 10 26 112 113,20,10,4,3,6,19,23,var_0 counter_var_1 +,14,counter_var_0 var_1 +
458,115 36 49 72 113,10,115 8 47 34 113,7,8,3,1,10,3,8,var_0 counter_var_1 +,11,counter_var_0 var_1 +
459,115 15 11 30 113,26,115 81 21 92 113,15,23,11,21,30,30,36,var_0 counter_var_1 +,34,counter_var_0 var_1 +
460,115 59 40 11 113,18,115 10 31 109 113,1,10,17,8,11,16,9,var_0 counter_var_1 +,27,counter_var_0 var_1 +
461,115 6 63 43 113,23,115 53 8 26 113,6,24,17,8,12,26,14,var_0 counter_var_1 +,41,counter_var_0 var_1 +
462,115 26 88 66 113,45,115 87 98 78 113,26,0,19,6,4,16,32,var_0 counter_var_1 +,19,counter_var_0 var_1 +
463,115 82 95 29 113,27,115 81 58 98 113,24,23,3,12,29,5,36,var_0 counter_var_1 +,26,counter_var_0 var_1 +
464,115 92 100 0 113,13,115 107 1 40 113,5,20,8,1,0,9,6,var_0 counter_var_1 +,28,counter_var_0 var_1 +
465,115 57 49 72 113,31,115 71 26 112 113,28,13,3,3,10,19,31,var_0 counter_var_1 +,16,counter_var_0 var_1 +
466,115 78 61 18 113,35,115 88 102 16 113,20,1,15,10,18,16,30,var_0 counter_var_1 +,16,counter_var_0 var_1 +
467,115 73 14 24 113,29,115 82 55 48 113,15,24,14,9,24,17,24,var_0 counter_var_1 +,38,counter_var_0 var_1 +
468,115 78 68 100 113,42,115 111 15 53 113,20,24,22,15,7,22,35,var_0 counter_var_1 +,46,counter_var_0 var_1 +
469,115 76 8 26 113,26,115 11 20 8 113,18,11,8,20,26,8,38,var_0 counter_var_1 +,19,counter_var_0 var_1 +
470,115 111 68 100 113,46,115 64 36 106 113,24,6,22,13,7,13,37,var_0 counter_var_1 +,28,counter_var_0 var_1 +
471,115 72 65 17 113,33,115 106 101 104 113,14,19,19,9,17,11,23,var_0 counter_var_1 +,38,counter_var_0 var_1 +
472,115 9 41 22 113,27,115 56 54 83 113,9,27,18,8,22,21,17,var_0 counter_var_1 +,45,counter_var_0 var_1 +
473,115 27 22 75 113,49,115 19 20 8 113,27,19,22,20,13,8,47,var_0 counter_var_1 +,41,counter_var_0 var_1 +
474,115 54 82 67 113,38,115 58 22 75 113,25,0,13,22,5,13,47,var_0 counter_var_1 +,13,counter_var_0 var_1 +
475,115 0 35 9 113,12,115 68 101 104 113,0,10,12,9,9,11,9,var_0 counter_var_1 +,22,counter_var_0 var_1 +
476,115 61 78 65 113,12,115 39 52 95 113,3,10,9,6,3,2,9,var_0 counter_var_1 +,19,counter_var_0 var_1 +
477,115 100 110 61 113,31,115 100 76 93 113,13,13,18,7,30,0,20,var_0 counter_var_1 +,31,counter_var_0 var_1 +
478,115 41 27 88 113,16,115 9 91 33 113,12,9,4,22,26,2,34,var_0 counter_var_1 +,13,counter_var_0 var_1 +
479,115 93 26 112 113,9,115 88 67 46 113,6,1,3,21,19,15,27,var_0 counter_var_1 +,4,counter_var_0 var_1 +
480,115 51 28 7 113,27,115 53 24 5 113,22,24,5,1,7,5,23,var_0 counter_var_1 +,29,counter_var_0 var_1 +
481,115 13 59 23 113,26,115 111 19 86 113,13,24,13,19,23,24,32,var_0 counter_var_1 +,37,counter_var_0 var_1 +
482,115 84 15 53 113,41,115 49 37 42 113,26,20,15,14,22,11,40,var_0 counter_var_1 +,35,counter_var_0 var_1 +
483,115 58 32 64 113,9,115 66 22 75 113,0,8,9,22,2,13,22,var_0 counter_var_1 +,17,counter_var_0 var_1 +
484,115 44 38 20 113,30,115 58 16 94 113,15,0,15,16,20,1,31,var_0 counter_var_1 +,15,counter_var_0 var_1 +
485,115 50 79 57 113,31,115 19 4 52 113,21,19,10,4,26,21,25,var_0 counter_var_1 +,29,counter_var_0 var_1 +
486,115 26 7 10 113,33,115 29 111 12 113,26,0,7,19,10,12,45,var_0 counter_var_1 +,7,counter_var_0 var_1 +
487,115 106 107 60 113,34,115 33 63 43 113,19,4,15,17,29,12,36,var_0 counter_var_1 +,19,counter_var_0 var_1 +
488,115 99 19 86 113,31,115 8 102 16 113,12,8,19,10,24,16,22,var_0 counter_var_1 +,27,counter_var_0 var_1 +
489,115 66 8 26 113,16,115 12 0 101 113,8,12,8,0,26,8,8,var_0 counter_var_1 +,20,counter_var_0 var_1 +
490,115 21 86 45 113,38,115 0 46 80 113,21,0,17,0,14,18,21,var_0 counter_var_1 +,17,counter_var_0 var_1 +
491,115 87 20 8 113,20,115 67 86 45 113,0,9,20,17,8,14,17,var_0 counter_var_1 +,29,counter_var_0 var_1 +
492,115 73 55 48 113,24,115 99 43 110 113,15,12,9,20,17,17,35,var_0 counter_var_1 +,21,counter_var_0 var_1 +
493,115 44 94 39 113,17,115 32 97 81 113,15,3,2,5,8,19,20,var_0 counter_var_1 +,5,counter_var_0 var_1 +
494,115 55 111 12 113,45,115 27 23 4 113,26,27,19,0,12,4,26,var_0 counter_var_1 +,46,counter_var_0 var_1 +
495,115 96 106 35 113,23,115 49 3 15 113,9,20,14,3,4,15,12,var_0 counter_var_1 +,34,counter_var_0 var_1 +
496,115 71 98 78 113,19,115 52 1 40 113,13,23,6,1,16,9,14,var_0 counter_var_1 +,29,counter_var_0 var_1 +
497,115 78 33 50 113,30,115 27 102 16 113,20,27,10,10,19,16,30,var_0 counter_var_1 +,37,counter_var_0 var_1 +
498,115 63 16 94 113,21,115 68 9 87 113,5,10,16,9,1,25,14,var_0 counter_var_1 +,26,counter_var_0 var_1 +
499,115 71 75 82 113,19,115 29 96 6 113,13,0,6,4,20,6,17,var_0 counter_var_1 +,6,counter_var_0 var_1 +
500,115 108 36 106 113,34,115 29 86 45 113,21,0,13,17,13,14,38,var_0 counter_var_1 +,13,counter_var_0 var_1 +
501,115 93 12 21 113,18,115 111 53 51 113,6,24,12,7,21,20,13,var_0 counter_var_1 +,36,counter_var_0 var_1 +
502,115 82 109 79 113,41,115 68 88 66 113,24,10,17,19,17,4,43,var_0 counter_var_1 +,27,counter_var_0 var_1 +
503,115 30 110 61 113,19,115 32 75 82 113,1,3,18,6,30,20,7,var_0 counter_var_1 +,21,counter_var_0 var_1 +
504,115 87 95 29 113,3,115 53 106 35 113,0,24,3,14,29,4,14,var_0 counter_var_1 +,27,counter_var_0 var_1 +
505,115 54 61 18 113,40,115 38 100 0 113,25,9,15,8,18,0,33,var_0 counter_var_1 +,24,counter_var_0 var_1 +
506,115 91 83 38 113,18,115 80 13 91 113,4,22,14,13,7,29,17,var_0 counter_var_1 +,36,counter_var_0 var_1 +
507,115 30 69 99 113,1,115 100 43 110 113,1,13,0,20,6,17,21,var_0 counter_var_1 +,13,counter_var_0 var_1 +
508,115 51 57 1 113,33,115 56 46 80 113,22,27,11,0,1,18,22,var_0 counter_var_1 +,38,counter_var_0 var_1 +
509,115 78 99 85 113,27,115 109 51 97 113,20,22,7,5,23,4,25,var_0 counter_var_1 +,29,counter_var_0 var_1 +
510,115 101 57 1 113,25,115 0 94 39 113,14,0,11,2,1,8,16,var_0 counter_var_1 +,11,counter_var_0 var_1 +
511,115 32 57 1 113,14,115 50 26 112 113,3,21,11,3,1,19,6,var_0 counter_var_1 +,32,counter_var_0 var_1 +
512,115 16 65 17 113,35,115 102 71 74 113,16,15,19,2,17,12,18,var_0 counter_var_1 +,34,counter_var_0 var_1 +
513,115 73 88 66 113,34,115 28 92 2 113,15,28,19,0,4,2,15,var_0 counter_var_1 +,47,counter_var_0 var_1 +
514,115 29 86 45 113,17,115 83 19 86 113,0,25,17,19,14,24,19,var_0 counter_var_1 +,42,counter_var_0 var_1 +
515,115 0 36 106 113,13,115 15 64 19 113,0,15,13,18,13,19,18,var_0 counter_var_1 +,28,counter_var_0 var_1 +
516,115 80 77 105 113,30,115 33 41 22 113,22,4,8,18,12,22,40,var_0 counter_var_1 +,12,counter_var_0 var_1 +
517,115 77 100 0 113,27,115 8 66 102 113,19,8,8,20,0,9,39,var_0 counter_var_1 +,16,counter_var_0 var_1 +
518,115 86 52 95 113,34,115 56 67 46 113,28,27,6,21,2,15,49,var_0 counter_var_1 +,33,counter_var_0 var_1 +
519,115 53 32 64 113,33,115 72 23 4 113,24,14,9,0,2,4,24,var_0 counter_var_1 +,23,counter_var_0 var_1 +
520,115 21 74 13 113,26,115 86 16 94 113,21,28,5,16,13,1,37,var_0 counter_var_1 +,33,counter_var_0 var_1 +
521,115 71 79 57 113,23,115 82 40 11 113,13,24,10,17,26,11,30,var_0 counter_var_1 +,34,counter_var_0 var_1 +
522,115 99 93 37 113,13,115 109 17 108 113,12,22,1,17,6,15,29,var_0 counter_var_1 +,23,counter_var_0 var_1 +
523,115 92 85 3 113,21,115 2 60 44 113,5,2,16,14,3,13,19,var_0 counter_var_1 +,18,counter_var_0 var_1 +
524,115 28 12 21 113,40,115 53 87 69 113,28,24,12,18,21,7,46,var_0 counter_var_1 +,36,counter_var_0 var_1 +
525,115 10 19 86 113,29,115 26 7 10 113,10,26,19,7,24,10,17,var_0 counter_var_1 +,45,counter_var_0 var_1 +
526,115 93 92 2 113,6,115 24 105 62 113,6,24,0,13,2,0,19,var_0 counter_var_1 +,24,counter_var_0 var_1 +
527,115 39 103 49 113,21,115 104 17 108 113,10,17,11,17,18,15,27,var_0 counter_var_1 +,28,counter_var_0 var_1 +
528,115 33 40 11 113,21,115 90 12 21 113,4,3,17,12,11,21,16,var_0 counter_var_1 +,20,counter_var_0 var_1 +
529,115 78 24 5 113,21,115 16 2 63 113,20,16,1,2,5,1,22,var_0 counter_var_1 +,17,counter_var_0 var_1 +
530,115 82 54 83 113,32,115 95 105 62 113,24,8,8,13,21,0,37,var_0 counter_var_1 +,16,counter_var_0 var_1 +
531,115 31 38 20 113,17,115 87 102 16 113,2,0,15,10,20,16,12,var_0 counter_var_1 +,15,counter_var_0 var_1 +
532,115 28 65 17 113,47,115 47 73 96 113,28,18,19,4,17,3,32,var_0 counter_var_1 +,37,counter_var_0 var_1 +
533,115 21 109 79 113,38,115 48 79 57 113,21,19,17,10,17,26,31,var_0 counter_var_1 +,36,counter_var_0 var_1 +
534,115 74 112 103 113,36,115 87 92 2 113,16,0,20,0,10,2,16,var_0 counter_var_1 +,20,counter_var_0 var_1 +
535,115 54 30 70 113,32,115 50 89 28 113,25,21,7,20,8,28,45,var_0 counter_var_1 +,28,counter_var_0 var_1 +
536,115 8 65 17 113,27,115 110 16 94 113,8,23,19,16,17,1,24,var_0 counter_var_1 +,42,counter_var_0 var_1 +
537,115 26 83 38 113,40,115 90 32 64 113,26,3,14,9,7,2,35,var_0 counter_var_1 +,17,counter_var_0 var_1 +
538,115 82 48 89 113,26,115 36 73 96 113,24,7,2,4,27,3,28,var_0 counter_var_1 +,9,counter_var_0 var_1 +
539,115 11 0 101 113,11,115 6 11 30 113,11,6,0,11,8,30,22,var_0 counter_var_1 +,6,counter_var_0 var_1 +
540,115 34 80 31 113,16,115 112 15 53 113,5,25,11,15,0,22,20,var_0 counter_var_1 +,36,counter_var_0 var_1 +
541,115 95 97 81 113,13,115 95 32 64 113,8,8,5,9,19,2,17,var_0 counter_var_1 +,13,counter_var_0 var_1 +
542,115 86 67 46 113,49,115 6 13 91 113,28,6,21,13,15,29,41,var_0 counter_var_1 +,27,counter_var_0 var_1 +
543,115 19 2 63 113,21,115 67 101 104 113,19,9,2,9,1,11,28,var_0 counter_var_1 +,11,counter_var_0 var_1 +
544,115 58 95 29 113,3,115 69 70 36 113,0,11,3,1,29,5,1,var_0 counter_var_1 +,14,counter_var_0 var_1 +
545,115 22 52 95 113,28,115 69 25 111 113,22,11,6,2,2,18,24,var_0 counter_var_1 +,17,counter_var_0 var_1 +
546,115 36 92 2 113,7,115 69 4 52 113,7,11,0,4,2,21,11,var_0 counter_var_1 +,11,counter_var_0 var_1 +
547,115 70 102 16 113,22,115 25 65 17 113,12,25,10,19,16,17,31,var_0 counter_var_1 +,35,counter_var_0 var_1 +
548,115 34 34 27 113,16,115 26 107 60 113,5,26,11,15,27,29,20,var_0 counter_var_1 +,37,counter_var_0 var_1 +
549,115 21 50 77 113,25,115 68 64 19 113,21,10,4,18,15,19,39,var_0 counter_var_1 +,14,counter_var_0 var_1 +
550,115 102 93 37 113,16,115 37 75 82 113,15,8,1,6,6,20,21,var_0 counter_var_1 +,9,counter_var_0 var_1 +
551,115 81 110 61 113,41,115 100 64 19 113,23,13,18,18,30,19,41,var_0 counter_var_1 +,31,counter_var_0 var_1 +
552,115 2 108 58 113,18,115 38 31 109 113,2,9,16,8,27,16,10,var_0 counter_var_1 +,25,counter_var_0 var_1 +
553,115 35 64 19 113,24,115 89 11 30 113,6,2,18,11,19,30,17,var_0 counter_var_1 +,20,counter_var_0 var_1 +
554,115 4 4 52 113,8,115 106 61 18 113,4,19,4,15,21,18,19,var_0 counter_var_1 +,23,counter_var_0 var_1 +
555,115 83 39 14 113,41,115 22 61 18 113,25,22,16,15,14,18,40,var_0 counter_var_1 +,38,counter_var_0 var_1 +
556,115 70 38 20 113,27,115 38 62 41 113,12,9,15,16,20,10,28,var_0 counter_var_1 +,24,counter_var_0 var_1 +
557,115 34 33 50 113,15,115 99 24 5 113,5,12,10,1,19,5,6,var_0 counter_var_1 +,22,counter_var_0 var_1 +
558,115 49 83 38 113,34,115 29 41 22 113,20,0,14,18,7,22,38,var_0 counter_var_1 +,14,counter_var_0 var_1 +
559,115 74 91 33 113,38,115 70 42 55 113,16,12,22,19,2,24,35,var_0 counter_var_1 +,34,counter_var_0 var_1 +
560,115 105 15 53 113,33,115 91 0 101 113,18,4,15,0,22,8,18,var_0 counter_var_1 +,19,counter_var_0 var_1 +
561,115 110 2 63 113,25,115 72 30 70 113,23,14,2,7,1,8,30,var_0 counter_var_1 +,16,counter_var_0 var_1 +
562,115 105 12 21 113,30,115 25 59 23 113,18,25,12,13,21,23,31,var_0 counter_var_1 +,37,counter_var_0 var_1 +
563,115 6 111 12 113,25,115 101 65 17 113,6,14,19,19,12,17,25,var_0 counter_var_1 +,33,counter_var_0 var_1 +
564,115 68 22 75 113,32,115 45 50 77 113,10,16,22,4,13,15,14,var_0 counter_var_1 +,38,counter_var_0 var_1 +
565,115 103 95 29 113,19,115 78 14 24 113,16,20,3,14,29,24,30,var_0 counter_var_1 +,23,counter_var_0 var_1 +
566,115 10 27 88 113,14,115 29 90 90 113,10,0,4,21,26,28,31,var_0 counter_var_1 +,4,counter_var_0 var_1 +
567,115 27 76 93 113,34,115 20 49 72 113,27,20,7,3,0,10,30,var_0 counter_var_1 +,27,counter_var_0 var_1 +
568,115 12 69 99 113,12,115 74 23 4 113,12,16,0,0,6,4,12,var_0 counter_var_1 +,16,counter_var_0 var_1 +
569,115 42 87 69 113,31,115 104 24 5 113,13,17,18,1,7,5,14,var_0 counter_var_1 +,35,counter_var_0 var_1 +
570,115 102 85 3 113,31,115 94 91 33 113,15,7,16,22,3,2,37,var_0 counter_var_1 +,23,counter_var_0 var_1 +
571,115 12 2 63 113,14,115 12 5 47 113,12,12,2,5,1,16,17,var_0 counter_var_1 +,14,counter_var_0 var_1 +
572,115 38 12 21 113,21,115 111 102 16 113,9,24,12,10,21,16,19,var_0 counter_var_1 +,36,counter_var_0 var_1 +
573,115 86 76 93 113,35,115 75 85 3 113,28,17,7,16,0,3,44,var_0 counter_var_1 +,24,counter_var_0 var_1 +
574,115 82 65 17 113,43,115 76 33 50 113,24,18,19,10,17,19,34,var_0 counter_var_1 +,37,counter_var_0 var_1 +
575,115 64 18 73 113,24,115 63 5 47 113,6,5,18,5,11,16,11,var_0 counter_var_1 +,23,counter_var_0 var_1 +
576,115 75 65 17 113,36,115 47 49 72 113,17,18,19,3,17,10,20,var_0 counter_var_1 +,37,counter_var_0 var_1 +
577,115 77 31 109 113,27,115 43 110 61 113,19,14,8,18,16,30,37,var_0 counter_var_1 +,22,counter_var_0 var_1 +
578,115 37 23 4 113,8,115 66 45 76 113,8,8,0,22,4,14,30,var_0 counter_var_1 +,8,counter_var_0 var_1 +
579,115 44 80 31 113,26,115 65 20 8 113,15,7,11,20,0,8,35,var_0 counter_var_1 +,18,counter_var_0 var_1 +
580,115 44 12 21 113,27,115 66 28 7 113,15,8,12,5,21,7,20,var_0 counter_var_1 +,20,counter_var_0 var_1 +
581,115 65 15 53 113,22,115 77 61 18 113,7,19,15,15,22,18,22,var_0 counter_var_1 +,34,counter_var_0 var_1 +
582,115 16 39 14 113,32,115 5 1 40 113,16,5,16,1,14,9,17,var_0 counter_var_1 +,21,counter_var_0 var_1 +
583,115 50 83 38 113,35,115 60 24 5 113,21,2,14,1,7,5,22,var_0 counter_var_1 +,16,counter_var_0 var_1 +
584,115 74 52 95 113,22,115 22 52 95 113,16,22,6,6,2,2,22,var_0 counter_var_1 +,28,counter_var_0 var_1 +
585,115 61 87 69 113,21,115 7 14 24 113,3,7,18,14,7,24,17,var_0 counter_var_1 +,25,counter_var_0 var_1 +
586,115 4 95 29 113,7,115 72 111 12 113,4,14,3,19,29,12,23,var_0 counter_var_1 +,17,counter_var_0 var_1 +
587,115 108 39 14 113,37,115 66 41 22 113,21,8,16,18,14,22,39,var_0 counter_var_1 +,24,counter_var_0 var_1 +
588,115 79 24 5 113,22,115 44 28 7 113,21,15,1,5,5,7,26,var_0 counter_var_1 +,16,counter_var_0 var_1 +
589,115 82 81 54 113,36,115 108 17 108 113,24,21,12,17,23,15,41,var_0 counter_var_1 +,33,counter_var_0 var_1 +
590,115 48 91 33 113,41,115 57 16 94 113,19,28,22,16,2,1,35,var_0 counter_var_1 +,50,counter_var_0 var_1 +
591,115 47 46 80 113,18,115 64 106 35 113,18,6,0,14,18,4,32,var_0 counter_var_1 +,6,counter_var_0 var_1 +
592,115 36 89 28 113,27,115 110 54 83 113,7,23,20,8,28,21,15,var_0 counter_var_1 +,43,counter_var_0 var_1 +
593,115 16 42 55 113,35,115 38 1 40 113,16,9,19,1,24,9,17,var_0 counter_var_1 +,28,counter_var_0 var_1 +
594,115 15 42 55 113,34,115 107 44 107 113,15,20,19,21,24,14,36,var_0 counter_var_1 +,39,counter_var_0 var_1 +
595,115 66 64 19 113,26,115 1 79 57 113,8,1,18,10,19,26,18,var_0 counter_var_1 +,19,counter_var_0 var_1 +
596,115 23 16 94 113,39,115 28 104 84 113,23,28,16,12,1,22,35,var_0 counter_var_1 +,44,counter_var_0 var_1 +
597,115 60 23 4 113,2,115 0 85 3 113,2,0,0,16,4,3,18,var_0 counter_var_1 +,0,counter_var_0 var_1 +
598,115 6 108 58 113,22,115 59 16 94 113,6,1,16,16,27,1,22,var_0 counter_var_1 +,17,counter_var_0 var_1 +
599,115 44 43 110 113,35,115 45 32 64 113,15,16,20,9,17,2,24,var_0 counter_var_1 +,36,counter_var_0 var_1 +
600,115 49 36 106 113,33,115 84 38 20 113,20,26,13,15,13,20,35,var_0 counter_var_1 +,39,counter_var_0 var_1 +
601,115 94 24 5 113,8,115 51 53 51 113,7,22,1,7,5,20,14,var_0 counter_var_1 +,23,counter_var_0 var_1 +
602,115 108 2 63 113,23,115 69 45 76 113,21,11,2,22,1,14,43,var_0 counter_var_1 +,13,counter_var_0 var_1 +
603,115 50 84 32 113,36,115 12 91 33 113,21,12,15,22,1,2,43,var_0 counter_var_1 +,27,counter_var_0 var_1 +
604,115 86 25 111 113,30,115 56 43 110 113,28,27,2,20,18,17,48,var_0 counter_var_1 +,29,counter_var_0 var_1 +
605,115 16 14 24 113,30,115 40 19 86 113,16,11,14,19,24,24,35,var_0 counter_var_1 +,25,counter_var_0 var_1 +
606,115 108 0 101 113,21,115 34 43 110 113,21,5,0,20,8,17,41,var_0 counter_var_1 +,5,counter_var_0 var_1 +
607,115 78 97 81 113,25,115 24 59 23 113,20,24,5,13,19,23,33,var_0 counter_var_1 +,29,counter_var_0 var_1 +
608,115 100 75 82 113,19,115 24 19 86 113,13,24,6,19,20,24,32,var_0 counter_var_1 +,30,counter_var_0 var_1 +
609,115 93 27 88 113,10,115 55 15 53 113,6,26,4,15,26,22,21,var_0 counter_var_1 +,30,counter_var_0 var_1 +
610,115 88 2 63 113,3,115 31 79 57 113,1,2,2,10,1,26,11,var_0 counter_var_1 +,4,counter_var_0 var_1 +
611,115 89 49 72 113,5,115 78 70 36 113,2,20,3,1,10,5,3,var_0 counter_var_1 +,23,counter_var_0 var_1 +
612,115 57 84 32 113,43,115 14 105 62 113,28,14,15,13,1,0,41,var_0 counter_var_1 +,29,counter_var_0 var_1 +
613,115 60 22 75 113,24,115 31 51 97 113,2,2,22,5,13,4,7,var_0 counter_var_1 +,24,counter_var_0 var_1 +
614,115 79 97 81 113,26,115 55 8 26 113,21,26,5,8,19,26,29,var_0 counter_var_1 +,31,counter_var_0 var_1 +
615,115 66 83 38 113,22,115 79 86 45 113,8,21,14,17,7,14,25,var_0 counter_var_1 +,35,counter_var_0 var_1 +
616,115 61 59 23 113,16,115 12 78 65 113,3,12,13,9,23,3,12,var_0 counter_var_1 +,25,counter_var_0 var_1 +
617,115 68 33 50 113,20,115 98 1 40 113,10,11,10,1,19,9,11,var_0 counter_var_1 +,21,counter_var_0 var_1 +
618,115 12 44 107 113,33,115 62 99 85 113,12,4,21,7,14,23,19,var_0 counter_var_1 +,25,counter_var_0 var_1 +
619,115 41 47 34 113,13,115 24 92 2 113,12,24,1,0,3,2,12,var_0 counter_var_1 +,25,counter_var_0 var_1 +
620,115 39 83 38 113,24,115 31 96 6 113,10,2,14,4,7,6,14,var_0 counter_var_1 +,16,counter_var_0 var_1 +
621,115 23 25 111 113,25,115 104 27 88 113,23,17,2,4,18,26,27,var_0 counter_var_1 +,19,counter_var_0 var_1 +
622,115 63 85 3 113,21,115 19 97 81 113,5,19,16,5,3,19,10,var_0 counter_var_1 +,35,counter_var_0 var_1 +
623,115 89 109 79 113,19,115 33 96 6 113,2,4,17,4,17,6,6,var_0 counter_var_1 +,21,counter_var_0 var_1 +
624,115 88 17 108 113,18,115 63 48 89 113,1,5,17,2,15,27,3,var_0 counter_var_1 +,22,counter_var_0 var_1 +
625,115 37 68 100 113,30,115 59 97 81 113,8,1,22,5,7,19,13,var_0 counter_var_1 +,23,counter_var_0 var_1 +
626,115 48 40 11 113,36,115 102 44 107 113,19,15,17,21,11,14,40,var_0 counter_var_1 +,32,counter_var_0 var_1 +
627,115 97 56 59 113,20,115 28 8 26 113,10,28,10,8,28,26,18,var_0 counter_var_1 +,38,counter_var_0 var_1 +
628,115 45 51 97 113,21,115 30 62 41 113,16,1,5,16,4,10,32,var_0 counter_var_1 +,6,counter_var_0 var_1 +
629,115 48 17 108 113,36,115 91 40 11 113,19,4,17,17,15,11,36,var_0 counter_var_1 +,21,counter_var_0 var_1 +
630,115 19 60 44 113,33,115 2 101 104 113,19,2,14,9,13,11,28,var_0 counter_var_1 +,16,counter_var_0 var_1 +
631,115 24 18 73 113,42,115 100 20 8 113,24,13,18,20,11,8,44,var_0 counter_var_1 +,31,counter_var_0 var_1 +
632,115 28 39 14 113,44,115 67 83 38 113,28,9,16,14,14,7,42,var_0 counter_var_1 +,25,counter_var_0 var_1 +
633,115 109 58 98 113,34,115 87 44 107 113,22,0,12,21,5,14,43,var_0 counter_var_1 +,12,counter_var_0 var_1 +
634,115 78 90 90 113,41,115 61 42 55 113,20,3,21,19,28,24,39,var_0 counter_var_1 +,24,counter_var_0 var_1 +
635,115 79 101 104 113,30,115 7 35 9 113,21,7,9,12,11,9,33,var_0 counter_var_1 +,16,counter_var_0 var_1 +
636,115 44 97 81 113,20,115 94 93 37 113,15,7,5,1,19,6,16,var_0 counter_var_1 +,12,counter_var_0 var_1 +
637,115 96 94 39 113,11,115 84 20 8 113,9,26,2,20,8,8,29,var_0 counter_var_1 +,28,counter_var_0 var_1 +
638,115 91 39 14 113,20,115 35 99 85 113,4,6,16,7,14,23,11,var_0 counter_var_1 +,22,counter_var_0 var_1 +
639,115 1 81 54 113,13,115 103 100 0 113,1,16,12,8,23,0,9,var_0 counter_var_1 +,28,counter_var_0 var_1 +
640,115 68 46 80 113,10,115 38 13 91 113,10,9,0,13,18,29,23,var_0 counter_var_1 +,9,counter_var_0 var_1 +
641,115 22 80 31 113,33,115 9 71 74 113,22,9,11,2,0,12,24,var_0 counter_var_1 +,20,counter_var_0 var_1 +
642,115 112 46 80 113,25,115 67 79 57 113,25,9,0,10,18,26,35,var_0 counter_var_1 +,9,counter_var_0 var_1 +
643,115 91 98 78 113,10,115 56 17 108 113,4,27,6,17,16,15,21,var_0 counter_var_1 +,33,counter_var_0 var_1 +
644,115 50 109 79 113,38,115 67 49 72 113,21,9,17,3,17,10,24,var_0 counter_var_1 +,26,counter_var_0 var_1 +
645,115 88 31 109 113,9,115 89 82 67 113,1,2,8,13,16,5,14,var_0 counter_var_1 +,10,counter_var_0 var_1 +
646,115 41 89 28 113,32,115 1 67 46 113,12,1,20,21,28,15,33,var_0 counter_var_1 +,21,counter_var_0 var_1 +
647,115 44 5 47 113,20,115 85 32 64 113,15,27,5,9,16,2,24,var_0 counter_var_1 +,32,counter_var_0 var_1 +
648,115 59 16 94 113,17,115 41 84 32 113,1,12,16,15,1,1,16,var_0 counter_var_1 +,28,counter_var_0 var_1 +
649,115 88 94 39 113,3,115 98 46 80 113,1,11,2,0,8,18,1,var_0 counter_var_1 +,13,counter_var_0 var_1 +
650,115 11 100 0 113,19,115 75 97 81 113,11,17,8,5,0,19,16,var_0 counter_var_1 +,25,counter_var_0 var_1 +
651,115 9 84 32 113,24,115 22 41 22 113,9,22,15,18,1,22,27,var_0 counter_var_1 +,37,counter_var_0 var_1 +
652,115 49 51 97 113,25,115 36 82 67 113,20,7,5,13,4,5,33,var_0 counter_var_1 +,12,counter_var_0 var_1 +
653,115 61 20 8 113,23,115 23 69 99 113,3,23,20,0,8,6,3,var_0 counter_var_1 +,43,counter_var_0 var_1 +
654,115 18 56 59 113,28,115 94 23 4 113,18,7,10,0,28,4,18,var_0 counter_var_1 +,17,counter_var_0 var_1 +
655,115 22 18 73 113,40,115 51 33 50 113,22,22,18,10,11,19,32,var_0 counter_var_1 +,40,counter_var_0 var_1 +
656,115 15 101 104 113,24,115 21 57 1 113,15,21,9,11,11,1,26,var_0 counter_var_1 +,30,counter_var_0 var_1 +
657,115 82 46 80 113,24,115 54 105 62 113,24,25,0,13,18,0,37,var_0 counter_var_1 +,25,counter_var_0 var_1 +
658,115 102 66 102 113,35,115 3 36 106 113,15,3,20,13,9,13,28,var_0 counter_var_1 +,23,counter_var_0 var_1 +
659,115 69 17 108 113,28,115 12 11 30 113,11,12,17,11,15,30,22,var_0 counter_var_1 +,29,counter_var_0 var_1 +
660,115 49 46 80 113,20,115 16 28 7 113,20,16,0,5,18,7,25,var_0 counter_var_1 +,16,counter_var_0 var_1 +
661,115 1 69 99 113,1,115 28 47 34 113,1,28,0,1,6,3,2,var_0 counter_var_1 +,28,counter_var_0 var_1 +
662,115 47 105 62 113,31,115 3 109 79 113,18,3,13,17,0,17,35,var_0 counter_var_1 +,16,counter_var_0 var_1 +
663,115 4 53 51 113,11,115 46 67 46 113,4,17,7,21,20,15,25,var_0 counter_var_1 +,24,counter_var_0 var_1 +
664,115 2 74 13 113,7,115 109 15 53 113,2,22,5,15,13,22,17,var_0 counter_var_1 +,27,counter_var_0 var_1 +
665,115 57 56 59 113,38,115 47 59 23 113,28,18,10,13,28,23,41,var_0 counter_var_1 +,28,counter_var_0 var_1 +
666,115 31 91 33 113,24,115 94 15 53 113,2,7,22,15,2,22,17,var_0 counter_var_1 +,29,counter_var_0 var_1 +
667,115 41 73 96 113,16,115 74 54 83 113,12,16,4,8,3,21,20,var_0 counter_var_1 +,20,counter_var_0 var_1 +
668,115 101 35 9 113,26,115 22 8 26 113,14,22,12,8,9,26,22,var_0 counter_var_1 +,34,counter_var_0 var_1 +
669,115 71 35 9 113,25,115 93 103 49 113,13,6,12,11,9,18,24,var_0 counter_var_1 +,18,counter_var_0 var_1 +
670,115 95 51 97 113,13,115 56 65 17 113,8,27,5,19,4,17,27,var_0 counter_var_1 +,32,counter_var_0 var_1 +
671,115 30 101 104 113,10,115 60 30 70 113,1,2,9,7,11,8,8,var_0 counter_var_1 +,11,counter_var_0 var_1 +
672,115 57 38 20 113,43,115 71 86 45 113,28,13,15,17,20,14,45,var_0 counter_var_1 +,28,counter_var_0 var_1 +
673,115 57 45 76 113,50,115 71 78 65 113,28,13,22,9,14,3,37,var_0 counter_var_1 +,35,counter_var_0 var_1 +
674,115 63 96 6 113,9,115 87 84 32 113,5,0,4,15,6,1,20,var_0 counter_var_1 +,4,counter_var_0 var_1 +
675,115 0 15 53 113,15,115 25 36 106 113,0,25,15,13,22,13,13,var_0 counter_var_1 +,40,counter_var_0 var_1 +
676,115 55 101 104 113,35,115 24 27 88 113,26,24,9,4,11,26,30,var_0 counter_var_1 +,33,counter_var_0 var_1 +
677,115 97 111 12 113,29,115 40 88 66 113,10,11,19,19,12,4,29,var_0 counter_var_1 +,30,counter_var_0 var_1 +
678,115 15 93 37 113,16,115 57 10 68 113,15,28,1,10,6,6,25,var_0 counter_var_1 +,29,counter_var_0 var_1 +
679,115 66 86 45 113,25,115 30 109 79 113,8,1,17,17,14,17,25,var_0 counter_var_1 +,18,counter_var_0 var_1 +
680,115 1 104 84 113,13,115 21 5 47 113,1,21,12,5,22,16,6,var_0 counter_var_1 +,33,counter_var_0 var_1 +
681,115 50 39 14 113,37,115 106 54 83 113,21,19,16,8,14,21,29,var_0 counter_var_1 +,35,counter_var_0 var_1 +
682,115 104 15 53 113,32,115 57 3 15 113,17,28,15,3,22,15,20,var_0 counter_var_1 +,43,counter_var_0 var_1 +
683,115 23 104 84 113,35,115 87 1 40 113,23,0,12,1,22,9,24,var_0 counter_var_1 +,12,counter_var_0 var_1 +
684,115 9 110 61 113,27,115 50 29 25 113,9,21,18,6,30,25,15,var_0 counter_var_1 +,39,counter_var_0 var_1 +
685,115 84 8 26 113,34,115 64 83 38 113,26,6,8,14,26,7,40,var_0 counter_var_1 +,14,counter_var_0 var_1 +
686,115 52 101 104 113,32,115 41 92 2 113,23,12,9,0,11,2,23,var_0 counter_var_1 +,21,counter_var_0 var_1 +
687,115 16 21 92 113,37,115 39 18 73 113,16,10,21,18,30,11,34,var_0 counter_var_1 +,31,counter_var_0 var_1 +
688,115 79 42 55 113,40,115 74 9 87 113,21,16,19,9,24,25,30,var_0 counter_var_1 +,35,counter_var_0 var_1 +
689,115 48 13 91 113,32,115 31 16 94 113,19,2,13,16,29,1,35,var_0 counter_var_1 +,15,counter_var_0 var_1 +
690,115 83 22 75 113,47,115 111 8 26 113,25,24,22,8,13,26,33,var_0 counter_var_1 +,46,counter_var_0 var_1 +
691,115 40 35 9 113,23,115 43 35 9 113,11,14,12,12,9,9,23,var_0 counter_var_1 +,26,counter_var_0 var_1 +
692,115 108 33 50 113,31,115 52 4 52 113,21,23,10,4,19,21,25,var_0 counter_var_1 +,33,counter_var_0 var_1 +
693,115 100 46 80 113,13,115 49 106 35 113,13,20,0,14,18,4,27,var_0 counter_var_1 +,20,counter_var_0 var_1 +
694,115 3 46 80 113,3,115 83 90 90 113,3,25,0,21,18,28,24,var_0 counter_var_1 +,25,counter_var_0 var_1 +
695,115 91 62 41 113,20,115 23 28 7 113,4,23,16,5,10,7,9,var_0 counter_var_1 +,39,counter_var_0 var_1 +
696,115 7 94 39 113,9,115 38 102 16 113,7,9,2,10,8,16,17,var_0 counter_var_1 +,11,counter_var_0 var_1 +
697,115 13 86 45 113,30,115 22 62 41 113,13,22,17,16,14,10,29,var_0 counter_var_1 +,39,counter_var_0 var_1 +
698,115 95 56 59 113,18,115 84 59 23 113,8,26,10,13,28,23,21,var_0 counter_var_1 +,36,counter_var_0 var_1 +
699,115 18 38 20 113,33,115 3 29 25 113,18,3,15,6,20,25,24,var_0 counter_var_1 +,18,counter_var_0 var_1 +
700,115 69 50 77 113,15,115 16 88 66 113,11,16,4,19,15,4,30,var_0 counter_var_1 +,20,counter_var_0 var_1 +
701,115 79 73 96 113,25,115 99 37 42 113,21,12,4,14,3,11,35,var_0 counter_var_1 +,16,counter_var_0 var_1 +
702,115 37 42 55 113,27,115 45 11 30 113,8,16,19,11,24,30,19,var_0 counter_var_1 +,35,counter_var_0 var_1 +
703,115 107 73 96 113,24,115 82 38 20 113,20,24,4,15,3,20,35,var_0 counter_var_1 +,28,counter_var_0 var_1 +
704,115 26 95 29 113,29,115 18 95 29 113,26,18,3,3,29,29,29,var_0 counter_var_1 +,21,counter_var_0 var_1 +
705,115 107 106 35 113,34,115 21 44 107 113,20,21,14,21,4,14,41,var_0 counter_var_1 +,35,counter_var_0 var_1 +
706,115 4 31 109 113,12,115 106 18 73 113,4,19,8,18,16,11,22,var_0 counter_var_1 +,27,counter_var_0 var_1 +
707,115 34 111 12 113,24,115 38 53 51 113,5,9,19,7,12,20,12,var_0 counter_var_1 +,28,counter_var_0 var_1 +
708,115 10 15 53 113,25,115 38 22 75 113,10,9,15,22,22,13,32,var_0 counter_var_1 +,24,counter_var_0 var_1 +
709,115 96 26 112 113,12,115 80 76 93 113,9,22,3,7,19,0,16,var_0 counter_var_1 +,25,counter_var_0 var_1 +
710,115 6 27 88 113,10,115 0 84 32 113,6,0,4,15,26,1,21,var_0 counter_var_1 +,4,counter_var_0 var_1 +
711,115 103 48 89 113,18,115 9 45 76 113,16,9,2,22,27,14,38,var_0 counter_var_1 +,11,counter_var_0 var_1 +
712,115 17 55 48 113,26,115 58 20 8 113,17,0,9,20,17,8,37,var_0 counter_var_1 +,9,counter_var_0 var_1 +
713,115 98 58 98 113,23,115 110 100 0 113,11,23,12,8,5,0,19,var_0 counter_var_1 +,35,counter_var_0 var_1 +
714,115 40 27 88 113,15,115 33 35 9 113,11,4,4,12,26,9,23,var_0 counter_var_1 +,8,counter_var_0 var_1 +
715,115 41 3 15 113,15,115 104 62 41 113,12,17,3,16,15,10,28,var_0 counter_var_1 +,20,counter_var_0 var_1 +
716,115 47 35 9 113,30,115 15 70 36 113,18,15,12,1,9,5,19,var_0 counter_var_1 +,27,counter_var_0 var_1 +
717,115 51 76 93 113,29,115 36 58 98 113,22,7,7,12,0,5,34,var_0 counter_var_1 +,14,counter_var_0 var_1 +
718,115 83 58 98 113,37,115 112 110 61 113,25,25,12,18,5,30,43,var_0 counter_var_1 +,37,counter_var_0 var_1 +
719,115 49 98 78 113,26,115 65 6 56 113,20,7,6,6,16,25,26,var_0 counter_var_1 +,13,counter_var_0 var_1 +
720,115 7 61 18 113,22,115 48 92 2 113,7,19,15,0,18,2,7,var_0 counter_var_1 +,34,counter_var_0 var_1 +
721,115 59 54 83 113,9,115 32 36 106 113,1,3,8,13,21,13,14,var_0 counter_var_1 +,11,counter_var_0 var_1 +
722,115 12 62 41 113,28,115 26 70 36 113,12,26,16,1,10,5,13,var_0 counter_var_1 +,42,counter_var_0 var_1 +
723,115 21 44 107 113,42,115 10 18 73 113,21,10,21,18,14,11,39,var_0 counter_var_1 +,31,counter_var_0 var_1 +
724,115 90 42 55 113,22,115 110 81 54 113,3,23,19,12,24,23,15,var_0 counter_var_1 +,42,counter_var_0 var_1 +
725,115 51 4 52 113,26,115 96 89 28 113,22,9,4,20,21,28,42,var_0 counter_var_1 +,13,counter_var_0 var_1 +
726,115 96 82 67 113,22,115 90 10 68 113,9,3,13,10,5,6,19,var_0 counter_var_1 +,16,counter_var_0 var_1 +
727,115 25 72 71 113,28,115 18 31 109 113,25,18,3,8,9,16,33,var_0 counter_var_1 +,21,counter_var_0 var_1 +
728,115 56 3 15 113,30,115 54 94 39 113,27,25,3,2,15,8,29,var_0 counter_var_1 +,28,counter_var_0 var_1 +
729,115 81 4 52 113,27,115 6 23 4 113,23,6,4,0,21,4,23,var_0 counter_var_1 +,10,counter_var_0 var_1 +
730,115 56 23 4 113,27,115 5 71 74 113,27,5,0,2,4,12,29,var_0 counter_var_1 +,5,counter_var_0 var_1 +
731,115 25 46 80 113,25,115 104 2 63 113,25,17,0,2,18,1,27,var_0 counter_var_1 +,17,counter_var_0 var_1 +
732,115 63 101 104 113,14,115 67 108 58 113,5,9,9,16,11,27,21,var_0 counter_var_1 +,18,counter_var_0 var_1 +
733,115 95 59 23 113,21,115 26 33 50 113,8,26,13,10,23,19,18,var_0 counter_var_1 +,39,counter_var_0 var_1 +
734,115 68 55 48 113,19,115 26 44 107 113,10,26,9,21,17,14,31,var_0 counter_var_1 +,35,counter_var_0 var_1 +
735,115 47 80 31 113,29,115 71 48 89 113,18,13,11,2,0,27,20,var_0 counter_var_1 +,24,counter_var_0 var_1 +
736,115 67 62 41 113,25,115 87 33 50 113,9,0,16,10,10,19,19,var_0 counter_var_1 +,16,counter_var_0 var_1 +
737,115 72 99 85 113,21,115 44 22 75 113,14,15,7,22,23,13,36,var_0 counter_var_1 +,22,counter_var_0 var_1 +
738,115 6 3 15 113,9,115 14 86 45 113,6,14,3,17,15,14,23,var_0 counter_var_1 +,17,counter_var_0 var_1 +
739,115 74 109 79 113,33,115 84 49 72 113,16,26,17,3,17,10,19,var_0 counter_var_1 +,43,counter_var_0 var_1 +
740,115 9 21 92 113,30,115 70 64 19 113,9,12,21,18,30,19,27,var_0 counter_var_1 +,33,counter_var_0 var_1 +
741,115 55 95 29 113,29,115 13 25 111 113,26,13,3,2,29,18,28,var_0 counter_var_1 +,16,counter_var_0 var_1 +
742,115 108 26 112 113,24,115 11 13 91 113,21,11,3,13,19,29,34,var_0 counter_var_1 +,14,counter_var_0 var_1 +
743,115 20 85 3 113,36,115 7 94 39 113,20,7,16,2,3,8,22,var_0 counter_var_1 +,23,counter_var_0 var_1 +
744,115 58 7 10 113,7,115 108 65 17 113,0,21,7,19,10,17,19,var_0 counter_var_1 +,28,counter_var_0 var_1 +
745,115 101 59 23 113,27,115 86 106 35 113,14,28,13,14,23,4,28,var_0 counter_var_1 +,41,counter_var_0 var_1 +
746,115 35 11 30 113,17,115 48 108 58 113,6,19,11,16,30,27,22,var_0 counter_var_1 +,30,counter_var_0 var_1 +
747,115 26 99 85 113,33,115 101 36 106 113,26,14,7,13,23,13,39,var_0 counter_var_1 +,21,counter_var_0 var_1 +
748,115 103 68 100 113,38,115 34 72 71 113,16,5,22,3,7,9,19,var_0 counter_var_1 +,27,counter_var_0 var_1 +
749,115 40 83 38 113,25,115 13 106 35 113,11,13,14,14,7,4,25,var_0 counter_var_1 +,27,counter_var_0 var_1 +
750,115 74 99 85 113,23,115 34 0 101 113,16,5,7,0,23,8,16,var_0 counter_var_1 +,12,counter_var_0 var_1 +
751,115 75 105 62 113,30,115 14 58 98 113,17,14,13,12,0,5,29,var_0 counter_var_1 +,27,counter_var_0 var_1 +
752,115 38 106 35 113,23,115 3 1 40 113,9,3,14,1,4,9,10,var_0 counter_var_1 +,17,counter_var_0 var_1 +
753,115 76 52 95 113,24,115 39 35 9 113,18,10,6,12,2,9,30,var_0 counter_var_1 +,16,counter_var_0 var_1 +
754,115 100 95 29 113,16,115 53 41 22 113,13,24,3,18,29,22,31,var_0 counter_var_1 +,27,counter_var_0 var_1 +
755,115 17 10 68 113,27,115 41 83 38 113,17,12,10,14,6,7,31,var_0 counter_var_1 +,22,counter_var_0 var_1 +
756,115 1 60 44 113,15,115 87 81 54 113,1,0,14,12,13,23,13,var_0 counter_var_1 +,14,counter_var_0 var_1 +
757,115 93 34 27 113,17,115 81 24 5 113,6,23,11,1,27,5,7,var_0 counter_var_1 +,34,counter_var_0 var_1 +
758,115 80 83 38 113,36,115 92 62 41 113,22,5,14,16,7,10,38,var_0 counter_var_1 +,19,counter_var_0 var_1 +
759,115 83 33 50 113,35,115 37 72 71 113,25,8,10,3,19,9,28,var_0 counter_var_1 +,18,counter_var_0 var_1 +
760,115 71 97 81 113,18,115 54 101 104 113,13,25,5,9,19,11,22,var_0 counter_var_1 +,30,counter_var_0 var_1 +
761,115 2 44 107 113,23,115 102 55 48 113,2,15,21,9,14,17,11,var_0 counter_var_1 +,36,counter_var_0 var_1 +
762,115 61 69 99 113,3,115 40 109 79 113,3,11,0,17,6,17,20,var_0 counter_var_1 +,11,counter_var_0 var_1 +
763,115 28 13 91 113,41,115 76 53 51 113,28,18,13,7,29,20,35,var_0 counter_var_1 +,31,counter_var_0 var_1 +
764,115 58 100 0 113,8,115 112 26 112 113,0,25,8,3,0,19,3,var_0 counter_var_1 +,33,counter_var_0 var_1 +
765,115 56 32 64 113,36,115 103 69 99 113,27,16,9,0,2,6,27,var_0 counter_var_1 +,25,counter_var_0 var_1 +
766,115 93 13 91 113,19,115 0 102 16 113,6,0,13,10,29,16,16,var_0 counter_var_1 +,13,counter_var_0 var_1 +
767,115 111 53 51 113,31,115 98 48 89 113,24,11,7,2,20,27,26,var_0 counter_var_1 +,18,counter_var_0 var_1 +
768,115 44 8 26 113,23,115 4 63 43 113,15,4,8,17,26,12,32,var_0 counter_var_1 +,12,counter_var_0 var_1 +
769,115 58 107 60 113,15,115 17 50 77 113,0,17,15,4,29,15,4,var_0 counter_var_1 +,32,counter_var_0 var_1 +
770,115 102 63 43 113,32,115 84 42 55 113,15,26,17,19,12,24,34,var_0 counter_var_1 +,43,counter_var_0 var_1 +
771,115 58 19 86 113,19,115 101 1 40 113,0,14,19,1,24,9,1,var_0 counter_var_1 +,33,counter_var_0 var_1 +
772,115 9 85 3 113,25,115 5 23 4 113,9,5,16,0,3,4,9,var_0 counter_var_1 +,21,counter_var_0 var_1 +
773,115 18 86 45 113,35,115 83 12 21 113,18,25,17,12,14,21,30,var_0 counter_var_1 +,42,counter_var_0 var_1 +
774,115 3 74 13 113,8,115 36 53 51 113,3,7,5,7,13,20,10,var_0 counter_var_1 +,12,counter_var_0 var_1 +
775,115 21 3 15 113,24,115 67 80 31 113,21,9,3,11,15,0,32,var_0 counter_var_1 +,12,counter_var_0 var_1 +
776,115 24 25 111 113,26,115 61 28 7 113,24,3,2,5,18,7,29,var_0 counter_var_1 +,5,counter_var_0 var_1 +
777,115 83 28 7 113,30,115 78 107 60 113,25,20,5,15,7,29,40,var_0 counter_var_1 +,25,counter_var_0 var_1 +
778,115 29 11 30 113,11,115 100 68 100 113,0,13,11,22,30,7,22,var_0 counter_var_1 +,24,counter_var_0 var_1 +
779,115 87 8 26 113,8,115 60 75 82 113,0,2,8,6,26,20,6,var_0 counter_var_1 +,10,counter_var_0 var_1 +
780,115 52 12 21 113,35,115 25 64 19 113,23,25,12,18,21,19,41,var_0 counter_var_1 +,37,counter_var_0 var_1 +
781,115 88 13 91 113,14,115 28 13 91 113,1,28,13,13,29,29,14,var_0 counter_var_1 +,41,counter_var_0 var_1 +
782,115 0 88 66 113,19,115 86 66 102 113,0,28,19,20,4,9,20,var_0 counter_var_1 +,47,counter_var_0 var_1 +
783,115 28 24 5 113,29,115 37 36 106 113,28,8,1,13,5,13,41,var_0 counter_var_1 +,9,counter_var_0 var_1 +
784,115 50 65 17 113,40,115 56 74 13 113,21,27,19,5,17,13,26,var_0 counter_var_1 +,46,counter_var_0 var_1 +
785,115 51 7 10 113,29,115 14 42 55 113,22,14,7,19,10,24,41,var_0 counter_var_1 +,21,counter_var_0 var_1 +
786,115 66 72 71 113,11,115 95 80 31 113,8,8,3,11,9,0,19,var_0 counter_var_1 +,11,counter_var_0 var_1 +
787,115 102 17 108 113,32,115 63 101 104 113,15,5,17,9,15,11,24,var_0 counter_var_1 +,22,counter_var_0 var_1 +
788,115 107 68 100 113,42,115 101 39 14 113,20,14,22,16,7,14,36,var_0 counter_var_1 +,36,counter_var_0 var_1 +
789,115 103 60 44 113,30,115 50 32 64 113,16,21,14,9,13,2,25,var_0 counter_var_1 +,35,counter_var_0 var_1 +
790,115 89 107 60 113,17,115 20 62 41 113,2,20,15,16,29,10,18,var_0 counter_var_1 +,35,counter_var_0 var_1 +
791,115 9 103 49 113,20,115 90 61 18 113,9,3,11,15,18,18,24,var_0 counter_var_1 +,14,counter_var_0 var_1 +
792,115 27 9 87 113,36,115 12 93 37 113,27,12,9,1,25,6,28,var_0 counter_var_1 +,21,counter_var_0 var_1 +
793,115 49 92 2 113,20,115 27 2 63 113,20,27,0,2,2,1,22,var_0 counter_var_1 +,27,counter_var_0 var_1 +
794,115 109 2 63 113,24,115 85 47 34 113,22,27,2,1,1,3,23,var_0 counter_var_1 +,29,counter_var_0 var_1 +
795,115 16 110 61 113,34,115 76 52 95 113,16,18,18,6,30,2,22,var_0 counter_var_1 +,36,counter_var_0 var_1 +
796,115 39 108 58 113,26,115 96 92 2 113,10,9,16,0,27,2,10,var_0 counter_var_1 +,25,counter_var_0 var_1 +
797,115 71 80 31 113,24,115 59 92 2 113,13,1,11,0,0,2,13,var_0 counter_var_1 +,12,counter_var_0 var_1 +
798,115 62 12 21 113,16,115 55 4 52 113,4,26,12,4,21,21,8,var_0 counter_var_1 +,38,counter_var_0 var_1 +
799,115 64 111 12 113,25,115 34 21 92 113,6,5,19,21,12,30,27,var_0 counter_var_1 +,24,counter_var_0 var_1 +
800,115 1 45 76 113,23,115 94 0 101 113,1,7,22,0,14,8,1,var_0 counter_var_1 +,29,counter_var_0 var_1 +
801,115 9 46 80 113,9,115 32 90 90 113,9,3,0,21,18,28,30,var_0 counter_var_1 +,3,counter_var_0 var_1 +
802,115 106 21 92 113,40,115 65 89 28 113,19,7,21,20,30,28,39,var_0 counter_var_1 +,28,counter_var_0 var_1 +
803,115 15 2 63 113,17,115 105 21 92 113,15,18,2,21,1,30,36,var_0 counter_var_1 +,20,counter_var_0 var_1 +
804,115 83 51 97 113,30,115 75 87 69 113,25,17,5,18,4,7,43,var_0 counter_var_1 +,22,counter_var_0 var_1 +
805,115 99 73 96 113,16,115 34 14 24 113,12,5,4,14,3,24,26,var_0 counter_var_1 +,9,counter_var_0 var_1 +
806,115 7 47 34 113,8,115 100 27 88 113,7,13,1,4,3,26,11,var_0 counter_var_1 +,14,counter_var_0 var_1 +
807,115 42 34 27 113,24,115 37 104 84 113,13,8,11,12,27,22,25,var_0 counter_var_1 +,19,counter_var_0 var_1 +
808,115 69 82 67 113,24,115 82 36 106 113,11,24,13,13,5,13,24,var_0 counter_var_1 +,37,counter_var_0 var_1 +
809,115 37 111 12 113,27,115 102 6 56 113,8,15,19,6,12,25,14,var_0 counter_var_1 +,34,counter_var_0 var_1 +
810,115 89 1 40 113,3,115 15 37 42 113,2,15,1,14,9,11,16,var_0 counter_var_1 +,16,counter_var_0 var_1 +
811,115 38 104 84 113,21,115 20 58 98 113,9,20,12,12,22,5,21,var_0 counter_var_1 +,32,counter_var_0 var_1 +
812,115 25 91 33 113,47,115 6 19 86 113,25,6,22,19,2,24,44,var_0 counter_var_1 +,28,counter_var_0 var_1 +
813,115 105 55 48 113,27,115 6 5 47 113,18,6,9,5,17,16,23,var_0 counter_var_1 +,15,counter_var_0 var_1 +
814,115 94 64 19 113,25,115 60 20 8 113,7,2,18,20,19,8,27,var_0 counter_var_1 +,20,counter_var_0 var_1 +
815,115 73 60 44 113,29,115 80 19 86 113,15,22,14,19,13,24,34,var_0 counter_var_1 +,36,counter_var_0 var_1 +
816,115 57 80 31 113,39,115 71 44 107 113,28,13,11,21,0,14,49,var_0 counter_var_1 +,24,counter_var_0 var_1 +
817,115 75 72 71 113,20,115 106 79 57 113,17,19,3,10,9,26,27,var_0 counter_var_1 +,22,counter_var_0 var_1 +
818,115 75 81 54 113,29,115 46 53 51 113,17,17,12,7,23,20,24,var_0 counter_var_1 +,29,counter_var_0 var_1 +
819,115 25 31 109 113,33,115 15 67 46 113,25,15,8,21,16,15,46,var_0 counter_var_1 +,23,counter_var_0 var_1 +
820,115 50 69 99 113,21,115 8 98 78 113,21,8,0,6,6,16,27,var_0 counter_var_1 +,8,counter_var_0 var_1 +
821,115 19 102 16 113,29,115 18 66 102 113,19,18,10,20,16,9,39,var_0 counter_var_1 +,28,counter_var_0 var_1 +
822,115 63 42 55 113,24,115 28 42 55 113,5,28,19,19,24,24,24,var_0 counter_var_1 +,47,counter_var_0 var_1 +
823,115 7 59 23 113,20,115 39 26 112 113,7,10,13,3,23,19,10,var_0 counter_var_1 +,23,counter_var_0 var_1 +
824,115 5 98 78 113,11,115 71 49 72 113,5,13,6,3,16,10,8,var_0 counter_var_1 +,19,counter_var_0 var_1 +
825,115 68 28 7 113,15,115 102 79 57 113,10,15,5,10,7,26,20,var_0 counter_var_1 +,20,counter_var_0 var_1 +
826,115 53 80 31 113,35,115 26 108 58 113,24,26,11,16,0,27,40,var_0 counter_var_1 +,37,counter_var_0 var_1 +
827,115 41 7 10 113,19,115 112 35 9 113,12,25,7,12,10,9,24,var_0 counter_var_1 +,32,counter_var_0 var_1 +
828,115 76 55 48 113,27,115 57 8 26 113,18,28,9,8,17,26,26,var_0 counter_var_1 +,37,counter_var_0 var_1 +
829,115 20 24 5 113,21,115 10 92 2 113,20,10,1,0,5,2,20,var_0 counter_var_1 +,11,counter_var_0 var_1 +
830,115 26 112 103 113,46,115 54 85 3 113,26,25,20,16,10,3,42,var_0 counter_var_1 +,45,counter_var_0 var_1 +
831,115 47 111 12 113,37,115 12 94 39 113,18,12,19,2,12,8,20,var_0 counter_var_1 +,31,counter_var_0 var_1 +
832,115 5 97 81 113,10,115 58 82 67 113,5,0,5,13,19,5,18,var_0 counter_var_1 +,5,counter_var_0 var_1 +
833,115 94 22 75 113,29,115 73 85 3 113,7,15,22,16,13,3,23,var_0 counter_var_1 +,37,counter_var_0 var_1 +
834,115 74 49 72 113,19,115 94 22 75 113,16,7,3,22,10,13,38,var_0 counter_var_1 +,10,counter_var_0 var_1 +
835,115 26 94 39 113,28,115 81 46 80 113,26,23,2,0,8,18,26,var_0 counter_var_1 +,25,counter_var_0 var_1 +
836,115 8 18 73 113,26,115 23 21 92 113,8,23,18,21,11,30,29,var_0 counter_var_1 +,41,counter_var_0 var_1 +
837,115 72 22 75 113,36,115 4 32 64 113,14,4,22,9,13,2,23,var_0 counter_var_1 +,26,counter_var_0 var_1 +
838,115 57 105 62 113,41,115 70 67 46 113,28,12,13,21,0,15,49,var_0 counter_var_1 +,25,counter_var_0 var_1 +
839,115 22 62 41 113,38,115 30 58 98 113,22,1,16,12,10,5,34,var_0 counter_var_1 +,17,counter_var_0 var_1 +
840,115 103 27 88 113,20,115 52 6 56 113,16,23,4,6,26,25,22,var_0 counter_var_1 +,27,counter_var_0 var_1 +
841,115 53 45 76 113,46,115 90 57 1 113,24,3,22,11,14,1,35,var_0 counter_var_1 +,25,counter_var_0 var_1 +
842,115 97 76 93 113,17,115 76 5 47 113,10,18,7,5,0,16,15,var_0 counter_var_1 +,25,counter_var_0 var_1 +
843,115 93 19 86 113,25,115 19 73 96 113,6,19,19,4,24,3,10,var_0 counter_var_1 +,38,counter_var_0 var_1 +
844,115 68 54 83 113,18,115 16 4 52 113,10,16,8,4,21,21,14,var_0 counter_var_1 +,24,counter_var_0 var_1 +
845,115 41 40 11 113,29,115 32 103 49 113,12,3,17,11,11,18,23,var_0 counter_var_1 +,20,counter_var_0 var_1 +
846,115 38 87 69 113,27,115 24 29 25 113,9,24,18,6,7,25,15,var_0 counter_var_1 +,42,counter_var_0 var_1 +
847,115 34 24 5 113,6,115 101 16 94 113,5,14,1,16,5,1,21,var_0 counter_var_1 +,15,counter_var_0 var_1 +
848,115 76 45 76 113,40,115 46 105 62 113,18,17,22,13,14,0,31,var_0 counter_var_1 +,39,counter_var_0 var_1 +
849,115 42 101 104 113,22,115 10 62 41 113,13,10,9,16,11,10,29,var_0 counter_var_1 +,19,counter_var_0 var_1 +
850,115 104 9 87 113,26,115 111 88 66 113,17,24,9,19,25,4,36,var_0 counter_var_1 +,33,counter_var_0 var_1 +
851,115 29 33 50 113,10,115 101 96 6 113,0,14,10,4,19,6,4,var_0 counter_var_1 +,24,counter_var_0 var_1 +
852,115 97 10 68 113,20,115 108 110 61 113,10,21,10,18,6,30,28,var_0 counter_var_1 +,31,counter_var_0 var_1 +
853,115 69 22 75 113,33,115 72 56 59 113,11,14,22,10,13,28,21,var_0 counter_var_1 +,36,counter_var_0 var_1 +
854,115 70 41 22 113,30,115 51 112 103 113,12,22,18,20,22,10,32,var_0 counter_var_1 +,40,counter_var_0 var_1 +
855,115 66 82 67 113,21,115 21 20 8 113,8,21,13,20,5,8,28,var_0 counter_var_1 +,34,counter_var_0 var_1 +
856,115 48 45 76 113,41,115 75 46 80 113,19,17,22,0,14,18,19,var_0 counter_var_1 +,39,counter_var_0 var_1 +
857,115 55 97 81 113,31,115 108 60 44 113,26,21,5,14,19,13,40,var_0 counter_var_1 +,26,counter_var_0 var_1 +
858,115 5 0 101 113,5,115 30 17 108 113,5,1,0,17,8,15,22,var_0 counter_var_1 +,1,counter_var_0 var_1 +
859,115 77 93 37 113,20,115 67 77 105 113,19,9,1,8,6,12,27,var_0 counter_var_1 +,10,counter_var_0 var_1 +
860,115 84 14 24 113,40,115 29 108 58 113,26,0,14,16,24,27,42,var_0 counter_var_1 +,14,counter_var_0 var_1 +
861,115 34 79 57 113,15,115 77 27 88 113,5,19,10,4,26,26,9,var_0 counter_var_1 +,29,counter_var_0 var_1 +
862,115 18 66 102 113,38,115 50 19 86 113,18,21,20,19,9,24,37,var_0 counter_var_1 +,41,counter_var_0 var_1 +
863,115 111 49 72 113,27,115 83 47 34 113,24,25,3,1,10,3,25,var_0 counter_var_1 +,28,counter_var_0 var_1 +
864,115 55 108 58 113,42,115 93 39 14 113,26,6,16,16,27,14,42,var_0 counter_var_1 +,22,counter_var_0 var_1 +
865,115 60 50 77 113,6,115 81 99 85 113,2,23,4,7,15,23,9,var_0 counter_var_1 +,27,counter_var_0 var_1 +
866,115 104 88 66 113,36,115 97 54 83 113,17,10,19,8,4,21,25,var_0 counter_var_1 +,29,counter_var_0 var_1 +
867,115 16 30 70 113,23,115 97 51 97 113,16,10,7,5,8,4,21,var_0 counter_var_1 +,17,counter_var_0 var_1 +
868,115 63 17 108 113,22,115 62 103 49 113,5,4,17,11,15,18,16,var_0 counter_var_1 +,21,counter_var_0 var_1 +
869,115 23 106 35 113,37,115 82 86 45 113,23,24,14,17,4,14,40,var_0 counter_var_1 +,38,counter_var_0 var_1 +
870,115 53 92 2 113,24,115 39 75 82 113,24,10,0,6,2,20,30,var_0 counter_var_1 +,10,counter_var_0 var_1 +
871,115 41 49 72 113,15,115 93 87 69 113,12,6,3,18,10,7,30,var_0 counter_var_1 +,9,counter_var_0 var_1 +
872,115 26 9 87 113,35,115 99 92 2 113,26,12,9,0,25,2,26,var_0 counter_var_1 +,21,counter_var_0 var_1 +
873,115 104 30 70 113,24,115 98 106 35 113,17,11,7,14,8,4,31,var_0 counter_var_1 +,18,counter_var_0 var_1 +
874,115 77 25 111 113,21,115 107 112 103 113,19,20,2,20,18,10,39,var_0 counter_var_1 +,22,counter_var_0 var_1 +
875,115 12 56 59 113,22,115 6 81 54 113,12,6,10,12,28,23,24,var_0 counter_var_1 +,16,counter_var_0 var_1 +
876,115 9 13 91 113,22,115 2 106 35 113,9,2,13,14,29,4,23,var_0 counter_var_1 +,15,counter_var_0 var_1 +
877,115 111 104 84 113,36,115 20 47 34 113,24,20,12,1,22,3,25,var_0 counter_var_1 +,32,counter_var_0 var_1 +
878,115 102 51 97 113,20,115 19 42 55 113,15,19,5,19,4,24,34,var_0 counter_var_1 +,24,counter_var_0 var_1 +
879,115 91 18 73 113,22,115 70 83 38 113,4,12,18,14,11,7,18,var_0 counter_var_1 +,30,counter_var_0 var_1 +
880,115 87 69 99 113,0,115 83 94 39 113,0,25,0,2,6,8,2,var_0 counter_var_1 +,25,counter_var_0 var_1 +
881,115 44 21 92 113,36,115 30 74 13 113,15,1,21,5,30,13,20,var_0 counter_var_1 +,22,counter_var_0 var_1 +
882,115 9 5 47 113,14,115 99 55 48 113,9,12,5,9,16,17,18,var_0 counter_var_1 +,17,counter_var_0 var_1 +
883,115 99 58 98 113,24,115 68 30 70 113,12,10,12,7,5,8,19,var_0 counter_var_1 +,22,counter_var_0 var_1 +
884,115 41 78 65 113,21,115 102 43 110 113,12,15,9,20,3,17,32,var_0 counter_var_1 +,24,counter_var_0 var_1 +
885,115 20 41 22 113,38,115 68 12 21 113,20,10,18,12,22,21,32,var_0 counter_var_1 +,28,counter_var_0 var_1 +
886,115 49 22 75 113,42,115 22 48 89 113,20,22,22,2,13,27,22,var_0 counter_var_1 +,44,counter_var_0 var_1 +
887,115 29 67 46 113,21,115 17 55 48 113,0,17,21,9,15,17,9,var_0 counter_var_1 +,38,counter_var_0 var_1 +
888,115 71 104 84 113,25,115 3 24 5 113,13,3,12,1,22,5,14,var_0 counter_var_1 +,15,counter_var_0 var_1 +
889,115 63 59 23 113,18,115 91 4 52 113,5,4,13,4,23,21,9,var_0 counter_var_1 +,17,counter_var_0 var_1 +
890,115 87 108 58 113,16,115 74 47 34 113,0,16,16,1,27,3,1,var_0 counter_var_1 +,32,counter_var_0 var_1 +
891,115 99 49 72 113,15,115 106 63 43 113,12,19,3,17,10,12,29,var_0 counter_var_1 +,22,counter_var_0 var_1 +
892,115 94 67 46 113,28,115 0 104 84 113,7,0,21,12,15,22,19,var_0 counter_var_1 +,21,counter_var_0 var_1 +
893,115 82 59 23 113,37,115 3 27 88 113,24,3,13,4,23,26,28,var_0 counter_var_1 +,16,counter_var_0 var_1 +
894,115 74 2 63 113,18,115 64 89 28 113,16,6,2,20,1,28,36,var_0 counter_var_1 +,8,counter_var_0 var_1 +
895,115 39 94 39 113,12,115 112 5 47 113,10,25,2,5,8,16,15,var_0 counter_var_1 +,27,counter_var_0 var_1 +
896,115 40 19 86 113,30,115 33 26 112 113,11,4,19,3,24,19,14,var_0 counter_var_1 +,23,counter_var_0 var_1 +
897,115 52 98 78 113,29,115 106 40 11 113,23,19,6,17,16,11,40,var_0 counter_var_1 +,25,counter_var_0 var_1 +
898,115 8 28 7 113,13,115 3 90 90 113,8,3,5,21,7,28,29,var_0 counter_var_1 +,8,counter_var_0 var_1 +
899,115 93 103 49 113,17,115 19 64 19 113,6,19,11,18,18,19,24,var_0 counter_var_1 +,30,counter_var_0 var_1 +
900,115 109 63 43 113,39,115 56 16 94 113,22,27,17,16,12,1,38,var_0 counter_var_1 +,44,counter_var_0 var_1 +
901,115 80 28 7 113,27,115 99 34 27 113,22,12,5,11,7,27,33,var_0 counter_var_1 +,17,counter_var_0 var_1 +
902,115 104 102 16 113,27,115 104 30 70 113,17,17,10,7,16,8,24,var_0 counter_var_1 +,27,counter_var_0 var_1 +
903,115 55 78 65 113,35,115 99 4 52 113,26,12,9,4,3,21,30,var_0 counter_var_1 +,21,counter_var_0 var_1 +
904,115 97 94 39 113,12,115 47 15 53 113,10,18,2,15,8,22,25,var_0 counter_var_1 +,20,counter_var_0 var_1 +
905,115 33 20 8 113,24,115 25 68 100 113,4,25,20,22,8,7,26,var_0 counter_var_1 +,45,counter_var_0 var_1 +
906,115 54 43 110 113,45,115 80 86 45 113,25,22,20,17,17,14,42,var_0 counter_var_1 +,42,counter_var_0 var_1 +
907,115 51 110 61 113,40,115 55 82 67 113,22,26,18,13,30,5,35,var_0 counter_var_1 +,44,counter_var_0 var_1 +
908,115 12 53 51 113,19,115 18 84 32 113,12,18,7,15,20,1,27,var_0 counter_var_1 +,25,counter_var_0 var_1 +
909,115 1 93 37 113,2,115 32 30 70 113,1,3,1,7,6,8,8,var_0 counter_var_1 +,4,counter_var_0 var_1 +
910,115 77 30 70 113,26,115 60 31 109 113,19,2,7,8,8,16,27,var_0 counter_var_1 +,9,counter_var_0 var_1 +
911,115 102 108 58 113,31,115 11 47 34 113,15,11,16,1,27,3,16,var_0 counter_var_1 +,27,counter_var_0 var_1 +
912,115 111 0 101 113,24,115 41 96 6 113,24,12,0,4,8,6,28,var_0 counter_var_1 +,12,counter_var_0 var_1 +
913,115 21 23 4 113,21,115 108 63 43 113,21,21,0,17,4,12,38,var_0 counter_var_1 +,21,counter_var_0 var_1 +
914,115 45 42 55 113,35,115 91 92 2 113,16,4,19,0,24,2,16,var_0 counter_var_1 +,23,counter_var_0 var_1 +
915,115 68 112 103 113,30,115 95 2 63 113,10,8,20,2,10,1,12,var_0 counter_var_1 +,28,counter_var_0 var_1 +
916,115 57 104 84 113,40,115 94 84 32 113,28,7,12,15,22,1,43,var_0 counter_var_1 +,19,counter_var_0 var_1 +
917,115 70 50 77 113,16,115 83 26 112 113,12,25,4,3,15,19,15,var_0 counter_var_1 +,29,counter_var_0 var_1 +
918,115 93 48 89 113,8,115 58 62 41 113,6,0,2,16,27,10,22,var_0 counter_var_1 +,2,counter_var_0 var_1 +
919,115 51 111 12 113,41,115 46 62 41 113,22,17,19,16,12,10,38,var_0 counter_var_1 +,36,counter_var_0 var_1 +
920,115 8 47 34 113,9,115 7 83 38 113,8,7,1,14,3,7,22,var_0 counter_var_1 +,8,counter_var_0 var_1 +
921,115 98 7 10 113,18,115 96 81 54 113,11,9,7,12,10,23,23,var_0 counter_var_1 +,16,counter_var_0 var_1 +
922,115 0 77 105 113,8,115 2 37 42 113,0,2,8,14,12,11,14,var_0 counter_var_1 +,10,counter_var_0 var_1 +
923,115 97 37 42 113,24,115 44 99 85 113,10,15,14,7,11,23,17,var_0 counter_var_1 +,29,counter_var_0 var_1 +
924,115 103 62 41 113,32,115 109 93 37 113,16,22,16,1,10,6,17,var_0 counter_var_1 +,38,counter_var_0 var_1 +
925,115 55 87 69 113,44,115 64 3 15 113,26,6,18,3,7,15,29,var_0 counter_var_1 +,24,counter_var_0 var_1 +
926,115 46 81 54 113,29,115 74 18 73 113,17,16,12,18,23,11,35,var_0 counter_var_1 +,28,counter_var_0 var_1 +
927,115 111 7 10 113,31,115 55 73 96 113,24,26,7,4,10,3,28,var_0 counter_var_1 +,33,counter_var_0 var_1 +
928,115 98 65 17 113,30,115 14 41 22 113,11,14,19,18,17,22,29,var_0 counter_var_1 +,33,counter_var_0 var_1 +
929,115 82 32 64 113,33,115 17 62 41 113,24,17,9,16,2,10,40,var_0 counter_var_1 +,26,counter_var_0 var_1 +
930,115 92 98 78 113,11,115 80 56 59 113,5,22,6,10,16,28,15,var_0 counter_var_1 +,28,counter_var_0 var_1 +
931,115 57 32 64 113,37,115 51 7 10 113,28,22,9,7,2,10,35,var_0 counter_var_1 +,31,counter_var_0 var_1 +
932,115 27 63 43 113,44,115 5 76 93 113,27,5,17,7,12,0,34,var_0 counter_var_1 +,22,counter_var_0 var_1 +
933,115 30 109 79 113,18,115 24 56 59 113,1,24,17,10,17,28,11,var_0 counter_var_1 +,41,counter_var_0 var_1 +
934,115 37 3 15 113,11,115 19 96 6 113,8,19,3,4,15,6,12,var_0 counter_var_1 +,22,counter_var_0 var_1 +
935,115 11 104 84 113,23,115 77 26 112 113,11,19,12,3,22,19,14,var_0 counter_var_1 +,31,counter_var_0 var_1 +
936,115 20 111 12 113,39,115 75 1 40 113,20,17,19,1,12,9,21,var_0 counter_var_1 +,36,counter_var_0 var_1 +
937,115 61 16 94 113,19,115 69 46 80 113,3,11,16,0,1,18,3,var_0 counter_var_1 +,27,counter_var_0 var_1 +
938,115 10 42 55 113,29,115 86 87 69 113,10,28,19,18,24,7,28,var_0 counter_var_1 +,47,counter_var_0 var_1 +
939,115 61 9 87 113,12,115 59 33 50 113,3,1,9,10,25,19,13,var_0 counter_var_1 +,10,counter_var_0 var_1 +
940,115 21 65 17 113,40,115 63 55 48 113,21,5,19,9,17,17,30,var_0 counter_var_1 +,24,counter_var_0 var_1 +
941,115 74 23 4 113,16,115 70 11 30 113,16,12,0,11,4,30,27,var_0 counter_var_1 +,12,counter_var_0 var_1 +
942,115 62 24 5 113,5,115 11 90 90 113,4,11,1,21,5,28,25,var_0 counter_var_1 +,12,counter_var_0 var_1 +
943,115 46 33 50 113,27,115 7 54 83 113,17,7,10,8,19,21,25,var_0 counter_var_1 +,17,counter_var_0 var_1 +
944,115 55 72 71 113,29,115 0 105 62 113,26,0,3,13,9,0,39,var_0 counter_var_1 +,3,counter_var_0 var_1 +
945,115 29 79 57 113,10,115 6 34 27 113,0,6,10,11,26,27,11,var_0 counter_var_1 +,16,counter_var_0 var_1 +
946,115 82 52 95 113,30,115 12 58 98 113,24,12,6,12,2,5,36,var_0 counter_var_1 +,18,counter_var_0 var_1 +
947,115 71 28 7 113,18,115 104 110 61 113,13,17,5,18,7,30,31,var_0 counter_var_1 +,22,counter_var_0 var_1 +
948,115 32 107 60 113,18,115 98 59 23 113,3,11,15,13,29,23,16,var_0 counter_var_1 +,26,counter_var_0 var_1 +
949,115 24 21 92 113,45,115 73 74 13 113,24,15,21,5,30,13,29,var_0 counter_var_1 +,36,counter_var_0 var_1 +
950,115 22 58 98 113,34,115 71 93 37 113,22,13,12,1,5,6,23,var_0 counter_var_1 +,25,counter_var_0 var_1 +
951,115 85 67 46 113,48,115 29 65 17 113,27,0,21,19,15,17,46,var_0 counter_var_1 +,21,counter_var_0 var_1 +
952,115 74 105 62 113,29,115 20 70 36 113,16,20,13,1,0,5,17,var_0 counter_var_1 +,33,counter_var_0 var_1 +
953,115 66 104 84 113,20,115 97 88 66 113,8,10,12,19,22,4,27,var_0 counter_var_1 +,22,counter_var_0 var_1 +
954,115 66 20 8 113,28,115 84 51 97 113,8,26,20,5,8,4,13,var_0 counter_var_1 +,46,counter_var_0 var_1 +
955,115 4 50 77 113,8,115 111 49 72 113,4,24,4,3,15,10,7,var_0 counter_var_1 +,28,counter_var_0 var_1 +
956,115 96 112 103 113,29,115 45 104 84 113,9,16,20,12,10,22,21,var_0 counter_var_1 +,36,counter_var_0 var_1 +
957,115 20 66 102 113,40,115 29 99 85 113,20,0,20,7,9,23,27,var_0 counter_var_1 +,20,counter_var_0 var_1 +
958,115 53 34 27 113,35,115 5 92 2 113,24,5,11,0,27,2,24,var_0 counter_var_1 +,16,counter_var_0 var_1 +
959,115 87 87 69 113,18,115 35 16 94 113,0,6,18,16,7,1,16,var_0 counter_var_1 +,24,counter_var_0 var_1 +
960,115 24 10 68 113,34,115 78 98 78 113,24,20,10,6,6,16,30,var_0 counter_var_1 +,30,counter_var_0 var_1 +
961,115 35 6 56 113,12,115 19 11 30 113,6,19,6,11,25,30,17,var_0 counter_var_1 +,25,counter_var_0 var_1 +
962,115 17 67 46 113,38,115 81 93 37 113,17,23,21,1,15,6,18,var_0 counter_var_1 +,44,counter_var_0 var_1 +
963,115 33 96 6 113,8,115 44 20 8 113,4,15,4,20,6,8,24,var_0 counter_var_1 +,19,counter_var_0 var_1 +
964,115 101 19 86 113,33,115 12 44 107 113,14,12,19,21,24,14,35,var_0 counter_var_1 +,31,counter_var_0 var_1 +
965,115 5 13 91 113,18,115 90 16 94 113,5,3,13,16,29,1,21,var_0 counter_var_1 +,16,counter_var_0 var_1 +
966,115 14 79 57 113,24,115 101 108 58 113,14,14,10,16,26,27,30,var_0 counter_var_1 +,24,counter_var_0 var_1 +
967,115 16 9 87 113,25,115 102 14 24 113,16,15,9,14,25,24,30,var_0 counter_var_1 +,24,counter_var_0 var_1 +
968,115 37 101 104 113,17,115 39 62 41 113,8,10,9,16,11,10,24,var_0 counter_var_1 +,19,counter_var_0 var_1 +
969,115 71 53 51 113,20,115 97 40 11 113,13,10,7,17,20,11,30,var_0 counter_var_1 +,17,counter_var_0 var_1 +
970,115 9 53 51 113,16,115 11 101 104 113,9,11,7,9,20,11,18,var_0 counter_var_1 +,18,counter_var_0 var_1 +
971,115 104 79 57 113,27,115 103 66 102 113,17,16,10,20,26,9,37,var_0 counter_var_1 +,26,counter_var_0 var_1 +
972,115 37 107 60 113,23,115 14 4 52 113,8,14,15,4,29,21,12,var_0 counter_var_1 +,29,counter_var_0 var_1 +
973,115 99 102 16 113,22,115 16 48 89 113,12,16,10,2,16,27,14,var_0 counter_var_1 +,26,counter_var_0 var_1 +
974,115 84 62 41 113,42,115 92 59 23 113,26,5,16,13,10,23,39,var_0 counter_var_1 +,21,counter_var_0 var_1 +
975,115 15 86 45 113,32,115 57 112 103 113,15,28,17,20,14,10,35,var_0 counter_var_1 +,45,counter_var_0 var_1 +
976,115 82 12 21 113,36,115 60 3 15 113,24,2,12,3,21,15,27,var_0 counter_var_1 +,14,counter_var_0 var_1 +
977,115 16 79 57 113,26,115 53 85 3 113,16,24,10,16,26,3,32,var_0 counter_var_1 +,34,counter_var_0 var_1 +
978,115 37 56 59 113,18,115 81 92 2 113,8,23,10,0,28,2,8,var_0 counter_var_1 +,33,counter_var_0 var_1 +
979,115 26 17 108 113,43,115 99 35 9 113,26,12,17,12,15,9,38,var_0 counter_var_1 +,29,counter_var_0 var_1 +
980,115 38 79 57 113,19,115 94 39 14 113,9,7,10,16,26,14,25,var_0 counter_var_1 +,17,counter_var_0 var_1 +
981,115 94 83 38 113,21,115 38 27 88 113,7,9,14,4,7,26,11,var_0 counter_var_1 +,23,counter_var_0 var_1 +
982,115 84 95 29 113,29,115 102 69 99 113,26,15,3,0,29,6,26,var_0 counter_var_1 +,18,counter_var_0 var_1 +
983,115 95 82 67 113,21,115 42 6 56 113,8,13,13,6,5,25,14,var_0 counter_var_1 +,26,counter_var_0 var_1 +
984,115 77 41 22 113,37,115 19 89 28 113,19,19,18,20,22,28,39,var_0 counter_var_1 +,37,counter_var_0 var_1 +
985,115 94 36 106 113,20,115 103 102 16 113,7,16,13,10,13,16,17,var_0 counter_var_1 +,29,counter_var_0 var_1 +
986,115 101 65 17 113,33,115 15 59 23 113,14,15,19,13,17,23,27,var_0 counter_var_1 +,34,counter_var_0 var_1 +
987,115 38 90 90 113,30,115 54 40 11 113,9,25,21,17,28,11,26,var_0 counter_var_1 +,46,counter_var_0 var_1 +
988,115 93 24 5 113,7,115 91 36 106 113,6,4,1,13,5,13,19,var_0 counter_var_1 +,5,counter_var_0 var_1 +
989,115 29 46 80 113,0,115 29 91 33 113,0,0,0,22,18,2,22,var_0 counter_var_1 +,0,counter_var_0 var_1 +
990,115 5 93 37 113,6,115 83 5 47 113,5,25,1,5,6,16,10,var_0 counter_var_1 +,26,counter_var_0 var_1 +
991,115 93 83 38 113,20,115 101 43 110 113,6,14,14,20,7,17,26,var_0 counter_var_1 +,28,counter_var_0 var_1 +
992,115 62 63 43 113,21,115 72 25 111 113,4,14,17,2,12,18,6,var_0 counter_var_1 +,31,counter_var_0 var_1 +
993,115 55 105 62 113,39,115 4 48 89 113,26,4,13,2,0,27,28,var_0 counter_var_1 +,17,counter_var_0 var_1 +
994,115 85 94 39 113,29,115 72 93 37 113,27,14,2,1,8,6,28,var_0 counter_var_1 +,16,counter_var_0 var_1 +
995,115 66 23 4 113,8,115 29 92 2 113,8,0,0,0,4,2,8,var_0 counter_var_1 +,0,counter_var_0 var_1 +
996,115 106 8 26 113,27,115 63 36 106 113,19,5,8,13,26,13,32,var_0 counter_var_1 +,13,counter_var_0 var_1 +
997,115 56 90 90 113,48,115 77 38 20 113,27,19,21,15,28,20,42,var_0 counter_var_1 +,40,counter_var_0 var_1 +
998,115 23 37 42 113,37,115 81 54 83 113,23,23,14,8,11,21,31,var_0 counter_var_1 +,37,counter_var_0 var_1 +
999,115 64 35 9 113,18,115 72 88 66 113,6,14,12,19,9,4,25,var_0 counter_var_1 +,26,counter_var_0 var_1 +
1000,115 48 5 47 113,24,115 73 37 42 113,19,15,5,14,16,11,33,var_0 counter_var_1 +,20,counter_var_0 var_1 +
1001,115 90 17 108 113,20,115 81 110 61 113,3,23,17,18,15,30,21,var_0 counter_var_1 +,40,counter_var_0 var_1 +
1002,115 92 19 86 113,24,115 99 103 49 113,5,12,19,11,24,18,16,var_0 counter_var_1 +,31,counter_var_0 var_1 +
1003,115 28 84 32 113,43,115 53 66 102 113,28,24,15,20,1,9,48,var_0 counter_var_1 +,39,counter_var_0 var_1 +
1004,115 104 68 100 113,39,115 4 66 102 113,17,4,22,20,7,9,37,var_0 counter_var_1 +,26,counter_var_0 var_1 +
1005,115 48 99 85 113,26,115 31 105 62 113,19,2,7,13,23,0,32,var_0 counter_var_1 +,9,counter_var_0 var_1 +
1006,115 23 42 55 113,42,115 32 42 55 113,23,3,19,19,24,24,42,var_0 counter_var_1 +,22,counter_var_0 var_1 +
1007,115 65 2 63 113,9,115 99 89 28 113,7,12,2,20,1,28,27,var_0 counter_var_1 +,14,counter_var_0 var_1 +
1008,115 30 66 102 113,21,115 99 84 32 113,1,12,20,15,9,1,16,var_0 counter_var_1 +,32,counter_var_0 var_1 +
1009,115 24 5 47 113,29,115 110 92 2 113,24,23,5,0,16,2,24,var_0 counter_var_1 +,28,counter_var_0 var_1 +
1010,115 11 110 61 113,29,115 101 57 1 113,11,14,18,11,30,1,22,var_0 counter_var_1 +,32,counter_var_0 var_1 +
1011,115 48 107 60 113,34,115 112 40 11 113,19,25,15,17,29,11,36,var_0 counter_var_1 +,40,counter_var_0 var_1 +
1012,115 75 74 13 113,22,115 68 103 49 113,17,10,5,11,13,18,28,var_0 counter_var_1 +,15,counter_var_0 var_1 +
1013,115 71 61 18 113,28,115 84 5 47 113,13,26,15,5,18,16,18,var_0 counter_var_1 +,41,counter_var_0 var_1 +
1014,115 104 90 90 113,38,115 101 107 60 113,17,14,21,15,28,29,32,var_0 counter_var_1 +,35,counter_var_0 var_1 +
1015,115 23 76 93 113,30,115 88 69 99 113,23,1,7,0,0,6,23,var_0 counter_var_1 +,8,counter_var_0 var_1 +
1016,115 112 93 37 113,26,115 57 59 23 113,25,28,1,13,6,23,38,var_0 counter_var_1 +,29,counter_var_0 var_1 +
1017,115 100 107 60 113,28,115 93 6 56 113,13,6,15,6,29,25,19,var_0 counter_var_1 +,21,counter_var_0 var_1 +
1018,115 89 32 64 113,11,115 20 68 100 113,2,20,9,22,2,7,24,var_0 counter_var_1 +,29,counter_var_0 var_1 +
1019,115 16 102 16 113,26,115 84 109 79 113,16,26,10,17,16,17,33,var_0 counter_var_1 +,36,counter_var_0 var_1 +
1020,115 68 17 108 113,27,115 100 107 60 113,10,13,17,15,15,29,25,var_0 counter_var_1 +,30,counter_var_0 var_1 +
1021,115 47 68 100 113,40,115 51 21 92 113,18,22,22,21,7,30,39,var_0 counter_var_1 +,44,counter_var_0 var_1 +
1022,115 59 62 41 113,17,115 85 67 46 113,1,27,16,21,10,15,22,var_0 counter_var_1 +,43,counter_var_0 var_1 +
1023,115 29 12 21 113,12,115 76 106 35 113,0,18,12,14,21,4,14,var_0 counter_var_1 +,30,counter_var_0 var_1 +
1024,115 35 41 22 113,24,115 101 32 64 113,6,14,18,9,22,2,15,var_0 counter_var_1 +,32,counter_var_0 var_1 +
1025,115 83 81 54 113,37,115 64 82 67 113,25,6,12,13,23,5,38,var_0 counter_var_1 +,18,counter_var_0 var_1 +
1026,115 64 2 63 113,8,115 110 48 89 113,6,23,2,2,1,27,8,var_0 counter_var_1 +,25,counter_var_0 var_1 +
1027,115 54 24 5 113,26,115 20 91 33 113,25,20,1,22,5,2,47,var_0 counter_var_1 +,21,counter_var_0 var_1 +
1028,115 39 102 16 113,20,115 32 9 87 113,10,3,10,9,16,25,19,var_0 counter_var_1 +,13,counter_var_0 var_1 +
1029,115 30 7 10 113,8,115 26 58 98 113,1,26,7,12,10,5,13,var_0 counter_var_1 +,33,counter_var_0 var_1 +
1030,115 88 93 37 113,2,115 81 111 12 113,1,23,1,19,6,12,20,var_0 counter_var_1 +,24,counter_var_0 var_1 +
1031,115 17 62 41 113,33,115 63 106 35 113,17,5,16,14,10,4,31,var_0 counter_var_1 +,21,counter_var_0 var_1 +
1032,115 61 71 74 113,5,115 95 86 45 113,3,8,2,17,12,14,20,var_0 counter_var_1 +,10,counter_var_0 var_1 +
1033,115 68 3 15 113,13,115 39 80 31 113,10,10,3,11,15,0,21,var_0 counter_var_1 +,13,counter_var_0 var_1 +
1034,115 99 43 110 113,32,115 1 11 30 113,12,1,20,11,17,30,23,var_0 counter_var_1 +,21,counter_var_0 var_1 +
1035,115 13 75 82 113,19,115 107 79 57 113,13,20,6,10,20,26,23,var_0 counter_var_1 +,26,counter_var_0 var_1 +
1036,115 102 32 64 113,24,115 110 102 16 113,15,23,9,10,2,16,25,var_0 counter_var_1 +,32,counter_var_0 var_1 +
1037,115 32 17 108 113,20,115 51 66 102 113,3,22,17,20,15,9,23,var_0 counter_var_1 +,39,counter_var_0 var_1 +
1038,115 103 101 104 113,25,115 44 106 35 113,16,15,9,14,11,4,30,var_0 counter_var_1 +,24,counter_var_0 var_1 +
1039,115 92 78 65 113,14,115 40 7 10 113,5,11,9,7,3,10,12,var_0 counter_var_1 +,20,counter_var_0 var_1 +
1040,115 100 84 32 113,28,115 73 21 92 113,13,15,15,21,1,30,34,var_0 counter_var_1 +,30,counter_var_0 var_1 +
1041,115 16 47 34 113,17,115 6 9 87 113,16,6,1,9,3,25,25,var_0 counter_var_1 +,7,counter_var_0 var_1 +
1042,115 3 12 21 113,15,115 80 65 17 113,3,22,12,19,21,17,22,var_0 counter_var_1 +,34,counter_var_0 var_1 +
1043,115 59 67 46 113,22,115 36 55 48 113,1,7,21,9,15,17,10,var_0 counter_var_1 +,28,counter_var_0 var_1 +
1044,115 94 92 2 113,7,115 85 2 63 113,7,27,0,2,2,1,9,var_0 counter_var_1 +,27,counter_var_0 var_1 +
1045,115 24 36 106 113,37,115 17 51 97 113,24,17,13,5,13,4,29,var_0 counter_var_1 +,30,counter_var_0 var_1 +
1046,115 88 91 33 113,23,115 28 28 7 113,1,28,22,5,2,7,6,var_0 counter_var_1 +,50,counter_var_0 var_1 +
1047,115 21 51 97 113,26,115 81 81 54 113,21,23,5,12,4,23,33,var_0 counter_var_1 +,28,counter_var_0 var_1 +
1048,115 69 73 96 113,15,115 99 68 100 113,11,12,4,22,3,7,33,var_0 counter_var_1 +,16,counter_var_0 var_1 +
1049,115 107 66 102 113,40,115 6 74 13 113,20,6,20,5,9,13,25,var_0 counter_var_1 +,26,counter_var_0 var_1 +
1050,115 82 56 59 113,34,115 49 86 45 113,24,20,10,17,28,14,41,var_0 counter_var_1 +,30,counter_var_0 var_1 +
1051,115 86 20 8 113,48,115 57 71 74 113,28,28,20,2,8,12,30,var_0 counter_var_1 +,48,counter_var_0 var_1 +
1052,115 86 104 84 113,40,115 69 33 50 113,28,11,12,10,22,19,38,var_0 counter_var_1 +,23,counter_var_0 var_1 +
1053,115 85 99 85 113,34,115 103 79 57 113,27,16,7,10,23,26,37,var_0 counter_var_1 +,23,counter_var_0 var_1 +
1054,115 98 16 94 113,27,115 105 69 99 113,11,18,16,0,1,6,11,var_0 counter_var_1 +,34,counter_var_0 var_1 +
1055,115 92 91 33 113,27,115 83 37 42 113,5,25,22,14,2,11,19,var_0 counter_var_1 +,47,counter_var_0 var_1 +
1056,115 42 67 46 113,34,115 46 46 80 113,13,17,21,0,15,18,13,var_0 counter_var_1 +,38,counter_var_0 var_1 +
1057,115 102 10 68 113,25,115 91 83 38 113,15,4,10,14,6,7,29,var_0 counter_var_1 +,14,counter_var_0 var_1 +
1058,115 102 37 42 113,29,115 107 109 79 113,15,20,14,17,11,17,32,var_0 counter_var_1 +,34,counter_var_0 var_1 +
1059,115 46 61 18 113,32,115 38 43 110 113,17,9,15,20,18,17,37,var_0 counter_var_1 +,24,counter_var_0 var_1 +
1060,115 56 44 107 113,48,115 8 92 2 113,27,8,21,0,14,2,27,var_0 counter_var_1 +,29,counter_var_0 var_1 +
1061,115 104 13 91 113,30,115 0 18 73 113,17,0,13,18,29,11,35,var_0 counter_var_1 +,13,counter_var_0 var_1 +
1062,115 100 72 71 113,16,115 30 79 57 113,13,1,3,10,9,26,23,var_0 counter_var_1 +,4,counter_var_0 var_1 +
1063,115 79 33 50 113,31,115 101 76 93 113,21,14,10,7,19,0,28,var_0 counter_var_1 +,24,counter_var_0 var_1 +
1064,115 22 66 102 113,42,115 63 21 92 113,22,5,20,21,9,30,43,var_0 counter_var_1 +,25,counter_var_0 var_1 +
1065,115 77 9 87 113,28,115 93 100 0 113,19,6,9,8,25,0,27,var_0 counter_var_1 +,15,counter_var_0 var_1 +
1066,115 95 53 51 113,15,115 76 105 62 113,8,18,7,13,20,0,21,var_0 counter_var_1 +,25,counter_var_0 var_1 +
1067,115 39 17 108 113,27,115 72 18 73 113,10,14,17,18,15,11,28,var_0 counter_var_1 +,31,counter_var_0 var_1 +
1068,115 73 21 92 113,36,115 41 49 72 113,15,12,21,3,30,10,18,var_0 counter_var_1 +,33,counter_var_0 var_1 +
1069,115 54 27 88 113,29,115 52 12 21 113,25,23,4,12,26,21,37,var_0 counter_var_1 +,27,counter_var_0 var_1 +
1070,115 40 14 24 113,25,115 43 45 76 113,11,14,14,22,24,14,33,var_0 counter_var_1 +,28,counter_var_0 var_1 +
1071,115 38 19 86 113,28,115 94 19 86 113,9,7,19,19,24,24,28,var_0 counter_var_1 +,26,counter_var_0 var_1 +
1072,115 76 105 62 113,31,115 103 62 41 113,18,16,13,16,0,10,34,var_0 counter_var_1 +,29,counter_var_0 var_1 +
1073,115 51 19 86 113,41,115 92 98 78 113,22,5,19,6,24,16,28,var_0 counter_var_1 +,24,counter_var_0 var_1 +
1074,115 89 60 44 113,16,115 27 86 45 113,2,27,14,17,13,14,19,var_0 counter_var_1 +,41,counter_var_0 var_1 +
1075,115 89 82 67 113,15,115 66 88 66 113,2,8,13,19,5,4,21,var_0 counter_var_1 +,21,counter_var_0 var_1 +
1076,115 78 32 64 113,29,115 89 41 22 113,20,2,9,18,2,22,38,var_0 counter_var_1 +,11,counter_var_0 var_1 +
1077,115 57 46 80 113,28,115 80 97 81 113,28,22,0,5,18,19,33,var_0 counter_var_1 +,22,counter_var_0 var_1 +
1078,115 58 20 8 113,20,115 91 102 16 113,0,4,20,10,8,16,10,var_0 counter_var_1 +,24,counter_var_0 var_1 +
1079,115 66 30 70 113,15,115 54 21 92 113,8,25,7,21,8,30,29,var_0 counter_var_1 +,32,counter_var_0 var_1 +
1080,115 32 16 94 113,19,115 12 101 104 113,3,12,16,9,1,11,12,var_0 counter_var_1 +,28,counter_var_0 var_1 +
1081,115 66 111 12 113,27,115 35 71 74 113,8,6,19,2,12,12,10,var_0 counter_var_1 +,25,counter_var_0 var_1 +
1082,115 87 30 70 113,7,115 45 89 28 113,0,16,7,20,8,28,20,var_0 counter_var_1 +,23,counter_var_0 var_1 +
1083,115 100 104 84 113,25,115 13 72 71 113,13,13,12,3,22,9,16,var_0 counter_var_1 +,25,counter_var_0 var_1 +
1084,115 36 87 69 113,25,115 46 40 11 113,7,17,18,17,7,11,24,var_0 counter_var_1 +,35,counter_var_0 var_1 +
1085,115 59 2 63 113,3,115 38 91 33 113,1,9,2,22,1,2,23,var_0 counter_var_1 +,11,counter_var_0 var_1 +
1086,115 80 19 86 113,41,115 48 26 112 113,22,19,19,3,24,19,25,var_0 counter_var_1 +,38,counter_var_0 var_1 +
1087,115 106 65 17 113,38,115 32 39 14 113,19,3,19,16,17,14,35,var_0 counter_var_1 +,22,counter_var_0 var_1 +
1088,115 14 81 54 113,26,115 100 108 58 113,14,13,12,16,23,27,30,var_0 counter_var_1 +,25,counter_var_0 var_1 +
1089,115 65 31 109 113,15,115 77 103 49 113,7,19,8,11,16,18,18,var_0 counter_var_1 +,27,counter_var_0 var_1 +
1090,115 28 59 23 113,41,115 7 67 46 113,28,7,13,21,23,15,49,var_0 counter_var_1 +,20,counter_var_0 var_1 +
1091,115 106 73 96 113,23,115 51 75 82 113,19,22,4,6,3,20,25,var_0 counter_var_1 +,26,counter_var_0 var_1 +
1092,115 104 106 35 113,31,115 36 35 9 113,17,7,14,12,4,9,29,var_0 counter_var_1 +,21,counter_var_0 var_1 +
1093,115 6 71 74 113,8,115 86 29 25 113,6,28,2,6,12,25,12,var_0 counter_var_1 +,30,counter_var_0 var_1 +
1094,115 53 74 13 113,29,115 28 112 103 113,24,28,5,20,13,10,44,var_0 counter_var_1 +,33,counter_var_0 var_1 +
1095,115 0 92 2 113,0,115 92 0 101 113,0,5,0,0,2,8,0,var_0 counter_var_1 +,5,counter_var_0 var_1 +
1096,115 13 60 44 113,27,115 109 55 48 113,13,22,14,9,13,17,22,var_0 counter_var_1 +,36,counter_var_0 var_1 +
1097,115 62 48 89 113,6,115 66 110 61 113,4,8,2,18,27,30,22,var_0 counter_var_1 +,10,counter_var_0 var_1 +
1098,115 45 18 73 113,34,115 91 27 88 113,16,4,18,4,11,26,20,var_0 counter_var_1 +,22,counter_var_0 var_1 +
1099,115 43 27 88 113,18,115 66 20 8 113,14,8,4,20,26,8,34,var_0 counter_var_1 +,12,counter_var_0 var_1 +
1100,115 62 9 87 113,13,115 94 78 65 113,4,7,9,9,25,3,13,var_0 counter_var_1 +,16,counter_var_0 var_1 +
1101,115 87 110 61 113,18,115 10 78 65 113,0,10,18,9,30,3,9,var_0 counter_var_1 +,28,counter_var_0 var_1 +
1102,115 86 56 59 113,38,115 11 77 105 113,28,11,10,8,28,12,36,var_0 counter_var_1 +,21,counter_var_0 var_1 +
1103,115 32 25 111 113,5,115 36 17 108 113,3,7,2,17,18,15,20,var_0 counter_var_1 +,9,counter_var_0 var_1 +
1104,115 79 107 60 113,36,115 7 72 71 113,21,7,15,3,29,9,24,var_0 counter_var_1 +,22,counter_var_0 var_1 +
1105,115 56 81 54 113,39,115 13 35 9 113,27,13,12,12,23,9,39,var_0 counter_var_1 +,25,counter_var_0 var_1 +
1106,115 48 9 87 113,28,115 38 39 14 113,19,9,9,16,25,14,35,var_0 counter_var_1 +,18,counter_var_0 var_1 +
1107,115 41 1 40 113,13,115 59 101 104 113,12,1,1,9,9,11,21,var_0 counter_var_1 +,2,counter_var_0 var_1 +
1108,115 80 90 90 113,43,115 95 94 39 113,22,8,21,2,28,8,24,var_0 counter_var_1 +,29,counter_var_0 var_1 +
1109,115 95 25 111 113,10,115 19 37 42 113,8,19,2,14,18,11,22,var_0 counter_var_1 +,21,counter_var_0 var_1 +
1110,115 26 11 30 113,37,115 60 11 30 113,26,2,11,11,30,30,37,var_0 counter_var_1 +,13,counter_var_0 var_1 +
1111,115 9 1 40 113,10,115 52 69 99 113,9,23,1,0,9,6,9,var_0 counter_var_1 +,24,counter_var_0 var_1 +
1112,115 66 14 24 113,22,115 10 28 7 113,8,10,14,5,24,7,13,var_0 counter_var_1 +,24,counter_var_0 var_1 +
1113,115 80 89 28 113,42,115 88 29 25 113,22,1,20,6,28,25,28,var_0 counter_var_1 +,21,counter_var_0 var_1 +
1114,115 40 75 82 113,17,115 94 55 48 113,11,7,6,9,20,17,20,var_0 counter_var_1 +,13,counter_var_0 var_1 +
1115,115 97 19 86 113,29,115 79 36 106 113,10,21,19,13,24,13,23,var_0 counter_var_1 +,40,counter_var_0 var_1 +
1116,115 12 103 49 113,23,115 104 19 86 113,12,17,11,19,18,24,31,var_0 counter_var_1 +,28,counter_var_0 var_1 +
1117,115 33 99 85 113,11,115 57 83 38 113,4,28,7,14,23,7,18,var_0 counter_var_1 +,35,counter_var_0 var_1 +
1118,115 90 27 88 113,7,115 81 37 42 113,3,23,4,14,26,11,17,var_0 counter_var_1 +,27,counter_var_0 var_1 +
1119,115 51 45 76 113,44,115 56 58 98 113,22,27,22,12,14,5,34,var_0 counter_var_1 +,49,counter_var_0 var_1 +
1120,115 23 64 19 113,41,115 76 15 53 113,23,18,18,15,19,22,38,var_0 counter_var_1 +,36,counter_var_0 var_1 +
1121,115 8 30 70 113,15,115 12 4 52 113,8,12,7,4,8,21,12,var_0 counter_var_1 +,19,counter_var_0 var_1 +
1122,115 62 54 83 113,12,115 75 61 18 113,4,17,8,15,21,18,19,var_0 counter_var_1 +,25,counter_var_0 var_1 +
1123,115 89 106 35 113,16,115 16 29 25 113,2,16,14,6,4,25,8,var_0 counter_var_1 +,30,counter_var_0 var_1 +
1124,115 41 17 108 113,29,115 85 86 45 113,12,27,17,17,15,14,29,var_0 counter_var_1 +,44,counter_var_0 var_1 +
1125,115 21 43 110 113,41,115 97 12 21 113,21,10,20,12,17,21,33,var_0 counter_var_1 +,30,counter_var_0 var_1 +
1126,115 20 104 84 113,32,115 91 64 19 113,20,4,12,18,22,19,38,var_0 counter_var_1 +,16,counter_var_0 var_1 +
1127,115 107 79 57 113,30,115 30 49 72 113,20,1,10,3,26,10,23,var_0 counter_var_1 +,11,counter_var_0 var_1 +
1128,115 88 74 13 113,6,115 45 69 99 113,1,16,5,0,13,6,1,var_0 counter_var_1 +,21,counter_var_0 var_1 +
1129,115 35 101 104 113,15,115 32 47 34 113,6,3,9,1,11,3,7,var_0 counter_var_1 +,12,counter_var_0 var_1 +
1130,115 25 22 75 113,47,115 2 98 78 113,25,2,22,6,13,16,31,var_0 counter_var_1 +,24,counter_var_0 var_1 +
1131,115 23 1 40 113,24,115 23 61 18 113,23,23,1,15,9,18,38,var_0 counter_var_1 +,24,counter_var_0 var_1 +
1132,115 25 56 59 113,35,115 29 17 108 113,25,0,10,17,28,15,42,var_0 counter_var_1 +,10,counter_var_0 var_1 +
1133,115 26 44 107 113,47,115 35 9 87 113,26,6,21,9,14,25,35,var_0 counter_var_1 +,27,counter_var_0 var_1 +
1134,115 89 101 104 113,11,115 65 85 3 113,2,7,9,16,11,3,18,var_0 counter_var_1 +,16,counter_var_0 var_1 +
1135,115 46 72 71 113,20,115 47 102 16 113,17,18,3,10,9,16,27,var_0 counter_var_1 +,21,counter_var_0 var_1 +
1136,115 1 15 53 113,16,115 18 89 28 113,1,18,15,20,22,28,21,var_0 counter_var_1 +,33,counter_var_0 var_1 +
1137,115 45 58 98 113,28,115 47 44 107 113,16,18,12,21,5,14,37,var_0 counter_var_1 +,30,counter_var_0 var_1 +
1138,115 66 56 59 113,18,115 38 90 90 113,8,9,10,21,28,28,29,var_0 counter_var_1 +,19,counter_var_0 var_1 +
1139,115 107 11 30 113,31,115 21 10 68 113,20,21,11,10,30,6,30,var_0 counter_var_1 +,32,counter_var_0 var_1 +
1140,115 61 48 89 113,5,115 104 13 91 113,3,17,2,13,27,29,16,var_0 counter_var_1 +,19,counter_var_0 var_1 +
1141,115 1 68 100 113,23,115 72 84 32 113,1,14,22,15,7,1,16,var_0 counter_var_1 +,36,counter_var_0 var_1 +
1142,115 69 8 26 113,19,115 89 0 101 113,11,2,8,0,26,8,11,var_0 counter_var_1 +,10,counter_var_0 var_1 +
1143,115 91 106 35 113,18,115 54 97 81 113,4,25,14,5,4,19,9,var_0 counter_var_1 +,39,counter_var_0 var_1 +
1144,115 0 97 81 113,5,115 71 75 82 113,0,13,5,6,19,20,6,var_0 counter_var_1 +,18,counter_var_0 var_1 +
1145,115 62 93 37 113,5,115 9 32 64 113,4,9,1,9,6,2,13,var_0 counter_var_1 +,10,counter_var_0 var_1 +
1146,115 111 108 58 113,40,115 15 106 35 113,24,15,16,14,27,4,38,var_0 counter_var_1 +,31,counter_var_0 var_1 +
1147,115 111 60 44 113,38,115 77 62 41 113,24,19,14,16,13,10,40,var_0 counter_var_1 +,33,counter_var_0 var_1 +
1148,115 65 61 18 113,22,115 95 48 89 113,7,8,15,2,18,27,9,var_0 counter_var_1 +,23,counter_var_0 var_1 +
1149,115 84 9 87 113,35,115 34 63 43 113,26,5,9,17,25,12,43,var_0 counter_var_1 +,14,counter_var_0 var_1 +
1150,115 87 111 12 113,19,115 22 100 0 113,0,22,19,8,12,0,8,var_0 counter_var_1 +,41,counter_var_0 var_1 +
1151,115 69 98 78 113,17,115 96 86 45 113,11,9,6,17,16,14,28,var_0 counter_var_1 +,15,counter_var_0 var_1 +
1152,115 55 100 0 113,34,115 70 112 103 113,26,12,8,20,0,10,46,var_0 counter_var_1 +,20,counter_var_0 var_1 +
1153,115 1 18 73 113,19,115 103 88 66 113,1,16,18,19,11,4,20,var_0 counter_var_1 +,34,counter_var_0 var_1 +
1154,115 77 24 5 113,20,115 35 35 9 113,19,6,1,12,5,9,31,var_0 counter_var_1 +,7,counter_var_0 var_1 +
1155,115 62 100 0 113,12,115 66 85 3 113,4,8,8,16,0,3,20,var_0 counter_var_1 +,16,counter_var_0 var_1 +
1156,115 68 19 86 113,29,115 97 104 84 113,10,10,19,12,24,22,22,var_0 counter_var_1 +,29,counter_var_0 var_1 +
1157,115 72 44 107 113,35,115 100 40 11 113,14,13,21,17,14,11,31,var_0 counter_var_1 +,34,counter_var_0 var_1 +
1158,115 24 32 64 113,33,115 33 1 40 113,24,4,9,1,2,9,25,var_0 counter_var_1 +,13,counter_var_0 var_1 +
1159,115 56 5 47 113,32,115 79 82 67 113,27,21,5,13,16,5,40,var_0 counter_var_1 +,26,counter_var_0 var_1 +
1160,115 4 42 55 113,23,115 28 59 23 113,4,28,19,13,24,23,17,var_0 counter_var_1 +,47,counter_var_0 var_1 +
1161,115 38 108 58 113,25,115 52 27 88 113,9,23,16,4,27,26,13,var_0 counter_var_1 +,39,counter_var_0 var_1 +
1162,115 61 1 40 113,4,115 63 95 29 113,3,5,1,3,9,29,6,var_0 counter_var_1 +,6,counter_var_0 var_1 +
1163,115 82 73 96 113,28,115 8 2 63 113,24,8,4,2,3,1,26,var_0 counter_var_1 +,12,counter_var_0 var_1 +
1164,115 43 100 0 113,22,115 32 86 45 113,14,3,8,17,0,14,31,var_0 counter_var_1 +,11,counter_var_0 var_1 +
1165,115 94 85 3 113,23,115 110 13 91 113,7,23,16,13,3,29,20,var_0 counter_var_1 +,39,counter_var_0 var_1 +
1166,115 111 66 102 113,44,115 41 102 16 113,24,12,20,10,9,16,34,var_0 counter_var_1 +,32,counter_var_0 var_1 +
1167,115 93 110 61 113,24,115 0 41 22 113,6,0,18,18,30,22,24,var_0 counter_var_1 +,18,counter_var_0 var_1 +
1168,115 18 96 6 113,22,115 100 2 63 113,18,13,4,2,6,1,20,var_0 counter_var_1 +,17,counter_var_0 var_1 +
1169,115 45 22 75 113,38,115 100 16 94 113,16,13,22,16,13,1,32,var_0 counter_var_1 +,35,counter_var_0 var_1 +
1170,115 82 2 63 113,26,115 64 6 56 113,24,6,2,6,1,25,30,var_0 counter_var_1 +,8,counter_var_0 var_1 +
1171,115 105 59 23 113,31,115 91 42 55 113,18,4,13,19,23,24,37,var_0 counter_var_1 +,17,counter_var_0 var_1 +
1172,115 77 35 9 113,31,115 25 61 18 113,19,25,12,15,9,18,34,var_0 counter_var_1 +,37,counter_var_0 var_1 +
1173,115 102 77 105 113,23,115 48 89 28 113,15,19,8,20,12,28,35,var_0 counter_var_1 +,27,counter_var_0 var_1 +
1174,115 77 21 92 113,40,115 112 105 62 113,19,25,21,13,30,0,32,var_0 counter_var_1 +,46,counter_var_0 var_1 +
1175,115 20 86 45 113,37,115 111 107 60 113,20,24,17,15,14,29,35,var_0 counter_var_1 +,41,counter_var_0 var_1 +
1176,115 46 96 6 113,21,115 76 64 19 113,17,18,4,18,6,19,35,var_0 counter_var_1 +,22,counter_var_0 var_1 +
1177,115 96 11 30 113,20,115 31 23 4 113,9,2,11,0,30,4,9,var_0 counter_var_1 +,13,counter_var_0 var_1 +
1178,115 17 106 35 113,31,115 65 83 38 113,17,7,14,14,4,7,31,var_0 counter_var_1 +,21,counter_var_0 var_1 +
1179,115 82 61 18 113,39,115 39 4 52 113,24,10,15,4,18,21,28,var_0 counter_var_1 +,25,counter_var_0 var_1 +
1180,115 32 31 109 113,11,115 105 68 100 113,3,18,8,22,16,7,25,var_0 counter_var_1 +,26,counter_var_0 var_1 +
1181,115 10 57 1 113,21,115 105 11 30 113,10,18,11,11,1,30,21,var_0 counter_var_1 +,29,counter_var_0 var_1 +
1182,115 19 65 17 113,38,115 45 28 7 113,19,16,19,5,17,7,24,var_0 counter_var_1 +,35,counter_var_0 var_1 +
1183,115 93 42 55 113,25,115 62 81 54 113,6,4,19,12,24,23,18,var_0 counter_var_1 +,23,counter_var_0 var_1 +
1184,115 64 63 43 113,23,115 101 4 52 113,6,14,17,4,12,21,10,var_0 counter_var_1 +,31,counter_var_0 var_1 +
1185,115 74 38 20 113,31,115 83 100 0 113,16,25,15,8,20,0,24,var_0 counter_var_1 +,40,counter_var_0 var_1 +
1186,115 59 12 21 113,13,115 76 10 68 113,1,18,12,10,21,6,11,var_0 counter_var_1 +,30,counter_var_0 var_1 +
1187,115 36 97 81 113,12,115 45 74 13 113,7,16,5,5,19,13,12,var_0 counter_var_1 +,21,counter_var_0 var_1 +
1188,115 111 40 11 113,41,115 95 69 99 113,24,8,17,0,11,6,24,var_0 counter_var_1 +,25,counter_var_0 var_1 +
1189,115 19 87 69 113,37,115 96 31 109 113,19,9,18,8,7,16,27,var_0 counter_var_1 +,27,counter_var_0 var_1 +
1190,115 48 110 61 113,37,115 97 31 109 113,19,10,18,8,30,16,27,var_0 counter_var_1 +,28,counter_var_0 var_1 +
1191,115 73 10 68 113,25,115 86 4 52 113,15,28,10,4,6,21,19,var_0 counter_var_1 +,38,counter_var_0 var_1 +
1192,115 55 50 77 113,30,115 59 26 112 113,26,1,4,3,15,19,29,var_0 counter_var_1 +,5,counter_var_0 var_1 +
1193,115 35 99 85 113,13,115 49 29 25 113,6,20,7,6,23,25,12,var_0 counter_var_1 +,27,counter_var_0 var_1 +
1194,115 21 79 57 113,31,115 41 67 46 113,21,12,10,21,26,15,42,var_0 counter_var_1 +,22,counter_var_0 var_1 +
1195,115 73 42 55 113,34,115 1 109 79 113,15,1,19,17,24,17,32,var_0 counter_var_1 +,20,counter_var_0 var_1 +
1196,115 101 93 37 113,15,115 89 36 106 113,14,2,1,13,6,13,27,var_0 counter_var_1 +,3,counter_var_0 var_1 +
1197,115 33 62 41 113,20,115 17 23 4 113,4,17,16,0,10,4,4,var_0 counter_var_1 +,33,counter_var_0 var_1 +
1198,115 43 109 79 113,31,115 39 81 54 113,14,10,17,12,17,23,26,var_0 counter_var_1 +,27,counter_var_0 var_1 +
1199,115 30 71 74 113,3,115 65 61 18 113,1,7,2,15,12,18,16,var_0 counter_var_1 +,9,counter_var_0 var_1 +
1200,115 5 34 27 113,16,115 23 58 98 113,5,23,11,12,27,5,17,var_0 counter_var_1 +,34,counter_var_0 var_1 +
1201,115 43 98 78 113,20,115 90 70 36 113,14,3,6,1,16,5,15,var_0 counter_var_1 +,9,counter_var_0 var_1 +
1202,115 17 6 56 113,23,115 66 13 91 113,17,8,6,13,25,29,30,var_0 counter_var_1 +,14,counter_var_0 var_1 +
1203,115 37 92 2 113,8,115 63 64 19 113,8,5,0,18,2,19,26,var_0 counter_var_1 +,5,counter_var_0 var_1 +
1204,115 22 112 103 113,42,115 24 84 32 113,22,24,20,15,10,1,37,var_0 counter_var_1 +,44,counter_var_0 var_1 +
1205,115 112 8 26 113,33,115 88 58 98 113,25,1,8,12,26,5,37,var_0 counter_var_1 +,9,counter_var_0 var_1 +
1206,115 51 55 48 113,31,115 50 21 92 113,22,21,9,21,17,30,43,var_0 counter_var_1 +,30,counter_var_0 var_1 +
1207,115 99 47 34 113,13,115 5 24 5 113,12,5,1,1,3,5,13,var_0 counter_var_1 +,6,counter_var_0 var_1 +
1208,115 107 35 9 113,32,115 17 93 37 113,20,17,12,1,9,6,21,var_0 counter_var_1 +,29,counter_var_0 var_1 +
1209,115 9 27 88 113,13,115 69 7 10 113,9,11,4,7,26,10,16,var_0 counter_var_1 +,15,counter_var_0 var_1 +
1210,115 15 20 8 113,35,115 94 94 39 113,15,7,20,2,8,8,17,var_0 counter_var_1 +,27,counter_var_0 var_1 +
1211,115 95 3 15 113,11,115 24 39 14 113,8,24,3,16,15,14,24,var_0 counter_var_1 +,27,counter_var_0 var_1 +
1212,115 7 57 1 113,18,115 16 74 13 113,7,16,11,5,1,13,12,var_0 counter_var_1 +,27,counter_var_0 var_1 +
1213,115 25 6 56 113,31,115 72 99 85 113,25,14,6,7,25,23,32,var_0 counter_var_1 +,20,counter_var_0 var_1 +
1214,115 33 67 46 113,25,115 9 30 70 113,4,9,21,7,15,8,11,var_0 counter_var_1 +,30,counter_var_0 var_1 +
1215,115 35 75 82 113,12,115 30 20 8 113,6,1,6,20,20,8,26,var_0 counter_var_1 +,7,counter_var_0 var_1 +
1216,115 110 57 1 113,34,115 36 60 44 113,23,7,11,14,1,13,37,var_0 counter_var_1 +,18,counter_var_0 var_1 +
1217,115 7 48 89 113,9,115 103 13 91 113,7,16,2,13,27,29,20,var_0 counter_var_1 +,18,counter_var_0 var_1 +
1218,115 66 79 57 113,18,115 102 59 23 113,8,15,10,13,26,23,21,var_0 counter_var_1 +,25,counter_var_0 var_1 +
1219,115 84 98 78 113,32,115 104 96 6 113,26,17,6,4,16,6,30,var_0 counter_var_1 +,23,counter_var_0 var_1 +
1220,115 45 50 77 113,20,115 19 78 65 113,16,19,4,9,15,3,25,var_0 counter_var_1 +,23,counter_var_0 var_1 +
1221,115 83 67 46 113,46,115 35 78 65 113,25,6,21,9,15,3,34,var_0 counter_var_1 +,27,counter_var_0 var_1 +
1222,115 16 3 15 113,19,115 97 2 63 113,16,10,3,2,15,1,18,var_0 counter_var_1 +,13,counter_var_0 var_1 +
1223,115 89 30 70 113,9,115 112 8 26 113,2,25,7,8,8,26,10,var_0 counter_var_1 +,32,counter_var_0 var_1 +
1224,115 86 18 73 113,46,115 56 108 58 113,28,27,18,16,11,27,44,var_0 counter_var_1 +,45,counter_var_0 var_1 +
1225,115 85 80 31 113,38,115 31 47 34 113,27,2,11,1,0,3,28,var_0 counter_var_1 +,13,counter_var_0 var_1 +
1226,115 75 36 106 113,30,115 45 26 112 113,17,16,13,3,13,19,20,var_0 counter_var_1 +,29,counter_var_0 var_1 +
1227,115 30 82 67 113,14,115 74 88 66 113,1,16,13,19,5,4,20,var_0 counter_var_1 +,29,counter_var_0 var_1 +
1228,115 97 49 72 113,13,115 34 92 2 113,10,5,3,0,10,2,10,var_0 counter_var_1 +,8,counter_var_0 var_1 +
1229,115 90 72 71 113,6,115 110 36 106 113,3,23,3,13,9,13,16,var_0 counter_var_1 +,26,counter_var_0 var_1 +
1230,115 13 64 19 113,31,115 68 72 71 113,13,10,18,3,19,9,16,var_0 counter_var_1 +,28,counter_var_0 var_1 +
1231,115 27 29 25 113,33,115 91 66 102 113,27,4,6,20,25,9,47,var_0 counter_var_1 +,10,counter_var_0 var_1 +
1232,115 25 40 11 113,42,115 108 64 19 113,25,21,17,18,11,19,43,var_0 counter_var_1 +,38,counter_var_0 var_1 +
1233,115 16 76 93 113,23,115 77 40 11 113,16,19,7,17,0,11,33,var_0 counter_var_1 +,26,counter_var_0 var_1 +
1234,115 2 79 57 113,12,115 96 43 110 113,2,9,10,20,26,17,22,var_0 counter_var_1 +,19,counter_var_0 var_1 +
1235,115 31 33 50 113,12,115 47 89 28 113,2,18,10,20,19,28,22,var_0 counter_var_1 +,28,counter_var_0 var_1 +
1236,115 60 7 10 113,9,115 98 54 83 113,2,11,7,8,10,21,10,var_0 counter_var_1 +,18,counter_var_0 var_1 +
1237,115 97 66 102 113,30,115 66 43 110 113,10,8,20,20,9,17,30,var_0 counter_var_1 +,28,counter_var_0 var_1 +
1238,115 59 26 112 113,4,115 77 106 35 113,1,19,3,14,19,4,15,var_0 counter_var_1 +,22,counter_var_0 var_1 +
1239,115 19 76 93 113,26,115 94 13 91 113,19,7,7,13,0,29,32,var_0 counter_var_1 +,14,counter_var_0 var_1 +
1240,115 47 30 70 113,25,115 12 42 55 113,18,12,7,19,8,24,37,var_0 counter_var_1 +,19,counter_var_0 var_1 +
1241,115 76 97 81 113,23,115 65 72 71 113,18,7,5,3,19,9,21,var_0 counter_var_1 +,12,counter_var_0 var_1 +
1242,115 98 4 52 113,15,115 28 107 60 113,11,28,4,15,21,29,26,var_0 counter_var_1 +,32,counter_var_0 var_1 +
1243,115 47 48 89 113,20,115 83 4 52 113,18,25,2,4,27,21,22,var_0 counter_var_1 +,27,counter_var_0 var_1 +
1244,115 73 103 49 113,26,115 54 95 29 113,15,25,11,3,18,29,18,var_0 counter_var_1 +,36,counter_var_0 var_1 +
1245,115 38 75 82 113,15,115 88 3 15 113,9,1,6,3,20,15,12,var_0 counter_var_1 +,7,counter_var_0 var_1 +
1246,115 8 49 72 113,11,115 79 20 8 113,8,21,3,20,10,8,28,var_0 counter_var_1 +,24,counter_var_0 var_1 +
1247,115 95 18 73 113,26,115 7 30 70 113,8,7,18,7,11,8,15,var_0 counter_var_1 +,25,counter_var_0 var_1 +
1248,115 102 88 66 113,34,115 9 78 65 113,15,9,19,9,4,3,24,var_0 counter_var_1 +,28,counter_var_0 var_1 +
1249,115 107 42 55 113,39,115 89 42 55 113,20,2,19,19,24,24,39,var_0 counter_var_1 +,21,counter_var_0 var_1 +
1250,115 3 112 103 113,23,115 69 100 0 113,3,11,20,8,10,0,11,var_0 counter_var_1 +,31,counter_var_0 var_1 +
1251,115 64 91 33 113,28,115 45 25 111 113,6,16,22,2,2,18,8,var_0 counter_var_1 +,38,counter_var_0 var_1 +
1252,115 24 11 30 113,35,115 25 93 37 113,24,25,11,1,30,6,25,var_0 counter_var_1 +,36,counter_var_0 var_1 +
1253,115 56 24 5 113,28,115 101 51 97 113,27,14,1,5,5,4,32,var_0 counter_var_1 +,15,counter_var_0 var_1 +
1254,115 60 86 45 113,19,115 72 0 101 113,2,14,17,0,14,8,2,var_0 counter_var_1 +,31,counter_var_0 var_1 +
1255,115 71 94 39 113,15,115 25 98 78 113,13,25,2,6,8,16,19,var_0 counter_var_1 +,27,counter_var_0 var_1 +
1256,115 15 85 3 113,31,115 18 75 82 113,15,18,16,6,3,20,21,var_0 counter_var_1 +,34,counter_var_0 var_1 +
1257,115 34 55 48 113,14,115 81 45 76 113,5,23,9,22,17,14,27,var_0 counter_var_1 +,32,counter_var_0 var_1 +
1258,115 31 84 32 113,17,115 39 57 1 113,2,10,15,11,1,1,13,var_0 counter_var_1 +,25,counter_var_0 var_1 +
1259,115 105 89 28 113,38,115 53 26 112 113,18,24,20,3,28,19,21,var_0 counter_var_1 +,44,counter_var_0 var_1 +
1260,115 100 35 9 113,25,115 10 60 44 113,13,10,12,14,9,13,27,var_0 counter_var_1 +,22,counter_var_0 var_1 +
1261,115 55 83 38 113,40,115 110 29 25 113,26,23,14,6,7,25,32,var_0 counter_var_1 +,37,counter_var_0 var_1 +
1262,115 64 50 77 113,10,115 13 105 62 113,6,13,4,13,15,0,19,var_0 counter_var_1 +,17,counter_var_0 var_1 +
1263,115 66 80 31 113,19,115 112 19 86 113,8,25,11,19,0,24,27,var_0 counter_var_1 +,36,counter_var_0 var_1 +
1264,115 43 31 109 113,22,115 28 74 13 113,14,28,8,5,16,13,19,var_0 counter_var_1 +,36,counter_var_0 var_1 +
1265,115 93 22 75 113,28,115 94 20 8 113,6,7,22,20,13,8,26,var_0 counter_var_1 +,29,counter_var_0 var_1 +
1266,115 0 86 45 113,17,115 103 74 13 113,0,16,17,5,14,13,5,var_0 counter_var_1 +,33,counter_var_0 var_1 +
1267,115 53 58 98 113,36,115 19 45 76 113,24,19,12,22,5,14,46,var_0 counter_var_1 +,31,counter_var_0 var_1 +
1268,115 16 107 60 113,31,115 84 60 44 113,16,26,15,14,29,13,30,var_0 counter_var_1 +,41,counter_var_0 var_1 +
1269,115 30 17 108 113,18,115 48 47 34 113,1,19,17,1,15,3,2,var_0 counter_var_1 +,36,counter_var_0 var_1 +
1270,115 90 26 112 113,6,115 75 31 109 113,3,17,3,8,19,16,11,var_0 counter_var_1 +,20,counter_var_0 var_1 +
1271,115 18 87 69 113,36,115 77 98 78 113,18,19,18,6,7,16,24,var_0 counter_var_1 +,37,counter_var_0 var_1 +
1272,115 69 71 74 113,13,115 98 34 27 113,11,11,2,11,12,27,22,var_0 counter_var_1 +,13,counter_var_0 var_1 +
1273,115 81 26 112 113,26,115 48 31 109 113,23,19,3,8,19,16,31,var_0 counter_var_1 +,22,counter_var_0 var_1 +
1274,115 89 72 71 113,5,115 58 52 95 113,2,0,3,6,9,2,8,var_0 counter_var_1 +,3,counter_var_0 var_1 +
1275,115 69 49 72 113,14,115 74 89 28 113,11,16,3,20,10,28,31,var_0 counter_var_1 +,19,counter_var_0 var_1 +
1276,115 27 73 96 113,31,115 21 21 92 113,27,21,4,21,3,30,48,var_0 counter_var_1 +,25,counter_var_0 var_1 +
1277,115 88 6 56 113,7,115 31 76 93 113,1,2,6,7,25,0,8,var_0 counter_var_1 +,8,counter_var_0 var_1 +
1278,115 41 32 64 113,21,115 42 24 5 113,12,13,9,1,2,5,13,var_0 counter_var_1 +,22,counter_var_0 var_1 +
1279,115 80 37 42 113,36,115 31 69 99 113,22,2,14,0,11,6,22,var_0 counter_var_1 +,16,counter_var_0 var_1 +
1280,115 65 110 61 113,25,115 45 65 17 113,7,16,18,19,30,17,26,var_0 counter_var_1 +,34,counter_var_0 var_1 +
1281,115 104 78 65 113,26,115 31 4 52 113,17,2,9,4,3,21,21,var_0 counter_var_1 +,11,counter_var_0 var_1 +
1282,115 44 93 37 113,16,115 2 29 25 113,15,2,1,6,6,25,21,var_0 counter_var_1 +,3,counter_var_0 var_1 +
1283,115 9 102 16 113,19,115 36 77 105 113,9,7,10,8,16,12,17,var_0 counter_var_1 +,17,counter_var_0 var_1 +
1284,115 86 80 31 113,39,115 87 45 76 113,28,0,11,22,0,14,50,var_0 counter_var_1 +,11,counter_var_0 var_1 +
1285,115 17 52 95 113,23,115 112 46 80 113,17,25,6,0,2,18,17,var_0 counter_var_1 +,31,counter_var_0 var_1 +
1286,115 43 83 38 113,28,115 50 83 38 113,14,21,14,14,7,7,28,var_0 counter_var_1 +,35,counter_var_0 var_1 +
1287,115 112 82 67 113,38,115 110 23 4 113,25,23,13,0,5,4,25,var_0 counter_var_1 +,36,counter_var_0 var_1 +
1288,115 88 51 97 113,6,115 63 16 94 113,1,5,5,16,4,1,17,var_0 counter_var_1 +,10,counter_var_0 var_1 +
1289,115 79 57 1 113,32,115 91 1 40 113,21,4,11,1,1,9,22,var_0 counter_var_1 +,15,counter_var_0 var_1 +
1290,115 20 50 77 113,24,115 63 15 53 113,20,5,4,15,15,22,35,var_0 counter_var_1 +,9,counter_var_0 var_1 +
1291,115 60 58 98 113,14,115 6 36 106 113,2,6,12,13,5,13,15,var_0 counter_var_1 +,18,counter_var_0 var_1 +
1292,115 29 66 102 113,20,115 63 11 30 113,0,5,20,11,9,30,11,var_0 counter_var_1 +,25,counter_var_0 var_1 +
1293,115 9 68 100 113,31,115 77 28 7 113,9,19,22,5,7,7,14,var_0 counter_var_1 +,41,counter_var_0 var_1 +
1294,115 17 110 61 113,35,115 44 75 82 113,17,15,18,6,30,20,23,var_0 counter_var_1 +,33,counter_var_0 var_1 +
1295,115 84 43 110 113,46,115 105 24 5 113,26,18,20,1,17,5,27,var_0 counter_var_1 +,38,counter_var_0 var_1 +
1296,115 39 96 6 113,14,115 107 67 46 113,10,20,4,21,6,15,31,var_0 counter_var_1 +,24,counter_var_0 var_1 +
1297,115 107 10 68 113,30,115 49 88 66 113,20,20,10,19,6,4,39,var_0 counter_var_1 +,30,counter_var_0 var_1 +
1298,115 64 55 48 113,15,115 34 22 75 113,6,5,9,22,17,13,28,var_0 counter_var_1 +,14,counter_var_0 var_1 +
1299,115 12 104 84 113,24,115 87 101 104 113,12,0,12,9,22,11,21,var_0 counter_var_1 +,12,counter_var_0 var_1 +
1300,115 58 39 14 113,16,115 57 65 17 113,0,28,16,19,14,17,19,var_0 counter_var_1 +,44,counter_var_0 var_1 +
1301,115 45 36 106 113,29,115 75 105 62 113,16,17,13,13,13,0,29,var_0 counter_var_1 +,30,counter_var_0 var_1 +
1302,115 39 52 95 113,16,115 53 83 38 113,10,24,6,14,2,7,24,var_0 counter_var_1 +,30,counter_var_0 var_1 +
1303,115 78 22 75 113,42,115 58 66 102 113,20,0,22,20,13,9,40,var_0 counter_var_1 +,22,counter_var_0 var_1 +
1304,115 90 106 35 113,17,115 42 67 46 113,3,13,14,21,4,15,24,var_0 counter_var_1 +,27,counter_var_0 var_1 +
1305,115 27 4 52 113,31,115 106 19 86 113,27,19,4,19,21,24,46,var_0 counter_var_1 +,23,counter_var_0 var_1 +
1306,115 70 112 103 113,32,115 27 49 72 113,12,27,20,3,10,10,15,var_0 counter_var_1 +,47,counter_var_0 var_1 +
1307,115 86 78 65 113,37,115 72 27 88 113,28,14,9,4,3,26,32,var_0 counter_var_1 +,23,counter_var_0 var_1 +
1308,115 14 20 8 113,34,115 68 96 6 113,14,10,20,4,8,6,18,var_0 counter_var_1 +,30,counter_var_0 var_1 +
1309,115 46 47 34 113,18,115 63 69 99 113,17,5,1,0,3,6,17,var_0 counter_var_1 +,6,counter_var_0 var_1 +
1310,115 104 73 96 113,21,115 45 40 11 113,17,16,4,17,3,11,34,var_0 counter_var_1 +,20,counter_var_0 var_1 +
1311,115 34 83 38 113,19,115 102 78 65 113,5,15,14,9,7,3,14,var_0 counter_var_1 +,29,counter_var_0 var_1 +
1312,115 111 98 78 113,30,115 8 9 87 113,24,8,6,9,16,25,33,var_0 counter_var_1 +,14,counter_var_0 var_1 +
1313,115 95 55 48 113,17,115 73 112 103 113,8,15,9,20,17,10,28,var_0 counter_var_1 +,24,counter_var_0 var_1 +
1314,115 9 10 68 113,19,115 88 85 3 113,9,1,10,16,6,3,25,var_0 counter_var_1 +,11,counter_var_0 var_1 +
1315,115 93 95 29 113,9,115 7 16 94 113,6,7,3,16,29,1,22,var_0 counter_var_1 +,10,counter_var_0 var_1 +
1316,115 13 3 15 113,16,115 96 98 78 113,13,9,3,6,15,16,19,var_0 counter_var_1 +,12,counter_var_0 var_1 +
1317,115 15 52 95 113,21,115 6 100 0 113,15,6,6,8,2,0,23,var_0 counter_var_1 +,12,counter_var_0 var_1 +
1318,115 6 33 50 113,16,115 8 48 89 113,6,8,10,2,19,27,8,var_0 counter_var_1 +,18,counter_var_0 var_1 +
1319,115 93 20 8 113,26,115 48 24 5 113,6,19,20,1,8,5,7,var_0 counter_var_1 +,39,counter_var_0 var_1 +
1320,115 72 89 28 113,34,115 52 77 105 113,14,23,20,8,28,12,22,var_0 counter_var_1 +,43,counter_var_0 var_1 +
1321,115 111 77 105 113,32,115 97 80 31 113,24,10,8,11,12,0,35,var_0 counter_var_1 +,18,counter_var_0 var_1 +
1322,115 70 27 88 113,16,115 71 96 6 113,12,13,4,4,26,6,16,var_0 counter_var_1 +,17,counter_var_0 var_1 +
1323,115 101 96 6 113,18,115 43 55 48 113,14,14,4,9,6,17,23,var_0 counter_var_1 +,18,counter_var_0 var_1 +
1324,115 62 13 91 113,17,115 10 44 107 113,4,10,13,21,29,14,25,var_0 counter_var_1 +,23,counter_var_0 var_1 +
1325,115 101 14 24 113,28,115 107 81 54 113,14,20,14,12,24,23,26,var_0 counter_var_1 +,34,counter_var_0 var_1 +
1326,115 30 28 7 113,6,115 23 50 77 113,1,23,5,4,7,15,5,var_0 counter_var_1 +,28,counter_var_0 var_1 +
1327,115 91 29 25 113,10,115 8 70 36 113,4,8,6,1,25,5,5,var_0 counter_var_1 +,14,counter_var_0 var_1 +
1328,115 35 29 25 113,12,115 0 59 23 113,6,0,6,13,25,23,19,var_0 counter_var_1 +,6,counter_var_0 var_1 +
1329,115 49 17 108 113,37,115 75 55 48 113,20,17,17,9,15,17,29,var_0 counter_var_1 +,34,counter_var_0 var_1 +
1330,115 87 43 110 113,20,115 6 41 22 113,0,6,20,18,17,22,18,var_0 counter_var_1 +,26,counter_var_0 var_1 +
1331,115 13 50 77 113,17,115 45 92 2 113,13,16,4,0,15,2,13,var_0 counter_var_1 +,20,counter_var_0 var_1 +
1332,115 20 14 24 113,34,115 55 17 108 113,20,26,14,17,24,15,37,var_0 counter_var_1 +,40,counter_var_0 var_1 +
1333,115 42 0 101 113,13,115 10 11 30 113,13,10,0,11,8,30,24,var_0 counter_var_1 +,10,counter_var_0 var_1 +
1334,115 23 97 81 113,28,115 104 22 75 113,23,17,5,22,19,13,45,var_0 counter_var_1 +,22,counter_var_0 var_1 +
1335,115 88 12 21 113,13,115 86 17 108 113,1,28,12,17,21,15,18,var_0 counter_var_1 +,40,counter_var_0 var_1 +
1336,115 50 1 40 113,22,115 79 79 57 113,21,21,1,10,9,26,31,var_0 counter_var_1 +,22,counter_var_0 var_1 +
1337,115 85 74 13 113,32,115 66 56 59 113,27,8,5,10,13,28,37,var_0 counter_var_1 +,13,counter_var_0 var_1 +
1338,115 28 87 69 113,46,115 44 85 3 113,28,15,18,16,7,3,44,var_0 counter_var_1 +,33,counter_var_0 var_1 +
1339,115 86 27 88 113,32,115 34 88 66 113,28,5,4,19,26,4,47,var_0 counter_var_1 +,9,counter_var_0 var_1 +
1340,115 84 53 51 113,33,115 69 61 18 113,26,11,7,15,20,18,41,var_0 counter_var_1 +,18,counter_var_0 var_1 +
1341,115 89 112 103 113,22,115 20 104 84 113,2,20,20,12,10,22,14,var_0 counter_var_1 +,40,counter_var_0 var_1 +
1342,115 12 20 8 113,32,115 35 38 20 113,12,6,20,15,8,20,27,var_0 counter_var_1 +,26,counter_var_0 var_1 +
1343,115 52 58 98 113,35,115 88 76 93 113,23,1,12,7,5,0,30,var_0 counter_var_1 +,13,counter_var_0 var_1 +
1344,115 78 112 103 113,40,115 60 6 56 113,20,2,20,6,10,25,26,var_0 counter_var_1 +,22,counter_var_0 var_1 +
1345,115 64 0 101 113,6,115 62 48 89 113,6,4,0,2,8,27,8,var_0 counter_var_1 +,4,counter_var_0 var_1 +
1346,115 100 78 65 113,22,115 10 108 58 113,13,10,9,16,3,27,29,var_0 counter_var_1 +,19,counter_var_0 var_1 +
1347,115 78 30 70 113,27,115 38 80 31 113,20,9,7,11,8,0,31,var_0 counter_var_1 +,16,counter_var_0 var_1 +
1348,115 46 80 31 113,28,115 94 103 49 113,17,7,11,11,0,18,28,var_0 counter_var_1 +,18,counter_var_0 var_1 +
1349,115 68 63 43 113,27,115 39 82 67 113,10,10,17,13,12,5,23,var_0 counter_var_1 +,27,counter_var_0 var_1 +
1350,115 10 94 39 113,12,115 57 109 79 113,10,28,2,17,8,17,27,var_0 counter_var_1 +,30,counter_var_0 var_1 +
1351,115 84 97 81 113,31,115 97 18 73 113,26,10,5,18,19,11,44,var_0 counter_var_1 +,15,counter_var_0 var_1 +
1352,115 48 62 41 113,35,115 1 5 47 113,19,1,16,5,10,16,24,var_0 counter_var_1 +,17,counter_var_0 var_1 +
1353,115 55 107 60 113,41,115 22 97 81 113,26,22,15,5,29,19,31,var_0 counter_var_1 +,37,counter_var_0 var_1 +
1354,115 95 49 72 113,11,115 56 55 48 113,8,27,3,9,10,17,17,var_0 counter_var_1 +,30,counter_var_0 var_1 +
1355,115 107 107 60 113,35,115 64 86 45 113,20,6,15,17,29,14,37,var_0 counter_var_1 +,21,counter_var_0 var_1 +
1356,115 101 16 94 113,30,115 73 5 47 113,14,15,16,5,1,16,19,var_0 counter_var_1 +,31,counter_var_0 var_1 +
1357,115 33 70 36 113,5,115 50 57 1 113,4,21,1,11,5,1,15,var_0 counter_var_1 +,22,counter_var_0 var_1 +
1358,115 19 23 4 113,19,115 32 58 98 113,19,3,0,12,4,5,31,var_0 counter_var_1 +,3,counter_var_0 var_1 +
1359,115 61 66 102 113,23,115 88 56 59 113,3,1,20,10,9,28,13,var_0 counter_var_1 +,21,counter_var_0 var_1 +
1360,115 66 45 76 113,30,115 105 19 86 113,8,18,22,19,14,24,27,var_0 counter_var_1 +,40,counter_var_0 var_1 +
1361,115 60 81 54 113,14,115 96 40 11 113,2,9,12,17,23,11,19,var_0 counter_var_1 +,21,counter_var_0 var_1 +
1362,115 2 98 78 113,8,115 63 110 61 113,2,5,6,18,16,30,20,var_0 counter_var_1 +,11,counter_var_0 var_1 +
1363,115 64 89 28 113,26,115 24 66 102 113,6,24,20,20,28,9,26,var_0 counter_var_1 +,44,counter_var_0 var_1 +
1364,115 94 33 50 113,17,115 31 43 110 113,7,2,10,20,19,17,27,var_0 counter_var_1 +,12,counter_var_0 var_1 +
1365,115 49 87 69 113,38,115 58 21 92 113,20,0,18,21,7,30,41,var_0 counter_var_1 +,18,counter_var_0 var_1 +
1366,115 109 84 32 113,37,115 98 86 45 113,22,11,15,17,1,14,39,var_0 counter_var_1 +,26,counter_var_0 var_1 +
1367,115 29 83 38 113,14,115 42 73 96 113,0,13,14,4,7,3,4,var_0 counter_var_1 +,27,counter_var_0 var_1 +
1368,115 26 69 99 113,26,115 77 80 31 113,26,19,0,11,6,0,37,var_0 counter_var_1 +,19,counter_var_0 var_1 +
1369,115 52 51 97 113,28,115 12 30 70 113,23,12,5,7,4,8,30,var_0 counter_var_1 +,17,counter_var_0 var_1 +
1370,115 27 94 39 113,29,115 2 76 93 113,27,2,2,7,8,0,34,var_0 counter_var_1 +,4,counter_var_0 var_1 +
1371,115 60 76 93 113,9,115 56 6 56 113,2,27,7,6,0,25,8,var_0 counter_var_1 +,34,counter_var_0 var_1 +
1372,115 30 46 80 113,1,115 30 1 40 113,1,1,0,1,18,9,2,var_0 counter_var_1 +,1,counter_var_0 var_1 +
1373,115 33 17 108 113,21,115 65 52 95 113,4,7,17,6,15,2,10,var_0 counter_var_1 +,24,counter_var_0 var_1 +
1374,115 88 86 45 113,18,115 107 17 108 113,1,20,17,17,14,15,18,var_0 counter_var_1 +,37,counter_var_0 var_1 +
1375,115 75 33 50 113,27,115 38 11 30 113,17,9,10,11,19,30,28,var_0 counter_var_1 +,19,counter_var_0 var_1 +
1376,115 53 35 9 113,36,115 58 19 86 113,24,0,12,19,9,24,43,var_0 counter_var_1 +,12,counter_var_0 var_1 +
1377,115 25 83 38 113,39,115 6 26 112 113,25,6,14,3,7,19,28,var_0 counter_var_1 +,20,counter_var_0 var_1 +
1378,115 78 26 112 113,23,115 65 58 98 113,20,7,3,12,19,5,32,var_0 counter_var_1 +,10,counter_var_0 var_1 +
1379,115 103 66 102 113,36,115 29 76 93 113,16,0,20,7,9,0,23,var_0 counter_var_1 +,20,counter_var_0 var_1 +
1380,115 88 78 65 113,10,115 73 54 83 113,1,15,9,8,3,21,9,var_0 counter_var_1 +,24,counter_var_0 var_1 +
1381,115 111 35 9 113,36,115 63 40 11 113,24,5,12,17,9,11,41,var_0 counter_var_1 +,17,counter_var_0 var_1 +
1382,115 37 28 7 113,13,115 81 107 60 113,8,23,5,15,7,29,23,var_0 counter_var_1 +,28,counter_var_0 var_1 +
1383,115 8 32 64 113,17,115 25 21 92 113,8,25,9,21,2,30,29,var_0 counter_var_1 +,34,counter_var_0 var_1 +
1384,115 10 71 74 113,12,115 83 13 91 113,10,25,2,13,12,29,23,var_0 counter_var_1 +,27,counter_var_0 var_1 +
1385,115 110 104 84 113,35,115 35 76 93 113,23,6,12,7,22,0,30,var_0 counter_var_1 +,18,counter_var_0 var_1 +
1386,115 101 82 67 113,27,115 22 15 53 113,14,22,13,15,5,22,29,var_0 counter_var_1 +,35,counter_var_0 var_1 +
1387,115 11 89 28 113,31,115 33 95 29 113,11,4,20,3,28,29,14,var_0 counter_var_1 +,24,counter_var_0 var_1 +
1388,115 108 74 13 113,26,115 111 3 15 113,21,24,5,3,13,15,24,var_0 counter_var_1 +,29,counter_var_0 var_1 +
1389,115 37 74 13 113,13,115 92 68 100 113,8,5,5,22,13,7,30,var_0 counter_var_1 +,10,counter_var_0 var_1 +
1390,115 37 73 96 113,12,115 6 60 44 113,8,6,4,14,3,13,22,var_0 counter_var_1 +,10,counter_var_0 var_1 +
1391,115 7 44 107 113,28,115 13 66 102 113,7,13,21,20,14,9,27,var_0 counter_var_1 +,34,counter_var_0 var_1 +
1392,115 82 112 103 113,44,115 98 66 102 113,24,11,20,20,10,9,44,var_0 counter_var_1 +,31,counter_var_0 var_1 +
1393,115 3 20 8 113,23,115 41 57 1 113,3,12,20,11,8,1,14,var_0 counter_var_1 +,32,counter_var_0 var_1 +
1394,115 82 9 87 113,33,115 15 12 21 113,24,15,9,12,25,21,36,var_0 counter_var_1 +,24,counter_var_0 var_1 +
1395,115 111 22 75 113,46,115 112 93 37 113,24,25,22,1,13,6,25,var_0 counter_var_1 +,47,counter_var_0 var_1 +
1396,115 94 82 67 113,20,115 40 60 44 113,7,11,13,14,5,13,21,var_0 counter_var_1 +,24,counter_var_0 var_1 +
1397,115 101 75 82 113,20,115 46 5 47 113,14,17,6,5,20,16,19,var_0 counter_var_1 +,23,counter_var_0 var_1 +
1398,115 37 2 63 113,10,115 80 5 47 113,8,22,2,5,1,16,13,var_0 counter_var_1 +,24,counter_var_0 var_1 +
1399,115 43 45 76 113,36,115 76 11 30 113,14,18,22,11,14,30,25,var_0 counter_var_1 +,40,counter_var_0 var_1 +
1400,115 104 35 9 113,29,115 23 1 40 113,17,23,12,1,9,9,18,var_0 counter_var_1 +,35,counter_var_0 var_1 +
1401,115 72 81 54 113,26,115 102 9 87 113,14,15,12,9,23,25,23,var_0 counter_var_1 +,27,counter_var_0 var_1 +
1402,115 49 26 112 113,23,115 18 7 10 113,20,18,3,7,19,10,27,var_0 counter_var_1 +,21,counter_var_0 var_1 +
1403,115 26 20 8 113,46,115 31 108 58 113,26,2,20,16,8,27,42,var_0 counter_var_1 +,22,counter_var_0 var_1 +
1404,115 86 47 34 113,29,115 77 60 44 113,28,19,1,14,3,13,42,var_0 counter_var_1 +,20,counter_var_0 var_1 +
1405,115 61 12 21 113,15,115 80 8 26 113,3,22,12,8,21,26,11,var_0 counter_var_1 +,34,counter_var_0 var_1 +
1406,115 60 80 31 113,13,115 70 45 76 113,2,12,11,22,0,14,24,var_0 counter_var_1 +,23,counter_var_0 var_1 +
1407,115 77 2 63 113,21,115 96 106 35 113,19,9,2,14,1,4,33,var_0 counter_var_1 +,11,counter_var_0 var_1 +
1408,115 34 20 8 113,25,115 59 109 79 113,5,1,20,17,8,17,22,var_0 counter_var_1 +,21,counter_var_0 var_1 +
1409,115 100 100 0 113,21,115 79 76 93 113,13,21,8,7,0,0,20,var_0 counter_var_1 +,29,counter_var_0 var_1 +
1410,115 67 53 51 113,16,115 74 26 112 113,9,16,7,3,20,19,12,var_0 counter_var_1 +,23,counter_var_0 var_1 +
1411,115 67 70 36 113,10,115 39 88 66 113,9,10,1,19,5,4,28,var_0 counter_var_1 +,11,counter_var_0 var_1 +
1412,115 36 70 36 113,8,115 99 108 58 113,7,12,1,16,5,27,23,var_0 counter_var_1 +,13,counter_var_0 var_1 +
1413,115 36 107 60 113,22,115 63 77 105 113,7,5,15,8,29,12,15,var_0 counter_var_1 +,20,counter_var_0 var_1 +
1414,115 26 43 110 113,46,115 11 96 6 113,26,11,20,4,17,6,30,var_0 counter_var_1 +,31,counter_var_0 var_1 +
1415,115 88 72 71 113,4,115 43 99 85 113,1,14,3,7,9,23,8,var_0 counter_var_1 +,17,counter_var_0 var_1 +
1416,115 53 36 106 113,37,115 74 38 20 113,24,16,13,15,13,20,39,var_0 counter_var_1 +,29,counter_var_0 var_1 +
1417,115 35 46 80 113,6,115 55 105 62 113,6,26,0,13,18,0,19,var_0 counter_var_1 +,26,counter_var_0 var_1 +
1418,115 43 30 70 113,21,115 109 95 29 113,14,22,7,3,8,29,17,var_0 counter_var_1 +,29,counter_var_0 var_1 +
1419,115 1 98 78 113,7,115 101 12 21 113,1,14,6,12,16,21,13,var_0 counter_var_1 +,20,counter_var_0 var_1 +
1420,115 57 16 94 113,44,115 34 105 62 113,28,5,16,13,1,0,41,var_0 counter_var_1 +,21,counter_var_0 var_1 +
1421,115 34 107 60 113,20,115 28 67 46 113,5,28,15,21,29,15,26,var_0 counter_var_1 +,43,counter_var_0 var_1 +
1422,115 71 27 88 113,17,115 55 6 56 113,13,26,4,6,26,25,19,var_0 counter_var_1 +,30,counter_var_0 var_1 +
1423,115 28 0 101 113,28,115 12 98 78 113,28,12,0,6,8,16,34,var_0 counter_var_1 +,12,counter_var_0 var_1 +
1424,115 96 35 9 113,21,115 54 8 26 113,9,25,12,8,9,26,17,var_0 counter_var_1 +,37,counter_var_0 var_1 +
1425,115 94 112 103 113,27,115 112 82 67 113,7,25,20,13,10,5,20,var_0 counter_var_1 +,45,counter_var_0 var_1 +
1426,115 80 43 110 113,42,115 41 98 78 113,22,12,20,6,17,16,28,var_0 counter_var_1 +,32,counter_var_0 var_1 +
1427,115 72 79 57 113,24,115 25 26 112 113,14,25,10,3,26,19,17,var_0 counter_var_1 +,35,counter_var_0 var_1 +
1428,115 71 74 13 113,18,115 65 95 29 113,13,7,5,3,13,29,16,var_0 counter_var_1 +,12,counter_var_0 var_1 +
1429,115 2 52 95 113,8,115 22 111 12 113,2,22,6,19,2,12,21,var_0 counter_var_1 +,28,counter_var_0 var_1 +
1430,115 84 21 92 113,47,115 100 49 72 113,26,13,21,3,30,10,29,var_0 counter_var_1 +,34,counter_var_0 var_1 +
1431,115 33 79 57 113,14,115 54 84 32 113,4,25,10,15,26,1,19,var_0 counter_var_1 +,35,counter_var_0 var_1 +
1432,115 13 69 99 113,13,115 98 30 70 113,13,11,0,7,6,8,20,var_0 counter_var_1 +,11,counter_var_0 var_1 +
1433,115 75 44 107 113,38,115 71 109 79 113,17,13,21,17,14,17,34,var_0 counter_var_1 +,34,counter_var_0 var_1 +
1434,115 34 99 85 113,12,115 37 25 111 113,5,8,7,2,23,18,7,var_0 counter_var_1 +,15,counter_var_0 var_1 +
1435,115 31 44 107 113,23,115 50 31 109 113,2,21,21,8,14,16,10,var_0 counter_var_1 +,42,counter_var_0 var_1 +
1436,115 49 9 87 113,29,115 106 70 36 113,20,19,9,1,25,5,21,var_0 counter_var_1 +,28,counter_var_0 var_1 +
1437,115 95 66 102 113,28,115 51 34 27 113,8,22,20,11,9,27,19,var_0 counter_var_1 +,42,counter_var_0 var_1 +
1438,115 48 4 52 113,23,115 20 101 104 113,19,20,4,9,21,11,28,var_0 counter_var_1 +,24,counter_var_0 var_1 +
1439,115 5 80 31 113,16,115 28 10 68 113,5,28,11,10,0,6,15,var_0 counter_var_1 +,39,counter_var_0 var_1 +
1440,115 82 96 6 113,28,115 55 98 78 113,24,26,4,6,6,16,30,var_0 counter_var_1 +,30,counter_var_0 var_1 +
1441,115 21 39 14 113,37,115 46 12 21 113,21,17,16,12,14,21,33,var_0 counter_var_1 +,33,counter_var_0 var_1 +
1442,115 53 38 20 113,39,115 63 39 14 113,24,5,15,16,20,14,40,var_0 counter_var_1 +,20,counter_var_0 var_1 +
1443,115 88 21 92 113,22,115 12 35 9 113,1,12,21,12,30,9,13,var_0 counter_var_1 +,33,counter_var_0 var_1 +
1444,115 74 95 29 113,19,115 75 53 51 113,16,17,3,7,29,20,23,var_0 counter_var_1 +,20,counter_var_0 var_1 +
1445,115 38 77 105 113,17,115 94 80 31 113,9,7,8,11,12,0,20,var_0 counter_var_1 +,15,counter_var_0 var_1 +
1446,115 31 11 30 113,13,115 34 49 72 113,2,5,11,3,30,10,5,var_0 counter_var_1 +,16,counter_var_0 var_1 +
1447,115 59 110 61 113,19,115 89 75 82 113,1,2,18,6,30,20,7,var_0 counter_var_1 +,20,counter_var_0 var_1 +
1448,115 6 92 2 113,6,115 112 80 31 113,6,25,0,11,2,0,17,var_0 counter_var_1 +,25,counter_var_0 var_1 +
1449,115 52 67 46 113,44,115 64 100 0 113,23,6,21,8,15,0,31,var_0 counter_var_1 +,27,counter_var_0 var_1 +
1450,115 20 71 74 113,22,115 79 15 53 113,20,21,2,15,12,22,35,var_0 counter_var_1 +,23,counter_var_0 var_1 +
1451,115 95 21 92 113,29,115 35 53 51 113,8,6,21,7,30,20,15,var_0 counter_var_1 +,27,counter_var_0 var_1 +
1452,115 40 80 31 113,22,115 102 89 28 113,11,15,11,20,0,28,31,var_0 counter_var_1 +,26,counter_var_0 var_1 +
1453,115 40 94 39 113,13,115 95 102 16 113,11,8,2,10,8,16,21,var_0 counter_var_1 +,10,counter_var_0 var_1 +
1454,115 6 8 26 113,14,115 32 11 30 113,6,3,8,11,26,30,17,var_0 counter_var_1 +,11,counter_var_0 var_1 +
1455,115 15 82 67 113,28,115 56 30 70 113,15,27,13,7,5,8,22,var_0 counter_var_1 +,40,counter_var_0 var_1 +
1456,115 28 36 106 113,41,115 6 89 28 113,28,6,13,20,13,28,48,var_0 counter_var_1 +,19,counter_var_0 var_1 +
1457,115 2 80 31 113,13,115 11 43 110 113,2,11,11,20,0,17,22,var_0 counter_var_1 +,22,counter_var_0 var_1 +
1458,115 93 68 100 113,28,115 12 39 14 113,6,12,22,16,7,14,22,var_0 counter_var_1 +,34,counter_var_0 var_1 +
1459,115 79 109 79 113,38,115 102 16 94 113,21,15,17,16,17,1,37,var_0 counter_var_1 +,32,counter_var_0 var_1 +
1460,115 44 83 38 113,29,115 3 59 23 113,15,3,14,13,7,23,28,var_0 counter_var_1 +,17,counter_var_0 var_1 +
1461,115 93 1 40 113,7,115 56 72 71 113,6,27,1,3,9,9,9,var_0 counter_var_1 +,28,counter_var_0 var_1 +
1462,115 55 22 75 113,48,115 52 62 41 113,26,23,22,16,13,10,42,var_0 counter_var_1 +,45,counter_var_0 var_1 +
1463,115 74 62 41 113,32,115 91 91 33 113,16,4,16,22,10,2,38,var_0 counter_var_1 +,20,counter_var_0 var_1 +
1464,115 88 25 111 113,3,115 4 36 106 113,1,4,2,13,18,13,14,var_0 counter_var_1 +,6,counter_var_0 var_1 +
1465,115 73 66 102 113,35,115 52 102 16 113,15,23,20,10,9,16,25,var_0 counter_var_1 +,43,counter_var_0 var_1 +
1466,115 107 45 76 113,42,115 43 75 82 113,20,14,22,6,14,20,26,var_0 counter_var_1 +,36,counter_var_0 var_1 +
1467,115 76 34 27 113,29,115 32 108 58 113,18,3,11,16,27,27,34,var_0 counter_var_1 +,14,counter_var_0 var_1 +
1468,115 80 62 41 113,38,115 37 66 102 113,22,8,16,20,10,9,42,var_0 counter_var_1 +,24,counter_var_0 var_1 +
1469,115 83 102 16 113,35,115 94 49 72 113,25,7,10,3,16,10,28,var_0 counter_var_1 +,17,counter_var_0 var_1 +
1470,115 85 35 9 113,39,115 39 46 80 113,27,10,12,0,9,18,27,var_0 counter_var_1 +,22,counter_var_0 var_1 +
1471,115 44 54 83 113,23,115 39 20 8 113,15,10,8,20,21,8,35,var_0 counter_var_1 +,18,counter_var_0 var_1 +
1472,115 96 16 94 113,25,115 74 81 54 113,9,16,16,12,1,23,21,var_0 counter_var_1 +,32,counter_var_0 var_1 +
1473,115 92 15 53 113,20,115 29 61 18 113,5,0,15,15,22,18,20,var_0 counter_var_1 +,15,counter_var_0 var_1 +
1474,115 107 4 52 113,24,115 9 37 42 113,20,9,4,14,21,11,34,var_0 counter_var_1 +,13,counter_var_0 var_1 +
1475,115 81 109 79 113,40,115 40 6 56 113,23,11,17,6,17,25,29,var_0 counter_var_1 +,28,counter_var_0 var_1 +
1476,115 107 27 88 113,24,115 86 42 55 113,20,28,4,19,26,24,39,var_0 counter_var_1 +,32,counter_var_0 var_1 +
1477,115 87 0 101 113,0,115 104 45 76 113,0,17,0,22,8,14,22,var_0 counter_var_1 +,17,counter_var_0 var_1 +
1478,115 66 81 54 113,20,115 62 110 61 113,8,4,12,18,23,30,26,var_0 counter_var_1 +,16,counter_var_0 var_1 +
1479,115 2 1 40 113,3,115 85 12 21 113,2,27,1,12,9,21,14,var_0 counter_var_1 +,28,counter_var_0 var_1 +
1480,115 79 85 3 113,37,115 44 84 32 113,21,15,16,15,3,1,36,var_0 counter_var_1 +,31,counter_var_0 var_1 +
1481,115 101 100 0 113,22,115 54 35 9 113,14,25,8,12,0,9,26,var_0 counter_var_1 +,33,counter_var_0 var_1 +
1482,115 19 52 95 113,25,115 84 110 61 113,19,26,6,18,2,30,37,var_0 counter_var_1 +,32,counter_var_0 var_1 +
1483,115 81 14 24 113,37,115 51 62 41 113,23,22,14,16,24,10,39,var_0 counter_var_1 +,36,counter_var_0 var_1 +
1484,115 1 34 27 113,12,115 25 38 20 113,1,25,11,15,27,20,16,var_0 counter_var_1 +,36,counter_var_0 var_1 +
1485,115 86 24 5 113,29,115 49 63 43 113,28,20,1,17,5,12,45,var_0 counter_var_1 +,21,counter_var_0 var_1 +
1486,115 106 92 2 113,19,115 64 0 101 113,19,6,0,0,2,8,19,var_0 counter_var_1 +,6,counter_var_0 var_1 +
1487,115 62 42 55 113,23,115 85 111 12 113,4,27,19,19,24,12,23,var_0 counter_var_1 +,46,counter_var_0 var_1 +
1488,115 12 34 27 113,23,115 23 92 2 113,12,23,11,0,27,2,12,var_0 counter_var_1 +,34,counter_var_0 var_1 +
1489,115 97 9 87 113,19,115 57 20 8 113,10,28,9,20,25,8,30,var_0 counter_var_1 +,37,counter_var_0 var_1 +
1490,115 55 71 74 113,28,115 65 38 20 113,26,7,2,15,12,20,41,var_0 counter_var_1 +,9,counter_var_0 var_1 +
1491,115 34 71 74 113,7,115 70 59 23 113,5,12,2,13,12,23,18,var_0 counter_var_1 +,14,counter_var_0 var_1 +
1492,115 81 82 67 113,36,115 31 6 56 113,23,2,13,6,5,25,29,var_0 counter_var_1 +,15,counter_var_0 var_1 +
1493,115 19 81 54 113,31,115 17 76 93 113,19,17,12,7,23,0,26,var_0 counter_var_1 +,29,counter_var_0 var_1 +
1494,115 6 49 72 113,9,115 52 65 17 113,6,23,3,19,10,17,25,var_0 counter_var_1 +,26,counter_var_0 var_1 +
1495,115 100 64 19 113,31,115 54 62 41 113,13,25,18,16,19,10,29,var_0 counter_var_1 +,43,counter_var_0 var_1 +
1496,115 105 3 15 113,21,115 90 109 79 113,18,3,3,17,15,17,35,var_0 counter_var_1 +,6,counter_var_0 var_1 +
1497,115 25 71 74 113,27,115 56 14 24 113,25,27,2,14,12,24,39,var_0 counter_var_1 +,29,counter_var_0 var_1 +
1498,115 60 13 91 113,15,115 86 1 40 113,2,28,13,1,29,9,3,var_0 counter_var_1 +,41,counter_var_0 var_1 +
1499,115 38 10 68 113,19,115 89 28 7 113,9,2,10,5,6,7,14,var_0 counter_var_1 +,12,counter_var_0 var_1 +
1500,115 51 27 88 113,26,115 7 76 93 113,22,7,4,7,26,0,29,var_0 counter_var_1 +,11,counter_var_0 var_1 +
1501,115 77 14 24 113,33,115 50 79 57 113,19,21,14,10,24,26,29,var_0 counter_var_1 +,35,counter_var_0 var_1 +
1502,115 35 18 73 113,24,115 106 31 109 113,6,19,18,8,11,16,14,var_0 counter_var_1 +,37,counter_var_0 var_1 +
1503,115 73 28 7 113,20,115 10 93 37 113,15,10,5,1,7,6,16,var_0 counter_var_1 +,15,counter_var_0 var_1 +
1504,115 14 92 2 113,14,115 25 81 54 113,14,25,0,12,2,23,26,var_0 counter_var_1 +,25,counter_var_0 var_1 +
1505,115 94 63 43 113,24,115 1 85 3 113,7,1,17,16,12,3,23,var_0 counter_var_1 +,18,counter_var_0 var_1 +
1506,115 91 32 64 113,13,115 41 90 90 113,4,12,9,21,2,28,25,var_0 counter_var_1 +,21,counter_var_0 var_1 +
1507,115 76 100 0 113,26,115 62 31 109 113,18,4,8,8,0,16,26,var_0 counter_var_1 +,12,counter_var_0 var_1 +
1508,115 98 15 53 113,26,115 48 7 10 113,11,19,15,7,22,10,18,var_0 counter_var_1 +,34,counter_var_0 var_1 +
1509,115 20 81 54 113,32,115 101 101 104 113,20,14,12,9,23,11,29,var_0 counter_var_1 +,26,counter_var_0 var_1 +
1510,115 6 84 32 113,21,115 12 25 111 113,6,12,15,2,1,18,8,var_0 counter_var_1 +,27,counter_var_0 var_1 +
1511,115 111 71 74 113,26,115 5 112 103 113,24,5,2,20,12,10,44,var_0 counter_var_1 +,7,counter_var_0 var_1 +
1512,115 34 78 65 113,14,115 4 105 62 113,5,4,9,13,3,0,18,var_0 counter_var_1 +,13,counter_var_0 var_1 +
1513,115 56 6 56 113,33,115 2 13 91 113,27,2,6,13,25,29,40,var_0 counter_var_1 +,8,counter_var_0 var_1 +
1514,115 97 21 92 113,31,115 94 57 1 113,10,7,21,11,30,1,21,var_0 counter_var_1 +,28,counter_var_0 var_1 +
1515,115 106 48 89 113,21,115 7 73 96 113,19,7,2,4,27,3,23,var_0 counter_var_1 +,9,counter_var_0 var_1 +
1516,115 57 78 65 113,37,115 14 39 14 113,28,14,9,16,3,14,44,var_0 counter_var_1 +,23,counter_var_0 var_1 +
1517,115 57 102 16 113,38,115 51 65 17 113,28,22,10,19,16,17,47,var_0 counter_var_1 +,32,counter_var_0 var_1 +
1518,115 107 63 43 113,37,115 12 7 10 113,20,12,17,7,12,10,27,var_0 counter_var_1 +,29,counter_var_0 var_1 +
1519,115 103 89 28 113,36,115 93 82 67 113,16,6,20,13,28,5,29,var_0 counter_var_1 +,26,counter_var_0 var_1 +
1520,115 85 13 91 113,40,115 103 0 101 113,27,16,13,0,29,8,27,var_0 counter_var_1 +,29,counter_var_0 var_1 +
1521,115 41 25 111 113,14,115 69 24 5 113,12,11,2,1,18,5,13,var_0 counter_var_1 +,13,counter_var_0 var_1 +
1522,115 64 21 92 113,27,115 103 67 46 113,6,16,21,21,30,15,27,var_0 counter_var_1 +,37,counter_var_0 var_1 +
1523,115 105 96 6 113,22,115 73 11 30 113,18,15,4,11,6,30,29,var_0 counter_var_1 +,19,counter_var_0 var_1 +
1524,115 23 71 74 113,25,115 63 74 13 113,23,5,2,5,12,13,28,var_0 counter_var_1 +,7,counter_var_0 var_1 +
1525,115 7 51 97 113,12,115 52 74 13 113,7,23,5,5,4,13,12,var_0 counter_var_1 +,28,counter_var_0 var_1 +
1526,115 4 49 72 113,7,115 49 87 69 113,4,20,3,18,10,7,22,var_0 counter_var_1 +,23,counter_var_0 var_1 +
1527,115 94 7 10 113,14,115 54 46 80 113,7,25,7,0,10,18,7,var_0 counter_var_1 +,32,counter_var_0 var_1 +
1528,115 24 57 1 113,35,115 5 99 85 113,24,5,11,7,1,23,31,var_0 counter_var_1 +,16,counter_var_0 var_1 +
1529,115 85 70 36 113,28,115 76 20 8 113,27,18,1,20,5,8,47,var_0 counter_var_1 +,19,counter_var_0 var_1 +
1530,115 12 41 22 113,30,115 41 104 84 113,12,12,18,12,22,22,24,var_0 counter_var_1 +,30,counter_var_0 var_1 +
1531,115 106 108 58 113,35,115 36 46 80 113,19,7,16,0,27,18,19,var_0 counter_var_1 +,23,counter_var_0 var_1 +
1532,115 101 52 95 113,20,115 90 25 111 113,14,3,6,2,2,18,16,var_0 counter_var_1 +,9,counter_var_0 var_1 +
1533,115 44 23 4 113,15,115 13 55 48 113,15,13,0,9,4,17,24,var_0 counter_var_1 +,13,counter_var_0 var_1 +
1534,115 38 46 80 113,9,115 63 87 69 113,9,5,0,18,18,7,27,var_0 counter_var_1 +,5,counter_var_0 var_1 +
1535,115 11 53 51 113,18,115 44 10 68 113,11,15,7,10,20,6,21,var_0 counter_var_1 +,22,counter_var_0 var_1 +
1536,115 38 16 94 113,25,115 92 54 83 113,9,5,16,8,1,21,17,var_0 counter_var_1 +,21,counter_var_0 var_1 +
1537,115 27 31 109 113,35,115 29 4 52 113,27,0,8,4,16,21,31,var_0 counter_var_1 +,8,counter_var_0 var_1 +
1538,115 8 10 68 113,18,115 68 107 60 113,8,10,10,15,6,29,23,var_0 counter_var_1 +,20,counter_var_0 var_1 +
1539,115 13 5 47 113,18,115 14 111 12 113,13,14,5,19,16,12,32,var_0 counter_var_1 +,19,counter_var_0 var_1 +
1540,115 64 53 51 113,13,115 46 97 81 113,6,17,7,5,20,19,11,var_0 counter_var_1 +,24,counter_var_0 var_1 +
1541,115 92 92 2 113,5,115 27 7 10 113,5,27,0,7,2,10,12,var_0 counter_var_1 +,27,counter_var_0 var_1 +
1542,115 12 21 92 113,33,115 23 31 109 113,12,23,21,8,30,16,20,var_0 counter_var_1 +,44,counter_var_0 var_1 +
1543,115 20 52 95 113,26,115 109 82 67 113,20,22,6,13,2,5,33,var_0 counter_var_1 +,28,counter_var_0 var_1 +
1544,115 51 34 27 113,33,115 65 4 52 113,22,7,11,4,27,21,26,var_0 counter_var_1 +,18,counter_var_0 var_1 +
1545,115 79 19 86 113,40,115 76 36 106 113,21,18,19,13,24,13,34,var_0 counter_var_1 +,37,counter_var_0 var_1 +
1546,115 69 25 111 113,13,115 39 85 3 113,11,10,2,16,18,3,27,var_0 counter_var_1 +,12,counter_var_0 var_1 +
1547,115 69 69 99 113,11,115 102 12 21 113,11,15,0,12,6,21,23,var_0 counter_var_1 +,15,counter_var_0 var_1 +
1548,115 76 26 112 113,21,115 8 59 23 113,18,8,3,13,19,23,31,var_0 counter_var_1 +,11,counter_var_0 var_1 +
1549,115 62 107 60 113,19,115 84 16 94 113,4,26,15,16,29,1,20,var_0 counter_var_1 +,41,counter_var_0 var_1 +
1550,115 93 7 10 113,13,115 102 60 44 113,6,15,7,14,10,13,20,var_0 counter_var_1 +,22,counter_var_0 var_1 +
1551,115 64 93 37 113,7,115 22 84 32 113,6,22,1,15,6,1,21,var_0 counter_var_1 +,23,counter_var_0 var_1 +
1552,115 30 34 27 113,12,115 60 25 111 113,1,2,11,2,27,18,3,var_0 counter_var_1 +,13,counter_var_0 var_1 +
1553,115 51 107 60 113,37,115 21 47 34 113,22,21,15,1,29,3,23,var_0 counter_var_1 +,36,counter_var_0 var_1 +
1554,115 112 3 15 113,28,115 49 75 82 113,25,20,3,6,15,20,31,var_0 counter_var_1 +,23,counter_var_0 var_1 +
1555,115 104 31 109 113,25,115 112 45 76 113,17,25,8,22,16,14,39,var_0 counter_var_1 +,33,counter_var_0 var_1 +
1556,115 64 71 74 113,8,115 46 101 104 113,6,17,2,9,12,11,15,var_0 counter_var_1 +,19,counter_var_0 var_1 +
1557,115 43 28 7 113,19,115 18 80 31 113,14,18,5,11,7,0,25,var_0 counter_var_1 +,23,counter_var_0 var_1 +
1558,115 70 36 106 113,25,115 3 96 6 113,12,3,13,4,13,6,16,var_0 counter_var_1 +,16,counter_var_0 var_1 +
1559,115 33 63 43 113,21,115 21 67 46 113,4,21,17,21,12,15,25,var_0 counter_var_1 +,38,counter_var_0 var_1 +
1560,115 53 30 70 113,31,115 84 31 109 113,24,26,7,8,8,16,32,var_0 counter_var_1 +,33,counter_var_0 var_1 +
1561,115 47 108 58 113,34,115 48 87 69 113,18,19,16,18,27,7,36,var_0 counter_var_1 +,35,counter_var_0 var_1 +
1562,115 56 47 34 113,28,115 30 87 69 113,27,1,1,18,3,7,45,var_0 counter_var_1 +,2,counter_var_0 var_1 +
1563,115 6 2 63 113,8,115 103 52 95 113,6,16,2,6,1,2,12,var_0 counter_var_1 +,18,counter_var_0 var_1 +
1564,115 7 11 30 113,18,115 67 16 94 113,7,9,11,16,30,1,23,var_0 counter_var_1 +,20,counter_var_0 var_1 +
1565,115 34 66 102 113,25,115 39 98 78 113,5,10,20,6,9,16,11,var_0 counter_var_1 +,30,counter_var_0 var_1 +
1566,115 35 88 66 113,25,115 63 57 1 113,6,5,19,11,4,1,17,var_0 counter_var_1 +,24,counter_var_0 var_1 +
1567,115 12 93 37 113,13,115 81 53 51 113,12,23,1,7,6,20,19,var_0 counter_var_1 +,24,counter_var_0 var_1 +
1568,115 40 3 15 113,14,115 11 26 112 113,11,11,3,3,15,19,14,var_0 counter_var_1 +,14,counter_var_0 var_1 +
1569,115 58 94 39 113,2,115 41 32 64 113,0,12,2,9,8,2,9,var_0 counter_var_1 +,14,counter_var_0 var_1 +
1570,115 62 50 77 113,8,115 93 105 62 113,4,6,4,13,15,0,17,var_0 counter_var_1 +,10,counter_var_0 var_1 +
1571,115 77 86 45 113,36,115 15 63 43 113,19,15,17,17,14,12,36,var_0 counter_var_1 +,32,counter_var_0 var_1 +
1572,115 65 14 24 113,21,115 71 56 59 113,7,13,14,10,24,28,17,var_0 counter_var_1 +,27,counter_var_0 var_1 +
1573,115 18 0 101 113,18,115 12 29 25 113,18,12,0,6,8,25,24,var_0 counter_var_1 +,12,counter_var_0 var_1 +
1574,115 2 30 70 113,9,115 77 102 16 113,2,19,7,10,8,16,12,var_0 counter_var_1 +,26,counter_var_0 var_1 +
1575,115 92 97 81 113,10,115 6 38 20 113,5,6,5,15,19,20,20,var_0 counter_var_1 +,11,counter_var_0 var_1 +
1576,115 74 90 90 113,37,115 52 41 22 113,16,23,21,18,28,22,34,var_0 counter_var_1 +,44,counter_var_0 var_1 +
1577,115 81 101 104 113,32,115 44 81 54 113,23,15,9,12,11,23,35,var_0 counter_var_1 +,24,counter_var_0 var_1 +
1578,115 50 8 26 113,29,115 95 0 101 113,21,8,8,0,26,8,21,var_0 counter_var_1 +,16,counter_var_0 var_1 +
1579,115 20 106 35 113,34,115 45 107 60 113,20,16,14,15,4,29,35,var_0 counter_var_1 +,30,counter_var_0 var_1 +
1580,115 19 1 40 113,20,115 71 64 19 113,19,13,1,18,9,19,37,var_0 counter_var_1 +,14,counter_var_0 var_1 +
1581,115 6 18 73 113,24,115 102 64 19 113,6,15,18,18,11,19,24,var_0 counter_var_1 +,33,counter_var_0 var_1 +
1582,115 28 58 98 113,40,115 110 90 90 113,28,23,12,21,5,28,49,var_0 counter_var_1 +,35,counter_var_0 var_1 +
1583,115 68 9 87 113,19,115 29 95 29 113,10,0,9,3,25,29,13,var_0 counter_var_1 +,9,counter_var_0 var_1 +
1584,115 55 12 21 113,38,115 18 41 22 113,26,18,12,18,21,22,44,var_0 counter_var_1 +,30,counter_var_0 var_1 +
1585,115 73 83 38 113,29,115 33 7 10 113,15,4,14,7,7,10,22,var_0 counter_var_1 +,18,counter_var_0 var_1 +
1586,115 47 8 26 113,26,115 98 9 87 113,18,11,8,9,26,25,27,var_0 counter_var_1 +,19,counter_var_0 var_1 +
1587,115 49 112 103 113,40,115 96 112 103 113,20,9,20,20,10,10,40,var_0 counter_var_1 +,29,counter_var_0 var_1 +
1588,115 103 79 57 113,26,115 95 79 57 113,16,8,10,10,26,26,26,var_0 counter_var_1 +,18,counter_var_0 var_1 +
1589,115 17 14 24 113,31,115 74 96 6 113,17,16,14,4,24,6,21,var_0 counter_var_1 +,30,counter_var_0 var_1 +
1590,115 97 60 44 113,24,115 55 61 18 113,10,26,14,15,13,18,25,var_0 counter_var_1 +,40,counter_var_0 var_1 +
1591,115 34 13 91 113,18,115 69 108 58 113,5,11,13,16,29,27,21,var_0 counter_var_1 +,24,counter_var_0 var_1 +
1592,115 94 41 22 113,25,115 101 28 7 113,7,14,18,5,22,7,12,var_0 counter_var_1 +,32,counter_var_0 var_1 +
1593,115 94 101 104 113,16,115 110 105 62 113,7,23,9,13,11,0,20,var_0 counter_var_1 +,32,counter_var_0 var_1 +
1594,115 31 26 112 113,5,115 105 60 44 113,2,18,3,14,19,13,16,var_0 counter_var_1 +,21,counter_var_0 var_1 +
1595,115 26 15 53 113,41,115 75 81 54 113,26,17,15,12,22,23,38,var_0 counter_var_1 +,32,counter_var_0 var_1 +
1596,115 41 104 84 113,24,115 103 54 83 113,12,16,12,8,22,21,20,var_0 counter_var_1 +,28,counter_var_0 var_1 +
1597,115 5 71 74 113,7,115 28 77 105 113,5,28,2,8,12,12,13,var_0 counter_var_1 +,30,counter_var_0 var_1 +
1598,115 91 37 42 113,18,115 89 107 60 113,4,2,14,15,11,29,19,var_0 counter_var_1 +,16,counter_var_0 var_1 +
1599,115 24 64 19 113,42,115 61 26 112 113,24,3,18,3,19,19,27,var_0 counter_var_1 +,21,counter_var_0 var_1 +
1600,115 102 2 63 113,17,115 105 32 64 113,15,18,2,9,1,2,24,var_0 counter_var_1 +,20,counter_var_0 var_1 +
1601,115 105 94 39 113,20,115 25 108 58 113,18,25,2,16,8,27,34,var_0 counter_var_1 +,27,counter_var_0 var_1 +
1602,115 37 90 90 113,29,115 25 95 29 113,8,25,21,3,28,29,11,var_0 counter_var_1 +,46,counter_var_0 var_1 +
1603,115 19 24 5 113,20,115 50 9 87 113,19,21,1,9,5,25,28,var_0 counter_var_1 +,22,counter_var_0 var_1 +
1604,115 53 83 38 113,38,115 55 111 12 113,24,26,14,19,7,12,43,var_0 counter_var_1 +,40,counter_var_0 var_1 +
1605,115 25 88 66 113,44,115 106 36 106 113,25,19,19,13,4,13,38,var_0 counter_var_1 +,38,counter_var_0 var_1 +
1606,115 102 11 30 113,26,115 59 41 22 113,15,1,11,18,30,22,33,var_0 counter_var_1 +,12,counter_var_0 var_1 +
1607,115 43 56 59 113,24,115 76 32 64 113,14,18,10,9,28,2,23,var_0 counter_var_1 +,28,counter_var_0 var_1 +
1608,115 99 81 54 113,24,115 101 33 50 113,12,14,12,10,23,19,22,var_0 counter_var_1 +,26,counter_var_0 var_1 +
1609,115 84 12 21 113,38,115 58 56 59 113,26,0,12,10,21,28,36,var_0 counter_var_1 +,12,counter_var_0 var_1 +
1610,115 3 36 106 113,16,115 22 24 5 113,3,22,13,1,13,5,4,var_0 counter_var_1 +,35,counter_var_0 var_1 +
1611,115 106 30 70 113,26,115 18 63 43 113,19,18,7,17,8,12,36,var_0 counter_var_1 +,25,counter_var_0 var_1 +
1612,115 16 44 107 113,37,115 46 8 26 113,16,17,21,8,14,26,24,var_0 counter_var_1 +,38,counter_var_0 var_1 +
1613,115 79 111 12 113,40,115 39 6 56 113,21,10,19,6,12,25,27,var_0 counter_var_1 +,29,counter_var_0 var_1 +
1614,115 77 66 102 113,39,115 83 96 6 113,19,25,20,4,9,6,23,var_0 counter_var_1 +,45,counter_var_0 var_1 +
1615,115 27 67 46 113,48,115 46 87 69 113,27,17,21,18,15,7,45,var_0 counter_var_1 +,38,counter_var_0 var_1 +
1616,115 2 48 89 113,4,115 52 23 4 113,2,23,2,0,27,4,2,var_0 counter_var_1 +,25,counter_var_0 var_1 +
1617,115 51 77 105 113,30,115 111 72 71 113,22,24,8,3,12,9,25,var_0 counter_var_1 +,32,counter_var_0 var_1 +
1618,115 62 1 40 113,5,115 15 76 93 113,4,15,1,7,9,0,11,var_0 counter_var_1 +,16,counter_var_0 var_1 +
1619,115 103 98 78 113,22,115 94 26 112 113,16,7,6,3,16,19,19,var_0 counter_var_1 +,13,counter_var_0 var_1 +
1620,115 47 106 35 113,32,115 85 60 44 113,18,27,14,14,4,13,32,var_0 counter_var_1 +,41,counter_var_0 var_1 +
1621,115 68 26 112 113,13,115 97 89 28 113,10,10,3,20,19,28,30,var_0 counter_var_1 +,13,counter_var_0 var_1 +
1622,115 44 61 18 113,30,115 48 72 71 113,15,19,15,3,18,9,18,var_0 counter_var_1 +,34,counter_var_0 var_1 +
1623,115 78 81 54 113,32,115 66 2 63 113,20,8,12,2,23,1,22,var_0 counter_var_1 +,20,counter_var_0 var_1 +
1624,115 47 73 96 113,22,115 23 48 89 113,18,23,4,2,3,27,20,var_0 counter_var_1 +,27,counter_var_0 var_1 +
1625,115 53 61 18 113,39,115 91 104 84 113,24,4,15,12,18,22,36,var_0 counter_var_1 +,19,counter_var_0 var_1 +
1626,115 50 32 64 113,30,115 100 112 103 113,21,13,9,20,2,10,41,var_0 counter_var_1 +,22,counter_var_0 var_1 +
1627,115 104 22 75 113,39,115 39 94 39 113,17,10,22,2,13,8,19,var_0 counter_var_1 +,32,counter_var_0 var_1 +
1628,115 45 92 2 113,16,115 111 98 78 113,16,24,0,6,2,16,22,var_0 counter_var_1 +,24,counter_var_0 var_1 +
1629,115 66 15 53 113,23,115 28 89 28 113,8,28,15,20,22,28,28,var_0 counter_var_1 +,43,counter_var_0 var_1 +
1630,115 28 22 75 113,50,115 37 111 12 113,28,8,22,19,13,12,47,var_0 counter_var_1 +,30,counter_var_0 var_1 +
1631,115 89 104 84 113,14,115 112 72 71 113,2,25,12,3,22,9,5,var_0 counter_var_1 +,37,counter_var_0 var_1 +
1632,115 13 84 32 113,28,115 80 21 92 113,13,22,15,21,1,30,34,var_0 counter_var_1 +,37,counter_var_0 var_1 +
1633,115 74 67 46 113,37,115 22 65 17 113,16,22,21,19,15,17,35,var_0 counter_var_1 +,43,counter_var_0 var_1 +
1634,115 84 38 20 113,41,115 38 96 6 113,26,9,15,4,20,6,30,var_0 counter_var_1 +,24,counter_var_0 var_1 +
1635,115 93 78 65 113,15,115 86 88 66 113,6,28,9,19,3,4,25,var_0 counter_var_1 +,37,counter_var_0 var_1 +
1636,115 5 77 105 113,13,115 63 83 38 113,5,5,8,14,12,7,19,var_0 counter_var_1 +,13,counter_var_0 var_1 +
1637,115 74 101 104 113,25,115 9 48 89 113,16,9,9,2,11,27,18,var_0 counter_var_1 +,18,counter_var_0 var_1 +
1638,115 105 23 4 113,18,115 1 32 64 113,18,1,0,9,4,2,27,var_0 counter_var_1 +,1,counter_var_0 var_1 +
1639,115 26 70 36 113,27,115 79 72 71 113,26,21,1,3,5,9,29,var_0 counter_var_1 +,22,counter_var_0 var_1 +
1640,115 103 81 54 113,28,115 108 25 111 113,16,21,12,2,23,18,18,var_0 counter_var_1 +,33,counter_var_0 var_1 +
1641,115 18 10 68 113,28,115 83 6 56 113,18,25,10,6,6,25,24,var_0 counter_var_1 +,35,counter_var_0 var_1 +
1642,115 28 72 71 113,31,115 19 85 3 113,28,19,3,16,9,3,44,var_0 counter_var_1 +,22,counter_var_0 var_1 +
1643,115 14 89 28 113,34,115 20 14 24 113,14,20,20,14,28,24,28,var_0 counter_var_1 +,40,counter_var_0 var_1 +
1644,115 64 96 6 113,10,115 86 54 83 113,6,28,4,8,6,21,14,var_0 counter_var_1 +,32,counter_var_0 var_1 +
1645,115 34 87 69 113,23,115 48 2 63 113,5,19,18,2,7,1,7,var_0 counter_var_1 +,37,counter_var_0 var_1 +
1646,115 59 93 37 113,2,115 68 28 7 113,1,10,1,5,6,7,6,var_0 counter_var_1 +,11,counter_var_0 var_1 +
1647,115 82 25 111 113,26,115 13 101 104 113,24,13,2,9,18,11,33,var_0 counter_var_1 +,15,counter_var_0 var_1 +
1648,115 86 50 77 113,32,115 65 32 64 113,28,7,4,9,15,2,37,var_0 counter_var_1 +,11,counter_var_0 var_1 +
1649,115 79 75 82 113,27,115 65 1 40 113,21,7,6,1,20,9,22,var_0 counter_var_1 +,13,counter_var_0 var_1 +
1650,115 75 83 38 113,31,115 21 56 59 113,17,21,14,10,7,28,27,var_0 counter_var_1 +,35,counter_var_0 var_1 +
1651,115 33 7 10 113,11,115 36 43 110 113,4,7,7,20,10,17,24,var_0 counter_var_1 +,14,counter_var_0 var_1 +
1652,115 34 110 61 113,23,115 14 20 8 113,5,14,18,20,30,8,25,var_0 counter_var_1 +,32,counter_var_0 var_1 +
1653,115 4 6 56 113,10,115 62 27 88 113,4,4,6,4,25,26,8,var_0 counter_var_1 +,10,counter_var_0 var_1 +
1654,115 71 40 11 113,30,115 3 112 103 113,13,3,17,20,11,10,33,var_0 counter_var_1 +,20,counter_var_0 var_1 +
1655,115 53 50 77 113,28,115 27 112 103 113,24,27,4,20,15,10,44,var_0 counter_var_1 +,31,counter_var_0 var_1 +
1656,115 41 38 20 113,27,115 79 88 66 113,12,21,15,19,20,4,31,var_0 counter_var_1 +,36,counter_var_0 var_1 +
1657,115 78 28 7 113,25,115 60 33 50 113,20,2,5,10,7,19,30,var_0 counter_var_1 +,7,counter_var_0 var_1 +
1658,115 111 13 91 113,37,115 52 84 32 113,24,23,13,15,29,1,39,var_0 counter_var_1 +,36,counter_var_0 var_1 +
1659,115 3 61 18 113,18,115 42 112 103 113,3,13,15,20,18,10,23,var_0 counter_var_1 +,28,counter_var_0 var_1 +
1660,115 50 70 36 113,22,115 51 35 9 113,21,22,1,12,5,9,33,var_0 counter_var_1 +,23,counter_var_0 var_1 +
1661,115 12 54 83 113,20,115 105 67 46 113,12,18,8,21,21,15,33,var_0 counter_var_1 +,26,counter_var_0 var_1 +
1662,115 18 42 55 113,37,115 37 89 28 113,18,8,19,20,24,28,38,var_0 counter_var_1 +,27,counter_var_0 var_1 +
1663,115 84 68 100 113,48,115 72 96 6 113,26,14,22,4,7,6,30,var_0 counter_var_1 +,36,counter_var_0 var_1 +
1664,115 24 16 94 113,40,115 89 27 88 113,24,2,16,4,1,26,28,var_0 counter_var_1 +,18,counter_var_0 var_1 +
1665,115 24 106 35 113,38,115 92 6 56 113,24,5,14,6,4,25,30,var_0 counter_var_1 +,19,counter_var_0 var_1 +
1666,115 107 43 110 113,40,115 65 30 70 113,20,7,20,7,17,8,27,var_0 counter_var_1 +,27,counter_var_0 var_1 +
1667,115 105 52 95 113,24,115 4 89 28 113,18,4,6,20,2,28,38,var_0 counter_var_1 +,10,counter_var_0 var_1 +
1668,115 50 30 70 113,28,115 112 10 68 113,21,25,7,10,8,6,31,var_0 counter_var_1 +,32,counter_var_0 var_1 +
1669,115 67 87 69 113,27,115 86 19 86 113,9,28,18,19,7,24,28,var_0 counter_var_1 +,46,counter_var_0 var_1 +
1670,115 61 104 84 113,15,115 59 58 98 113,3,1,12,12,22,5,15,var_0 counter_var_1 +,13,counter_var_0 var_1 +
1671,115 15 56 59 113,25,115 77 65 17 113,15,19,10,19,28,17,34,var_0 counter_var_1 +,29,counter_var_0 var_1 +
1672,115 61 28 7 113,8,115 42 79 57 113,3,13,5,10,7,26,13,var_0 counter_var_1 +,18,counter_var_0 var_1 +
1673,115 62 22 75 113,26,115 57 25 111 113,4,28,22,2,13,18,6,var_0 counter_var_1 +,50,counter_var_0 var_1 +
1674,115 51 98 78 113,28,115 30 37 42 113,22,1,6,14,16,11,36,var_0 counter_var_1 +,7,counter_var_0 var_1 +
1675,115 23 52 95 113,29,115 43 10 68 113,23,14,6,10,2,6,33,var_0 counter_var_1 +,20,counter_var_0 var_1 +
1676,115 53 0 101 113,24,115 86 72 71 113,24,28,0,3,8,9,27,var_0 counter_var_1 +,28,counter_var_0 var_1 +
1677,115 48 11 30 113,30,115 95 82 67 113,19,8,11,13,30,5,32,var_0 counter_var_1 +,19,counter_var_0 var_1 +
1678,115 63 4 52 113,9,115 32 61 18 113,5,3,4,15,21,18,20,var_0 counter_var_1 +,7,counter_var_0 var_1 +
1679,115 70 71 74 113,14,115 95 99 85 113,12,8,2,7,12,23,19,var_0 counter_var_1 +,10,counter_var_0 var_1 +
1680,115 97 25 111 113,12,115 0 47 34 113,10,0,2,1,18,3,11,var_0 counter_var_1 +,2,counter_var_0 var_1 +
1681,115 10 4 52 113,14,115 83 53 51 113,10,25,4,7,21,20,17,var_0 counter_var_1 +,29,counter_var_0 var_1 +
1682,115 26 108 58 113,42,115 4 31 109 113,26,4,16,8,27,16,34,var_0 counter_var_1 +,20,counter_var_0 var_1 +
1683,115 28 69 99 113,28,115 37 103 49 113,28,8,0,11,6,18,39,var_0 counter_var_1 +,8,counter_var_0 var_1 +
1684,115 80 79 57 113,32,115 10 63 43 113,22,10,10,17,26,12,39,var_0 counter_var_1 +,20,counter_var_0 var_1 +
1685,115 75 40 11 113,34,115 1 93 37 113,17,1,17,1,11,6,18,var_0 counter_var_1 +,18,counter_var_0 var_1 +
1686,115 53 4 52 113,28,115 93 49 72 113,24,6,4,3,21,10,27,var_0 counter_var_1 +,10,counter_var_0 var_1 +
1687,115 6 69 99 113,6,115 60 77 105 113,6,2,0,8,6,12,14,var_0 counter_var_1 +,2,counter_var_0 var_1 +
1688,115 19 105 62 113,32,115 65 110 61 113,19,7,13,18,0,30,37,var_0 counter_var_1 +,20,counter_var_0 var_1 +
1689,115 71 12 21 113,25,115 33 48 89 113,13,4,12,2,21,27,15,var_0 counter_var_1 +,16,counter_var_0 var_1 +
1690,115 74 81 54 113,28,115 58 68 100 113,16,0,12,22,23,7,38,var_0 counter_var_1 +,12,counter_var_0 var_1 +
1691,115 23 103 49 113,34,115 80 17 108 113,23,22,11,17,18,15,40,var_0 counter_var_1 +,33,counter_var_0 var_1 +
1692,115 66 94 39 113,10,115 85 44 107 113,8,27,2,21,8,14,29,var_0 counter_var_1 +,29,counter_var_0 var_1 +
1693,115 22 108 58 113,38,115 72 22 75 113,22,14,16,22,27,13,44,var_0 counter_var_1 +,30,counter_var_0 var_1 +
1694,115 17 84 32 113,32,115 112 81 54 113,17,25,15,12,1,23,29,var_0 counter_var_1 +,40,counter_var_0 var_1 +
1695,115 35 86 45 113,23,115 97 64 19 113,6,10,17,18,14,19,24,var_0 counter_var_1 +,27,counter_var_0 var_1 +
1696,115 21 67 46 113,42,115 48 64 19 113,21,19,21,18,15,19,39,var_0 counter_var_1 +,40,counter_var_0 var_1 +
1697,115 8 71 74 113,10,115 8 106 35 113,8,8,2,14,12,4,22,var_0 counter_var_1 +,10,counter_var_0 var_1 +
1698,115 111 93 37 113,25,115 38 92 2 113,24,9,1,0,6,2,24,var_0 counter_var_1 +,10,counter_var_0 var_1 +
1699,115 107 75 82 113,26,115 1 111 12 113,20,1,6,19,20,12,39,var_0 counter_var_1 +,7,counter_var_0 var_1 +
1700,115 84 94 39 113,28,115 108 12 21 113,26,21,2,12,8,21,38,var_0 counter_var_1 +,23,counter_var_0 var_1 +
1701,115 32 63 43 113,20,115 14 48 89 113,3,14,17,2,12,27,5,var_0 counter_var_1 +,31,counter_var_0 var_1 +
1702,115 32 34 27 113,14,115 91 85 3 113,3,4,11,16,27,3,19,var_0 counter_var_1 +,15,counter_var_0 var_1 +
1703,115 80 84 32 113,37,115 25 44 107 113,22,25,15,21,1,14,43,var_0 counter_var_1 +,40,counter_var_0 var_1 +
1704,115 85 30 70 113,34,115 111 57 1 113,27,24,7,11,8,1,38,var_0 counter_var_1 +,31,counter_var_0 var_1 +
1705,115 91 23 4 113,4,115 0 25 111 113,4,0,0,2,4,18,6,var_0 counter_var_1 +,0,counter_var_0 var_1 +
1706,115 13 66 102 113,33,115 54 31 109 113,13,25,20,8,9,16,21,var_0 counter_var_1 +,45,counter_var_0 var_1 +
1707,115 19 15 53 113,34,115 98 4 52 113,19,11,15,4,22,21,23,var_0 counter_var_1 +,26,counter_var_0 var_1 +
1708,115 40 42 55 113,30,115 51 49 72 113,11,22,19,3,24,10,14,var_0 counter_var_1 +,41,counter_var_0 var_1 +
1709,115 106 17 108 113,36,115 62 65 17 113,19,4,17,19,15,17,38,var_0 counter_var_1 +,21,counter_var_0 var_1 +
1710,115 104 86 45 113,34,115 52 111 12 113,17,23,17,19,14,12,36,var_0 counter_var_1 +,40,counter_var_0 var_1 +
1711,115 3 26 112 113,6,115 31 87 69 113,3,2,3,18,19,7,21,var_0 counter_var_1 +,5,counter_var_0 var_1 +
1712,115 21 31 109 113,29,115 0 107 60 113,21,0,8,15,16,29,36,var_0 counter_var_1 +,8,counter_var_0 var_1 +
1713,115 9 30 70 113,16,115 83 75 82 113,9,25,7,6,8,20,15,var_0 counter_var_1 +,32,counter_var_0 var_1 +
1714,115 83 93 37 113,26,115 20 7 10 113,25,20,1,7,6,10,32,var_0 counter_var_1 +,21,counter_var_0 var_1 +
1715,115 26 16 94 113,42,115 56 42 55 113,26,27,16,19,1,24,45,var_0 counter_var_1 +,43,counter_var_0 var_1 +
1716,115 48 3 15 113,22,115 10 4 52 113,19,10,3,4,15,21,23,var_0 counter_var_1 +,13,counter_var_0 var_1 +
1717,115 67 75 82 113,15,115 4 47 34 113,9,4,6,1,20,3,10,var_0 counter_var_1 +,10,counter_var_0 var_1 +
1718,115 88 83 38 113,15,115 73 90 90 113,1,15,14,21,7,28,22,var_0 counter_var_1 +,29,counter_var_0 var_1 +
1719,115 68 95 29 113,13,115 70 54 83 113,10,12,3,8,29,21,18,var_0 counter_var_1 +,15,counter_var_0 var_1 +
1720,115 30 35 9 113,13,115 82 92 2 113,1,24,12,0,9,2,1,var_0 counter_var_1 +,36,counter_var_0 var_1 +
1721,115 83 14 24 113,39,115 103 97 81 113,25,16,14,5,24,19,30,var_0 counter_var_1 +,30,counter_var_0 var_1 +
1722,115 41 99 85 113,19,115 56 19 86 113,12,27,7,19,23,24,31,var_0 counter_var_1 +,34,counter_var_0 var_1 +
1723,115 3 13 91 113,16,115 16 27 88 113,3,16,13,4,29,26,7,var_0 counter_var_1 +,29,counter_var_0 var_1 +
1724,115 52 20 8 113,43,115 53 27 88 113,23,24,20,4,8,26,27,var_0 counter_var_1 +,44,counter_var_0 var_1 +
1725,115 85 1 40 113,28,115 72 37 42 113,27,14,1,14,9,11,41,var_0 counter_var_1 +,15,counter_var_0 var_1 +
1726,115 46 50 77 113,21,115 8 79 57 113,17,8,4,10,15,26,27,var_0 counter_var_1 +,12,counter_var_0 var_1 +
1727,115 55 70 36 113,27,115 68 102 16 113,26,10,1,10,5,16,36,var_0 counter_var_1 +,11,counter_var_0 var_1 +
1728,115 43 19 86 113,33,115 60 7 10 113,14,2,19,7,24,10,21,var_0 counter_var_1 +,21,counter_var_0 var_1 +
1729,115 30 47 34 113,2,115 26 74 13 113,1,26,1,5,3,13,6,var_0 counter_var_1 +,27,counter_var_0 var_1 +
1730,115 108 27 88 113,25,115 54 70 36 113,21,25,4,1,26,5,22,var_0 counter_var_1 +,29,counter_var_0 var_1 +
1731,115 108 101 104 113,30,115 59 63 43 113,21,1,9,17,11,12,38,var_0 counter_var_1 +,10,counter_var_0 var_1 +
1732,115 77 79 57 113,29,115 43 0 101 113,19,14,10,0,26,8,19,var_0 counter_var_1 +,24,counter_var_0 var_1 +
1733,115 49 35 9 113,32,115 26 34 27 113,20,26,12,11,9,27,31,var_0 counter_var_1 +,38,counter_var_0 var_1 +
1734,115 71 92 2 113,13,115 62 54 83 113,13,4,0,8,2,21,21,var_0 counter_var_1 +,4,counter_var_0 var_1 +
1735,115 50 58 98 113,33,115 109 27 88 113,21,22,12,4,5,26,25,var_0 counter_var_1 +,34,counter_var_0 var_1 +
1736,115 17 28 7 113,22,115 91 100 0 113,17,4,5,8,7,0,25,var_0 counter_var_1 +,9,counter_var_0 var_1 +
1737,115 52 55 48 113,32,115 52 20 8 113,23,23,9,20,17,8,43,var_0 counter_var_1 +,32,counter_var_0 var_1 +
1738,115 12 3 15 113,15,115 106 58 98 113,12,19,3,12,15,5,24,var_0 counter_var_1 +,22,counter_var_0 var_1 +
1739,115 108 35 9 113,33,115 35 1 40 113,21,6,12,1,9,9,22,var_0 counter_var_1 +,18,counter_var_0 var_1 +
1740,115 90 99 85 113,10,115 80 87 69 113,3,22,7,18,23,7,21,var_0 counter_var_1 +,29,counter_var_0 var_1 +
1741,115 78 56 59 113,30,115 49 65 17 113,20,20,10,19,28,17,39,var_0 counter_var_1 +,30,counter_var_0 var_1 +
1742,115 97 91 33 113,32,115 95 31 109 113,10,8,22,8,2,16,18,var_0 counter_var_1 +,30,counter_var_0 var_1 +
1743,115 50 26 112 113,24,115 15 29 25 113,21,15,3,6,19,25,27,var_0 counter_var_1 +,18,counter_var_0 var_1 +
1744,115 77 34 27 113,30,115 56 98 78 113,19,27,11,6,27,16,25,var_0 counter_var_1 +,38,counter_var_0 var_1 +
1745,115 103 45 76 113,38,115 54 106 35 113,16,25,22,14,14,4,30,var_0 counter_var_1 +,47,counter_var_0 var_1 +
1746,115 71 17 108 113,30,115 67 58 98 113,13,9,17,12,15,5,25,var_0 counter_var_1 +,26,counter_var_0 var_1 +
1747,115 25 43 110 113,45,115 0 0 101 113,25,0,20,0,17,8,25,var_0 counter_var_1 +,20,counter_var_0 var_1 +
1748,115 104 5 47 113,22,115 101 25 111 113,17,14,5,2,16,18,19,var_0 counter_var_1 +,19,counter_var_0 var_1 +
1749,115 51 51 97 113,27,115 98 63 43 113,22,11,5,17,4,12,39,var_0 counter_var_1 +,16,counter_var_0 var_1 +
1750,115 39 88 66 113,29,115 18 88 66 113,10,18,19,19,4,4,29,var_0 counter_var_1 +,37,counter_var_0 var_1 +
1751,115 77 13 91 113,32,115 0 35 9 113,19,0,13,12,29,9,31,var_0 counter_var_1 +,13,counter_var_0 var_1 +
1752,115 31 45 76 113,24,115 25 109 79 113,2,25,22,17,14,17,19,var_0 counter_var_1 +,47,counter_var_0 var_1 +
1753,115 70 11 30 113,23,115 103 86 45 113,12,16,11,17,30,14,29,var_0 counter_var_1 +,27,counter_var_0 var_1 +
1754,115 0 112 103 113,20,115 37 12 21 113,0,8,20,12,10,21,12,var_0 counter_var_1 +,28,counter_var_0 var_1 +
1755,115 70 103 49 113,23,115 102 96 6 113,12,15,11,4,18,6,16,var_0 counter_var_1 +,26,counter_var_0 var_1 +
1756,115 4 90 90 113,25,115 83 97 81 113,4,25,21,5,28,19,9,var_0 counter_var_1 +,46,counter_var_0 var_1 +
1757,115 105 11 30 113,29,115 6 99 85 113,18,6,11,7,30,23,25,var_0 counter_var_1 +,17,counter_var_0 var_1 +
1758,115 13 85 3 113,29,115 44 21 92 113,13,15,16,21,3,30,34,var_0 counter_var_1 +,31,counter_var_0 var_1 +
1759,115 105 81 54 113,30,115 106 92 2 113,18,19,12,0,23,2,18,var_0 counter_var_1 +,31,counter_var_0 var_1 +
1760,115 56 94 39 113,29,115 27 37 42 113,27,27,2,14,8,11,41,var_0 counter_var_1 +,29,counter_var_0 var_1 +
1761,115 67 31 109 113,17,115 25 31 109 113,9,25,8,8,16,16,17,var_0 counter_var_1 +,33,counter_var_0 var_1 +
1762,115 75 89 28 113,37,115 60 42 55 113,17,2,20,19,28,24,36,var_0 counter_var_1 +,22,counter_var_0 var_1 +
1763,115 94 80 31 113,18,115 64 56 59 113,7,6,11,10,0,28,17,var_0 counter_var_1 +,17,counter_var_0 var_1 +
1764,115 1 59 23 113,14,115 25 27 88 113,1,25,13,4,23,26,5,var_0 counter_var_1 +,38,counter_var_0 var_1 +
1765,115 12 87 69 113,30,115 16 108 58 113,12,16,18,16,7,27,28,var_0 counter_var_1 +,34,counter_var_0 var_1 +
1766,115 90 58 98 113,15,115 21 50 77 113,3,21,12,4,5,15,7,var_0 counter_var_1 +,33,counter_var_0 var_1 +
1767,115 82 94 39 113,26,115 40 43 110 113,24,11,2,20,8,17,44,var_0 counter_var_1 +,13,counter_var_0 var_1 +
1768,115 28 33 50 113,38,115 50 8 26 113,28,21,10,8,19,26,36,var_0 counter_var_1 +,31,counter_var_0 var_1 +
1769,115 59 18 73 113,19,115 10 55 48 113,1,10,18,9,11,17,10,var_0 counter_var_1 +,28,counter_var_0 var_1 +
1770,115 18 81 54 113,30,115 105 29 25 113,18,18,12,6,23,25,24,var_0 counter_var_1 +,30,counter_var_0 var_1 +
1771,115 5 41 22 113,23,115 17 10 68 113,5,17,18,10,22,6,15,var_0 counter_var_1 +,35,counter_var_0 var_1 +
1772,115 13 87 69 113,31,115 57 68 100 113,13,28,18,22,7,7,35,var_0 counter_var_1 +,46,counter_var_0 var_1 +
1773,115 70 26 112 113,15,115 72 9 87 113,12,14,3,9,19,25,21,var_0 counter_var_1 +,17,counter_var_0 var_1 +
1774,115 42 15 53 113,28,115 24 13 91 113,13,24,15,13,22,29,26,var_0 counter_var_1 +,39,counter_var_0 var_1 +
1775,115 34 88 66 113,24,115 77 87 69 113,5,19,19,18,4,7,23,var_0 counter_var_1 +,38,counter_var_0 var_1 +
1776,115 53 26 112 113,27,115 92 93 37 113,24,5,3,1,19,6,25,var_0 counter_var_1 +,8,counter_var_0 var_1 +
1777,115 97 24 5 113,11,115 32 66 102 113,10,3,1,20,5,9,30,var_0 counter_var_1 +,4,counter_var_0 var_1 +
1778,115 82 75 82 113,30,115 87 60 44 113,24,0,6,14,20,13,38,var_0 counter_var_1 +,6,counter_var_0 var_1 +
1779,115 1 28 7 113,6,115 96 4 52 113,1,9,5,4,7,21,5,var_0 counter_var_1 +,14,counter_var_0 var_1 +
1780,115 88 15 53 113,16,115 98 107 60 113,1,11,15,15,22,29,16,var_0 counter_var_1 +,26,counter_var_0 var_1 +
1781,115 37 88 66 113,27,115 11 108 58 113,8,11,19,16,4,27,24,var_0 counter_var_1 +,30,counter_var_0 var_1 +
1782,115 59 11 30 113,12,115 83 110 61 113,1,25,11,18,30,30,19,var_0 counter_var_1 +,36,counter_var_0 var_1 +
1783,115 98 53 51 113,18,115 50 109 79 113,11,21,7,17,20,17,28,var_0 counter_var_1 +,28,counter_var_0 var_1 +
1784,115 39 73 96 113,14,115 54 27 88 113,10,25,4,4,3,26,14,var_0 counter_var_1 +,29,counter_var_0 var_1 +
1785,115 91 92 2 113,4,115 23 110 61 113,4,23,0,18,2,30,22,var_0 counter_var_1 +,23,counter_var_0 var_1 +
1786,115 69 70 36 113,12,115 37 26 112 113,11,8,1,3,5,19,14,var_0 counter_var_1 +,9,counter_var_0 var_1 +
1787,115 45 98 78 113,22,115 11 65 17 113,16,11,6,19,16,17,35,var_0 counter_var_1 +,17,counter_var_0 var_1 +
1788,115 32 93 37 113,4,115 36 68 100 113,3,7,1,22,6,7,25,var_0 counter_var_1 +,8,counter_var_0 var_1 +
1789,115 96 22 75 113,31,115 22 56 59 113,9,22,22,10,13,28,19,var_0 counter_var_1 +,44,counter_var_0 var_1 +
1790,115 57 48 89 113,30,115 43 89 28 113,28,14,2,20,27,28,48,var_0 counter_var_1 +,16,counter_var_0 var_1 +
1791,115 42 77 105 113,21,115 82 91 33 113,13,24,8,22,12,2,35,var_0 counter_var_1 +,32,counter_var_0 var_1 +
1792,115 84 24 5 113,27,115 21 105 62 113,26,21,1,13,5,0,39,var_0 counter_var_1 +,22,counter_var_0 var_1 +
1793,115 24 88 66 113,43,115 98 99 85 113,24,11,19,7,4,23,31,var_0 counter_var_1 +,30,counter_var_0 var_1 +
1794,115 106 2 63 113,21,115 71 2 63 113,19,13,2,2,1,1,21,var_0 counter_var_1 +,15,counter_var_0 var_1 +
1795,115 2 65 17 113,21,115 81 75 82 113,2,23,19,6,17,20,8,var_0 counter_var_1 +,42,counter_var_0 var_1 +
1796,115 25 76 93 113,32,115 55 18 73 113,25,26,7,18,0,11,43,var_0 counter_var_1 +,33,counter_var_0 var_1 +
1797,115 89 81 54 113,14,115 97 29 25 113,2,10,12,6,23,25,8,var_0 counter_var_1 +,22,counter_var_0 var_1 +
1798,115 23 84 32 113,38,115 8 34 27 113,23,8,15,11,1,27,34,var_0 counter_var_1 +,23,counter_var_0 var_1 +
1799,115 55 96 6 113,30,115 40 26 112 113,26,11,4,3,6,19,29,var_0 counter_var_1 +,15,counter_var_0 var_1 +
1800,115 28 112 103 113,48,115 25 105 62 113,28,25,20,13,10,0,41,var_0 counter_var_1 +,45,counter_var_0 var_1 +
1801,115 31 55 48 113,11,115 19 60 44 113,2,19,9,14,17,13,16,var_0 counter_var_1 +,28,counter_var_0 var_1 +
1802,115 48 81 54 113,31,115 92 90 90 113,19,5,12,21,23,28,40,var_0 counter_var_1 +,17,counter_var_0 var_1 +
1803,115 39 14 24 113,24,115 23 15 53 113,10,23,14,15,24,22,25,var_0 counter_var_1 +,37,counter_var_0 var_1 +
1804,115 106 1 40 113,20,115 108 67 46 113,19,21,1,21,9,15,40,var_0 counter_var_1 +,22,counter_var_0 var_1 +
1805,115 51 91 33 113,44,115 52 63 43 113,22,23,22,17,2,12,39,var_0 counter_var_1 +,45,counter_var_0 var_1 +
1806,115 103 94 39 113,18,115 17 83 38 113,16,17,2,14,8,7,30,var_0 counter_var_1 +,19,counter_var_0 var_1 +
1807,115 40 53 51 113,18,115 54 67 46 113,11,25,7,21,20,15,32,var_0 counter_var_1 +,32,counter_var_0 var_1 +
1808,115 68 66 102 113,30,115 10 70 36 113,10,10,20,1,9,5,11,var_0 counter_var_1 +,30,counter_var_0 var_1 +
1809,115 44 49 72 113,18,115 35 43 110 113,15,6,3,20,10,17,35,var_0 counter_var_1 +,9,counter_var_0 var_1 +
1810,115 109 31 109 113,30,115 54 81 54 113,22,25,8,12,16,23,34,var_0 counter_var_1 +,33,counter_var_0 var_1 +
1811,115 111 89 28 113,44,115 104 21 92 113,24,17,20,21,28,30,45,var_0 counter_var_1 +,37,counter_var_0 var_1 +
1812,115 57 20 8 113,48,115 68 60 44 113,28,10,20,14,8,13,42,var_0 counter_var_1 +,30,counter_var_0 var_1 +
1813,115 8 5 47 113,13,115 50 14 24 113,8,21,5,14,16,24,22,var_0 counter_var_1 +,26,counter_var_0 var_1 +
1814,115 65 62 41 113,23,115 14 108 58 113,7,14,16,16,10,27,23,var_0 counter_var_1 +,30,counter_var_0 var_1 +
1815,115 111 25 111 113,26,115 73 92 2 113,24,15,2,0,18,2,24,var_0 counter_var_1 +,17,counter_var_0 var_1 +
1816,115 40 32 64 113,20,115 50 70 36 113,11,21,9,1,2,5,12,var_0 counter_var_1 +,30,counter_var_0 var_1 +
1817,115 13 22 75 113,35,115 46 52 95 113,13,17,22,6,13,2,19,var_0 counter_var_1 +,39,counter_var_0 var_1 +
1818,115 60 11 30 113,13,115 87 97 81 113,2,0,11,5,30,19,7,var_0 counter_var_1 +,11,counter_var_0 var_1 +
1819,115 35 12 21 113,18,115 97 14 24 113,6,10,12,14,21,24,20,var_0 counter_var_1 +,22,counter_var_0 var_1 +
1820,115 51 104 84 113,34,115 67 27 88 113,22,9,12,4,22,26,26,var_0 counter_var_1 +,21,counter_var_0 var_1 +
1821,115 9 73 96 113,13,115 3 84 32 113,9,3,4,15,3,1,24,var_0 counter_var_1 +,7,counter_var_0 var_1 +
1822,115 112 105 62 113,38,115 68 95 29 113,25,10,13,3,0,29,28,var_0 counter_var_1 +,23,counter_var_0 var_1 +
1823,115 21 22 75 113,43,115 86 47 34 113,21,28,22,1,13,3,22,var_0 counter_var_1 +,50,counter_var_0 var_1 +
1824,115 54 62 41 113,41,115 59 44 107 113,25,1,16,21,10,14,46,var_0 counter_var_1 +,17,counter_var_0 var_1 +
1825,115 84 32 64 113,35,115 9 93 37 113,26,9,9,1,2,6,27,var_0 counter_var_1 +,18,counter_var_0 var_1 +
1826,115 106 35 9 113,31,115 59 23 4 113,19,1,12,0,9,4,19,var_0 counter_var_1 +,13,counter_var_0 var_1 +
1827,115 72 9 87 113,23,115 22 50 77 113,14,22,9,4,25,15,18,var_0 counter_var_1 +,31,counter_var_0 var_1 +
1828,115 79 39 14 113,37,115 101 106 35 113,21,14,16,14,14,4,35,var_0 counter_var_1 +,30,counter_var_0 var_1 +
1829,115 36 106 35 113,21,115 22 33 50 113,7,22,14,10,4,19,17,var_0 counter_var_1 +,36,counter_var_0 var_1 +
1830,115 53 108 58 113,40,115 9 109 79 113,24,9,16,17,27,17,41,var_0 counter_var_1 +,25,counter_var_0 var_1 +
1831,115 85 76 93 113,34,115 53 49 72 113,27,24,7,3,0,10,30,var_0 counter_var_1 +,31,counter_var_0 var_1 +
1832,115 82 41 22 113,42,115 75 18 73 113,24,17,18,18,22,11,42,var_0 counter_var_1 +,35,counter_var_0 var_1 +
1833,115 48 61 18 113,34,115 51 29 25 113,19,22,15,6,18,25,25,var_0 counter_var_1 +,37,counter_var_0 var_1 +
1834,115 110 68 100 113,45,115 108 5 47 113,23,21,22,5,7,16,28,var_0 counter_var_1 +,43,counter_var_0 var_1 +
1835,115 108 32 64 113,30,115 11 95 29 113,21,11,9,3,2,29,24,var_0 counter_var_1 +,20,counter_var_0 var_1 +
1836,115 18 94 39 113,20,115 50 35 9 113,18,21,2,12,8,9,30,var_0 counter_var_1 +,23,counter_var_0 var_1 +
1837,115 32 2 63 113,5,115 83 46 80 113,3,25,2,0,1,18,3,var_0 counter_var_1 +,27,counter_var_0 var_1 +
1838,115 25 4 52 113,29,115 38 61 18 113,25,9,4,15,21,18,40,var_0 counter_var_1 +,13,counter_var_0 var_1 +
1839,115 91 57 1 113,15,115 93 93 37 113,4,6,11,1,1,6,5,var_0 counter_var_1 +,17,counter_var_0 var_1 +
1840,115 53 77 105 113,32,115 79 84 32 113,24,21,8,15,12,1,39,var_0 counter_var_1 +,29,counter_var_0 var_1 +
1841,115 107 99 85 113,27,115 91 108 58 113,20,4,7,16,23,27,36,var_0 counter_var_1 +,11,counter_var_0 var_1 +
1842,115 66 90 90 113,29,115 97 48 89 113,8,10,21,2,28,27,10,var_0 counter_var_1 +,31,counter_var_0 var_1 +
1843,115 13 16 94 113,29,115 46 112 103 113,13,17,16,20,1,10,33,var_0 counter_var_1 +,33,counter_var_0 var_1 +
1844,115 26 75 82 113,32,115 73 106 35 113,26,15,6,14,20,4,40,var_0 counter_var_1 +,21,counter_var_0 var_1 +
1845,115 77 55 48 113,28,115 63 63 43 113,19,5,9,17,17,12,36,var_0 counter_var_1 +,14,counter_var_0 var_1 +
1846,115 112 53 51 113,32,115 35 82 67 113,25,6,7,13,20,5,38,var_0 counter_var_1 +,13,counter_var_0 var_1 +
1847,115 27 109 79 113,44,115 26 97 81 113,27,26,17,5,17,19,32,var_0 counter_var_1 +,43,counter_var_0 var_1 +
1848,115 24 12 21 113,36,115 110 24 5 113,24,23,12,1,21,5,25,var_0 counter_var_1 +,35,counter_var_0 var_1 +
1849,115 46 63 43 113,34,115 0 65 17 113,17,0,17,19,12,17,36,var_0 counter_var_1 +,17,counter_var_0 var_1 +
1850,115 32 110 61 113,21,115 28 106 35 113,3,28,18,14,30,4,17,var_0 counter_var_1 +,46,counter_var_0 var_1 +
1851,115 8 61 18 113,23,115 92 16 94 113,8,5,15,16,18,1,24,var_0 counter_var_1 +,20,counter_var_0 var_1 +
1852,115 5 78 65 113,14,115 105 57 1 113,5,18,9,11,3,1,16,var_0 counter_var_1 +,27,counter_var_0 var_1 +
1853,115 84 33 50 113,36,115 59 76 93 113,26,1,10,7,19,0,33,var_0 counter_var_1 +,11,counter_var_0 var_1 +
1854,115 1 108 58 113,17,115 79 26 112 113,1,21,16,3,27,19,4,var_0 counter_var_1 +,37,counter_var_0 var_1 +
1855,115 20 7 10 113,27,115 45 78 65 113,20,16,7,9,10,3,29,var_0 counter_var_1 +,23,counter_var_0 var_1 +
1856,115 100 70 36 113,14,115 88 109 79 113,13,1,1,17,5,17,30,var_0 counter_var_1 +,2,counter_var_0 var_1 +
1857,115 14 29 25 113,20,115 98 64 19 113,14,11,6,18,25,19,32,var_0 counter_var_1 +,17,counter_var_0 var_1 +
1858,115 25 51 97 113,30,115 105 78 65 113,25,18,5,9,4,3,34,var_0 counter_var_1 +,23,counter_var_0 var_1 +
1859,115 101 67 46 113,35,115 68 108 58 113,14,10,21,16,15,27,30,var_0 counter_var_1 +,31,counter_var_0 var_1 +
1860,115 88 14 24 113,15,115 73 4 52 113,1,15,14,4,24,21,5,var_0 counter_var_1 +,29,counter_var_0 var_1 +
1861,115 12 7 10 113,19,115 74 0 101 113,12,16,7,0,10,8,12,var_0 counter_var_1 +,23,counter_var_0 var_1 +
1862,115 82 27 88 113,28,115 103 16 94 113,24,16,4,16,26,1,40,var_0 counter_var_1 +,20,counter_var_0 var_1 +
1863,115 100 108 58 113,29,115 92 32 64 113,13,5,16,9,27,2,22,var_0 counter_var_1 +,21,counter_var_0 var_1 +
1864,115 85 10 68 113,37,115 65 103 49 113,27,7,10,11,6,18,38,var_0 counter_var_1 +,17,counter_var_0 var_1 +
1865,115 86 85 3 113,44,115 54 18 73 113,28,25,16,18,3,11,46,var_0 counter_var_1 +,41,counter_var_0 var_1 +
1866,115 8 97 81 113,13,115 2 92 2 113,8,2,5,0,19,2,8,var_0 counter_var_1 +,7,counter_var_0 var_1 +
1867,115 21 47 34 113,22,115 104 87 69 113,21,17,1,18,3,7,39,var_0 counter_var_1 +,18,counter_var_0 var_1 +
1868,115 73 19 86 113,34,115 69 31 109 113,15,11,19,8,24,16,23,var_0 counter_var_1 +,30,counter_var_0 var_1 +
1869,115 55 11 30 113,37,115 28 85 3 113,26,28,11,16,30,3,42,var_0 counter_var_1 +,39,counter_var_0 var_1 +
1870,115 22 77 105 113,30,115 76 14 24 113,22,18,8,14,12,24,36,var_0 counter_var_1 +,26,counter_var_0 var_1 +
1871,115 22 14 24 113,36,115 69 63 43 113,22,11,14,17,24,12,39,var_0 counter_var_1 +,25,counter_var_0 var_1 +
1872,115 97 35 9 113,22,115 108 54 83 113,10,21,12,8,9,21,18,var_0 counter_var_1 +,33,counter_var_0 var_1 +
1873,115 102 83 38 113,29,115 92 112 103 113,15,5,14,20,7,10,35,var_0 counter_var_1 +,19,counter_var_0 var_1 +
1874,115 78 67 46 113,41,115 17 20 8 113,20,17,21,20,15,8,40,var_0 counter_var_1 +,38,counter_var_0 var_1 +
1875,115 110 56 59 113,33,115 1 74 13 113,23,1,10,5,28,13,28,var_0 counter_var_1 +,11,counter_var_0 var_1 +
1876,115 28 67 46 113,49,115 42 46 80 113,28,13,21,0,15,18,28,var_0 counter_var_1 +,34,counter_var_0 var_1 +
1877,115 65 91 33 113,29,115 101 112 103 113,7,14,22,20,2,10,27,var_0 counter_var_1 +,36,counter_var_0 var_1 +
1878,115 16 85 3 113,32,115 74 33 50 113,16,16,16,10,3,19,26,var_0 counter_var_1 +,32,counter_var_0 var_1 +
1879,115 111 73 96 113,28,115 106 0 101 113,24,19,4,0,3,8,24,var_0 counter_var_1 +,23,counter_var_0 var_1 +
1880,115 13 46 80 113,13,115 53 51 97 113,13,24,0,5,18,4,18,var_0 counter_var_1 +,24,counter_var_0 var_1 +
1881,115 98 38 20 113,26,115 112 12 21 113,11,25,15,12,20,21,23,var_0 counter_var_1 +,40,counter_var_0 var_1 +
1882,115 97 89 28 113,30,115 56 51 97 113,10,27,20,5,28,4,15,var_0 counter_var_1 +,47,counter_var_0 var_1 +
1883,115 8 81 54 113,20,115 76 60 44 113,8,18,12,14,23,13,22,var_0 counter_var_1 +,30,counter_var_0 var_1 +
1884,115 60 47 34 113,3,115 2 73 96 113,2,2,1,4,3,3,6,var_0 counter_var_1 +,3,counter_var_0 var_1 +
1885,115 25 59 23 113,38,115 30 69 99 113,25,1,13,0,23,6,25,var_0 counter_var_1 +,14,counter_var_0 var_1 +
1886,115 21 40 11 113,38,115 0 48 89 113,21,0,17,2,11,27,23,var_0 counter_var_1 +,17,counter_var_0 var_1 +
1887,115 57 47 34 113,29,115 95 21 92 113,28,8,1,21,3,30,49,var_0 counter_var_1 +,9,counter_var_0 var_1 +
1888,115 76 28 7 113,23,115 93 46 80 113,18,6,5,0,7,18,18,var_0 counter_var_1 +,11,counter_var_0 var_1 +
1889,115 2 3 15 113,5,115 27 83 38 113,2,27,3,14,15,7,16,var_0 counter_var_1 +,30,counter_var_0 var_1 +
1890,115 34 1 40 113,6,115 36 38 20 113,5,7,1,15,9,20,20,var_0 counter_var_1 +,8,counter_var_0 var_1 +
1891,115 87 57 1 113,11,115 44 26 112 113,0,15,11,3,1,19,3,var_0 counter_var_1 +,26,counter_var_0 var_1 +
1892,115 110 90 90 113,44,115 75 106 35 113,23,17,21,14,28,4,37,var_0 counter_var_1 +,38,counter_var_0 var_1 +
1893,115 111 75 82 113,30,115 13 92 2 113,24,13,6,0,20,2,24,var_0 counter_var_1 +,19,counter_var_0 var_1 +
1894,115 13 6 56 113,19,115 92 89 28 113,13,5,6,20,25,28,33,var_0 counter_var_1 +,11,counter_var_0 var_1 +
1895,115 2 49 72 113,5,115 29 58 98 113,2,0,3,12,10,5,14,var_0 counter_var_1 +,3,counter_var_0 var_1 +
1896,115 26 40 11 113,43,115 62 56 59 113,26,4,17,10,11,28,36,var_0 counter_var_1 +,21,counter_var_0 var_1 +
1897,115 35 9 87 113,15,115 27 73 96 113,6,27,9,4,25,3,10,var_0 counter_var_1 +,36,counter_var_0 var_1 +
1898,115 88 38 20 113,16,115 16 89 28 113,1,16,15,20,20,28,21,var_0 counter_var_1 +,31,counter_var_0 var_1 +
1899,115 112 97 81 113,30,115 2 12 21 113,25,2,5,12,19,21,37,var_0 counter_var_1 +,7,counter_var_0 var_1 +
1900,115 74 37 42 113,30,115 6 108 58 113,16,6,14,16,11,27,32,var_0 counter_var_1 +,20,counter_var_0 var_1 +
1901,115 67 65 17 113,28,115 70 43 110 113,9,12,19,20,17,17,29,var_0 counter_var_1 +,31,counter_var_0 var_1 +
1902,115 24 17 108 113,41,115 14 34 27 113,24,14,17,11,15,27,35,var_0 counter_var_1 +,31,counter_var_0 var_1 +
1903,115 111 34 27 113,35,115 26 31 109 113,24,26,11,8,27,16,32,var_0 counter_var_1 +,37,counter_var_0 var_1 +
1904,115 104 21 92 113,38,115 17 61 18 113,17,17,21,15,30,18,32,var_0 counter_var_1 +,38,counter_var_0 var_1 +
1905,115 55 64 19 113,44,115 60 86 45 113,26,2,18,17,19,14,43,var_0 counter_var_1 +,20,counter_var_0 var_1 +
1906,115 48 39 14 113,35,115 110 98 78 113,19,23,16,6,14,16,25,var_0 counter_var_1 +,39,counter_var_0 var_1 +
1907,115 20 53 51 113,27,115 13 108 58 113,20,13,7,16,20,27,36,var_0 counter_var_1 +,20,counter_var_0 var_1 +
1908,115 28 20 8 113,48,115 102 94 39 113,28,15,20,2,8,8,30,var_0 counter_var_1 +,35,counter_var_0 var_1 +
1909,115 88 8 26 113,9,115 53 107 60 113,1,24,8,15,26,29,16,var_0 counter_var_1 +,32,counter_var_0 var_1 +
1910,115 65 75 82 113,13,115 66 81 54 113,7,8,6,12,20,23,19,var_0 counter_var_1 +,14,counter_var_0 var_1 +
1911,115 2 7 10 113,9,115 92 71 74 113,2,5,7,2,10,12,4,var_0 counter_var_1 +,12,counter_var_0 var_1 +
1912,115 7 85 3 113,23,115 17 44 107 113,7,17,16,21,3,14,28,var_0 counter_var_1 +,33,counter_var_0 var_1 +
1913,115 69 55 48 113,20,115 32 1 40 113,11,3,9,1,17,9,12,var_0 counter_var_1 +,12,counter_var_0 var_1 +
1914,115 70 54 83 113,20,115 76 43 110 113,12,18,8,20,21,17,32,var_0 counter_var_1 +,26,counter_var_0 var_1 +
1915,115 6 65 17 113,25,115 87 48 89 113,6,0,19,2,17,27,8,var_0 counter_var_1 +,19,counter_var_0 var_1 +
1916,115 63 91 33 113,27,115 85 15 53 113,5,27,22,15,2,22,20,var_0 counter_var_1 +,49,counter_var_0 var_1 +
1917,115 107 88 66 113,39,115 37 15 53 113,20,8,19,15,4,22,35,var_0 counter_var_1 +,27,counter_var_0 var_1 +
1918,115 45 61 18 113,31,115 107 93 37 113,16,20,15,1,18,6,17,var_0 counter_var_1 +,35,counter_var_0 var_1 +
1919,115 83 6 56 113,31,115 105 73 96 113,25,18,6,4,25,3,29,var_0 counter_var_1 +,24,counter_var_0 var_1 +
1920,115 76 75 82 113,24,115 101 14 24 113,18,14,6,14,20,24,32,var_0 counter_var_1 +,20,counter_var_0 var_1 +
1921,115 55 33 50 113,36,115 101 22 75 113,26,14,10,22,19,13,48,var_0 counter_var_1 +,24,counter_var_0 var_1 +
1922,115 108 94 39 113,23,115 100 53 51 113,21,13,2,7,8,20,28,var_0 counter_var_1 +,15,counter_var_0 var_1 +
1923,115 46 18 73 113,35,115 35 55 48 113,17,6,18,9,11,17,26,var_0 counter_var_1 +,24,counter_var_0 var_1 +
1924,115 6 86 45 113,23,115 110 38 20 113,6,23,17,15,14,20,21,var_0 counter_var_1 +,40,counter_var_0 var_1 +
1925,115 40 84 32 113,26,115 99 62 41 113,11,12,15,16,1,10,27,var_0 counter_var_1 +,27,counter_var_0 var_1 +
1926,115 82 40 11 113,41,115 71 100 0 113,24,13,17,8,11,0,32,var_0 counter_var_1 +,30,counter_var_0 var_1 +
1927,115 103 112 103 113,36,115 106 55 48 113,16,19,20,9,10,17,25,var_0 counter_var_1 +,39,counter_var_0 var_1 +
1928,115 12 40 11 113,29,115 37 77 105 113,12,8,17,8,11,12,20,var_0 counter_var_1 +,25,counter_var_0 var_1 +
1929,115 23 46 80 113,23,115 85 87 69 113,23,27,0,18,18,7,41,var_0 counter_var_1 +,27,counter_var_0 var_1 +
1930,115 32 109 79 113,20,115 95 18 73 113,3,8,17,18,17,11,21,var_0 counter_var_1 +,25,counter_var_0 var_1 +
1931,115 0 46 80 113,0,115 47 40 11 113,0,18,0,17,18,11,17,var_0 counter_var_1 +,18,counter_var_0 var_1 +
1932,115 9 99 85 113,16,115 20 4 52 113,9,20,7,4,23,21,13,var_0 counter_var_1 +,27,counter_var_0 var_1 +
1933,115 38 52 95 113,15,115 104 94 39 113,9,17,6,2,2,8,11,var_0 counter_var_1 +,23,counter_var_0 var_1 +
1934,115 88 41 22 113,19,115 24 75 82 113,1,24,18,6,22,20,7,var_0 counter_var_1 +,42,counter_var_0 var_1 +
1935,115 27 105 62 113,40,115 31 107 60 113,27,2,13,15,0,29,42,var_0 counter_var_1 +,15,counter_var_0 var_1 +
1936,115 82 90 90 113,45,115 67 4 52 113,24,9,21,4,28,21,28,var_0 counter_var_1 +,30,counter_var_0 var_1 +
1937,115 4 21 92 113,25,115 37 47 34 113,4,8,21,1,30,3,5,var_0 counter_var_1 +,29,counter_var_0 var_1 +
1938,115 6 28 7 113,11,115 90 80 31 113,6,3,5,11,7,0,17,var_0 counter_var_1 +,8,counter_var_0 var_1 +
1939,115 58 3 15 113,3,115 26 76 93 113,0,26,3,7,15,0,7,var_0 counter_var_1 +,29,counter_var_0 var_1 +
1940,115 5 10 68 113,15,115 71 104 84 113,5,13,10,12,6,22,17,var_0 counter_var_1 +,23,counter_var_0 var_1 +
1941,115 80 52 95 113,28,115 91 26 112 113,22,4,6,3,2,19,25,var_0 counter_var_1 +,10,counter_var_0 var_1 +
1942,115 59 53 51 113,8,115 91 98 78 113,1,4,7,6,20,16,7,var_0 counter_var_1 +,11,counter_var_0 var_1 +
1943,115 77 80 31 113,30,115 11 97 81 113,19,11,11,5,0,19,24,var_0 counter_var_1 +,22,counter_var_0 var_1 +
1944,115 22 47 34 113,23,115 106 96 6 113,22,19,1,4,3,6,26,var_0 counter_var_1 +,20,counter_var_0 var_1 +
1945,115 88 10 68 113,11,115 74 91 33 113,1,16,10,22,6,2,23,var_0 counter_var_1 +,26,counter_var_0 var_1 +
1946,115 66 6 56 113,14,115 92 100 0 113,8,5,6,8,25,0,16,var_0 counter_var_1 +,11,counter_var_0 var_1 +
1947,115 75 53 51 113,24,115 106 21 92 113,17,19,7,21,20,30,38,var_0 counter_var_1 +,26,counter_var_0 var_1 +
1948,115 89 10 68 113,12,115 72 26 112 113,2,14,10,3,6,19,5,var_0 counter_var_1 +,24,counter_var_0 var_1 +
1949,115 41 70 36 113,13,115 30 7 10 113,12,1,1,7,5,10,19,var_0 counter_var_1 +,2,counter_var_0 var_1 +
1950,115 77 73 96 113,23,115 13 33 50 113,19,13,4,10,3,19,29,var_0 counter_var_1 +,17,counter_var_0 var_1 +
1951,115 87 19 86 113,19,115 62 0 101 113,0,4,19,0,24,8,0,var_0 counter_var_1 +,23,counter_var_0 var_1 +
1952,115 9 17 108 113,26,115 2 62 41 113,9,2,17,16,15,10,25,var_0 counter_var_1 +,19,counter_var_0 var_1 +
1953,115 14 82 67 113,27,115 60 109 79 113,14,2,13,17,5,17,31,var_0 counter_var_1 +,15,counter_var_0 var_1 +
1954,115 97 80 31 113,21,115 6 94 39 113,10,6,11,2,0,8,12,var_0 counter_var_1 +,17,counter_var_0 var_1 +
1955,115 56 18 73 113,45,115 4 85 3 113,27,4,18,16,11,3,43,var_0 counter_var_1 +,22,counter_var_0 var_1 +
1956,115 87 7 10 113,7,115 69 37 42 113,0,11,7,14,10,11,14,var_0 counter_var_1 +,18,counter_var_0 var_1 +
1957,115 28 8 26 113,36,115 87 3 15 113,28,0,8,3,26,15,31,var_0 counter_var_1 +,8,counter_var_0 var_1 +
1958,115 109 11 30 113,33,115 64 66 102 113,22,6,11,20,30,9,42,var_0 counter_var_1 +,17,counter_var_0 var_1 +
1959,115 38 7 10 113,16,115 25 89 28 113,9,25,7,20,10,28,29,var_0 counter_var_1 +,32,counter_var_0 var_1 +
1960,115 10 32 64 113,19,115 81 23 4 113,10,23,9,0,2,4,10,var_0 counter_var_1 +,32,counter_var_0 var_1 +
1961,115 46 12 21 113,29,115 71 17 108 113,17,13,12,17,21,15,34,var_0 counter_var_1 +,25,counter_var_0 var_1 +
1962,115 16 6 56 113,22,115 60 48 89 113,16,2,6,2,25,27,18,var_0 counter_var_1 +,8,counter_var_0 var_1 +
1963,115 89 98 78 113,8,115 10 88 66 113,2,10,6,19,16,4,21,var_0 counter_var_1 +,16,counter_var_0 var_1 +
1964,115 12 74 13 113,17,115 79 104 84 113,12,21,5,12,13,22,24,var_0 counter_var_1 +,26,counter_var_0 var_1 +
1965,115 71 87 69 113,31,115 64 102 16 113,13,6,18,10,7,16,23,var_0 counter_var_1 +,24,counter_var_0 var_1 +
1966,115 81 2 63 113,25,115 39 41 22 113,23,10,2,18,1,22,41,var_0 counter_var_1 +,12,counter_var_0 var_1 +
1967,115 95 37 42 113,22,115 40 57 1 113,8,11,14,11,11,1,19,var_0 counter_var_1 +,25,counter_var_0 var_1 +
1968,115 5 107 60 113,20,115 81 60 44 113,5,23,15,14,29,13,19,var_0 counter_var_1 +,38,counter_var_0 var_1 +
1969,115 5 3 15 113,8,115 39 47 34 113,5,10,3,1,15,3,6,var_0 counter_var_1 +,13,counter_var_0 var_1 +
1970,115 80 20 8 113,42,115 8 17 108 113,22,8,20,17,8,15,39,var_0 counter_var_1 +,28,counter_var_0 var_1 +
1971,115 19 21 92 113,40,115 64 104 84 113,19,6,21,12,30,22,31,var_0 counter_var_1 +,27,counter_var_0 var_1 +
1972,115 35 52 95 113,12,115 106 17 108 113,6,19,6,17,2,15,23,var_0 counter_var_1 +,25,counter_var_0 var_1 +
1973,115 63 2 63 113,7,115 39 92 2 113,5,10,2,0,1,2,5,var_0 counter_var_1 +,12,counter_var_0 var_1 +
1974,115 8 92 2 113,8,115 31 85 3 113,8,2,0,16,2,3,24,var_0 counter_var_1 +,2,counter_var_0 var_1 +
1975,115 28 53 51 113,35,115 45 54 83 113,28,16,7,8,20,21,36,var_0 counter_var_1 +,23,counter_var_0 var_1 +
1976,115 28 101 104 113,37,115 74 82 67 113,28,16,9,13,11,5,41,var_0 counter_var_1 +,25,counter_var_0 var_1 +
1977,115 32 61 18 113,18,115 74 69 99 113,3,16,15,0,18,6,3,var_0 counter_var_1 +,31,counter_var_0 var_1 +
1978,115 74 9 87 113,25,115 112 102 16 113,16,25,9,10,25,16,26,var_0 counter_var_1 +,34,counter_var_0 var_1 +
1979,115 46 30 70 113,24,115 12 77 105 113,17,12,7,8,8,12,25,var_0 counter_var_1 +,19,counter_var_0 var_1 +
1980,115 104 45 76 113,39,115 56 47 34 113,17,27,22,1,14,3,18,var_0 counter_var_1 +,49,counter_var_0 var_1 +
1981,115 24 79 57 113,34,115 39 65 17 113,24,10,10,19,26,17,43,var_0 counter_var_1 +,20,counter_var_0 var_1 +
1982,115 69 27 88 113,15,115 63 72 71 113,11,5,4,3,26,9,14,var_0 counter_var_1 +,9,counter_var_0 var_1 +
1983,115 27 13 91 113,40,115 38 76 93 113,27,9,13,7,29,0,34,var_0 counter_var_1 +,22,counter_var_0 var_1 +
1984,115 31 64 19 113,20,115 69 19 86 113,2,11,18,19,19,24,21,var_0 counter_var_1 +,29,counter_var_0 var_1 +
1985,115 104 57 1 113,28,115 103 111 12 113,17,16,11,19,1,12,36,var_0 counter_var_1 +,27,counter_var_0 var_1 +
1986,115 41 58 98 113,24,115 106 62 41 113,12,19,12,16,5,10,28,var_0 counter_var_1 +,31,counter_var_0 var_1 +
1987,115 83 29 25 113,31,115 0 93 37 113,25,0,6,1,25,6,26,var_0 counter_var_1 +,6,counter_var_0 var_1 +
1988,115 5 64 19 113,23,115 102 47 34 113,5,15,18,1,19,3,6,var_0 counter_var_1 +,33,counter_var_0 var_1 +
1989,115 60 69 99 113,2,115 66 90 90 113,2,8,0,21,6,28,23,var_0 counter_var_1 +,8,counter_var_0 var_1 +
1990,115 50 15 53 113,36,115 8 11 30 113,21,8,15,11,22,30,32,var_0 counter_var_1 +,23,counter_var_0 var_1 +
1991,115 37 51 97 113,13,115 48 18 73 113,8,19,5,18,4,11,26,var_0 counter_var_1 +,24,counter_var_0 var_1 +
1992,115 0 44 107 113,21,115 37 67 46 113,0,8,21,21,14,15,21,var_0 counter_var_1 +,29,counter_var_0 var_1 +
1993,115 112 34 27 113,36,115 31 53 51 113,25,2,11,7,27,20,32,var_0 counter_var_1 +,13,counter_var_0 var_1 +
1994,115 101 108 58 113,30,115 90 3 15 113,14,3,16,3,27,15,17,var_0 counter_var_1 +,19,counter_var_0 var_1 +
1995,115 73 70 36 113,16,115 50 3 15 113,15,21,1,3,5,15,18,var_0 counter_var_1 +,22,counter_var_0 var_1 +
1996,115 81 70 36 113,24,115 62 64 19 113,23,4,1,18,5,19,41,var_0 counter_var_1 +,5,counter_var_0 var_1 +
1997,115 86 68 100 113,50,115 85 16 94 113,28,27,22,16,7,1,44,var_0 counter_var_1 +,49,counter_var_0 var_1 +
1998,115 95 34 27 113,19,115 88 97 81 113,8,1,11,5,27,19,13,var_0 counter_var_1 +,12,counter_var_0 var_1 +
1999,115 30 70 36 113,2,115 61 36 106 113,1,3,1,13,5,13,14,var_0 counter_var_1 +,4,counter_var_0 var_1 +
2000,115 69 91 33 113,33,115 57 63 43 113,11,28,22,17,2,12,28,var_0 counter_var_1 +,50,counter_var_0 var_1 +
2001,115 38 60 44 113,23,115 46 82 67 113,9,17,14,13,13,5,22,var_0 counter_var_1 +,31,counter_var_0 var_1 +
2002,115 37 79 57 113,18,115 34 6 56 113,8,5,10,6,26,25,14,var_0 counter_var_1 +,15,counter_var_0 var_1 +
2003,115 35 80 31 113,17,115 84 23 4 113,6,26,11,0,0,4,6,var_0 counter_var_1 +,37,counter_var_0 var_1 +
2004,115 47 82 67 113,31,115 12 73 96 113,18,12,13,4,5,3,22,var_0 counter_var_1 +,25,counter_var_0 var_1 +
2005,115 59 24 5 113,2,115 73 39 14 113,1,15,1,16,5,14,17,var_0 counter_var_1 +,16,counter_var_0 var_1 +
2006,115 79 84 32 113,36,115 39 110 61 113,21,10,15,18,1,30,39,var_0 counter_var_1 +,25,counter_var_0 var_1 +
2007,115 90 44 107 113,24,115 77 78 65 113,3,19,21,9,14,3,12,var_0 counter_var_1 +,40,counter_var_0 var_1 +
2008,115 87 25 111 113,2,115 72 38 20 113,0,14,2,15,18,20,15,var_0 counter_var_1 +,16,counter_var_0 var_1 +
2009,115 98 41 22 113,29,115 99 85 3 113,11,12,18,16,22,3,27,var_0 counter_var_1 +,30,counter_var_0 var_1 +
2010,115 69 3 15 113,14,115 111 59 23 113,11,24,3,13,15,23,24,var_0 counter_var_1 +,27,counter_var_0 var_1 +
2011,115 109 8 26 113,30,115 95 91 33 113,22,8,8,22,26,2,44,var_0 counter_var_1 +,16,counter_var_0 var_1 +
2012,115 84 51 97 113,31,115 41 101 104 113,26,12,5,9,4,11,35,var_0 counter_var_1 +,17,counter_var_0 var_1 +
2013,115 112 85 3 113,41,115 57 58 98 113,25,28,16,12,3,5,37,var_0 counter_var_1 +,44,counter_var_0 var_1 +
2014,115 80 94 39 113,24,115 94 89 28 113,22,7,2,20,8,28,42,var_0 counter_var_1 +,9,counter_var_0 var_1 +
2015,115 21 62 41 113,37,115 99 106 35 113,21,12,16,14,10,4,35,var_0 counter_var_1 +,28,counter_var_0 var_1 +
2016,115 109 69 99 113,22,115 65 69 99 113,22,7,0,0,6,6,22,var_0 counter_var_1 +,7,counter_var_0 var_1 +
2017,115 47 69 99 113,18,115 16 61 18 113,18,16,0,15,6,18,33,var_0 counter_var_1 +,16,counter_var_0 var_1 +
2018,115 98 45 76 113,33,115 22 21 92 113,11,22,22,21,14,30,32,var_0 counter_var_1 +,44,counter_var_0 var_1 +
2019,115 103 106 35 113,30,115 62 14 24 113,16,4,14,14,4,24,30,var_0 counter_var_1 +,18,counter_var_0 var_1 +
2020,115 44 103 49 113,26,115 14 59 23 113,15,14,11,13,18,23,28,var_0 counter_var_1 +,25,counter_var_0 var_1 +
2021,115 46 83 38 113,31,115 67 109 79 113,17,9,14,17,7,17,34,var_0 counter_var_1 +,23,counter_var_0 var_1 +
2022,115 0 16 94 113,16,115 71 50 77 113,0,13,16,4,1,15,4,var_0 counter_var_1 +,29,counter_var_0 var_1 +
2023,115 39 28 7 113,15,115 57 44 107 113,10,28,5,21,7,14,31,var_0 counter_var_1 +,33,counter_var_0 var_1 +
2024,115 110 70 36 113,24,115 106 14 24 113,23,19,1,14,5,24,37,var_0 counter_var_1 +,20,counter_var_0 var_1 +
2025,115 100 33 50 113,23,115 24 73 96 113,13,24,10,4,19,3,17,var_0 counter_var_1 +,34,counter_var_0 var_1 +
2026,115 55 10 68 113,36,115 91 95 29 113,26,4,10,3,6,29,29,var_0 counter_var_1 +,14,counter_var_0 var_1 +
2027,115 48 109 79 113,36,115 47 21 92 113,19,18,17,21,17,30,40,var_0 counter_var_1 +,35,counter_var_0 var_1 +
2028,115 68 44 107 113,31,115 45 1 40 113,10,16,21,1,14,9,11,var_0 counter_var_1 +,37,counter_var_0 var_1 +
2029,115 12 48 89 113,14,115 26 42 55 113,12,26,2,19,27,24,31,var_0 counter_var_1 +,28,counter_var_0 var_1 +
2030,115 5 6 56 113,11,115 110 15 53 113,5,23,6,15,25,22,20,var_0 counter_var_1 +,29,counter_var_0 var_1 +
2031,115 12 52 95 113,18,115 109 64 19 113,12,22,6,18,2,19,30,var_0 counter_var_1 +,28,counter_var_0 var_1 +
2032,115 100 34 27 113,24,115 90 6 56 113,13,3,11,6,27,25,19,var_0 counter_var_1 +,14,counter_var_0 var_1 +
2033,115 48 66 102 113,39,115 74 7 10 113,19,16,20,7,9,10,26,var_0 counter_var_1 +,36,counter_var_0 var_1 +
2034,115 103 16 94 113,32,115 51 74 13 113,16,22,16,5,1,13,21,var_0 counter_var_1 +,38,counter_var_0 var_1 +
2035,115 86 110 61 113,46,115 55 52 95 113,28,26,18,6,30,2,34,var_0 counter_var_1 +,44,counter_var_0 var_1 +
2036,115 78 104 84 113,32,115 79 97 81 113,20,21,12,5,22,19,25,var_0 counter_var_1 +,33,counter_var_0 var_1 +
2037,115 81 46 80 113,23,115 102 111 12 113,23,15,0,19,18,12,42,var_0 counter_var_1 +,15,counter_var_0 var_1 +
2038,115 41 41 22 113,30,115 73 103 49 113,12,15,18,11,22,18,23,var_0 counter_var_1 +,33,counter_var_0 var_1 +
2039,115 3 76 93 113,10,115 32 24 5 113,3,3,7,1,0,5,4,var_0 counter_var_1 +,10,counter_var_0 var_1 +
2040,115 85 5 47 113,32,115 112 16 94 113,27,25,5,16,16,1,43,var_0 counter_var_1 +,30,counter_var_0 var_1 +
2041,115 90 102 16 113,13,115 64 108 58 113,3,6,10,16,16,27,19,var_0 counter_var_1 +,16,counter_var_0 var_1 +
2042,115 23 51 97 113,28,115 68 51 97 113,23,10,5,5,4,4,28,var_0 counter_var_1 +,15,counter_var_0 var_1 +
2043,115 46 26 112 113,20,115 23 7 10 113,17,23,3,7,19,10,24,var_0 counter_var_1 +,26,counter_var_0 var_1 +
2044,115 17 72 71 113,20,115 34 101 104 113,17,5,3,9,9,11,26,var_0 counter_var_1 +,8,counter_var_0 var_1 +
2045,115 37 60 44 113,22,115 91 101 104 113,8,4,14,9,13,11,17,var_0 counter_var_1 +,18,counter_var_0 var_1 +
2046,115 15 46 80 113,15,115 38 17 108 113,15,9,0,17,18,15,32,var_0 counter_var_1 +,9,counter_var_0 var_1 +
2047,115 66 47 34 113,9,115 91 38 20 113,8,4,1,15,3,20,23,var_0 counter_var_1 +,5,counter_var_0 var_1 +
2048,115 53 53 51 113,31,115 94 101 104 113,24,7,7,9,20,11,33,var_0 counter_var_1 +,14,counter_var_0 var_1 +
2049,115 33 21 92 113,25,115 104 82 67 113,4,17,21,13,30,5,17,var_0 counter_var_1 +,38,counter_var_0 var_1 +
2050,115 15 53 51 113,22,115 0 66 102 113,15,0,7,20,20,9,35,var_0 counter_var_1 +,7,counter_var_0 var_1 +
2051,115 81 100 0 113,31,115 33 87 69 113,23,4,8,18,0,7,41,var_0 counter_var_1 +,12,counter_var_0 var_1 +
2052,115 47 29 25 113,24,115 72 15 53 113,18,14,6,15,25,22,33,var_0 counter_var_1 +,20,counter_var_0 var_1 +
2053,115 43 86 45 113,31,115 7 55 48 113,14,7,17,9,14,17,23,var_0 counter_var_1 +,24,counter_var_0 var_1 +
2054,115 13 77 105 113,21,115 60 87 69 113,13,2,8,18,12,7,31,var_0 counter_var_1 +,10,counter_var_0 var_1 +
2055,115 49 63 43 113,37,115 56 84 32 113,20,27,17,15,12,1,35,var_0 counter_var_1 +,44,counter_var_0 var_1 +
2056,115 40 2 63 113,13,115 111 46 80 113,11,24,2,0,1,18,11,var_0 counter_var_1 +,26,counter_var_0 var_1 +
2057,115 83 92 2 113,25,115 41 69 99 113,25,12,0,0,2,6,25,var_0 counter_var_1 +,12,counter_var_0 var_1 +
2058,115 78 53 51 113,27,115 44 105 62 113,20,15,7,13,20,0,33,var_0 counter_var_1 +,22,counter_var_0 var_1 +
2059,115 29 38 20 113,15,115 13 36 106 113,0,13,15,13,20,13,13,var_0 counter_var_1 +,28,counter_var_0 var_1 +
2060,115 105 65 17 113,37,115 49 0 101 113,18,20,19,0,17,8,18,var_0 counter_var_1 +,39,counter_var_0 var_1 +
2061,115 40 46 80 113,11,115 12 111 12 113,11,12,0,19,18,12,30,var_0 counter_var_1 +,12,counter_var_0 var_1 +
2062,115 110 107 60 113,38,115 54 41 22 113,23,25,15,18,29,22,41,var_0 counter_var_1 +,40,counter_var_0 var_1 +
2063,115 109 106 35 113,36,115 55 99 85 113,22,26,14,7,4,23,29,var_0 counter_var_1 +,40,counter_var_0 var_1 +
2064,115 40 100 0 113,19,115 46 15 53 113,11,17,8,15,0,22,26,var_0 counter_var_1 +,25,counter_var_0 var_1 +
2065,115 43 104 84 113,26,115 15 21 92 113,14,15,12,21,22,30,35,var_0 counter_var_1 +,27,counter_var_0 var_1 +
2066,115 10 35 9 113,22,115 48 103 49 113,10,19,12,11,9,18,21,var_0 counter_var_1 +,31,counter_var_0 var_1 +
2067,115 105 93 37 113,19,115 25 72 71 113,18,25,1,3,6,9,21,var_0 counter_var_1 +,26,counter_var_0 var_1 +
2068,115 13 18 73 113,31,115 45 68 100 113,13,16,18,22,11,7,35,var_0 counter_var_1 +,34,counter_var_0 var_1 +
2069,115 85 41 22 113,45,115 86 34 27 113,27,28,18,11,22,27,38,var_0 counter_var_1 +,46,counter_var_0 var_1 +
2070,115 1 17 108 113,18,115 59 87 69 113,1,1,17,18,15,7,19,var_0 counter_var_1 +,18,counter_var_0 var_1 +
2071,115 36 5 47 113,12,115 108 69 99 113,7,21,5,0,16,6,7,var_0 counter_var_1 +,26,counter_var_0 var_1 +
2072,115 0 98 78 113,6,115 49 15 53 113,0,20,6,15,16,22,15,var_0 counter_var_1 +,26,counter_var_0 var_1 +
2073,115 18 20 8 113,38,115 93 41 22 113,18,6,20,18,8,22,36,var_0 counter_var_1 +,26,counter_var_0 var_1 +
2074,115 64 67 46 113,27,115 18 68 100 113,6,18,21,22,15,7,28,var_0 counter_var_1 +,39,counter_var_0 var_1 +
2075,115 30 68 100 113,23,115 66 64 19 113,1,8,22,18,7,19,19,var_0 counter_var_1 +,30,counter_var_0 var_1 +
2076,115 85 93 37 113,28,115 15 1 40 113,27,15,1,1,6,9,28,var_0 counter_var_1 +,16,counter_var_0 var_1 +
2077,115 98 74 13 113,16,115 90 66 102 113,11,3,5,20,13,9,31,var_0 counter_var_1 +,8,counter_var_0 var_1 +
2078,115 70 58 98 113,24,115 78 5 47 113,12,20,12,5,5,16,17,var_0 counter_var_1 +,32,counter_var_0 var_1 +
2079,115 47 19 86 113,37,115 18 20 8 113,18,18,19,20,24,8,38,var_0 counter_var_1 +,37,counter_var_0 var_1 +
2080,115 73 110 61 113,33,115 103 1 40 113,15,16,18,1,30,9,16,var_0 counter_var_1 +,34,counter_var_0 var_1 +
2081,115 45 82 67 113,29,115 9 1 40 113,16,9,13,1,5,9,17,var_0 counter_var_1 +,22,counter_var_0 var_1 +
2082,115 15 33 50 113,25,115 42 95 29 113,15,13,10,3,19,29,18,var_0 counter_var_1 +,23,counter_var_0 var_1 +
2083,115 32 75 82 113,9,115 92 28 7 113,3,5,6,5,20,7,8,var_0 counter_var_1 +,11,counter_var_0 var_1 +
2084,115 93 44 107 113,27,115 23 111 12 113,6,23,21,19,14,12,25,var_0 counter_var_1 +,44,counter_var_0 var_1 +
2085,115 47 38 20 113,33,115 53 102 16 113,18,24,15,10,20,16,28,var_0 counter_var_1 +,39,counter_var_0 var_1 +
2086,115 35 44 107 113,27,115 88 54 83 113,6,1,21,8,14,21,14,var_0 counter_var_1 +,22,counter_var_0 var_1 +
2087,115 107 23 4 113,20,115 38 58 98 113,20,9,0,12,4,5,32,var_0 counter_var_1 +,9,counter_var_0 var_1 +
2088,115 54 72 71 113,28,115 90 60 44 113,25,3,3,14,9,13,39,var_0 counter_var_1 +,6,counter_var_0 var_1 +
2089,115 86 44 107 113,49,115 71 42 55 113,28,13,21,19,14,24,47,var_0 counter_var_1 +,34,counter_var_0 var_1 +
2090,115 68 12 21 113,22,115 105 14 24 113,10,18,12,14,21,24,24,var_0 counter_var_1 +,30,counter_var_0 var_1 +
2091,115 18 72 71 113,21,115 40 75 82 113,18,11,3,6,9,20,24,var_0 counter_var_1 +,14,counter_var_0 var_1 +
2092,115 49 97 81 113,25,115 107 101 104 113,20,20,5,9,19,11,29,var_0 counter_var_1 +,25,counter_var_0 var_1 +
2093,115 62 89 28 113,24,115 69 94 39 113,4,11,20,2,28,8,6,var_0 counter_var_1 +,31,counter_var_0 var_1 +
2094,115 43 73 96 113,18,115 53 5 47 113,14,24,4,5,3,16,19,var_0 counter_var_1 +,28,counter_var_0 var_1 +
2095,115 85 40 11 113,44,115 56 86 45 113,27,27,17,17,11,14,44,var_0 counter_var_1 +,44,counter_var_0 var_1 +
2096,115 30 81 54 113,13,115 53 84 32 113,1,24,12,15,23,1,16,var_0 counter_var_1 +,36,counter_var_0 var_1 +
2097,115 102 45 76 113,37,115 44 31 109 113,15,15,22,8,14,16,23,var_0 counter_var_1 +,37,counter_var_0 var_1 +
2098,115 97 108 58 113,26,115 21 93 37 113,10,21,16,1,27,6,11,var_0 counter_var_1 +,37,counter_var_0 var_1 +
2099,115 70 101 104 113,21,115 74 35 9 113,12,16,9,12,11,9,24,var_0 counter_var_1 +,25,counter_var_0 var_1 +
2100,115 78 102 16 113,30,115 89 65 17 113,20,2,10,19,16,17,39,var_0 counter_var_1 +,12,counter_var_0 var_1 +
2101,115 31 82 67 113,15,115 93 86 45 113,2,6,13,17,5,14,19,var_0 counter_var_1 +,19,counter_var_0 var_1 +
2102,115 23 34 27 113,34,115 70 60 44 113,23,12,11,14,27,13,37,var_0 counter_var_1 +,23,counter_var_0 var_1 +
2103,115 41 57 1 113,23,115 2 104 84 113,12,2,11,12,1,22,24,var_0 counter_var_1 +,13,counter_var_0 var_1 +
2104,115 76 7 10 113,25,115 21 94 39 113,18,21,7,2,10,8,20,var_0 counter_var_1 +,28,counter_var_0 var_1 +
2105,115 43 37 42 113,28,115 1 68 100 113,14,1,14,22,11,7,36,var_0 counter_var_1 +,15,counter_var_0 var_1 +
2106,115 95 17 108 113,25,115 23 47 34 113,8,23,17,1,15,3,9,var_0 counter_var_1 +,40,counter_var_0 var_1 +
2107,115 100 12 21 113,25,115 12 88 66 113,13,12,12,19,21,4,32,var_0 counter_var_1 +,24,counter_var_0 var_1 +
2108,115 97 84 32 113,25,115 21 98 78 113,10,21,15,6,1,16,16,var_0 counter_var_1 +,36,counter_var_0 var_1 +
2109,115 72 10 68 113,24,115 13 26 112 113,14,13,10,3,6,19,17,var_0 counter_var_1 +,23,counter_var_0 var_1 +
2110,115 30 77 105 113,9,115 89 33 50 113,1,2,8,10,12,19,11,var_0 counter_var_1 +,10,counter_var_0 var_1 +
2111,115 40 62 41 113,27,115 77 5 47 113,11,19,16,5,10,16,16,var_0 counter_var_1 +,35,counter_var_0 var_1 +
2112,115 53 54 83 113,32,115 44 29 25 113,24,15,8,6,21,25,30,var_0 counter_var_1 +,23,counter_var_0 var_1 +
2113,115 68 100 0 113,18,115 54 2 63 113,10,25,8,2,0,1,12,var_0 counter_var_1 +,33,counter_var_0 var_1 +
2114,115 50 66 102 113,41,115 97 62 41 113,21,10,20,16,9,10,37,var_0 counter_var_1 +,30,counter_var_0 var_1 +
2115,115 18 34 27 113,29,115 65 94 39 113,18,7,11,2,27,8,20,var_0 counter_var_1 +,18,counter_var_0 var_1 +
2116,115 30 67 46 113,22,115 107 23 4 113,1,20,21,0,15,4,1,var_0 counter_var_1 +,41,counter_var_0 var_1 +
2117,115 77 48 89 113,21,115 39 53 51 113,19,10,2,7,27,20,26,var_0 counter_var_1 +,12,counter_var_0 var_1 +
2118,115 79 77 105 113,29,115 56 102 16 113,21,27,8,10,12,16,31,var_0 counter_var_1 +,35,counter_var_0 var_1 +
2119,115 107 20 8 113,40,115 100 93 37 113,20,13,20,1,8,6,21,var_0 counter_var_1 +,33,counter_var_0 var_1 +
2120,115 25 67 46 113,46,115 14 60 44 113,25,14,21,14,15,13,39,var_0 counter_var_1 +,35,counter_var_0 var_1 +
2121,115 31 63 43 113,19,115 16 58 98 113,2,16,17,12,12,5,14,var_0 counter_var_1 +,33,counter_var_0 var_1 +
2122,115 29 70 36 113,1,115 67 43 110 113,0,9,1,20,5,17,20,var_0 counter_var_1 +,10,counter_var_0 var_1 +
2123,115 90 14 24 113,17,115 111 67 46 113,3,24,14,21,24,15,24,var_0 counter_var_1 +,38,counter_var_0 var_1 +
2124,115 72 88 66 113,33,115 104 55 48 113,14,17,19,9,4,17,23,var_0 counter_var_1 +,36,counter_var_0 var_1 +
2125,115 23 6 56 113,29,115 26 55 48 113,23,26,6,9,25,17,32,var_0 counter_var_1 +,32,counter_var_0 var_1 +
2126,115 63 61 18 113,20,115 9 0 101 113,5,9,15,0,18,8,5,var_0 counter_var_1 +,24,counter_var_0 var_1 +
2127,115 33 89 28 113,24,115 33 108 58 113,4,4,20,16,28,27,20,var_0 counter_var_1 +,24,counter_var_0 var_1 +
2128,115 61 11 30 113,14,115 49 74 13 113,3,20,11,5,30,13,8,var_0 counter_var_1 +,31,counter_var_0 var_1 +
2129,115 35 79 57 113,16,115 44 76 93 113,6,15,10,7,26,0,13,var_0 counter_var_1 +,25,counter_var_0 var_1 +
2130,115 51 56 59 113,32,115 64 30 70 113,22,6,10,7,28,8,29,var_0 counter_var_1 +,16,counter_var_0 var_1 +
2131,115 20 9 87 113,29,115 50 67 46 113,20,21,9,21,25,15,41,var_0 counter_var_1 +,30,counter_var_0 var_1 +
2132,115 40 108 58 113,27,115 36 65 17 113,11,7,16,19,27,17,30,var_0 counter_var_1 +,23,counter_var_0 var_1 +
2133,115 106 81 54 113,31,115 108 14 24 113,19,21,12,14,23,24,33,var_0 counter_var_1 +,33,counter_var_0 var_1 +
2134,115 21 59 23 113,34,115 8 96 6 113,21,8,13,4,23,6,25,var_0 counter_var_1 +,21,counter_var_0 var_1 +
2135,115 96 101 104 113,18,115 26 23 4 113,9,26,9,0,11,4,9,var_0 counter_var_1 +,35,counter_var_0 var_1 +
2136,115 37 44 107 113,29,115 90 15 53 113,8,3,21,15,14,22,23,var_0 counter_var_1 +,24,counter_var_0 var_1 +
2137,115 6 89 28 113,26,115 11 88 66 113,6,11,20,19,28,4,25,var_0 counter_var_1 +,31,counter_var_0 var_1 +
2138,115 9 95 29 113,12,115 9 63 43 113,9,9,3,17,29,12,26,var_0 counter_var_1 +,12,counter_var_0 var_1 +
2139,115 49 41 22 113,38,115 51 12 21 113,20,22,18,12,22,21,32,var_0 counter_var_1 +,40,counter_var_0 var_1 +
2140,115 27 32 64 113,36,115 30 110 61 113,27,1,9,18,2,30,45,var_0 counter_var_1 +,10,counter_var_0 var_1 +
2141,115 96 0 101 113,9,115 77 34 27 113,9,19,0,11,8,27,20,var_0 counter_var_1 +,19,counter_var_0 var_1 +
2142,115 62 96 6 113,8,115 88 81 54 113,4,1,4,12,6,23,16,var_0 counter_var_1 +,5,counter_var_0 var_1 +
2143,115 30 29 25 113,7,115 78 48 89 113,1,20,6,2,25,27,3,var_0 counter_var_1 +,26,counter_var_0 var_1 +
2144,115 49 58 98 113,32,115 30 85 3 113,20,1,12,16,5,3,36,var_0 counter_var_1 +,13,counter_var_0 var_1 +
2145,115 11 2 63 113,13,115 13 19 86 113,11,13,2,19,1,24,30,var_0 counter_var_1 +,15,counter_var_0 var_1 +
2146,115 111 2 63 113,26,115 11 36 106 113,24,11,2,13,1,13,37,var_0 counter_var_1 +,13,counter_var_0 var_1 +
2147,115 71 63 43 113,30,115 9 49 72 113,13,9,17,3,12,10,16,var_0 counter_var_1 +,26,counter_var_0 var_1 +
2148,115 64 15 53 113,21,115 26 92 2 113,6,26,15,0,22,2,6,var_0 counter_var_1 +,41,counter_var_0 var_1 +
2149,115 69 111 12 113,30,115 10 13 91 113,11,10,19,13,12,29,24,var_0 counter_var_1 +,29,counter_var_0 var_1 +
2150,115 26 80 31 113,37,115 53 62 41 113,26,24,11,16,0,10,42,var_0 counter_var_1 +,35,counter_var_0 var_1 +
2151,115 10 67 46 113,31,115 39 109 79 113,10,10,21,17,15,17,27,var_0 counter_var_1 +,31,counter_var_0 var_1 +
2152,115 39 64 19 113,28,115 75 52 95 113,10,17,18,6,19,2,16,var_0 counter_var_1 +,35,counter_var_0 var_1 +
2153,115 95 14 24 113,22,115 102 11 30 113,8,15,14,11,24,30,19,var_0 counter_var_1 +,29,counter_var_0 var_1 +
2154,115 64 78 65 113,15,115 11 59 23 113,6,11,9,13,3,23,19,var_0 counter_var_1 +,20,counter_var_0 var_1 +
2155,115 2 47 34 113,3,115 53 80 31 113,2,24,1,11,3,0,13,var_0 counter_var_1 +,25,counter_var_0 var_1 +
2156,115 82 57 1 113,35,115 62 4 52 113,24,4,11,4,1,21,28,var_0 counter_var_1 +,15,counter_var_0 var_1 +
2157,115 98 20 8 113,31,115 35 83 38 113,11,6,20,14,8,7,25,var_0 counter_var_1 +,26,counter_var_0 var_1 +
2158,115 63 25 111 113,7,115 33 94 39 113,5,4,2,2,18,8,7,var_0 counter_var_1 +,6,counter_var_0 var_1 +
2159,115 3 25 111 113,5,115 62 53 51 113,3,4,2,7,18,20,10,var_0 counter_var_1 +,6,counter_var_0 var_1 +
2160,115 61 5 47 113,8,115 72 2 63 113,3,14,5,2,16,1,5,var_0 counter_var_1 +,19,counter_var_0 var_1 +
2161,115 79 14 24 113,35,115 92 105 62 113,21,5,14,13,24,0,34,var_0 counter_var_1 +,19,counter_var_0 var_1 +
2162,115 85 3 15 113,30,115 105 59 23 113,27,18,3,13,15,23,40,var_0 counter_var_1 +,21,counter_var_0 var_1 +
2163,115 61 108 58 113,19,115 11 93 37 113,3,11,16,1,27,6,4,var_0 counter_var_1 +,27,counter_var_0 var_1 +
2164,115 28 52 95 113,34,115 73 51 97 113,28,15,6,5,2,4,33,var_0 counter_var_1 +,21,counter_var_0 var_1 +
2165,115 62 26 112 113,7,115 108 35 9 113,4,21,3,12,19,9,16,var_0 counter_var_1 +,24,counter_var_0 var_1 +
2166,115 4 92 2 113,4,115 0 20 8 113,4,0,0,20,2,8,24,var_0 counter_var_1 +,0,counter_var_0 var_1 +
2167,115 76 6 56 113,24,115 101 2 63 113,18,14,6,2,25,1,20,var_0 counter_var_1 +,20,counter_var_0 var_1 +
2168,115 107 95 29 113,23,115 25 75 82 113,20,25,3,6,29,20,26,var_0 counter_var_1 +,28,counter_var_0 var_1 +
2169,115 4 23 4 113,4,115 6 44 107 113,4,6,0,21,4,14,25,var_0 counter_var_1 +,6,counter_var_0 var_1 +
2170,115 90 19 86 113,22,115 87 73 96 113,3,0,19,4,24,3,7,var_0 counter_var_1 +,19,counter_var_0 var_1 +
2171,115 18 65 17 113,37,115 17 16 94 113,18,17,19,16,17,1,34,var_0 counter_var_1 +,36,counter_var_0 var_1 +
2172,115 39 11 30 113,21,115 91 50 77 113,10,4,11,4,30,15,14,var_0 counter_var_1 +,15,counter_var_0 var_1 +
2173,115 33 41 22 113,22,115 9 73 96 113,4,9,18,4,22,3,8,var_0 counter_var_1 +,27,counter_var_0 var_1 +
2174,115 63 9 87 113,14,115 103 99 85 113,5,16,9,7,25,23,12,var_0 counter_var_1 +,25,counter_var_0 var_1 +
2175,115 86 75 82 113,34,115 77 56 59 113,28,19,6,10,20,28,38,var_0 counter_var_1 +,25,counter_var_0 var_1 +
2176,115 80 53 51 113,29,115 10 3 15 113,22,10,7,3,20,15,25,var_0 counter_var_1 +,17,counter_var_0 var_1 +
2177,115 37 87 69 113,26,115 69 83 38 113,8,11,18,14,7,7,22,var_0 counter_var_1 +,29,counter_var_0 var_1 +
2178,115 21 84 32 113,36,115 2 111 12 113,21,2,15,19,1,12,40,var_0 counter_var_1 +,17,counter_var_0 var_1 +
2179,115 32 40 11 113,20,115 4 49 72 113,3,4,17,3,11,10,6,var_0 counter_var_1 +,21,counter_var_0 var_1 +
2180,115 17 27 88 113,21,115 73 73 96 113,17,15,4,4,26,3,21,var_0 counter_var_1 +,19,counter_var_0 var_1 +
2181,115 95 72 71 113,11,115 96 33 50 113,8,9,3,10,9,19,18,var_0 counter_var_1 +,12,counter_var_0 var_1 +
2182,115 30 72 71 113,4,115 101 79 57 113,1,14,3,10,9,26,11,var_0 counter_var_1 +,17,counter_var_0 var_1 +
2183,115 72 95 29 113,17,115 48 42 55 113,14,19,3,19,29,24,33,var_0 counter_var_1 +,22,counter_var_0 var_1 +
2184,115 53 2 63 113,26,115 94 109 79 113,24,7,2,17,1,17,41,var_0 counter_var_1 +,9,counter_var_0 var_1 +
2185,115 88 87 69 113,19,115 89 35 9 113,1,2,18,12,7,9,13,var_0 counter_var_1 +,20,counter_var_0 var_1 +
2186,115 58 110 61 113,18,115 89 38 20 113,0,2,18,15,30,20,15,var_0 counter_var_1 +,20,counter_var_0 var_1 +
2187,115 74 54 83 113,24,115 103 64 19 113,16,16,8,18,21,19,34,var_0 counter_var_1 +,24,counter_var_0 var_1 +
2188,115 75 93 37 113,18,115 7 64 19 113,17,7,1,18,6,19,35,var_0 counter_var_1 +,8,counter_var_0 var_1 +
2189,115 104 4 52 113,21,115 63 24 5 113,17,5,4,1,21,5,18,var_0 counter_var_1 +,9,counter_var_0 var_1 +
2190,115 69 31 109 113,19,115 2 110 61 113,11,2,8,18,16,30,29,var_0 counter_var_1 +,10,counter_var_0 var_1 +
2191,115 99 89 28 113,32,115 22 95 29 113,12,22,20,3,28,29,15,var_0 counter_var_1 +,42,counter_var_0 var_1 +
2192,115 85 66 102 113,47,115 70 4 52 113,27,12,20,4,9,21,31,var_0 counter_var_1 +,32,counter_var_0 var_1 +
2193,115 80 88 66 113,41,115 44 89 28 113,22,15,19,20,4,28,42,var_0 counter_var_1 +,34,counter_var_0 var_1 +
2194,115 14 95 29 113,17,115 90 34 27 113,14,3,3,11,29,27,25,var_0 counter_var_1 +,6,counter_var_0 var_1 +
2195,115 10 69 99 113,10,115 57 23 4 113,10,28,0,0,6,4,10,var_0 counter_var_1 +,28,counter_var_0 var_1 +
2196,115 29 68 100 113,22,115 65 54 83 113,0,7,22,8,7,21,8,var_0 counter_var_1 +,29,counter_var_0 var_1 +
2197,115 109 6 56 113,28,115 15 7 10 113,22,15,6,7,25,10,29,var_0 counter_var_1 +,21,counter_var_0 var_1 +
2198,115 89 7 10 113,9,115 58 92 2 113,2,0,7,0,10,2,2,var_0 counter_var_1 +,7,counter_var_0 var_1 +
2199,115 38 17 108 113,26,115 21 53 51 113,9,21,17,7,15,20,16,var_0 counter_var_1 +,38,counter_var_0 var_1 +
2200,115 41 26 112 113,15,115 80 75 82 113,12,22,3,6,19,20,18,var_0 counter_var_1 +,25,counter_var_0 var_1 +
2201,115 69 97 81 113,16,115 100 96 6 113,11,13,5,4,19,6,15,var_0 counter_var_1 +,18,counter_var_0 var_1 +
2202,115 40 107 60 113,26,115 61 91 33 113,11,3,15,22,29,2,33,var_0 counter_var_1 +,18,counter_var_0 var_1 +
2203,115 19 44 107 113,40,115 80 32 64 113,19,22,21,9,14,2,28,var_0 counter_var_1 +,43,counter_var_0 var_1 +
2204,115 80 96 6 113,26,115 71 63 43 113,22,13,4,17,6,12,39,var_0 counter_var_1 +,17,counter_var_0 var_1 +
2205,115 77 95 29 113,22,115 68 61 18 113,19,10,3,15,29,18,34,var_0 counter_var_1 +,13,counter_var_0 var_1 +
2206,115 35 40 11 113,23,115 60 58 98 113,6,2,17,12,11,5,18,var_0 counter_var_1 +,19,counter_var_0 var_1 +
2207,115 65 54 83 113,15,115 30 52 95 113,7,1,8,6,21,2,13,var_0 counter_var_1 +,9,counter_var_0 var_1 +
2208,115 43 88 66 113,33,115 30 94 39 113,14,1,19,2,4,8,16,var_0 counter_var_1 +,20,counter_var_0 var_1 +
2209,115 99 95 29 113,15,115 67 50 77 113,12,9,3,4,29,15,16,var_0 counter_var_1 +,12,counter_var_0 var_1 +
2210,115 43 38 20 113,29,115 8 112 103 113,14,8,15,20,20,10,34,var_0 counter_var_1 +,23,counter_var_0 var_1 +
2211,115 12 99 85 113,19,115 105 16 94 113,12,18,7,16,23,1,28,var_0 counter_var_1 +,25,counter_var_0 var_1 +
2212,115 30 105 62 113,14,115 97 19 86 113,1,10,13,19,0,24,20,var_0 counter_var_1 +,23,counter_var_0 var_1 +
2213,115 4 87 69 113,22,115 80 73 96 113,4,22,18,4,7,3,8,var_0 counter_var_1 +,40,counter_var_0 var_1 +
2214,115 34 101 104 113,14,115 2 50 77 113,5,2,9,4,11,15,9,var_0 counter_var_1 +,11,counter_var_0 var_1 +
2215,115 105 30 70 113,25,115 60 34 27 113,18,2,7,11,8,27,29,var_0 counter_var_1 +,9,counter_var_0 var_1 +
2216,115 101 77 105 113,22,115 72 67 46 113,14,14,8,21,12,15,35,var_0 counter_var_1 +,22,counter_var_0 var_1 +
2217,115 62 101 104 113,13,115 51 3 15 113,4,22,9,3,11,15,7,var_0 counter_var_1 +,31,counter_var_0 var_1 +
2218,115 109 24 5 113,23,115 63 62 41 113,22,5,1,16,5,10,38,var_0 counter_var_1 +,6,counter_var_0 var_1 +
2219,115 55 3 15 113,29,115 3 21 92 113,26,3,3,21,15,30,47,var_0 counter_var_1 +,6,counter_var_0 var_1 +
2220,115 57 63 43 113,45,115 66 59 23 113,28,8,17,13,12,23,41,var_0 counter_var_1 +,25,counter_var_0 var_1 +
2221,115 61 34 27 113,14,115 112 103 49 113,3,25,11,11,27,18,14,var_0 counter_var_1 +,36,counter_var_0 var_1 +
2222,115 80 29 25 113,28,115 49 57 1 113,22,20,6,11,25,1,33,var_0 counter_var_1 +,26,counter_var_0 var_1 +
2223,115 39 29 25 113,16,115 18 39 14 113,10,18,6,16,25,14,26,var_0 counter_var_1 +,24,counter_var_0 var_1 +
2224,115 92 41 22 113,23,115 80 50 77 113,5,22,18,4,22,15,9,var_0 counter_var_1 +,40,counter_var_0 var_1 +
2225,115 61 41 22 113,21,115 99 72 71 113,3,12,18,3,22,9,6,var_0 counter_var_1 +,30,counter_var_0 var_1 +
2226,115 38 28 7 113,14,115 1 27 88 113,9,1,5,4,7,26,13,var_0 counter_var_1 +,6,counter_var_0 var_1 +
2227,115 86 19 86 113,47,115 108 77 105 113,28,21,19,8,24,12,36,var_0 counter_var_1 +,40,counter_var_0 var_1 +
2228,115 78 100 0 113,28,115 73 9 87 113,20,15,8,9,0,25,29,var_0 counter_var_1 +,23,counter_var_0 var_1 +
2229,115 106 63 43 113,36,115 51 45 76 113,19,22,17,22,12,14,41,var_0 counter_var_1 +,39,counter_var_0 var_1 +
2230,115 69 1 40 113,12,115 42 35 9 113,11,13,1,12,9,9,23,var_0 counter_var_1 +,14,counter_var_0 var_1 +
2231,115 74 7 10 113,23,115 84 47 34 113,16,26,7,1,10,3,17,var_0 counter_var_1 +,33,counter_var_0 var_1 +
2232,115 70 64 19 113,30,115 103 53 51 113,12,16,18,7,19,20,19,var_0 counter_var_1 +,34,counter_var_0 var_1 +
2233,115 47 78 65 113,27,115 20 78 65 113,18,20,9,9,3,3,27,var_0 counter_var_1 +,29,counter_var_0 var_1 +
2234,115 106 88 66 113,38,115 85 51 97 113,19,27,19,5,4,4,24,var_0 counter_var_1 +,46,counter_var_0 var_1 +
2235,115 44 20 8 113,35,115 93 84 32 113,15,6,20,15,8,1,30,var_0 counter_var_1 +,26,counter_var_0 var_1 +
2236,115 110 71 74 113,25,115 100 24 5 113,23,13,2,1,12,5,24,var_0 counter_var_1 +,15,counter_var_0 var_1 +
2237,115 58 61 18 113,15,115 88 72 71 113,0,1,15,3,18,9,3,var_0 counter_var_1 +,16,counter_var_0 var_1 +
2238,115 14 19 86 113,33,115 2 32 64 113,14,2,19,9,24,2,23,var_0 counter_var_1 +,21,counter_var_0 var_1 +
2239,115 109 90 90 113,43,115 72 112 103 113,22,14,21,20,28,10,42,var_0 counter_var_1 +,35,counter_var_0 var_1 +
2240,115 22 98 78 113,28,115 103 93 37 113,22,16,6,1,16,6,23,var_0 counter_var_1 +,22,counter_var_0 var_1 +
2241,115 61 39 14 113,19,115 61 80 31 113,3,3,16,11,14,0,14,var_0 counter_var_1 +,19,counter_var_0 var_1 +
2242,115 3 62 41 113,19,115 62 8 26 113,3,4,16,8,10,26,11,var_0 counter_var_1 +,20,counter_var_0 var_1 +
2243,115 45 96 6 113,20,115 25 3 15 113,16,25,4,3,6,15,19,var_0 counter_var_1 +,29,counter_var_0 var_1 +
2244,115 47 12 21 113,30,115 20 36 106 113,18,20,12,13,21,13,31,var_0 counter_var_1 +,32,counter_var_0 var_1 +
2245,115 46 48 89 113,19,115 11 55 48 113,17,11,2,9,27,17,26,var_0 counter_var_1 +,13,counter_var_0 var_1 +
2246,115 36 60 44 113,21,115 61 103 49 113,7,3,14,11,13,18,18,var_0 counter_var_1 +,17,counter_var_0 var_1 +
2247,115 60 110 61 113,20,115 15 19 86 113,2,15,18,19,30,24,21,var_0 counter_var_1 +,33,counter_var_0 var_1 +
2248,115 111 51 97 113,29,115 24 68 100 113,24,24,5,22,4,7,46,var_0 counter_var_1 +,29,counter_var_0 var_1 +
2249,115 30 91 33 113,23,115 98 102 16 113,1,11,22,10,2,16,11,var_0 counter_var_1 +,33,counter_var_0 var_1 +
2250,115 63 88 66 113,24,115 111 76 93 113,5,24,19,7,4,0,12,var_0 counter_var_1 +,43,counter_var_0 var_1 +
2251,115 98 78 65 113,20,115 57 46 80 113,11,28,9,0,3,18,11,var_0 counter_var_1 +,37,counter_var_0 var_1 +
2252,115 26 104 84 113,38,115 12 68 100 113,26,12,12,22,22,7,48,var_0 counter_var_1 +,24,counter_var_0 var_1 +
2253,115 22 10 68 113,32,115 77 36 106 113,22,19,10,13,6,13,35,var_0 counter_var_1 +,29,counter_var_0 var_1 +
2254,115 54 49 72 113,28,115 50 28 7 113,25,21,3,5,10,7,30,var_0 counter_var_1 +,24,counter_var_0 var_1 +
2255,115 45 66 102 113,36,115 76 82 67 113,16,18,20,13,9,5,29,var_0 counter_var_1 +,38,counter_var_0 var_1 +
2256,115 47 44 107 113,39,115 11 33 50 113,18,11,21,10,14,19,28,var_0 counter_var_1 +,32,counter_var_0 var_1 +
2257,115 76 85 3 113,34,115 30 19 86 113,18,1,16,19,3,24,37,var_0 counter_var_1 +,17,counter_var_0 var_1 +
2258,115 45 73 96 113,20,115 46 110 61 113,16,17,4,18,3,30,34,var_0 counter_var_1 +,21,counter_var_0 var_1 +
2259,115 7 93 37 113,8,115 76 79 57 113,7,18,1,10,6,26,17,var_0 counter_var_1 +,19,counter_var_0 var_1 +
2260,115 111 17 108 113,41,115 62 42 55 113,24,4,17,19,15,24,43,var_0 counter_var_1 +,21,counter_var_0 var_1 +
2261,115 56 49 72 113,30,115 60 36 106 113,27,2,3,13,10,13,40,var_0 counter_var_1 +,5,counter_var_0 var_1 +
2262,115 55 6 56 113,32,115 5 78 65 113,26,5,6,9,25,3,35,var_0 counter_var_1 +,11,counter_var_0 var_1 +
2263,115 27 39 14 113,43,115 58 76 93 113,27,0,16,7,14,0,34,var_0 counter_var_1 +,16,counter_var_0 var_1 +
2264,115 93 0 101 113,6,115 11 82 67 113,6,11,0,13,8,5,19,var_0 counter_var_1 +,11,counter_var_0 var_1 +
2265,115 10 9 87 113,19,115 62 90 90 113,10,4,9,21,25,28,31,var_0 counter_var_1 +,13,counter_var_0 var_1 +
2266,115 29 30 70 113,7,115 13 90 90 113,0,13,7,21,8,28,21,var_0 counter_var_1 +,20,counter_var_0 var_1 +
2267,115 60 53 51 113,9,115 6 88 66 113,2,6,7,19,20,4,21,var_0 counter_var_1 +,13,counter_var_0 var_1 +
2268,115 111 105 62 113,37,115 69 103 49 113,24,11,13,11,0,18,35,var_0 counter_var_1 +,24,counter_var_0 var_1 +
2269,115 6 94 39 113,8,115 111 5 47 113,6,24,2,5,8,16,11,var_0 counter_var_1 +,26,counter_var_0 var_1 +
2270,115 44 57 1 113,26,115 68 21 92 113,15,10,11,21,1,30,36,var_0 counter_var_1 +,21,counter_var_0 var_1 +
2271,115 55 15 53 113,41,115 21 16 94 113,26,21,15,16,22,1,42,var_0 counter_var_1 +,36,counter_var_0 var_1 +
2272,115 78 76 93 113,27,115 58 96 6 113,20,0,7,4,0,6,24,var_0 counter_var_1 +,7,counter_var_0 var_1 +
2273,115 68 111 12 113,29,115 25 60 44 113,10,25,19,14,12,13,24,var_0 counter_var_1 +,44,counter_var_0 var_1 +
2274,115 0 104 84 113,12,115 20 44 107 113,0,20,12,21,22,14,21,var_0 counter_var_1 +,32,counter_var_0 var_1 +
2275,115 74 47 34 113,17,115 47 36 106 113,16,18,1,13,3,13,29,var_0 counter_var_1 +,19,counter_var_0 var_1 +
2276,115 87 70 36 113,1,115 4 19 86 113,0,4,1,19,5,24,19,var_0 counter_var_1 +,5,counter_var_0 var_1 +
2277,115 7 8 26 113,15,115 52 57 1 113,7,23,8,11,26,1,18,var_0 counter_var_1 +,31,counter_var_0 var_1 +
2278,115 95 110 61 113,26,115 56 10 68 113,8,27,18,10,30,6,18,var_0 counter_var_1 +,45,counter_var_0 var_1 +
2279,115 21 78 65 113,30,115 10 101 104 113,21,10,9,9,3,11,30,var_0 counter_var_1 +,19,counter_var_0 var_1 +
2280,115 104 6 56 113,23,115 60 19 86 113,17,2,6,19,25,24,36,var_0 counter_var_1 +,8,counter_var_0 var_1 +
2281,115 52 3 15 113,26,115 41 82 67 113,23,12,3,13,15,5,36,var_0 counter_var_1 +,15,counter_var_0 var_1 +
2282,115 26 48 89 113,28,115 32 20 8 113,26,3,2,20,27,8,46,var_0 counter_var_1 +,5,counter_var_0 var_1 +
2283,115 73 58 98 113,27,115 33 5 47 113,15,4,12,5,5,16,20,var_0 counter_var_1 +,16,counter_var_0 var_1 +
2284,115 39 100 0 113,18,115 45 84 32 113,10,16,8,15,0,1,25,var_0 counter_var_1 +,24,counter_var_0 var_1 +
2285,115 96 89 28 113,29,115 90 53 51 113,9,3,20,7,28,20,16,var_0 counter_var_1 +,23,counter_var_0 var_1 +
2286,115 30 36 106 113,14,115 85 104 84 113,1,27,13,12,13,22,13,var_0 counter_var_1 +,40,counter_var_0 var_1 +
2287,115 69 7 10 113,18,115 90 74 13 113,11,3,7,5,10,13,16,var_0 counter_var_1 +,10,counter_var_0 var_1 +
2288,115 26 78 65 113,35,115 43 48 89 113,26,14,9,2,3,27,28,var_0 counter_var_1 +,23,counter_var_0 var_1 +
2289,115 98 1 40 113,12,115 86 5 47 113,11,28,1,5,9,16,16,var_0 counter_var_1 +,29,counter_var_0 var_1 +
2290,115 5 111 12 113,24,115 54 71 74 113,5,25,19,2,12,12,7,var_0 counter_var_1 +,44,counter_var_0 var_1 +
2291,115 59 108 58 113,17,115 54 72 71 113,1,25,16,3,27,9,4,var_0 counter_var_1 +,41,counter_var_0 var_1 +
2292,115 30 65 17 113,20,115 55 38 20 113,1,26,19,15,17,20,16,var_0 counter_var_1 +,45,counter_var_0 var_1 +
2293,115 63 71 74 113,7,115 14 91 33 113,5,14,2,22,12,2,27,var_0 counter_var_1 +,16,counter_var_0 var_1 +
2294,115 10 74 13 113,15,115 48 110 61 113,10,19,5,18,13,30,28,var_0 counter_var_1 +,24,counter_var_0 var_1 +
2295,115 18 85 3 113,34,115 89 73 96 113,18,2,16,4,3,3,22,var_0 counter_var_1 +,18,counter_var_0 var_1 +
2296,115 70 65 17 113,31,115 99 91 33 113,12,12,19,22,17,2,34,var_0 counter_var_1 +,31,counter_var_0 var_1 +
2297,115 67 4 52 113,13,115 96 26 112 113,9,9,4,3,21,19,12,var_0 counter_var_1 +,13,counter_var_0 var_1 +
2298,115 40 24 5 113,12,115 108 75 82 113,11,21,1,6,5,20,17,var_0 counter_var_1 +,22,counter_var_0 var_1 +
2299,115 44 75 82 113,21,115 20 66 102 113,15,20,6,20,20,9,35,var_0 counter_var_1 +,26,counter_var_0 var_1 +
2300,115 14 24 5 113,15,115 107 54 83 113,14,20,1,8,5,21,22,var_0 counter_var_1 +,21,counter_var_0 var_1 +
2301,115 36 20 8 113,27,115 19 95 29 113,7,19,20,3,8,29,10,var_0 counter_var_1 +,39,counter_var_0 var_1 +
2302,115 40 7 10 113,18,115 57 0 101 113,11,28,7,0,10,8,11,var_0 counter_var_1 +,35,counter_var_0 var_1 +
2303,115 84 77 105 113,34,115 64 94 39 113,26,6,8,2,12,8,28,var_0 counter_var_1 +,14,counter_var_0 var_1 +
2304,115 7 73 96 113,11,115 76 83 38 113,7,18,4,14,3,7,21,var_0 counter_var_1 +,22,counter_var_0 var_1 +
2305,115 3 103 49 113,14,115 14 68 100 113,3,14,11,22,18,7,25,var_0 counter_var_1 +,25,counter_var_0 var_1 +
2306,115 56 41 22 113,45,115 36 100 0 113,27,7,18,8,22,0,35,var_0 counter_var_1 +,25,counter_var_0 var_1 +
2307,115 31 36 106 113,15,115 41 68 100 113,2,12,13,22,13,7,24,var_0 counter_var_1 +,25,counter_var_0 var_1 +
2308,115 19 86 45 113,36,115 54 12 21 113,19,25,17,12,14,21,31,var_0 counter_var_1 +,42,counter_var_0 var_1 +
2309,115 32 90 90 113,24,115 17 105 62 113,3,17,21,13,28,0,16,var_0 counter_var_1 +,38,counter_var_0 var_1 +
2310,115 76 5 47 113,23,115 109 101 104 113,18,22,5,9,16,11,27,var_0 counter_var_1 +,27,counter_var_0 var_1 +
2311,115 70 88 66 113,31,115 4 11 30 113,12,4,19,11,4,30,23,var_0 counter_var_1 +,23,counter_var_0 var_1 +
2312,115 88 105 62 113,14,115 5 15 53 113,1,5,13,15,0,22,16,var_0 counter_var_1 +,18,counter_var_0 var_1 +
2313,115 77 99 85 113,26,115 83 102 16 113,19,25,7,10,23,16,29,var_0 counter_var_1 +,32,counter_var_0 var_1 +
2314,115 24 8 26 113,32,115 5 6 56 113,24,5,8,6,26,25,30,var_0 counter_var_1 +,13,counter_var_0 var_1 +
2315,115 110 33 50 113,33,115 77 41 22 113,23,19,10,18,19,22,41,var_0 counter_var_1 +,29,counter_var_0 var_1 +
2316,115 110 92 2 113,23,115 105 0 101 113,23,18,0,0,2,8,23,var_0 counter_var_1 +,18,counter_var_0 var_1 +
2317,115 98 9 87 113,20,115 34 73 96 113,11,5,9,4,25,3,15,var_0 counter_var_1 +,14,counter_var_0 var_1 +
2318,115 51 81 54 113,34,115 65 80 31 113,22,7,12,11,23,0,33,var_0 counter_var_1 +,19,counter_var_0 var_1 +
2319,115 111 41 22 113,42,115 108 50 77 113,24,21,18,4,22,15,28,var_0 counter_var_1 +,39,counter_var_0 var_1 +
2320,115 1 99 85 113,8,115 59 43 110 113,1,1,7,20,23,17,21,var_0 counter_var_1 +,8,counter_var_0 var_1 +
2321,115 25 85 3 113,41,115 37 50 77 113,25,8,16,4,3,15,29,var_0 counter_var_1 +,24,counter_var_0 var_1 +
2322,115 106 11 30 113,30,115 85 102 16 113,19,27,11,10,30,16,29,var_0 counter_var_1 +,38,counter_var_0 var_1 +
2323,115 62 55 48 113,13,115 3 105 62 113,4,3,9,13,17,0,17,var_0 counter_var_1 +,12,counter_var_0 var_1 +
2324,115 87 48 89 113,2,115 103 25 111 113,0,16,2,2,27,18,2,var_0 counter_var_1 +,18,counter_var_0 var_1 +
2325,115 33 16 94 113,20,115 86 24 5 113,4,28,16,1,1,5,5,var_0 counter_var_1 +,44,counter_var_0 var_1 +
2326,115 109 3 15 113,25,115 88 73 96 113,22,1,3,4,15,3,26,var_0 counter_var_1 +,4,counter_var_0 var_1 +
2327,115 24 60 44 113,38,115 31 81 54 113,24,2,14,12,13,23,36,var_0 counter_var_1 +,16,counter_var_0 var_1 +
2328,115 67 59 23 113,22,115 3 40 11 113,9,3,13,17,23,11,26,var_0 counter_var_1 +,16,counter_var_0 var_1 +
2329,115 100 41 22 113,31,115 26 109 79 113,13,26,18,17,22,17,30,var_0 counter_var_1 +,44,counter_var_0 var_1 +
2330,115 65 93 37 113,8,115 27 52 95 113,7,27,1,6,6,2,13,var_0 counter_var_1 +,28,counter_var_0 var_1 +
2331,115 58 2 63 113,2,115 99 15 53 113,0,12,2,15,1,22,15,var_0 counter_var_1 +,14,counter_var_0 var_1 +
2332,115 78 17 108 113,37,115 75 82 67 113,20,17,17,13,15,5,33,var_0 counter_var_1 +,34,counter_var_0 var_1 +
2333,115 94 105 62 113,20,115 42 47 34 113,7,13,13,1,0,3,8,var_0 counter_var_1 +,26,counter_var_0 var_1 +
2334,115 74 73 96 113,20,115 22 64 19 113,16,22,4,18,3,19,34,var_0 counter_var_1 +,26,counter_var_0 var_1 +
2335,115 79 94 39 113,23,115 41 4 52 113,21,12,2,4,8,21,25,var_0 counter_var_1 +,14,counter_var_0 var_1 +
2336,115 30 58 98 113,13,115 27 101 104 113,1,27,12,9,5,11,10,var_0 counter_var_1 +,39,counter_var_0 var_1 +
2337,115 29 40 11 113,17,115 42 32 64 113,0,13,17,9,11,2,9,var_0 counter_var_1 +,30,counter_var_0 var_1 +
2338,115 27 71 74 113,29,115 91 28 7 113,27,4,2,5,12,7,32,var_0 counter_var_1 +,6,counter_var_0 var_1 +
2339,115 59 1 40 113,2,115 100 46 80 113,1,13,1,0,9,18,1,var_0 counter_var_1 +,14,counter_var_0 var_1 +
2340,115 22 71 74 113,24,115 67 14 24 113,22,9,2,14,12,24,36,var_0 counter_var_1 +,11,counter_var_0 var_1 +
2341,115 8 25 111 113,10,115 72 110 61 113,8,14,2,18,18,30,26,var_0 counter_var_1 +,16,counter_var_0 var_1 +
2342,115 76 107 60 113,33,115 90 107 60 113,18,3,15,15,29,29,33,var_0 counter_var_1 +,18,counter_var_0 var_1 +
2343,115 15 4 52 113,19,115 56 70 36 113,15,27,4,1,21,5,16,var_0 counter_var_1 +,31,counter_var_0 var_1 +
2344,115 53 55 48 113,33,115 49 24 5 113,24,20,9,1,17,5,25,var_0 counter_var_1 +,29,counter_var_0 var_1 +
2345,115 48 111 12 113,38,115 61 84 32 113,19,3,19,15,12,1,34,var_0 counter_var_1 +,22,counter_var_0 var_1 +
2346,115 38 0 101 113,9,115 21 109 79 113,9,21,0,17,8,17,26,var_0 counter_var_1 +,21,counter_var_0 var_1 +
2347,115 17 56 59 113,27,115 68 69 99 113,17,10,10,0,28,6,17,var_0 counter_var_1 +,20,counter_var_0 var_1 +
2348,115 111 31 109 113,32,115 72 19 86 113,24,14,8,19,16,24,43,var_0 counter_var_1 +,22,counter_var_0 var_1 +
2349,115 101 81 54 113,26,115 9 65 17 113,14,9,12,19,23,17,33,var_0 counter_var_1 +,21,counter_var_0 var_1 +
2350,115 33 105 62 113,17,115 88 5 47 113,4,1,13,5,0,16,9,var_0 counter_var_1 +,14,counter_var_0 var_1 +
2351,115 60 57 1 113,13,115 108 37 42 113,2,21,11,14,1,11,16,var_0 counter_var_1 +,32,counter_var_0 var_1 +
2352,115 55 112 103 113,46,115 94 59 23 113,26,7,20,13,10,23,39,var_0 counter_var_1 +,27,counter_var_0 var_1 +
2353,115 9 55 48 113,18,115 18 59 23 113,9,18,9,13,17,23,22,var_0 counter_var_1 +,27,counter_var_0 var_1 +
2354,115 85 87 69 113,45,115 92 80 31 113,27,5,18,11,7,0,38,var_0 counter_var_1 +,23,counter_var_0 var_1 +
2355,115 62 44 107 113,25,115 54 16 94 113,4,25,21,16,14,1,20,var_0 counter_var_1 +,46,counter_var_0 var_1 +
2356,115 9 12 21 113,21,115 105 6 56 113,9,18,12,6,21,25,15,var_0 counter_var_1 +,30,counter_var_0 var_1 +
2357,115 59 27 88 113,5,115 7 43 110 113,1,7,4,20,26,17,21,var_0 counter_var_1 +,11,counter_var_0 var_1 +
2358,115 3 79 57 113,13,115 4 57 1 113,3,4,10,11,26,1,14,var_0 counter_var_1 +,14,counter_var_0 var_1 +
2359,115 4 18 73 113,22,115 48 4 52 113,4,19,18,4,11,21,8,var_0 counter_var_1 +,37,counter_var_0 var_1 +
2360,115 24 38 20 113,39,115 32 60 44 113,24,3,15,14,20,13,38,var_0 counter_var_1 +,18,counter_var_0 var_1 +
2361,115 111 19 86 113,43,115 46 45 76 113,24,17,19,22,24,14,46,var_0 counter_var_1 +,36,counter_var_0 var_1 +
2362,115 64 83 38 113,20,115 46 83 38 113,6,17,14,14,7,7,20,var_0 counter_var_1 +,31,counter_var_0 var_1 +
2363,115 8 17 108 113,25,115 30 80 31 113,8,1,17,11,15,0,19,var_0 counter_var_1 +,18,counter_var_0 var_1 +
2364,115 64 1 40 113,7,115 81 1 40 113,6,23,1,1,9,9,7,var_0 counter_var_1 +,24,counter_var_0 var_1 +
2365,115 111 8 26 113,32,115 73 27 88 113,24,15,8,4,26,26,28,var_0 counter_var_1 +,23,counter_var_0 var_1 +
2366,115 110 46 80 113,23,115 52 109 79 113,23,23,0,17,18,17,40,var_0 counter_var_1 +,23,counter_var_0 var_1 +
2367,115 17 68 100 113,39,115 70 17 108 113,17,12,22,17,7,15,34,var_0 counter_var_1 +,34,counter_var_0 var_1 +
2368,115 97 96 6 113,14,115 105 65 17 113,10,18,4,19,6,17,29,var_0 counter_var_1 +,22,counter_var_0 var_1 +
2369,115 44 39 14 113,31,115 5 41 22 113,15,5,16,18,14,22,33,var_0 counter_var_1 +,21,counter_var_0 var_1 +
2370,115 108 108 58 113,37,115 91 77 105 113,21,4,16,8,27,12,29,var_0 counter_var_1 +,20,counter_var_0 var_1 +
2371,115 31 96 6 113,6,115 32 46 80 113,2,3,4,0,6,18,2,var_0 counter_var_1 +,7,counter_var_0 var_1 +
2372,115 30 54 83 113,9,115 80 41 22 113,1,22,8,18,21,22,19,var_0 counter_var_1 +,30,counter_var_0 var_1 +
2373,115 57 53 51 113,35,115 13 43 110 113,28,13,7,20,20,17,48,var_0 counter_var_1 +,20,counter_var_0 var_1 +
2374,115 110 76 93 113,30,115 1 18 73 113,23,1,7,18,0,11,41,var_0 counter_var_1 +,8,counter_var_0 var_1 +
2375,115 104 67 46 113,38,115 57 38 20 113,17,28,21,15,15,20,32,var_0 counter_var_1 +,49,counter_var_0 var_1 +
2376,115 75 25 111 113,19,115 90 108 58 113,17,3,2,16,18,27,33,var_0 counter_var_1 +,5,counter_var_0 var_1 +
2377,115 45 15 53 113,31,115 112 106 35 113,16,25,15,14,22,4,30,var_0 counter_var_1 +,40,counter_var_0 var_1 +
2378,115 53 62 41 113,40,115 51 108 58 113,24,22,16,16,10,27,40,var_0 counter_var_1 +,38,counter_var_0 var_1 +
2379,115 79 45 76 113,43,115 37 80 31 113,21,8,22,11,14,0,32,var_0 counter_var_1 +,30,counter_var_0 var_1 +
2380,115 39 20 8 113,30,115 103 49 72 113,10,16,20,3,8,10,13,var_0 counter_var_1 +,36,counter_var_0 var_1 +
2381,115 93 66 102 113,26,115 107 111 12 113,6,20,20,19,9,12,25,var_0 counter_var_1 +,40,counter_var_0 var_1 +
2382,115 100 105 62 113,26,115 48 73 96 113,13,19,13,4,0,3,17,var_0 counter_var_1 +,32,counter_var_0 var_1 +
2383,115 110 45 76 113,45,115 93 53 51 113,23,6,22,7,14,20,30,var_0 counter_var_1 +,28,counter_var_0 var_1 +
2384,115 26 39 14 113,42,115 88 107 60 113,26,1,16,15,14,29,41,var_0 counter_var_1 +,17,counter_var_0 var_1 +
2385,115 74 104 84 113,28,115 9 3 15 113,16,9,12,3,22,15,19,var_0 counter_var_1 +,21,counter_var_0 var_1 +
2386,115 86 29 25 113,34,115 16 46 80 113,28,16,6,0,25,18,28,var_0 counter_var_1 +,22,counter_var_0 var_1 +
2387,115 25 80 31 113,36,115 49 14 24 113,25,20,11,14,0,24,39,var_0 counter_var_1 +,31,counter_var_0 var_1 +
2388,115 39 12 21 113,22,115 54 6 56 113,10,25,12,6,21,25,16,var_0 counter_var_1 +,37,counter_var_0 var_1 +
2389,115 73 40 11 113,32,115 7 4 52 113,15,7,17,4,11,21,19,var_0 counter_var_1 +,24,counter_var_0 var_1 +
2390,115 25 98 78 113,31,115 76 89 28 113,25,18,6,20,16,28,45,var_0 counter_var_1 +,24,counter_var_0 var_1 +
2391,115 10 6 56 113,16,115 78 64 19 113,10,20,6,18,25,19,28,var_0 counter_var_1 +,26,counter_var_0 var_1 +
2392,115 84 52 95 113,32,115 84 30 70 113,26,26,6,7,2,8,33,var_0 counter_var_1 +,32,counter_var_0 var_1 +
2393,115 61 32 64 113,12,115 12 61 18 113,3,12,9,15,2,18,18,var_0 counter_var_1 +,21,counter_var_0 var_1 +
2394,115 65 66 102 113,27,115 61 43 110 113,7,3,20,20,9,17,27,var_0 counter_var_1 +,23,counter_var_0 var_1 +
2395,115 89 62 41 113,18,115 26 93 37 113,2,26,16,1,10,6,3,var_0 counter_var_1 +,42,counter_var_0 var_1 +
2396,115 20 49 72 113,23,115 49 42 55 113,20,20,3,19,10,24,39,var_0 counter_var_1 +,23,counter_var_0 var_1 +
2397,115 45 28 7 113,21,115 57 104 84 113,16,28,5,12,7,22,28,var_0 counter_var_1 +,33,counter_var_0 var_1 +
2398,115 57 18 73 113,46,115 84 61 18 113,28,26,18,15,11,18,43,var_0 counter_var_1 +,44,counter_var_0 var_1 +
2399,115 31 76 93 113,9,115 13 62 41 113,2,13,7,16,0,10,18,var_0 counter_var_1 +,20,counter_var_0 var_1 +
2400,115 100 85 3 113,29,115 83 80 31 113,13,25,16,11,3,0,24,var_0 counter_var_1 +,41,counter_var_0 var_1 +
2401,115 93 63 43 113,23,115 24 47 34 113,6,24,17,1,12,3,7,var_0 counter_var_1 +,41,counter_var_0 var_1 +
2402,115 89 76 93 113,9,115 31 72 71 113,2,2,7,3,0,9,5,var_0 counter_var_1 +,9,counter_var_0 var_1 +
2403,115 33 32 64 113,13,115 90 54 83 113,4,3,9,8,2,21,12,var_0 counter_var_1 +,12,counter_var_0 var_1 +
2404,115 51 47 34 113,23,115 33 0 101 113,22,4,1,0,3,8,22,var_0 counter_var_1 +,5,counter_var_0 var_1 +
2405,115 18 74 13 113,23,115 71 66 102 113,18,13,5,20,13,9,38,var_0 counter_var_1 +,18,counter_var_0 var_1 +
2406,115 97 75 82 113,16,115 72 79 57 113,10,14,6,10,20,26,20,var_0 counter_var_1 +,20,counter_var_0 var_1 +
2407,115 86 6 56 113,34,115 85 8 26 113,28,27,6,8,25,26,36,var_0 counter_var_1 +,33,counter_var_0 var_1 +
2408,115 33 54 83 113,12,115 8 99 85 113,4,8,8,7,21,23,11,var_0 counter_var_1 +,16,counter_var_0 var_1 +
2409,115 35 3 15 113,9,115 80 91 33 113,6,22,3,22,15,2,28,var_0 counter_var_1 +,25,counter_var_0 var_1 +
2410,115 23 8 26 113,31,115 83 50 77 113,23,25,8,4,26,15,27,var_0 counter_var_1 +,33,counter_var_0 var_1 +
2411,115 6 9 87 113,15,115 80 1 40 113,6,22,9,1,25,9,7,var_0 counter_var_1 +,31,counter_var_0 var_1 +
2412,115 88 77 105 113,9,115 63 19 86 113,1,5,8,19,12,24,20,var_0 counter_var_1 +,13,counter_var_0 var_1 +
2413,115 0 102 16 113,10,115 48 59 23 113,0,19,10,13,16,23,13,var_0 counter_var_1 +,29,counter_var_0 var_1 +
2414,115 62 3 15 113,7,115 105 51 97 113,4,18,3,5,15,4,9,var_0 counter_var_1 +,21,counter_var_0 var_1 +
2415,115 48 49 72 113,22,115 7 81 54 113,19,7,3,12,10,23,31,var_0 counter_var_1 +,10,counter_var_0 var_1 +
2416,115 22 33 50 113,32,115 64 34 27 113,22,6,10,11,19,27,33,var_0 counter_var_1 +,16,counter_var_0 var_1 +
2417,115 9 34 27 113,20,115 105 93 37 113,9,18,11,1,27,6,10,var_0 counter_var_1 +,29,counter_var_0 var_1 +
2418,115 7 100 0 113,15,115 99 9 87 113,7,12,8,9,0,25,16,var_0 counter_var_1 +,20,counter_var_0 var_1 +
2419,115 95 54 83 113,16,115 86 64 19 113,8,28,8,18,21,19,26,var_0 counter_var_1 +,36,counter_var_0 var_1 +
2420,115 15 16 94 113,31,115 84 84 32 113,15,26,16,15,1,1,30,var_0 counter_var_1 +,42,counter_var_0 var_1 +
2421,115 23 2 63 113,25,115 100 75 82 113,23,13,2,6,1,20,29,var_0 counter_var_1 +,15,counter_var_0 var_1 +
2422,115 92 58 98 113,17,115 34 28 7 113,5,5,12,5,5,7,10,var_0 counter_var_1 +,17,counter_var_0 var_1 +
2423,115 72 19 86 113,33,115 62 21 92 113,14,4,19,21,24,30,35,var_0 counter_var_1 +,23,counter_var_0 var_1 +
2424,115 25 13 91 113,38,115 20 25 111 113,25,20,13,2,29,18,27,var_0 counter_var_1 +,33,counter_var_0 var_1 +
2425,115 5 35 9 113,17,115 51 59 23 113,5,22,12,13,9,23,18,var_0 counter_var_1 +,34,counter_var_0 var_1 +
2426,115 83 111 12 113,44,115 8 97 81 113,25,8,19,5,12,19,30,var_0 counter_var_1 +,27,counter_var_0 var_1 +
2427,115 17 45 76 113,39,115 20 20 8 113,17,20,22,20,14,8,37,var_0 counter_var_1 +,42,counter_var_0 var_1 +
2428,115 43 12 21 113,26,115 97 53 51 113,14,10,12,7,21,20,21,var_0 counter_var_1 +,22,counter_var_0 var_1 +
2429,115 84 69 99 113,26,115 42 19 86 113,26,13,0,19,6,24,45,var_0 counter_var_1 +,13,counter_var_0 var_1 +
2430,115 66 70 36 113,9,115 69 59 23 113,8,11,1,13,5,23,21,var_0 counter_var_1 +,12,counter_var_0 var_1 +
2431,115 2 91 33 113,24,115 66 44 107 113,2,8,22,21,2,14,23,var_0 counter_var_1 +,30,counter_var_0 var_1 +
2432,115 105 88 66 113,37,115 77 95 29 113,18,19,19,3,4,29,21,var_0 counter_var_1 +,38,counter_var_0 var_1 +
2433,115 42 54 83 113,21,115 87 14 24 113,13,0,8,14,21,24,27,var_0 counter_var_1 +,8,counter_var_0 var_1 +
2434,115 52 107 60 113,38,115 26 106 35 113,23,26,15,14,29,4,37,var_0 counter_var_1 +,41,counter_var_0 var_1 +
2435,115 11 79 57 113,21,115 1 52 95 113,11,1,10,6,26,2,17,var_0 counter_var_1 +,11,counter_var_0 var_1 +
2436,115 23 89 28 113,43,115 36 37 42 113,23,7,20,14,28,11,37,var_0 counter_var_1 +,27,counter_var_0 var_1 +
2437,115 41 62 41 113,28,115 88 94 39 113,12,1,16,2,10,8,14,var_0 counter_var_1 +,17,counter_var_0 var_1 +
2438,115 53 76 93 113,31,115 77 31 109 113,24,19,7,8,0,16,32,var_0 counter_var_1 +,26,counter_var_0 var_1 +
2439,115 7 41 22 113,25,115 89 58 98 113,7,2,18,12,22,5,19,var_0 counter_var_1 +,20,counter_var_0 var_1 +
2440,115 97 85 3 113,26,115 88 52 95 113,10,1,16,6,3,2,16,var_0 counter_var_1 +,17,counter_var_0 var_1 +
2441,115 70 44 107 113,33,115 46 75 82 113,12,17,21,6,14,20,18,var_0 counter_var_1 +,38,counter_var_0 var_1 +
2442,115 87 63 43 113,17,115 62 58 98 113,0,4,17,12,12,5,12,var_0 counter_var_1 +,21,counter_var_0 var_1 +
2443,115 14 40 11 113,31,115 43 77 105 113,14,14,17,8,11,12,22,var_0 counter_var_1 +,31,counter_var_0 var_1 +
2444,115 92 4 52 113,9,115 89 45 76 113,5,2,4,22,21,14,27,var_0 counter_var_1 +,6,counter_var_0 var_1 +
2445,115 3 84 32 113,18,115 66 58 98 113,3,8,15,12,1,5,15,var_0 counter_var_1 +,23,counter_var_0 var_1 +
2446,115 1 10 68 113,11,115 95 66 102 113,1,8,10,20,6,9,21,var_0 counter_var_1 +,18,counter_var_0 var_1 +
2447,115 66 97 81 113,13,115 75 83 38 113,8,17,5,14,19,7,22,var_0 counter_var_1 +,22,counter_var_0 var_1 +
2448,115 2 83 38 113,16,115 98 11 30 113,2,11,14,11,7,30,13,var_0 counter_var_1 +,25,counter_var_0 var_1 +
2449,115 36 64 19 113,25,115 48 78 65 113,7,19,18,9,19,3,16,var_0 counter_var_1 +,37,counter_var_0 var_1 +
2450,115 16 2 63 113,18,115 82 18 73 113,16,24,2,18,1,11,34,var_0 counter_var_1 +,26,counter_var_0 var_1 +
2451,115 66 71 74 113,10,115 91 21 92 113,8,4,2,21,12,30,29,var_0 counter_var_1 +,6,counter_var_0 var_1 +
2452,115 72 53 51 113,21,115 76 51 97 113,14,18,7,5,20,4,19,var_0 counter_var_1 +,25,counter_var_0 var_1 +
2453,115 85 79 57 113,37,115 21 15 53 113,27,21,10,15,26,22,42,var_0 counter_var_1 +,31,counter_var_0 var_1 +
2454,115 55 73 96 113,30,115 87 107 60 113,26,0,4,15,3,29,41,var_0 counter_var_1 +,4,counter_var_0 var_1 +
2455,115 92 103 49 113,16,115 86 78 65 113,5,28,11,9,18,3,14,var_0 counter_var_1 +,39,counter_var_0 var_1 +
2456,115 67 105 62 113,22,115 109 47 34 113,9,22,13,1,0,3,10,var_0 counter_var_1 +,35,counter_var_0 var_1 +
2457,115 82 36 106 113,37,115 4 82 67 113,24,4,13,13,13,5,37,var_0 counter_var_1 +,17,counter_var_0 var_1 +
2458,115 78 31 109 113,28,115 104 9 87 113,20,17,8,9,16,25,29,var_0 counter_var_1 +,25,counter_var_0 var_1 +
2459,115 28 89 28 113,48,115 93 52 95 113,28,6,20,6,28,2,34,var_0 counter_var_1 +,26,counter_var_0 var_1 +
2460,115 108 111 12 113,40,115 55 16 94 113,21,26,19,16,12,1,37,var_0 counter_var_1 +,45,counter_var_0 var_1 +
2461,115 94 70 36 113,8,115 28 6 56 113,7,28,1,6,5,25,13,var_0 counter_var_1 +,29,counter_var_0 var_1 +
2462,115 65 22 75 113,29,115 53 111 12 113,7,24,22,19,13,12,26,var_0 counter_var_1 +,46,counter_var_0 var_1 +
2463,115 58 36 106 113,13,115 57 17 108 113,0,28,13,17,13,15,17,var_0 counter_var_1 +,41,counter_var_0 var_1 +
2464,115 95 112 103 113,28,115 86 90 90 113,8,28,20,21,10,28,29,var_0 counter_var_1 +,48,counter_var_0 var_1 +
2465,115 21 73 96 113,25,115 55 42 55 113,21,26,4,19,3,24,40,var_0 counter_var_1 +,30,counter_var_0 var_1 +
2466,115 35 62 41 113,22,115 90 5 47 113,6,3,16,5,10,16,11,var_0 counter_var_1 +,19,counter_var_0 var_1 +
2467,115 87 38 20 113,15,115 85 30 70 113,0,27,15,7,20,8,7,var_0 counter_var_1 +,42,counter_var_0 var_1 +
2468,115 7 22 75 113,29,115 6 20 8 113,7,6,22,20,13,8,27,var_0 counter_var_1 +,28,counter_var_0 var_1 +
2469,115 89 80 31 113,13,115 110 55 48 113,2,23,11,9,0,17,11,var_0 counter_var_1 +,34,counter_var_0 var_1 +
2470,115 53 42 55 113,43,115 75 50 77 113,24,17,19,4,24,15,28,var_0 counter_var_1 +,36,counter_var_0 var_1 +
2471,115 58 67 46 113,21,115 78 34 27 113,0,20,21,11,15,27,11,var_0 counter_var_1 +,41,counter_var_0 var_1 +
2472,115 44 36 106 113,28,115 37 81 54 113,15,8,13,12,13,23,27,var_0 counter_var_1 +,21,counter_var_0 var_1 +
2473,115 0 10 68 113,10,115 107 51 97 113,0,20,10,5,6,4,5,var_0 counter_var_1 +,30,counter_var_0 var_1 +
2474,115 20 15 53 113,35,115 80 104 84 113,20,22,15,12,22,22,32,var_0 counter_var_1 +,37,counter_var_0 var_1 +
2475,115 73 77 105 113,23,115 31 54 83 113,15,2,8,8,12,21,23,var_0 counter_var_1 +,10,counter_var_0 var_1 +
2476,115 64 87 69 113,24,115 14 99 85 113,6,14,18,7,7,23,13,var_0 counter_var_1 +,32,counter_var_0 var_1 +
2477,115 60 51 97 113,7,115 43 73 96 113,2,14,5,4,4,3,6,var_0 counter_var_1 +,19,counter_var_0 var_1 +
2478,115 17 36 106 113,30,115 61 88 66 113,17,3,13,19,13,4,36,var_0 counter_var_1 +,16,counter_var_0 var_1 +
2479,115 48 29 25 113,25,115 99 1 40 113,19,12,6,1,25,9,20,var_0 counter_var_1 +,18,counter_var_0 var_1 +
2480,115 44 66 102 113,35,115 91 59 23 113,15,4,20,13,9,23,28,var_0 counter_var_1 +,24,counter_var_0 var_1 +
2481,115 39 104 84 113,22,115 61 22 75 113,10,3,12,22,22,13,32,var_0 counter_var_1 +,15,counter_var_0 var_1 +
2482,115 76 64 19 113,36,115 36 86 45 113,18,7,18,17,19,14,35,var_0 counter_var_1 +,25,counter_var_0 var_1 +
2483,115 100 36 106 113,26,115 41 23 4 113,13,12,13,0,13,4,13,var_0 counter_var_1 +,25,counter_var_0 var_1 +
2484,115 34 74 13 113,10,115 89 6 56 113,5,2,5,6,13,25,11,var_0 counter_var_1 +,7,counter_var_0 var_1 +
2485,115 38 6 56 113,15,115 73 17 108 113,9,15,6,17,25,15,26,var_0 counter_var_1 +,21,counter_var_0 var_1 +
2486,115 21 57 1 113,32,115 18 32 64 113,21,18,11,9,1,2,30,var_0 counter_var_1 +,29,counter_var_0 var_1 +
2487,115 81 98 78 113,29,115 73 78 65 113,23,15,6,9,16,3,32,var_0 counter_var_1 +,21,counter_var_0 var_1 +
2488,115 35 109 79 113,23,115 107 61 18 113,6,20,17,15,17,18,21,var_0 counter_var_1 +,37,counter_var_0 var_1 +
2489,115 42 56 59 113,23,115 14 0 101 113,13,14,10,0,28,8,13,var_0 counter_var_1 +,24,counter_var_0 var_1 +
2490,115 41 45 76 113,34,115 3 74 13 113,12,3,22,5,14,13,17,var_0 counter_var_1 +,25,counter_var_0 var_1 +
2491,115 22 69 99 113,22,115 25 1 40 113,22,25,0,1,6,9,23,var_0 counter_var_1 +,25,counter_var_0 var_1 +
2492,115 13 19 86 113,32,115 22 53 51 113,13,22,19,7,24,20,20,var_0 counter_var_1 +,41,counter_var_0 var_1 +
2493,115 58 103 49 113,11,115 72 57 1 113,0,14,11,11,18,1,11,var_0 counter_var_1 +,25,counter_var_0 var_1 +
2494,115 111 74 13 113,29,115 26 78 65 113,24,26,5,9,13,3,33,var_0 counter_var_1 +,31,counter_var_0 var_1 +
2495,115 97 38 20 113,25,115 44 68 100 113,10,15,15,22,20,7,32,var_0 counter_var_1 +,30,counter_var_0 var_1 +
2496,115 23 107 60 113,38,115 41 87 69 113,23,12,15,18,29,7,41,var_0 counter_var_1 +,27,counter_var_0 var_1 +
2497,115 104 75 82 113,23,115 28 1 40 113,17,28,6,1,20,9,18,var_0 counter_var_1 +,34,counter_var_0 var_1 +
2498,115 34 37 42 113,19,115 101 71 74 113,5,14,14,2,11,12,7,var_0 counter_var_1 +,28,counter_var_0 var_1 +
2499,115 53 89 28 113,44,115 85 26 112 113,24,27,20,3,28,19,27,var_0 counter_var_1 +,47,counter_var_0 var_1 +
2500,115 83 68 100 113,47,115 84 93 37 113,25,26,22,1,7,6,26,var_0 counter_var_1 +,48,counter_var_0 var_1 +
2501,115 112 99 85 113,32,115 111 7 10 113,25,24,7,7,23,10,32,var_0 counter_var_1 +,31,counter_var_0 var_1 +
2502,115 85 49 72 113,30,115 65 3 15 113,27,7,3,3,10,15,30,var_0 counter_var_1 +,10,counter_var_0 var_1 +
2503,115 47 6 56 113,24,115 77 29 25 113,18,19,6,6,25,25,24,var_0 counter_var_1 +,25,counter_var_0 var_1 +
2504,115 102 107 60 113,30,115 62 30 70 113,15,4,15,7,29,8,22,var_0 counter_var_1 +,19,counter_var_0 var_1 +
2505,115 27 3 15 113,30,115 95 90 90 113,27,8,3,21,15,28,48,var_0 counter_var_1 +,11,counter_var_0 var_1 +
2506,115 58 84 32 113,15,115 52 82 67 113,0,23,15,13,1,5,13,var_0 counter_var_1 +,38,counter_var_0 var_1 +
2507,115 68 21 92 113,31,115 26 68 100 113,10,26,21,22,30,7,32,var_0 counter_var_1 +,47,counter_var_0 var_1 +
2508,115 80 103 49 113,33,115 45 64 19 113,22,16,11,18,18,19,40,var_0 counter_var_1 +,27,counter_var_0 var_1 +
2509,115 75 70 36 113,18,115 25 101 104 113,17,25,1,9,5,11,26,var_0 counter_var_1 +,26,counter_var_0 var_1 +
2510,115 39 43 110 113,30,115 16 10 68 113,10,16,20,10,17,6,20,var_0 counter_var_1 +,36,counter_var_0 var_1 +
2511,115 9 20 8 113,29,115 30 8 26 113,9,1,20,8,8,26,17,var_0 counter_var_1 +,21,counter_var_0 var_1 +
2512,115 28 49 72 113,31,115 112 73 96 113,28,25,3,4,10,3,32,var_0 counter_var_1 +,28,counter_var_0 var_1 +
2513,115 55 94 39 113,28,115 17 34 27 113,26,17,2,11,8,27,37,var_0 counter_var_1 +,19,counter_var_0 var_1 +
2514,115 93 107 60 113,21,115 55 53 51 113,6,26,15,7,29,20,13,var_0 counter_var_1 +,41,counter_var_0 var_1 +
2515,115 0 81 54 113,12,115 15 26 112 113,0,15,12,3,23,19,3,var_0 counter_var_1 +,27,counter_var_0 var_1 +
2516,115 18 95 29 113,21,115 110 50 77 113,18,23,3,4,29,15,22,var_0 counter_var_1 +,26,counter_var_0 var_1 +
2517,115 24 55 48 113,33,115 29 103 49 113,24,0,9,11,17,18,35,var_0 counter_var_1 +,9,counter_var_0 var_1 +
2518,115 47 84 32 113,33,115 40 85 3 113,18,11,15,16,1,3,34,var_0 counter_var_1 +,26,counter_var_0 var_1 +
2519,115 8 9 87 113,17,115 45 60 44 113,8,16,9,14,25,13,22,var_0 counter_var_1 +,25,counter_var_0 var_1 +
2520,115 45 19 86 113,35,115 95 108 58 113,16,8,19,16,24,27,32,var_0 counter_var_1 +,27,counter_var_0 var_1 +
2521,115 104 41 22 113,35,115 38 23 4 113,17,9,18,0,22,4,17,var_0 counter_var_1 +,27,counter_var_0 var_1 +
2522,115 108 69 99 113,21,115 38 101 104 113,21,9,0,9,6,11,30,var_0 counter_var_1 +,9,counter_var_0 var_1 +
2523,115 67 35 9 113,21,115 39 74 13 113,9,10,12,5,9,13,14,var_0 counter_var_1 +,22,counter_var_0 var_1 +
2524,115 50 71 74 113,23,115 43 88 66 113,21,14,2,19,12,4,40,var_0 counter_var_1 +,16,counter_var_0 var_1 +
2525,115 24 46 80 113,24,115 57 2 63 113,24,28,0,2,18,1,26,var_0 counter_var_1 +,28,counter_var_0 var_1 +
2526,115 66 110 61 113,26,115 40 94 39 113,8,11,18,2,30,8,10,var_0 counter_var_1 +,29,counter_var_0 var_1 +
2527,115 81 60 44 113,37,115 70 57 1 113,23,12,14,11,13,1,34,var_0 counter_var_1 +,26,counter_var_0 var_1 +
2528,115 83 20 8 113,45,115 46 56 59 113,25,17,20,10,8,28,35,var_0 counter_var_1 +,37,counter_var_0 var_1 +
2529,115 66 9 87 113,17,115 100 82 67 113,8,13,9,13,25,5,21,var_0 counter_var_1 +,22,counter_var_0 var_1 +
2530,115 83 8 26 113,33,115 69 36 106 113,25,11,8,13,26,13,38,var_0 counter_var_1 +,19,counter_var_0 var_1 +
2531,115 81 49 72 113,26,115 66 36 106 113,23,8,3,13,10,13,36,var_0 counter_var_1 +,11,counter_var_0 var_1 +
2532,115 21 54 83 113,29,115 98 52 95 113,21,11,8,6,21,2,27,var_0 counter_var_1 +,19,counter_var_0 var_1 +
2533,115 42 63 43 113,30,115 80 14 24 113,13,22,17,14,12,24,27,var_0 counter_var_1 +,39,counter_var_0 var_1 +
2534,115 62 25 111 113,6,115 97 60 44 113,4,10,2,14,18,13,18,var_0 counter_var_1 +,12,counter_var_0 var_1 +
2535,115 38 1 40 113,10,115 15 3 15 113,9,15,1,3,9,15,12,var_0 counter_var_1 +,16,counter_var_0 var_1 +
2536,115 58 1 40 113,1,115 1 65 17 113,0,1,1,19,9,17,19,var_0 counter_var_1 +,2,counter_var_0 var_1 +
2537,115 15 28 7 113,20,115 80 22 75 113,15,22,5,22,7,13,37,var_0 counter_var_1 +,27,counter_var_0 var_1 +
2538,115 25 11 30 113,36,115 38 41 22 113,25,9,11,18,30,22,43,var_0 counter_var_1 +,20,counter_var_0 var_1 +
2539,115 73 64 19 113,33,115 36 94 39 113,15,7,18,2,19,8,17,var_0 counter_var_1 +,25,counter_var_0 var_1 +
2540,115 58 6 56 113,6,115 25 14 24 113,0,25,6,14,25,24,14,var_0 counter_var_1 +,31,counter_var_0 var_1 +
2541,115 62 10 68 113,14,115 42 76 93 113,4,13,10,7,6,0,11,var_0 counter_var_1 +,23,counter_var_0 var_1 +
2542,115 103 37 42 113,30,115 77 49 72 113,16,19,14,3,11,10,19,var_0 counter_var_1 +,33,counter_var_0 var_1 +
2543,115 33 87 69 113,22,115 111 74 13 113,4,24,18,5,7,13,9,var_0 counter_var_1 +,42,counter_var_0 var_1 +
2544,115 96 111 12 113,28,115 85 7 10 113,9,27,19,7,12,10,16,var_0 counter_var_1 +,46,counter_var_0 var_1 +
2545,115 56 79 57 113,37,115 84 72 71 113,27,26,10,3,26,9,30,var_0 counter_var_1 +,36,counter_var_0 var_1 +
2546,115 2 26 112 113,5,115 106 100 0 113,2,19,3,8,19,0,10,var_0 counter_var_1 +,22,counter_var_0 var_1 +
2547,115 70 75 82 113,18,115 108 102 16 113,12,21,6,10,20,16,22,var_0 counter_var_1 +,27,counter_var_0 var_1 +
2548,115 63 34 27 113,16,115 108 7 10 113,5,21,11,7,27,10,12,var_0 counter_var_1 +,32,counter_var_0 var_1 +
2549,115 79 89 28 113,41,115 102 65 17 113,21,15,20,19,28,17,40,var_0 counter_var_1 +,35,counter_var_0 var_1 +
2550,115 105 29 25 113,24,115 8 16 94 113,18,8,6,16,25,1,34,var_0 counter_var_1 +,14,counter_var_0 var_1 +
2551,115 35 24 5 113,7,115 18 86 45 113,6,18,1,17,5,14,23,var_0 counter_var_1 +,19,counter_var_0 var_1 +
2552,115 103 108 58 113,32,115 35 54 83 113,16,6,16,8,27,21,24,var_0 counter_var_1 +,22,counter_var_0 var_1 +
2553,115 45 87 69 113,34,115 21 74 13 113,16,21,18,5,7,13,21,var_0 counter_var_1 +,39,counter_var_0 var_1 +
2554,115 108 29 25 113,27,115 18 19 86 113,21,18,6,19,25,24,40,var_0 counter_var_1 +,24,counter_var_0 var_1 +
2555,115 67 104 84 113,21,115 109 110 61 113,9,22,12,18,22,30,27,var_0 counter_var_1 +,34,counter_var_0 var_1 +
2556,115 65 50 77 113,11,115 103 61 18 113,7,16,4,15,15,18,22,var_0 counter_var_1 +,20,counter_var_0 var_1 +
2557,115 108 107 60 113,36,115 14 49 72 113,21,14,15,3,29,10,24,var_0 counter_var_1 +,29,counter_var_0 var_1 +
2558,115 1 27 88 113,5,115 109 40 11 113,1,22,4,17,26,11,18,var_0 counter_var_1 +,26,counter_var_0 var_1 +
2559,115 49 69 99 113,20,115 95 3 15 113,20,8,0,3,6,15,23,var_0 counter_var_1 +,8,counter_var_0 var_1 +
2560,115 67 47 34 113,10,115 94 4 52 113,9,7,1,4,3,21,13,var_0 counter_var_1 +,8,counter_var_0 var_1 +
2561,115 102 62 41 113,31,115 9 87 69 113,15,9,16,18,10,7,33,var_0 counter_var_1 +,25,counter_var_0 var_1 +
2562,115 35 4 52 113,10,115 85 17 108 113,6,27,4,17,21,15,23,var_0 counter_var_1 +,31,counter_var_0 var_1 +
2563,115 92 94 39 113,7,115 47 79 57 113,5,18,2,10,8,26,15,var_0 counter_var_1 +,20,counter_var_0 var_1 +
2564,115 31 32 64 113,11,115 88 23 4 113,2,1,9,0,2,4,2,var_0 counter_var_1 +,10,counter_var_0 var_1 +
2565,115 38 42 55 113,28,115 31 28 7 113,9,2,19,5,24,7,14,var_0 counter_var_1 +,21,counter_var_0 var_1 +
2566,115 80 27 88 113,26,115 14 9 87 113,22,14,4,9,26,25,31,var_0 counter_var_1 +,18,counter_var_0 var_1 +
2567,115 15 68 100 113,37,115 47 5 47 113,15,18,22,5,7,16,20,var_0 counter_var_1 +,40,counter_var_0 var_1 +
2568,115 42 7 10 113,20,115 42 66 102 113,13,13,7,20,10,9,33,var_0 counter_var_1 +,20,counter_var_0 var_1 +
2569,115 50 37 42 113,35,115 16 18 73 113,21,16,14,18,11,11,39,var_0 counter_var_1 +,30,counter_var_0 var_1 +
2570,115 22 4 52 113,26,115 107 84 32 113,22,20,4,15,21,1,37,var_0 counter_var_1 +,24,counter_var_0 var_1 +
2571,115 107 2 63 113,22,115 43 90 90 113,20,14,2,21,1,28,41,var_0 counter_var_1 +,16,counter_var_0 var_1 +
2572,115 47 17 108 113,35,115 104 15 53 113,18,17,17,15,15,22,33,var_0 counter_var_1 +,34,counter_var_0 var_1 +
2573,115 98 93 37 113,12,115 43 64 19 113,11,14,1,18,6,19,29,var_0 counter_var_1 +,15,counter_var_0 var_1 +
2574,115 44 71 74 113,17,115 63 91 33 113,15,5,2,22,12,2,37,var_0 counter_var_1 +,7,counter_var_0 var_1 +
2575,115 26 12 21 113,38,115 101 53 51 113,26,14,12,7,21,20,33,var_0 counter_var_1 +,26,counter_var_0 var_1 +
2576,115 58 47 34 113,1,115 109 109 79 113,0,22,1,17,3,17,17,var_0 counter_var_1 +,23,counter_var_0 var_1 +
2577,115 65 89 28 113,27,115 49 54 83 113,7,20,20,8,28,21,15,var_0 counter_var_1 +,40,counter_var_0 var_1 +
2578,115 11 76 93 113,18,115 94 70 36 113,11,7,7,1,0,5,12,var_0 counter_var_1 +,14,counter_var_0 var_1 +
2579,115 5 59 23 113,18,115 25 53 51 113,5,25,13,7,23,20,12,var_0 counter_var_1 +,38,counter_var_0 var_1 +
2580,115 51 22 75 113,44,115 45 86 45 113,22,16,22,17,13,14,39,var_0 counter_var_1 +,38,counter_var_0 var_1 +
2581,115 20 22 75 113,42,115 36 14 24 113,20,7,22,14,13,24,34,var_0 counter_var_1 +,29,counter_var_0 var_1 +
2582,115 98 57 1 113,22,115 103 22 75 113,11,16,11,22,1,13,33,var_0 counter_var_1 +,27,counter_var_0 var_1 +
2583,115 98 111 12 113,30,115 17 24 5 113,11,17,19,1,12,5,12,var_0 counter_var_1 +,36,counter_var_0 var_1 +
2584,115 27 64 19 113,45,115 94 99 85 113,27,7,18,7,19,23,34,var_0 counter_var_1 +,25,counter_var_0 var_1 +
2585,115 112 70 36 113,26,115 34 81 54 113,25,5,1,12,5,23,37,var_0 counter_var_1 +,6,counter_var_0 var_1 +
2586,115 4 68 100 113,26,115 82 7 10 113,4,24,22,7,7,10,11,var_0 counter_var_1 +,46,counter_var_0 var_1 +
2587,115 23 73 96 113,27,115 109 56 59 113,23,22,4,10,3,28,33,var_0 counter_var_1 +,26,counter_var_0 var_1 +
2588,115 65 19 86 113,26,115 28 100 0 113,7,28,19,8,24,0,15,var_0 counter_var_1 +,47,counter_var_0 var_1 +
2589,115 28 100 0 113,36,115 111 36 106 113,28,24,8,13,0,13,41,var_0 counter_var_1 +,32,counter_var_0 var_1 +
2590,115 9 40 11 113,26,115 108 51 97 113,9,21,17,5,11,4,14,var_0 counter_var_1 +,38,counter_var_0 var_1 +
2591,115 45 37 42 113,30,115 85 107 60 113,16,27,14,15,11,29,31,var_0 counter_var_1 +,41,counter_var_0 var_1 +
2592,115 46 21 92 113,38,115 69 67 46 113,17,11,21,21,30,15,38,var_0 counter_var_1 +,32,counter_var_0 var_1 +
2593,115 77 43 110 113,39,115 56 38 20 113,19,27,20,15,17,20,34,var_0 counter_var_1 +,47,counter_var_0 var_1 +
2594,115 46 40 11 113,34,115 35 112 103 113,17,6,17,20,11,10,37,var_0 counter_var_1 +,23,counter_var_0 var_1 +
2595,115 7 7 10 113,14,115 107 99 85 113,7,20,7,7,10,23,14,var_0 counter_var_1 +,27,counter_var_0 var_1 +
2596,115 49 24 5 113,21,115 24 45 76 113,20,24,1,22,5,14,42,var_0 counter_var_1 +,25,counter_var_0 var_1 +
2597,115 87 15 53 113,15,115 110 67 46 113,0,23,15,21,22,15,21,var_0 counter_var_1 +,38,counter_var_0 var_1 +
2598,115 74 82 67 113,29,115 4 95 29 113,16,4,13,3,5,29,19,var_0 counter_var_1 +,17,counter_var_0 var_1 +
2599,115 81 55 48 113,32,115 59 19 86 113,23,1,9,19,17,24,42,var_0 counter_var_1 +,10,counter_var_0 var_1 +
2600,115 33 31 109 113,12,115 52 8 26 113,4,23,8,8,16,26,12,var_0 counter_var_1 +,31,counter_var_0 var_1 +
2601,115 70 5 47 113,17,115 71 41 22 113,12,13,5,18,16,22,30,var_0 counter_var_1 +,18,counter_var_0 var_1 +
2602,115 68 81 54 113,22,115 23 56 59 113,10,23,12,10,23,28,20,var_0 counter_var_1 +,35,counter_var_0 var_1 +
2603,115 70 6 56 113,18,115 58 8 26 113,12,0,6,8,25,26,20,var_0 counter_var_1 +,6,counter_var_0 var_1 +
2604,115 101 103 49 113,25,115 20 100 0 113,14,20,11,8,18,0,22,var_0 counter_var_1 +,31,counter_var_0 var_1 +
2605,115 110 27 88 113,27,115 18 49 72 113,23,18,4,3,26,10,26,var_0 counter_var_1 +,22,counter_var_0 var_1 +
2606,115 111 28 7 113,29,115 19 84 32 113,24,19,5,15,7,1,39,var_0 counter_var_1 +,24,counter_var_0 var_1 +
2607,115 95 99 85 113,15,115 26 105 62 113,8,26,7,13,23,0,21,var_0 counter_var_1 +,33,counter_var_0 var_1 +
2608,115 102 109 79 113,32,115 42 90 90 113,15,13,17,21,17,28,36,var_0 counter_var_1 +,30,counter_var_0 var_1 +
2609,115 5 9 87 113,14,115 97 33 50 113,5,10,9,10,25,19,15,var_0 counter_var_1 +,19,counter_var_0 var_1 +
2610,115 100 55 48 113,22,115 41 66 102 113,13,12,9,20,17,9,33,var_0 counter_var_1 +,21,counter_var_0 var_1 +
2611,115 77 106 35 113,33,115 80 20 8 113,19,22,14,20,4,8,39,var_0 counter_var_1 +,36,counter_var_0 var_1 +
2612,115 50 94 39 113,23,115 81 55 48 113,21,23,2,9,8,17,30,var_0 counter_var_1 +,25,counter_var_0 var_1 +
2613,115 103 42 55 113,35,115 91 97 81 113,16,4,19,5,24,19,21,var_0 counter_var_1 +,23,counter_var_0 var_1 +
2614,115 96 55 48 113,18,115 55 60 44 113,9,26,9,14,17,13,23,var_0 counter_var_1 +,35,counter_var_0 var_1 +
2615,115 45 78 65 113,25,115 94 5 47 113,16,7,9,5,3,16,21,var_0 counter_var_1 +,16,counter_var_0 var_1 +
2616,115 66 7 10 113,15,115 36 99 85 113,8,7,7,7,10,23,15,var_0 counter_var_1 +,14,counter_var_0 var_1 +
2617,115 49 60 44 113,34,115 3 6 56 113,20,3,14,6,13,25,26,var_0 counter_var_1 +,17,counter_var_0 var_1 +
2618,115 36 33 50 113,17,115 29 98 78 113,7,0,10,6,19,16,13,var_0 counter_var_1 +,10,counter_var_0 var_1 +
2619,115 21 108 58 113,37,115 52 9 87 113,21,23,16,9,27,25,30,var_0 counter_var_1 +,39,counter_var_0 var_1 +
2620,115 79 71 74 113,23,115 98 53 51 113,21,11,2,7,12,20,28,var_0 counter_var_1 +,13,counter_var_0 var_1 +
2621,115 30 18 73 113,19,115 68 67 46 113,1,10,18,21,11,15,22,var_0 counter_var_1 +,28,counter_var_0 var_1 +
2622,115 11 87 69 113,29,115 65 14 24 113,11,7,18,14,7,24,25,var_0 counter_var_1 +,25,counter_var_0 var_1 +
2623,115 35 95 29 113,9,115 54 26 112 113,6,25,3,3,29,19,9,var_0 counter_var_1 +,28,counter_var_0 var_1 +
2624,115 43 16 94 113,30,115 56 104 84 113,14,27,16,12,1,22,26,var_0 counter_var_1 +,43,counter_var_0 var_1 +
2625,115 93 47 34 113,7,115 84 44 107 113,6,26,1,21,3,14,27,var_0 counter_var_1 +,27,counter_var_0 var_1 +
2626,115 95 73 96 113,12,115 97 61 18 113,8,10,4,15,3,18,23,var_0 counter_var_1 +,14,counter_var_0 var_1 +
2627,115 74 84 32 113,31,115 73 43 110 113,16,15,15,20,1,17,36,var_0 counter_var_1 +,30,counter_var_0 var_1 +
2628,115 1 71 74 113,3,115 47 47 34 113,1,18,2,1,12,3,2,var_0 counter_var_1 +,20,counter_var_0 var_1 +
2629,115 12 46 80 113,12,115 71 25 111 113,12,13,0,2,18,18,14,var_0 counter_var_1 +,13,counter_var_0 var_1 +
2630,115 52 30 70 113,30,115 42 68 100 113,23,13,7,22,8,7,45,var_0 counter_var_1 +,20,counter_var_0 var_1 +
2631,115 27 28 7 113,32,115 52 112 103 113,27,23,5,20,7,10,47,var_0 counter_var_1 +,28,counter_var_0 var_1 +
2632,115 89 61 18 113,17,115 99 88 66 113,2,12,15,19,18,4,21,var_0 counter_var_1 +,27,counter_var_0 var_1 +
2633,115 29 4 52 113,4,115 84 65 17 113,0,26,4,19,21,17,19,var_0 counter_var_1 +,30,counter_var_0 var_1 +
2634,115 96 85 3 113,25,115 9 100 0 113,9,9,16,8,3,0,17,var_0 counter_var_1 +,25,counter_var_0 var_1 +
2635,115 83 82 67 113,38,115 97 45 76 113,25,10,13,22,5,14,47,var_0 counter_var_1 +,23,counter_var_0 var_1 +
2636,115 69 100 0 113,19,115 106 26 112 113,11,19,8,3,0,19,14,var_0 counter_var_1 +,27,counter_var_0 var_1 +
2637,115 92 14 24 113,19,115 22 74 13 113,5,22,14,5,24,13,10,var_0 counter_var_1 +,36,counter_var_0 var_1 +
2638,115 19 112 103 113,39,115 87 17 108 113,19,0,20,17,10,15,36,var_0 counter_var_1 +,20,counter_var_0 var_1 +
2639,115 56 38 20 113,42,115 28 95 29 113,27,28,15,3,20,29,30,var_0 counter_var_1 +,43,counter_var_0 var_1 +
2640,115 68 37 42 113,24,115 33 20 8 113,10,4,14,20,11,8,30,var_0 counter_var_1 +,18,counter_var_0 var_1 +
2641,115 22 12 21 113,34,115 36 66 102 113,22,7,12,20,21,9,42,var_0 counter_var_1 +,19,counter_var_0 var_1 +
2642,115 97 62 41 113,26,115 7 34 27 113,10,7,16,11,10,27,21,var_0 counter_var_1 +,23,counter_var_0 var_1 +
2643,115 51 106 35 113,36,115 0 70 36 113,22,0,14,1,4,5,23,var_0 counter_var_1 +,14,counter_var_0 var_1 +
2644,115 71 64 19 113,31,115 8 54 83 113,13,8,18,8,19,21,21,var_0 counter_var_1 +,26,counter_var_0 var_1 +
2645,115 106 42 55 113,38,115 20 27 88 113,19,20,19,4,24,26,23,var_0 counter_var_1 +,39,counter_var_0 var_1 +
2646,115 8 52 95 113,14,115 87 24 5 113,8,0,6,1,2,5,9,var_0 counter_var_1 +,6,counter_var_0 var_1 +
2647,115 78 12 21 113,32,115 21 2 63 113,20,21,12,2,21,1,22,var_0 counter_var_1 +,33,counter_var_0 var_1 +
2648,115 103 47 34 113,17,115 23 65 17 113,16,23,1,19,3,17,35,var_0 counter_var_1 +,24,counter_var_0 var_1 +
2649,115 99 7 10 113,19,115 9 77 105 113,12,9,7,8,10,12,20,var_0 counter_var_1 +,16,counter_var_0 var_1 +
2650,115 59 6 56 113,7,115 67 7 10 113,1,9,6,7,25,10,8,var_0 counter_var_1 +,15,counter_var_0 var_1 +
2651,115 102 65 17 113,34,115 75 64 19 113,15,17,19,18,17,19,33,var_0 counter_var_1 +,36,counter_var_0 var_1 +
2652,115 34 59 23 113,18,115 13 107 60 113,5,13,13,15,23,29,20,var_0 counter_var_1 +,26,counter_var_0 var_1 +
2653,115 88 30 70 113,8,115 60 47 34 113,1,2,7,1,8,3,2,var_0 counter_var_1 +,9,counter_var_0 var_1 +
2654,115 54 47 34 113,26,115 80 49 72 113,25,22,1,3,3,10,28,var_0 counter_var_1 +,23,counter_var_0 var_1 +
2655,115 28 42 55 113,47,115 66 112 103 113,28,8,19,20,24,10,48,var_0 counter_var_1 +,27,counter_var_0 var_1 +
2656,115 60 84 32 113,17,115 44 77 105 113,2,15,15,8,1,12,10,var_0 counter_var_1 +,30,counter_var_0 var_1 +
2657,115 64 109 79 113,23,115 69 72 71 113,6,11,17,3,17,9,9,var_0 counter_var_1 +,28,counter_var_0 var_1 +
2658,115 27 8 26 113,35,115 104 75 82 113,27,17,8,6,26,20,33,var_0 counter_var_1 +,25,counter_var_0 var_1 +
2659,115 95 2 63 113,10,115 57 34 27 113,8,28,2,11,1,27,19,var_0 counter_var_1 +,30,counter_var_0 var_1 +
2660,115 79 37 42 113,35,115 96 36 106 113,21,9,14,13,11,13,34,var_0 counter_var_1 +,23,counter_var_0 var_1 +
2661,115 39 21 92 113,31,115 60 83 38 113,10,2,21,14,30,7,24,var_0 counter_var_1 +,23,counter_var_0 var_1 +
2662,115 36 76 93 113,14,115 70 61 18 113,7,12,7,15,0,18,22,var_0 counter_var_1 +,19,counter_var_0 var_1 +
2663,115 22 9 87 113,31,115 74 4 52 113,22,16,9,4,25,21,26,var_0 counter_var_1 +,25,counter_var_0 var_1 +
2664,115 95 70 36 113,9,115 40 14 24 113,8,11,1,14,5,24,22,var_0 counter_var_1 +,12,counter_var_0 var_1 +
2665,115 8 44 107 113,29,115 106 13 91 113,8,19,21,13,14,29,21,var_0 counter_var_1 +,40,counter_var_0 var_1 +
2666,115 95 47 34 113,9,115 12 105 62 113,8,12,1,13,3,0,21,var_0 counter_var_1 +,13,counter_var_0 var_1 +
2667,115 40 56 59 113,21,115 16 106 35 113,11,16,10,14,28,4,25,var_0 counter_var_1 +,26,counter_var_0 var_1 +
2668,115 105 53 51 113,25,115 62 40 11 113,18,4,7,17,20,11,35,var_0 counter_var_1 +,11,counter_var_0 var_1 +
2669,115 69 54 83 113,19,115 73 82 67 113,11,15,8,13,21,5,24,var_0 counter_var_1 +,23,counter_var_0 var_1 +
2670,115 28 106 35 113,42,115 74 110 61 113,28,16,14,18,4,30,46,var_0 counter_var_1 +,30,counter_var_0 var_1 +
2671,115 49 80 31 113,31,115 4 75 82 113,20,4,11,6,0,20,26,var_0 counter_var_1 +,15,counter_var_0 var_1 +
2672,115 43 66 102 113,34,115 61 29 25 113,14,3,20,6,9,25,20,var_0 counter_var_1 +,23,counter_var_0 var_1 +
2673,115 70 53 51 113,19,115 44 109 79 113,12,15,7,17,20,17,29,var_0 counter_var_1 +,22,counter_var_0 var_1 +
2674,115 90 81 54 113,15,115 8 30 70 113,3,8,12,7,23,8,10,var_0 counter_var_1 +,20,counter_var_0 var_1 +
2675,115 37 11 30 113,19,115 31 56 59 113,8,2,11,10,30,28,18,var_0 counter_var_1 +,13,counter_var_0 var_1 +
2676,115 82 80 31 113,35,115 18 0 101 113,24,18,11,0,0,8,24,var_0 counter_var_1 +,29,counter_var_0 var_1 +
2677,115 78 89 28 113,40,115 59 111 12 113,20,1,20,19,28,12,39,var_0 counter_var_1 +,21,counter_var_0 var_1 +
2678,115 32 94 39 113,5,115 98 83 38 113,3,11,2,14,8,7,17,var_0 counter_var_1 +,13,counter_var_0 var_1 +
2679,115 97 1 40 113,11,115 44 52 95 113,10,15,1,6,9,2,16,var_0 counter_var_1 +,16,counter_var_0 var_1 +
2680,115 41 23 4 113,12,115 44 37 42 113,12,15,0,14,4,11,26,var_0 counter_var_1 +,15,counter_var_0 var_1 +
2681,115 46 53 51 113,24,115 0 72 71 113,17,0,7,3,20,9,20,var_0 counter_var_1 +,7,counter_var_0 var_1 +
2682,115 32 78 65 113,12,115 102 33 50 113,3,15,9,10,3,19,13,var_0 counter_var_1 +,24,counter_var_0 var_1 +
2683,115 87 45 76 113,22,115 28 0 101 113,0,28,22,0,14,8,0,var_0 counter_var_1 +,50,counter_var_0 var_1 +
2684,115 94 107 60 113,22,115 20 11 30 113,7,20,15,11,29,30,18,var_0 counter_var_1 +,35,counter_var_0 var_1 +
2685,115 48 90 90 113,40,115 56 25 111 113,19,27,21,2,28,18,21,var_0 counter_var_1 +,48,counter_var_0 var_1 +
2686,115 68 53 51 113,17,115 57 61 18 113,10,28,7,15,20,18,25,var_0 counter_var_1 +,35,counter_var_0 var_1 +
2687,115 95 40 11 113,25,115 100 78 65 113,8,13,17,9,11,3,17,var_0 counter_var_1 +,30,counter_var_0 var_1 +
2688,115 7 72 71 113,10,115 19 79 57 113,7,19,3,10,9,26,17,var_0 counter_var_1 +,22,counter_var_0 var_1 +
2689,115 111 52 95 113,30,115 89 12 21 113,24,2,6,12,2,21,36,var_0 counter_var_1 +,8,counter_var_0 var_1 +
2690,115 74 27 88 113,20,115 2 102 16 113,16,2,4,10,26,16,26,var_0 counter_var_1 +,6,counter_var_0 var_1 +
2691,115 14 31 109 113,22,115 56 66 102 113,14,27,8,20,16,9,34,var_0 counter_var_1 +,35,counter_var_0 var_1 +
2692,115 98 32 64 113,20,115 52 60 44 113,11,23,9,14,2,13,25,var_0 counter_var_1 +,32,counter_var_0 var_1 +
2693,115 97 26 112 113,13,115 35 52 95 113,10,6,3,6,19,2,16,var_0 counter_var_1 +,9,counter_var_0 var_1 +
2694,115 10 20 8 113,30,115 4 88 66 113,10,4,20,19,8,4,29,var_0 counter_var_1 +,24,counter_var_0 var_1 +
2695,115 99 51 97 113,17,115 4 46 80 113,12,4,5,0,4,18,12,var_0 counter_var_1 +,9,counter_var_0 var_1 +
2696,115 0 17 108 113,17,115 62 77 105 113,0,4,17,8,15,12,8,var_0 counter_var_1 +,21,counter_var_0 var_1 +
2697,115 38 14 24 113,23,115 106 109 79 113,9,19,14,17,24,17,26,var_0 counter_var_1 +,33,counter_var_0 var_1 +
2698,115 44 109 79 113,32,115 99 14 24 113,15,12,17,14,17,24,29,var_0 counter_var_1 +,29,counter_var_0 var_1 +
2699,115 29 101 104 113,9,115 87 43 110 113,0,0,9,20,11,17,20,var_0 counter_var_1 +,9,counter_var_0 var_1 +
2700,115 82 10 68 113,34,115 17 13 91 113,24,17,10,13,6,29,37,var_0 counter_var_1 +,27,counter_var_0 var_1 +
2701,115 48 38 20 113,34,115 69 50 77 113,19,11,15,4,20,15,23,var_0 counter_var_1 +,26,counter_var_0 var_1 +
2702,115 24 2 63 113,26,115 94 65 17 113,24,7,2,19,1,17,43,var_0 counter_var_1 +,9,counter_var_0 var_1 +
2703,115 62 53 51 113,11,115 2 82 67 113,4,2,7,13,20,5,17,var_0 counter_var_1 +,9,counter_var_0 var_1 +
2704,115 93 33 50 113,16,115 63 33 50 113,6,5,10,10,19,19,16,var_0 counter_var_1 +,15,counter_var_0 var_1 +
2705,115 102 56 59 113,25,115 101 95 29 113,15,14,10,3,28,29,18,var_0 counter_var_1 +,24,counter_var_0 var_1 +
2706,115 4 97 81 113,9,115 100 45 76 113,4,13,5,22,19,14,26,var_0 counter_var_1 +,18,counter_var_0 var_1 +
2707,115 64 76 93 113,13,115 61 38 20 113,6,3,7,15,0,20,21,var_0 counter_var_1 +,10,counter_var_0 var_1 +
2708,115 58 101 104 113,9,115 100 17 108 113,0,13,9,17,11,15,17,var_0 counter_var_1 +,22,counter_var_0 var_1 +
2709,115 23 7 10 113,30,115 25 82 67 113,23,25,7,13,10,5,36,var_0 counter_var_1 +,32,counter_var_0 var_1 +
2710,115 17 34 27 113,28,115 31 110 61 113,17,2,11,18,27,30,35,var_0 counter_var_1 +,13,counter_var_0 var_1 +
2711,115 18 105 62 113,31,115 8 65 17 113,18,8,13,19,0,17,37,var_0 counter_var_1 +,21,counter_var_0 var_1 +
2712,115 93 35 9 113,18,115 26 91 33 113,6,26,12,22,9,2,28,var_0 counter_var_1 +,38,counter_var_0 var_1 +
2713,115 60 106 35 113,16,115 42 96 6 113,2,13,14,4,4,6,6,var_0 counter_var_1 +,27,counter_var_0 var_1 +
2714,115 61 36 106 113,16,115 66 65 17 113,3,8,13,19,13,17,22,var_0 counter_var_1 +,21,counter_var_0 var_1 +
2715,115 93 64 19 113,24,115 14 51 97 113,6,14,18,5,19,4,11,var_0 counter_var_1 +,32,counter_var_0 var_1 +
2716,115 102 15 53 113,30,115 88 105 62 113,15,1,15,13,22,0,28,var_0 counter_var_1 +,16,counter_var_0 var_1 +
2717,115 79 2 63 113,23,115 65 101 104 113,21,7,2,9,1,11,30,var_0 counter_var_1 +,9,counter_var_0 var_1 +
2718,115 79 79 57 113,31,115 97 16 94 113,21,10,10,16,26,1,37,var_0 counter_var_1 +,20,counter_var_0 var_1 +
2719,115 56 55 48 113,36,115 4 111 12 113,27,4,9,19,17,12,46,var_0 counter_var_1 +,13,counter_var_0 var_1 +
2720,115 82 31 109 113,32,115 83 28 7 113,24,25,8,5,16,7,29,var_0 counter_var_1 +,33,counter_var_0 var_1 +
2721,115 31 56 59 113,12,115 103 32 64 113,2,16,10,9,28,2,11,var_0 counter_var_1 +,26,counter_var_0 var_1 +
2722,115 108 22 75 113,43,115 110 101 104 113,21,23,22,9,13,11,30,var_0 counter_var_1 +,45,counter_var_0 var_1 +
2723,115 59 49 72 113,4,115 44 91 33 113,1,15,3,22,10,2,23,var_0 counter_var_1 +,18,counter_var_0 var_1 +
2724,115 12 90 90 113,33,115 5 51 97 113,12,5,21,5,28,4,17,var_0 counter_var_1 +,26,counter_var_0 var_1 +
2725,115 102 18 73 113,33,115 78 45 76 113,15,20,18,22,11,14,37,var_0 counter_var_1 +,38,counter_var_0 var_1 +
2726,115 109 26 112 113,25,115 77 69 99 113,22,19,3,0,19,6,22,var_0 counter_var_1 +,22,counter_var_0 var_1 +
2727,115 112 94 39 113,27,115 102 68 100 113,25,15,2,22,8,7,47,var_0 counter_var_1 +,17,counter_var_0 var_1 +
2728,115 39 25 111 113,12,115 56 18 73 113,10,27,2,18,18,11,28,var_0 counter_var_1 +,29,counter_var_0 var_1 +
2729,115 7 71 74 113,9,115 5 7 10 113,7,5,2,7,12,10,14,var_0 counter_var_1 +,7,counter_var_0 var_1 +
2730,115 103 57 1 113,27,115 89 96 6 113,16,2,11,4,1,6,20,var_0 counter_var_1 +,13,counter_var_0 var_1 +
2731,115 46 29 25 113,23,115 34 12 21 113,17,5,6,12,25,21,29,var_0 counter_var_1 +,11,counter_var_0 var_1 +
2732,115 24 101 104 113,33,115 67 6 56 113,24,9,9,6,11,25,30,var_0 counter_var_1 +,18,counter_var_0 var_1 +
2733,115 58 109 79 113,17,115 65 98 78 113,0,7,17,6,17,16,6,var_0 counter_var_1 +,24,counter_var_0 var_1 +
2734,115 110 28 7 113,28,115 29 44 107 113,23,0,5,21,7,14,44,var_0 counter_var_1 +,5,counter_var_0 var_1 +
2735,115 65 34 27 113,18,115 94 11 30 113,7,7,11,11,27,30,18,var_0 counter_var_1 +,18,counter_var_0 var_1 +
2736,115 29 35 9 113,12,115 80 35 9 113,0,22,12,12,9,9,12,var_0 counter_var_1 +,34,counter_var_0 var_1 +
2737,115 106 56 59 113,29,115 8 19 86 113,19,8,10,19,28,24,38,var_0 counter_var_1 +,18,counter_var_0 var_1 +
2738,115 86 49 72 113,31,115 72 80 31 113,28,14,3,11,10,0,39,var_0 counter_var_1 +,17,counter_var_0 var_1 +
2739,115 92 64 19 113,23,115 18 36 106 113,5,18,18,13,19,13,18,var_0 counter_var_1 +,36,counter_var_0 var_1 +
2740,115 79 68 100 113,43,115 88 82 67 113,21,1,22,13,7,5,34,var_0 counter_var_1 +,23,counter_var_0 var_1 +
2741,115 35 16 94 113,22,115 6 106 35 113,6,6,16,14,1,4,20,var_0 counter_var_1 +,22,counter_var_0 var_1 +
2742,115 4 98 78 113,10,115 110 41 22 113,4,23,6,18,16,22,22,var_0 counter_var_1 +,29,counter_var_0 var_1 +
2743,115 103 93 37 113,17,115 93 37 42 113,16,6,1,14,6,11,30,var_0 counter_var_1 +,7,counter_var_0 var_1 +
2744,115 73 111 12 113,34,115 7 98 78 113,15,7,19,6,12,16,21,var_0 counter_var_1 +,26,counter_var_0 var_1 +
2745,115 9 19 86 113,28,115 79 64 19 113,9,21,19,18,24,19,27,var_0 counter_var_1 +,40,counter_var_0 var_1 +
2746,115 94 37 42 113,21,115 51 101 104 113,7,22,14,9,11,11,16,var_0 counter_var_1 +,36,counter_var_0 var_1 +
2747,115 94 73 96 113,11,115 60 78 65 113,7,2,4,9,3,3,16,var_0 counter_var_1 +,6,counter_var_0 var_1 +
2748,115 15 104 84 113,27,115 3 14 24 113,15,3,12,14,22,24,29,var_0 counter_var_1 +,15,counter_var_0 var_1 +
2749,115 100 13 91 113,26,115 76 27 88 113,13,18,13,4,29,26,17,var_0 counter_var_1 +,31,counter_var_0 var_1 +
2750,115 62 18 73 113,22,115 47 28 7 113,4,18,18,5,11,7,9,var_0 counter_var_1 +,36,counter_var_0 var_1 +
2751,115 104 112 103 113,37,115 54 60 44 113,17,25,20,14,10,13,31,var_0 counter_var_1 +,45,counter_var_0 var_1 +
2752,115 90 20 8 113,23,115 41 42 55 113,3,12,20,19,8,24,22,var_0 counter_var_1 +,32,counter_var_0 var_1 +
2753,115 103 55 48 113,25,115 2 64 19 113,16,2,9,18,17,19,34,var_0 counter_var_1 +,11,counter_var_0 var_1 +
2754,115 110 112 103 113,43,115 64 84 32 113,23,6,20,15,10,1,38,var_0 counter_var_1 +,26,counter_var_0 var_1 +
2755,115 40 88 66 113,30,115 45 91 33 113,11,16,19,22,4,2,33,var_0 counter_var_1 +,35,counter_var_0 var_1 +
2756,115 59 5 47 113,6,115 20 73 96 113,1,20,5,4,16,3,5,var_0 counter_var_1 +,25,counter_var_0 var_1 +
2757,115 93 59 23 113,19,115 79 87 69 113,6,21,13,18,23,7,24,var_0 counter_var_1 +,34,counter_var_0 var_1 +
2758,115 59 82 67 113,14,115 90 4 52 113,1,3,13,4,5,21,5,var_0 counter_var_1 +,16,counter_var_0 var_1 +
2759,115 30 14 24 113,15,115 8 77 105 113,1,8,14,8,24,12,9,var_0 counter_var_1 +,22,counter_var_0 var_1 +
2760,115 93 74 13 113,11,115 106 35 9 113,6,19,5,12,13,9,18,var_0 counter_var_1 +,24,counter_var_0 var_1 +
2761,115 18 97 81 113,23,115 110 74 13 113,18,23,5,5,19,13,23,var_0 counter_var_1 +,28,counter_var_0 var_1 +
2762,115 33 51 97 113,9,115 53 17 108 113,4,24,5,17,4,15,21,var_0 counter_var_1 +,29,counter_var_0 var_1 +
2763,115 68 94 39 113,12,115 87 62 41 113,10,0,2,16,8,10,26,var_0 counter_var_1 +,2,counter_var_0 var_1 +
2764,115 109 14 24 113,36,115 44 78 65 113,22,15,14,9,24,3,31,var_0 counter_var_1 +,29,counter_var_0 var_1 +
2765,115 109 55 48 113,31,115 35 106 35 113,22,6,9,14,17,4,36,var_0 counter_var_1 +,15,counter_var_0 var_1 +
2766,115 111 16 94 113,40,115 40 62 41 113,24,11,16,16,1,10,40,var_0 counter_var_1 +,27,counter_var_0 var_1 +
2767,115 46 36 106 113,30,115 66 74 13 113,17,8,13,5,13,13,22,var_0 counter_var_1 +,21,counter_var_0 var_1 +
2768,115 108 49 72 113,24,115 40 68 100 113,21,11,3,22,10,7,43,var_0 counter_var_1 +,14,counter_var_0 var_1 +
2769,115 67 109 79 113,26,115 101 11 30 113,9,14,17,11,17,30,20,var_0 counter_var_1 +,31,counter_var_0 var_1 +
2770,115 45 86 45 113,33,115 15 35 9 113,16,15,17,12,14,9,28,var_0 counter_var_1 +,32,counter_var_0 var_1 +
2771,115 103 49 72 113,19,115 39 76 93 113,16,10,3,7,10,0,23,var_0 counter_var_1 +,13,counter_var_0 var_1 +
2772,115 87 58 98 113,12,115 23 73 96 113,0,23,12,4,5,3,4,var_0 counter_var_1 +,35,counter_var_0 var_1 +
2773,115 38 96 6 113,13,115 10 59 23 113,9,10,4,13,6,23,22,var_0 counter_var_1 +,14,counter_var_0 var_1 +
2774,115 111 59 23 113,37,115 65 42 55 113,24,7,13,19,23,24,43,var_0 counter_var_1 +,20,counter_var_0 var_1 +
2775,115 38 112 103 113,29,115 93 50 77 113,9,6,20,4,10,15,13,var_0 counter_var_1 +,26,counter_var_0 var_1 +
2776,115 35 33 50 113,16,115 62 11 30 113,6,4,10,11,19,30,17,var_0 counter_var_1 +,14,counter_var_0 var_1 +
2777,115 11 25 111 113,13,115 112 9 87 113,11,25,2,9,18,25,20,var_0 counter_var_1 +,27,counter_var_0 var_1 +
2778,115 38 61 18 113,24,115 20 46 80 113,9,20,15,0,18,18,9,var_0 counter_var_1 +,35,counter_var_0 var_1 +
2779,115 62 41 22 113,22,115 80 84 32 113,4,22,18,15,22,1,19,var_0 counter_var_1 +,40,counter_var_0 var_1 +
2780,115 66 36 106 113,21,115 44 83 38 113,8,15,13,14,13,7,22,var_0 counter_var_1 +,28,counter_var_0 var_1 +
2781,115 76 18 73 113,36,115 59 40 11 113,18,1,18,17,11,11,35,var_0 counter_var_1 +,19,counter_var_0 var_1 +
2782,115 62 38 20 113,19,115 29 8 26 113,4,0,15,8,20,26,12,var_0 counter_var_1 +,15,counter_var_0 var_1 +
2783,115 78 29 25 113,26,115 12 20 8 113,20,12,6,20,25,8,40,var_0 counter_var_1 +,18,counter_var_0 var_1 +
2784,115 9 71 74 113,11,115 85 31 109 113,9,27,2,8,12,16,17,var_0 counter_var_1 +,29,counter_var_0 var_1 +
2785,115 108 80 31 113,32,115 9 67 46 113,21,9,11,21,0,15,42,var_0 counter_var_1 +,20,counter_var_0 var_1 +
2786,115 49 40 11 113,37,115 82 103 49 113,20,24,17,11,11,18,31,var_0 counter_var_1 +,41,counter_var_0 var_1 +
2787,115 45 105 62 113,29,115 41 16 94 113,16,12,13,16,0,1,32,var_0 counter_var_1 +,25,counter_var_0 var_1 +
2788,115 15 97 81 113,20,115 57 26 112 113,15,28,5,3,19,19,18,var_0 counter_var_1 +,33,counter_var_0 var_1 +
2789,115 28 45 76 113,50,115 42 9 87 113,28,13,22,9,14,25,37,var_0 counter_var_1 +,35,counter_var_0 var_1 +
2790,115 21 66 102 113,41,115 26 69 99 113,21,26,20,0,9,6,21,var_0 counter_var_1 +,46,counter_var_0 var_1 +
2791,115 53 105 62 113,37,115 19 53 51 113,24,19,13,7,0,20,31,var_0 counter_var_1 +,32,counter_var_0 var_1 +
2792,115 15 45 76 113,37,115 110 110 61 113,15,23,22,18,14,30,33,var_0 counter_var_1 +,45,counter_var_0 var_1 +
2793,115 8 11 30 113,19,115 107 58 98 113,8,20,11,12,30,5,20,var_0 counter_var_1 +,31,counter_var_0 var_1 +
2794,115 3 69 99 113,3,115 15 95 29 113,3,15,0,3,6,29,6,var_0 counter_var_1 +,15,counter_var_0 var_1 +
2795,115 89 5 47 113,7,115 51 23 4 113,2,22,5,0,16,4,2,var_0 counter_var_1 +,27,counter_var_0 var_1 +
2796,115 39 76 93 113,17,115 11 57 1 113,10,11,7,11,0,1,21,var_0 counter_var_1 +,18,counter_var_0 var_1 +
2797,115 11 43 110 113,31,115 7 68 100 113,11,7,20,22,17,7,33,var_0 counter_var_1 +,27,counter_var_0 var_1 +
2798,115 101 1 40 113,15,115 112 18 73 113,14,25,1,18,9,11,32,var_0 counter_var_1 +,26,counter_var_0 var_1 +
2799,115 37 36 106 113,21,115 92 77 105 113,8,5,13,8,13,12,16,var_0 counter_var_1 +,18,counter_var_0 var_1 +
2800,115 112 23 4 113,25,115 5 48 89 113,25,5,0,2,4,27,27,var_0 counter_var_1 +,5,counter_var_0 var_1 +
2801,115 1 80 31 113,12,115 99 83 38 113,1,12,11,14,0,7,15,var_0 counter_var_1 +,23,counter_var_0 var_1 +
2802,115 92 86 45 113,22,115 38 8 26 113,5,9,17,8,14,26,13,var_0 counter_var_1 +,26,counter_var_0 var_1 +
2803,115 18 64 19 113,36,115 94 43 110 113,18,7,18,20,19,17,38,var_0 counter_var_1 +,25,counter_var_0 var_1 +
2804,115 57 59 23 113,41,115 41 10 68 113,28,12,13,10,23,6,38,var_0 counter_var_1 +,25,counter_var_0 var_1 +
2805,115 80 109 79 113,39,115 100 39 14 113,22,13,17,16,17,14,38,var_0 counter_var_1 +,30,counter_var_0 var_1 +
2806,115 20 17 108 113,37,115 101 91 33 113,20,14,17,22,15,2,42,var_0 counter_var_1 +,31,counter_var_0 var_1 +
2807,115 53 29 25 113,30,115 11 86 45 113,24,11,6,17,25,14,41,var_0 counter_var_1 +,17,counter_var_0 var_1 +
2808,115 5 82 67 113,18,115 32 29 25 113,5,3,13,6,5,25,11,var_0 counter_var_1 +,16,counter_var_0 var_1 +
2809,115 39 55 48 113,19,115 2 56 59 113,10,2,9,10,17,28,20,var_0 counter_var_1 +,11,counter_var_0 var_1 +
2810,115 81 102 16 113,33,115 41 33 50 113,23,12,10,10,16,19,33,var_0 counter_var_1 +,22,counter_var_0 var_1 +
2811,115 24 76 93 113,31,115 14 50 77 113,24,14,7,4,0,15,28,var_0 counter_var_1 +,21,counter_var_0 var_1 +
2812,115 7 75 82 113,13,115 1 6 56 113,7,1,6,6,20,25,13,var_0 counter_var_1 +,7,counter_var_0 var_1 +
2813,115 43 15 53 113,29,115 83 68 100 113,14,25,15,22,22,7,36,var_0 counter_var_1 +,40,counter_var_0 var_1 +
2814,115 18 5 47 113,23,115 97 81 54 113,18,10,5,12,16,23,30,var_0 counter_var_1 +,15,counter_var_0 var_1 +
2815,115 95 58 98 113,20,115 49 95 29 113,8,20,12,3,5,29,11,var_0 counter_var_1 +,32,counter_var_0 var_1 +
2816,115 10 41 22 113,28,115 65 51 97 113,10,7,18,5,22,4,15,var_0 counter_var_1 +,25,counter_var_0 var_1 +
2817,115 75 104 84 113,29,115 7 97 81 113,17,7,12,5,22,19,22,var_0 counter_var_1 +,19,counter_var_0 var_1 +
2818,115 90 25 111 113,5,115 26 73 96 113,3,26,2,4,18,3,7,var_0 counter_var_1 +,28,counter_var_0 var_1 +
2819,115 44 50 77 113,19,115 9 9 87 113,15,9,4,9,15,25,24,var_0 counter_var_1 +,13,counter_var_0 var_1 +
2820,115 98 89 28 113,31,115 93 61 18 113,11,6,20,15,28,18,26,var_0 counter_var_1 +,26,counter_var_0 var_1 +
2821,115 108 37 42 113,35,115 99 70 36 113,21,12,14,1,11,5,22,var_0 counter_var_1 +,26,counter_var_0 var_1 +
2822,115 67 86 45 113,26,115 36 110 61 113,9,7,17,18,14,30,27,var_0 counter_var_1 +,24,counter_var_0 var_1 +
2823,115 109 45 76 113,44,115 12 37 42 113,22,12,22,14,14,11,36,var_0 counter_var_1 +,34,counter_var_0 var_1 +
2824,115 67 16 94 113,25,115 57 86 45 113,9,28,16,17,1,14,26,var_0 counter_var_1 +,44,counter_var_0 var_1 +
2825,115 43 7 10 113,21,115 110 76 93 113,14,23,7,7,10,0,21,var_0 counter_var_1 +,30,counter_var_0 var_1 +
2826,115 68 43 110 113,30,115 71 70 36 113,10,13,20,1,17,5,11,var_0 counter_var_1 +,33,counter_var_0 var_1 +
2827,115 22 83 38 113,36,115 13 12 21 113,22,13,14,12,7,21,34,var_0 counter_var_1 +,27,counter_var_0 var_1 +
2828,115 24 110 61 113,42,115 61 56 59 113,24,3,18,10,30,28,34,var_0 counter_var_1 +,21,counter_var_0 var_1 +
2829,115 22 29 25 113,28,115 29 0 101 113,22,0,6,0,25,8,22,var_0 counter_var_1 +,6,counter_var_0 var_1 +
2830,115 78 79 57 113,30,115 107 21 92 113,20,20,10,21,26,30,41,var_0 counter_var_1 +,30,counter_var_0 var_1 +
2831,115 46 9 87 113,26,115 18 58 98 113,17,18,9,12,25,5,29,var_0 counter_var_1 +,27,counter_var_0 var_1 +
2832,115 45 110 61 113,34,115 89 100 0 113,16,2,18,8,30,0,24,var_0 counter_var_1 +,20,counter_var_0 var_1 +
2833,115 83 95 29 113,28,115 26 40 11 113,25,26,3,17,29,11,42,var_0 counter_var_1 +,29,counter_var_0 var_1 +
2834,115 60 55 48 113,11,115 24 31 109 113,2,24,9,8,17,16,10,var_0 counter_var_1 +,33,counter_var_0 var_1 +
2835,115 25 84 32 113,40,115 61 3 15 113,25,3,15,3,1,15,28,var_0 counter_var_1 +,18,counter_var_0 var_1 +
2836,115 26 101 104 113,35,115 13 96 6 113,26,13,9,4,11,6,30,var_0 counter_var_1 +,22,counter_var_0 var_1 +
2837,115 29 22 75 113,22,115 49 53 51 113,0,20,22,7,13,20,7,var_0 counter_var_1 +,42,counter_var_0 var_1 +
2838,115 14 30 70 113,21,115 67 106 35 113,14,9,7,14,8,4,28,var_0 counter_var_1 +,16,counter_var_0 var_1 +
2839,115 8 24 5 113,9,115 68 11 30 113,8,10,1,11,5,30,19,var_0 counter_var_1 +,11,counter_var_0 var_1 +
2840,115 81 105 62 113,36,115 2 21 92 113,23,2,13,21,0,30,44,var_0 counter_var_1 +,15,counter_var_0 var_1 +
2841,115 104 44 107 113,38,115 15 107 60 113,17,15,21,15,14,29,32,var_0 counter_var_1 +,36,counter_var_0 var_1 +
2842,115 61 26 112 113,6,115 6 97 81 113,3,6,3,5,19,19,8,var_0 counter_var_1 +,9,counter_var_0 var_1 +
2843,115 47 11 30 113,29,115 13 15 53 113,18,13,11,15,30,22,33,var_0 counter_var_1 +,24,counter_var_0 var_1 +
2844,115 82 47 34 113,25,115 30 40 11 113,24,1,1,17,3,11,41,var_0 counter_var_1 +,2,counter_var_0 var_1 +
2845,115 23 98 78 113,29,115 104 14 24 113,23,17,6,14,16,24,37,var_0 counter_var_1 +,23,counter_var_0 var_1 +
2846,115 5 108 58 113,21,115 107 14 24 113,5,20,16,14,27,24,19,var_0 counter_var_1 +,36,counter_var_0 var_1 +
2847,115 25 55 48 113,34,115 91 12 21 113,25,4,9,12,17,21,37,var_0 counter_var_1 +,13,counter_var_0 var_1 +
2848,115 68 0 101 113,10,115 29 14 24 113,10,0,0,14,8,24,24,var_0 counter_var_1 +,0,counter_var_0 var_1 +
2849,115 100 23 4 113,13,115 23 77 105 113,13,23,0,8,4,12,21,var_0 counter_var_1 +,23,counter_var_0 var_1 +
2850,115 4 35 9 113,16,115 47 2 63 113,4,18,12,2,9,1,6,var_0 counter_var_1 +,30,counter_var_0 var_1 +
2851,115 78 7 10 113,27,115 80 53 51 113,20,22,7,7,10,20,27,var_0 counter_var_1 +,29,counter_var_0 var_1 +
2852,115 64 12 21 113,18,115 43 61 18 113,6,14,12,15,21,18,21,var_0 counter_var_1 +,26,counter_var_0 var_1 +
2853,115 107 83 38 113,34,115 68 23 4 113,20,10,14,0,7,4,20,var_0 counter_var_1 +,24,counter_var_0 var_1 +
2854,115 51 102 16 113,32,115 109 100 0 113,22,22,10,8,16,0,30,var_0 counter_var_1 +,32,counter_var_0 var_1 +
2855,115 88 84 32 113,16,115 47 85 3 113,1,18,15,16,1,3,17,var_0 counter_var_1 +,33,counter_var_0 var_1 +
2856,115 0 111 12 113,19,115 93 107 60 113,0,6,19,15,12,29,15,var_0 counter_var_1 +,25,counter_var_0 var_1 +
2857,115 74 111 12 113,35,115 15 89 28 113,16,15,19,20,12,28,36,var_0 counter_var_1 +,34,counter_var_0 var_1 +
2858,115 41 22 75 113,34,115 39 17 108 113,12,10,22,17,13,15,29,var_0 counter_var_1 +,32,counter_var_0 var_1 +
2859,115 105 45 76 113,40,115 92 97 81 113,18,5,22,5,14,19,23,var_0 counter_var_1 +,27,counter_var_0 var_1 +
2860,115 109 39 14 113,38,115 36 28 7 113,22,7,16,5,14,7,27,var_0 counter_var_1 +,23,counter_var_0 var_1 +
2861,115 2 6 56 113,8,115 36 19 86 113,2,7,6,19,25,24,21,var_0 counter_var_1 +,13,counter_var_0 var_1 +
2862,115 49 11 30 113,31,115 36 5 47 113,20,7,11,5,30,16,25,var_0 counter_var_1 +,18,counter_var_0 var_1 +
2863,115 80 4 52 113,26,115 3 108 58 113,22,3,4,16,21,27,38,var_0 counter_var_1 +,7,counter_var_0 var_1 +
2864,115 32 13 91 113,16,115 107 6 56 113,3,20,13,6,29,25,9,var_0 counter_var_1 +,33,counter_var_0 var_1 +
2865,115 57 33 50 113,38,115 105 95 29 113,28,18,10,3,19,29,31,var_0 counter_var_1 +,28,counter_var_0 var_1 +
2866,115 57 19 86 113,47,115 34 66 102 113,28,5,19,20,24,9,48,var_0 counter_var_1 +,24,counter_var_0 var_1 +
2867,115 34 21 92 113,26,115 15 44 107 113,5,15,21,21,30,14,26,var_0 counter_var_1 +,36,counter_var_0 var_1 +
2868,115 105 85 3 113,34,115 17 35 9 113,18,17,16,12,3,9,30,var_0 counter_var_1 +,33,counter_var_0 var_1 +
2869,115 1 94 39 113,3,115 15 48 89 113,1,15,2,2,8,27,3,var_0 counter_var_1 +,17,counter_var_0 var_1 +
2870,115 14 60 44 113,28,115 80 54 83 113,14,22,14,8,13,21,22,var_0 counter_var_1 +,36,counter_var_0 var_1 +
2871,115 84 56 59 113,36,115 53 60 44 113,26,24,10,14,28,13,40,var_0 counter_var_1 +,34,counter_var_0 var_1 +
2872,115 60 107 60 113,17,115 108 26 112 113,2,21,15,3,29,19,5,var_0 counter_var_1 +,36,counter_var_0 var_1 +
2873,115 85 28 7 113,32,115 100 9 87 113,27,13,5,9,7,25,36,var_0 counter_var_1 +,18,counter_var_0 var_1 +
2874,115 4 69 99 113,4,115 96 79 57 113,4,9,0,10,6,26,14,var_0 counter_var_1 +,9,counter_var_0 var_1 +
2875,115 101 62 41 113,30,115 89 56 59 113,14,2,16,10,10,28,24,var_0 counter_var_1 +,18,counter_var_0 var_1 +
2876,115 25 75 82 113,31,115 92 111 12 113,25,5,6,19,20,12,44,var_0 counter_var_1 +,11,counter_var_0 var_1 +
2877,115 87 106 35 113,14,115 67 110 61 113,0,9,14,18,4,30,18,var_0 counter_var_1 +,23,counter_var_0 var_1 +
2878,115 17 64 19 113,35,115 29 74 13 113,17,0,18,5,19,13,22,var_0 counter_var_1 +,18,counter_var_0 var_1 +
2879,115 86 46 80 113,28,115 19 0 101 113,28,19,0,0,18,8,28,var_0 counter_var_1 +,19,counter_var_0 var_1 +
2880,115 43 54 83 113,22,115 50 99 85 113,14,21,8,7,21,23,21,var_0 counter_var_1 +,29,counter_var_0 var_1 +
2881,115 40 10 68 113,21,115 60 57 1 113,11,2,10,11,6,1,22,var_0 counter_var_1 +,12,counter_var_0 var_1 +
2882,115 37 16 94 113,24,115 58 80 31 113,8,0,16,11,1,0,19,var_0 counter_var_1 +,16,counter_var_0 var_1 +
2883,115 94 17 108 113,24,115 58 91 33 113,7,0,17,22,15,2,29,var_0 counter_var_1 +,17,counter_var_0 var_1 +
2884,115 84 59 23 113,39,115 37 52 95 113,26,8,13,6,23,2,32,var_0 counter_var_1 +,21,counter_var_0 var_1 +
2885,115 8 98 78 113,14,115 40 46 80 113,8,11,6,0,16,18,8,var_0 counter_var_1 +,17,counter_var_0 var_1 +
2886,115 71 45 76 113,35,115 64 9 87 113,13,6,22,9,14,25,22,var_0 counter_var_1 +,28,counter_var_0 var_1 +
2887,115 47 92 2 113,18,115 80 55 48 113,18,22,0,9,2,17,27,var_0 counter_var_1 +,22,counter_var_0 var_1 +
2888,115 9 62 41 113,25,115 65 36 106 113,9,7,16,13,10,13,22,var_0 counter_var_1 +,23,counter_var_0 var_1 +
2889,115 13 45 76 113,35,115 54 107 60 113,13,25,22,15,14,29,28,var_0 counter_var_1 +,47,counter_var_0 var_1 +
2890,115 42 105 62 113,26,115 102 82 67 113,13,15,13,13,0,5,26,var_0 counter_var_1 +,28,counter_var_0 var_1 +
2891,115 106 64 19 113,37,115 81 68 100 113,19,23,18,22,19,7,41,var_0 counter_var_1 +,41,counter_var_0 var_1 +
2892,115 29 34 27 113,11,115 55 22 75 113,0,26,11,22,27,13,22,var_0 counter_var_1 +,37,counter_var_0 var_1 +
2893,115 52 33 50 113,33,115 61 73 96 113,23,3,10,4,19,3,27,var_0 counter_var_1 +,13,counter_var_0 var_1 +
2894,115 41 111 12 113,31,115 104 28 7 113,12,17,19,5,12,7,17,var_0 counter_var_1 +,36,counter_var_0 var_1 +
2895,115 24 80 31 113,35,115 83 33 50 113,24,25,11,10,0,19,34,var_0 counter_var_1 +,36,counter_var_0 var_1 +
2896,115 112 77 105 113,33,115 9 10 68 113,25,9,8,10,12,6,35,var_0 counter_var_1 +,17,counter_var_0 var_1 +
2897,115 52 56 59 113,33,115 60 81 54 113,23,2,10,12,28,23,35,var_0 counter_var_1 +,12,counter_var_0 var_1 +
2898,115 4 75 82 113,10,115 15 80 31 113,4,15,6,11,20,0,15,var_0 counter_var_1 +,21,counter_var_0 var_1 +
2899,115 4 63 43 113,21,115 99 93 37 113,4,12,17,1,12,6,5,var_0 counter_var_1 +,29,counter_var_0 var_1 +
2900,115 43 35 9 113,26,115 93 8 26 113,14,6,12,8,9,26,22,var_0 counter_var_1 +,18,counter_var_0 var_1 +
2901,115 71 111 12 113,32,115 97 28 7 113,13,10,19,5,12,7,18,var_0 counter_var_1 +,29,counter_var_0 var_1 +
2902,115 38 37 42 113,23,115 23 29 25 113,9,23,14,6,11,25,15,var_0 counter_var_1 +,37,counter_var_0 var_1 +
2903,115 84 88 66 113,45,115 106 90 90 113,26,19,19,21,4,28,47,var_0 counter_var_1 +,38,counter_var_0 var_1 +
2904,115 31 6 56 113,8,115 78 10 68 113,2,20,6,10,25,6,12,var_0 counter_var_1 +,26,counter_var_0 var_1 +
2905,115 15 88 66 113,34,115 102 4 52 113,15,15,19,4,4,21,19,var_0 counter_var_1 +,34,counter_var_0 var_1 +
2906,115 78 96 6 113,24,115 105 81 54 113,20,18,4,12,6,23,32,var_0 counter_var_1 +,22,counter_var_0 var_1 +
2907,115 37 89 28 113,28,115 45 63 43 113,8,16,20,17,28,12,25,var_0 counter_var_1 +,36,counter_var_0 var_1 +
2908,115 11 42 55 113,30,115 83 91 33 113,11,25,19,22,24,2,33,var_0 counter_var_1 +,44,counter_var_0 var_1 +
2909,115 86 99 85 113,35,115 73 111 12 113,28,15,7,19,23,12,47,var_0 counter_var_1 +,22,counter_var_0 var_1 +
2910,115 91 71 74 113,6,115 92 40 11 113,4,5,2,17,12,11,21,var_0 counter_var_1 +,7,counter_var_0 var_1 +
2911,115 110 60 44 113,37,115 107 56 59 113,23,20,14,10,13,28,33,var_0 counter_var_1 +,34,counter_var_0 var_1 +
2912,115 34 32 64 113,14,115 37 105 62 113,5,8,9,13,2,0,18,var_0 counter_var_1 +,17,counter_var_0 var_1 +
2913,115 70 40 11 113,29,115 25 8 26 113,12,25,17,8,11,26,20,var_0 counter_var_1 +,42,counter_var_0 var_1 +
2914,115 42 8 26 113,21,115 6 39 14 113,13,6,8,16,26,14,29,var_0 counter_var_1 +,14,counter_var_0 var_1 +
2915,115 61 99 85 113,10,115 18 10 68 113,3,18,7,10,23,6,13,var_0 counter_var_1 +,25,counter_var_0 var_1 +
2916,115 101 37 42 113,28,115 10 39 14 113,14,10,14,16,11,14,30,var_0 counter_var_1 +,24,counter_var_0 var_1 +
2917,115 17 0 101 113,17,115 24 15 53 113,17,24,0,15,8,22,32,var_0 counter_var_1 +,24,counter_var_0 var_1 +
2918,115 47 3 15 113,21,115 49 105 62 113,18,20,3,13,15,0,31,var_0 counter_var_1 +,23,counter_var_0 var_1 +
2919,115 42 51 97 113,18,115 77 67 46 113,13,19,5,21,4,15,34,var_0 counter_var_1 +,24,counter_var_0 var_1 +
2920,115 39 77 105 113,18,115 39 7 10 113,10,10,8,7,12,10,17,var_0 counter_var_1 +,18,counter_var_0 var_1 +
2921,115 85 98 78 113,33,115 73 35 9 113,27,15,6,12,16,9,39,var_0 counter_var_1 +,21,counter_var_0 var_1 +
2922,115 22 15 53 113,37,115 52 80 31 113,22,23,15,11,22,0,33,var_0 counter_var_1 +,38,counter_var_0 var_1 +
2923,115 9 90 90 113,30,115 4 4 52 113,9,4,21,4,28,21,13,var_0 counter_var_1 +,25,counter_var_0 var_1 +
2924,115 74 12 21 113,28,115 50 39 14 113,16,21,12,16,21,14,32,var_0 counter_var_1 +,33,counter_var_0 var_1 +
2925,115 12 108 58 113,28,115 60 62 41 113,12,2,16,16,27,10,28,var_0 counter_var_1 +,18,counter_var_0 var_1 +
2926,115 28 70 36 113,29,115 50 16 94 113,28,21,1,16,5,1,44,var_0 counter_var_1 +,22,counter_var_0 var_1 +
2927,115 9 2 63 113,11,115 57 5 47 113,9,28,2,5,1,16,14,var_0 counter_var_1 +,30,counter_var_0 var_1 +
2928,115 28 75 82 113,34,115 49 7 10 113,28,20,6,7,20,10,35,var_0 counter_var_1 +,26,counter_var_0 var_1 +
2929,115 30 61 18 113,16,115 46 102 16 113,1,17,15,10,18,16,11,var_0 counter_var_1 +,32,counter_var_0 var_1 +
2930,115 53 88 66 113,43,115 37 102 16 113,24,8,19,10,4,16,34,var_0 counter_var_1 +,27,counter_var_0 var_1 +
2931,115 112 1 40 113,26,115 4 83 38 113,25,4,1,14,9,7,39,var_0 counter_var_1 +,5,counter_var_0 var_1 +
2932,115 111 45 76 113,46,115 7 92 2 113,24,7,22,0,14,2,24,var_0 counter_var_1 +,29,counter_var_0 var_1 +
2933,115 55 80 31 113,37,115 5 11 30 113,26,5,11,11,0,30,37,var_0 counter_var_1 +,16,counter_var_0 var_1 +
2934,115 72 25 111 113,16,115 17 43 110 113,14,17,2,20,18,17,34,var_0 counter_var_1 +,19,counter_var_0 var_1 +
2935,115 99 32 64 113,21,115 30 63 43 113,12,1,9,17,2,12,29,var_0 counter_var_1 +,10,counter_var_0 var_1 +
2936,115 105 4 52 113,22,115 87 25 111 113,18,0,4,2,21,18,20,var_0 counter_var_1 +,4,counter_var_0 var_1 +
2937,115 52 44 107 113,44,115 99 31 109 113,23,12,21,8,14,16,31,var_0 counter_var_1 +,33,counter_var_0 var_1 +
2938,115 105 74 13 113,23,115 90 59 23 113,18,3,5,13,13,23,31,var_0 counter_var_1 +,8,counter_var_0 var_1 +
2939,115 47 93 37 113,19,115 96 97 81 113,18,9,1,5,6,19,23,var_0 counter_var_1 +,10,counter_var_0 var_1 +
2940,115 70 77 105 113,20,115 55 84 32 113,12,26,8,15,12,1,27,var_0 counter_var_1 +,34,counter_var_0 var_1 +
2941,115 89 69 99 113,2,115 91 24 5 113,2,4,0,1,6,5,3,var_0 counter_var_1 +,4,counter_var_0 var_1 +
2942,115 79 18 73 113,39,115 2 88 66 113,21,2,18,19,11,4,40,var_0 counter_var_1 +,20,counter_var_0 var_1 +
2943,115 41 19 86 113,31,115 35 41 22 113,12,6,19,18,24,22,30,var_0 counter_var_1 +,25,counter_var_0 var_1 +
2944,115 34 3 15 113,8,115 56 109 79 113,5,27,3,17,15,17,22,var_0 counter_var_1 +,30,counter_var_0 var_1 +
2945,115 75 96 6 113,21,115 96 14 24 113,17,9,4,14,6,24,31,var_0 counter_var_1 +,13,counter_var_0 var_1 +
2946,115 76 48 89 113,20,115 31 106 35 113,18,2,2,14,27,4,32,var_0 counter_var_1 +,4,counter_var_0 var_1 +
2947,115 89 83 38 113,16,115 22 19 86 113,2,22,14,19,7,24,21,var_0 counter_var_1 +,36,counter_var_0 var_1 +
2948,115 11 22 75 113,33,115 22 87 69 113,11,22,22,18,13,7,29,var_0 counter_var_1 +,44,counter_var_0 var_1 +
2949,115 72 85 3 113,30,115 37 96 6 113,14,8,16,4,3,6,18,var_0 counter_var_1 +,24,counter_var_0 var_1 +
2950,115 91 75 82 113,10,115 84 111 12 113,4,26,6,19,20,12,23,var_0 counter_var_1 +,32,counter_var_0 var_1 +
2951,115 106 99 85 113,26,115 59 100 0 113,19,1,7,8,23,0,27,var_0 counter_var_1 +,8,counter_var_0 var_1 +
2952,115 68 76 93 113,17,115 100 23 4 113,10,13,7,0,0,4,10,var_0 counter_var_1 +,20,counter_var_0 var_1 +
2953,115 64 60 44 113,20,115 61 77 105 113,6,3,14,8,13,12,14,var_0 counter_var_1 +,17,counter_var_0 var_1 +
2954,115 22 106 35 113,36,115 76 8 26 113,22,18,14,8,4,26,30,var_0 counter_var_1 +,32,counter_var_0 var_1 +
2955,115 84 111 12 113,45,115 111 58 98 113,26,24,19,12,12,5,38,var_0 counter_var_1 +,43,counter_var_0 var_1 +
2956,115 4 27 88 113,8,115 111 111 12 113,4,24,4,19,26,12,23,var_0 counter_var_1 +,28,counter_var_0 var_1 +
2957,115 34 61 18 113,20,115 62 2 63 113,5,4,15,2,18,1,7,var_0 counter_var_1 +,19,counter_var_0 var_1 +
2958,115 22 64 19 113,40,115 36 36 106 113,22,7,18,13,19,13,35,var_0 counter_var_1 +,25,counter_var_0 var_1 +
2959,115 45 1 40 113,17,115 23 105 62 113,16,23,1,13,9,0,29,var_0 counter_var_1 +,24,counter_var_0 var_1 +
2960,115 19 39 14 113,35,115 78 94 39 113,19,20,16,2,14,8,21,var_0 counter_var_1 +,36,counter_var_0 var_1 +
2961,115 44 110 61 113,33,115 24 61 18 113,15,24,18,15,30,18,30,var_0 counter_var_1 +,42,counter_var_0 var_1 +
2962,115 52 48 89 113,25,115 60 37 42 113,23,2,2,14,27,11,37,var_0 counter_var_1 +,4,counter_var_0 var_1 +
2963,115 60 31 109 113,10,115 63 93 37 113,2,5,8,1,16,6,3,var_0 counter_var_1 +,13,counter_var_0 var_1 +
2964,115 40 59 23 113,24,115 82 11 30 113,11,24,13,11,23,30,22,var_0 counter_var_1 +,37,counter_var_0 var_1 +
2965,115 12 27 88 113,16,115 89 81 54 113,12,2,4,12,26,23,24,var_0 counter_var_1 +,6,counter_var_0 var_1 +
2966,115 43 8 26 113,22,115 26 112 103 113,14,26,8,20,26,10,34,var_0 counter_var_1 +,34,counter_var_0 var_1 +
2967,115 72 40 11 113,31,115 105 94 39 113,14,18,17,2,11,8,16,var_0 counter_var_1 +,35,counter_var_0 var_1 +
2968,115 100 37 42 113,27,115 75 36 106 113,13,17,14,13,11,13,26,var_0 counter_var_1 +,31,counter_var_0 var_1 +
2969,115 62 81 54 113,16,115 50 41 22 113,4,21,12,18,23,22,22,var_0 counter_var_1 +,33,counter_var_0 var_1 +
2970,115 53 47 34 113,25,115 38 25 111 113,24,9,1,2,3,18,26,var_0 counter_var_1 +,10,counter_var_0 var_1 +
2971,115 68 67 46 113,31,115 55 97 81 113,10,26,21,5,15,19,15,var_0 counter_var_1 +,47,counter_var_0 var_1 +
2972,115 99 29 25 113,18,115 68 47 34 113,12,10,6,1,25,3,13,var_0 counter_var_1 +,16,counter_var_0 var_1 +
2973,115 69 52 95 113,17,115 56 68 100 113,11,27,6,22,2,7,33,var_0 counter_var_1 +,33,counter_var_0 var_1 +
2974,115 7 83 38 113,21,115 70 15 53 113,7,12,14,15,7,22,22,var_0 counter_var_1 +,26,counter_var_0 var_1 +
2975,115 93 102 16 113,16,115 97 52 95 113,6,10,10,6,16,2,12,var_0 counter_var_1 +,20,counter_var_0 var_1 +
2976,115 66 89 28 113,28,115 58 44 107 113,8,0,20,21,28,14,29,var_0 counter_var_1 +,20,counter_var_0 var_1 +
2977,115 1 54 83 113,9,115 77 109 79 113,1,19,8,17,21,17,18,var_0 counter_var_1 +,27,counter_var_0 var_1 +
2978,115 79 3 15 113,24,115 69 9 87 113,21,11,3,9,15,25,30,var_0 counter_var_1 +,14,counter_var_0 var_1 +
2979,115 88 71 74 113,3,115 101 72 71 113,1,14,2,3,12,9,4,var_0 counter_var_1 +,16,counter_var_0 var_1 +
2980,115 32 87 69 113,21,115 101 77 105 113,3,14,18,8,7,12,11,var_0 counter_var_1 +,32,counter_var_0 var_1 +
2981,115 37 54 83 113,16,115 84 36 106 113,8,26,8,13,21,13,21,var_0 counter_var_1 +,34,counter_var_0 var_1 +
2982,115 53 112 103 113,44,115 75 89 28 113,24,17,20,20,10,28,44,var_0 counter_var_1 +,37,counter_var_0 var_1 +
2983,115 22 43 110 113,42,115 66 18 73 113,22,8,20,18,17,11,40,var_0 counter_var_1 +,28,counter_var_0 var_1 +
2984,115 40 92 2 113,11,115 78 53 51 113,11,20,0,7,2,20,18,var_0 counter_var_1 +,20,counter_var_0 var_1 +
2985,115 5 24 5 113,6,115 56 4 52 113,5,27,1,4,5,21,9,var_0 counter_var_1 +,28,counter_var_0 var_1 +
2986,115 95 43 110 113,28,115 93 109 79 113,8,6,20,17,17,17,25,var_0 counter_var_1 +,26,counter_var_0 var_1 +
2987,115 53 57 1 113,35,115 50 75 82 113,24,21,11,6,1,20,30,var_0 counter_var_1 +,32,counter_var_0 var_1 +
2988,115 53 87 69 113,42,115 71 28 7 113,24,13,18,5,7,7,29,var_0 counter_var_1 +,31,counter_var_0 var_1 +
2989,115 97 67 46 113,31,115 92 107 60 113,10,5,21,15,15,29,25,var_0 counter_var_1 +,26,counter_var_0 var_1 +
2990,115 63 40 11 113,22,115 7 106 35 113,5,7,17,14,11,4,19,var_0 counter_var_1 +,24,counter_var_0 var_1 +
2991,115 70 85 3 113,28,115 107 5 47 113,12,20,16,5,3,16,17,var_0 counter_var_1 +,36,counter_var_0 var_1 +
2992,115 44 22 75 113,37,115 53 44 107 113,15,24,22,21,13,14,36,var_0 counter_var_1 +,46,counter_var_0 var_1 +
2993,115 36 15 53 113,22,115 39 11 30 113,7,10,15,11,22,30,18,var_0 counter_var_1 +,25,counter_var_0 var_1 +
2994,115 42 36 106 113,26,115 19 81 54 113,13,19,13,12,13,23,25,var_0 counter_var_1 +,32,counter_var_0 var_1 +
2995,115 29 47 34 113,1,115 18 2 63 113,0,18,1,2,3,1,2,var_0 counter_var_1 +,19,counter_var_0 var_1 +
2996,115 69 13 91 113,24,115 108 99 85 113,11,21,13,7,29,23,18,var_0 counter_var_1 +,34,counter_var_0 var_1 +
2997,115 75 106 35 113,31,115 11 15 53 113,17,11,14,15,4,22,32,var_0 counter_var_1 +,25,counter_var_0 var_1 +
2998,115 98 71 74 113,13,115 104 35 9 113,11,17,2,12,12,9,23,var_0 counter_var_1 +,19,counter_var_0 var_1 +
2999,115 13 92 2 113,13,115 64 10 68 113,13,6,0,10,2,6,23,var_0 counter_var_1 +,6,counter_var_0 var_1 +
3000,115 57 103 49 113,39,115 94 50 77 113,28,7,11,4,18,15,32,var_0 counter_var_1 +,18,counter_var_0 var_1 +
3001,115 6 45 76 113,28,115 28 22 75 113,6,28,22,22,14,13,28,var_0 counter_var_1 +,50,counter_var_0 var_1 +
3002,115 106 60 44 113,33,115 5 28 7 113,19,5,14,5,13,7,24,var_0 counter_var_1 +,19,counter_var_0 var_1 +
3003,115 17 1 40 113,18,115 17 42 55 113,17,17,1,19,9,24,36,var_0 counter_var_1 +,18,counter_var_0 var_1 +
3004,115 99 56 59 113,22,115 38 26 112 113,12,9,10,3,28,19,15,var_0 counter_var_1 +,19,counter_var_0 var_1 +
3005,115 18 70 36 113,19,115 3 100 0 113,18,3,1,8,5,0,26,var_0 counter_var_1 +,4,counter_var_0 var_1 +
3006,115 29 63 43 113,17,115 22 67 46 113,0,22,17,21,12,15,21,var_0 counter_var_1 +,39,counter_var_0 var_1 +
3007,115 61 45 76 113,25,115 85 75 82 113,3,27,22,6,14,20,9,var_0 counter_var_1 +,49,counter_var_0 var_1 +
3008,115 80 12 21 113,34,115 108 72 71 113,22,21,12,3,21,9,25,var_0 counter_var_1 +,33,counter_var_0 var_1 +
3009,115 1 53 51 113,8,115 7 3 15 113,1,7,7,3,20,15,4,var_0 counter_var_1 +,14,counter_var_0 var_1 +
3010,115 70 16 94 113,28,115 33 53 51 113,12,4,16,7,1,20,19,var_0 counter_var_1 +,20,counter_var_0 var_1 +
3011,115 105 60 44 113,32,115 100 73 96 113,18,13,14,4,13,3,22,var_0 counter_var_1 +,27,counter_var_0 var_1 +
3012,115 45 69 99 113,16,115 1 104 84 113,16,1,0,12,6,22,28,var_0 counter_var_1 +,1,counter_var_0 var_1 +
3013,115 54 44 107 113,46,115 48 66 102 113,25,19,21,20,14,9,45,var_0 counter_var_1 +,40,counter_var_0 var_1 +
3014,115 91 41 22 113,22,115 108 74 13 113,4,21,18,5,22,13,9,var_0 counter_var_1 +,39,counter_var_0 var_1 +
3015,115 80 68 100 113,44,115 21 62 41 113,22,21,22,16,7,10,38,var_0 counter_var_1 +,43,counter_var_0 var_1 +
3016,115 34 48 89 113,7,115 60 60 44 113,5,2,2,14,27,13,19,var_0 counter_var_1 +,4,counter_var_0 var_1 +
3017,115 49 94 39 113,22,115 62 18 73 113,20,4,2,18,8,11,38,var_0 counter_var_1 +,6,counter_var_0 var_1 +
3018,115 91 70 36 113,5,115 31 22 75 113,4,2,1,22,5,13,26,var_0 counter_var_1 +,3,counter_var_0 var_1 +
3019,115 64 57 1 113,17,115 58 9 87 113,6,0,11,9,1,25,15,var_0 counter_var_1 +,11,counter_var_0 var_1 +
3020,115 45 43 110 113,36,115 47 75 82 113,16,18,20,6,17,20,22,var_0 counter_var_1 +,38,counter_var_0 var_1 +
3021,115 111 26 112 113,27,115 43 30 70 113,24,14,3,7,19,8,31,var_0 counter_var_1 +,17,counter_var_0 var_1 +
3022,115 20 31 109 113,28,115 38 112 103 113,20,9,8,20,16,10,40,var_0 counter_var_1 +,17,counter_var_0 var_1 +
3023,115 81 41 22 113,41,115 101 80 31 113,23,14,18,11,22,0,34,var_0 counter_var_1 +,32,counter_var_0 var_1 +
3024,115 24 35 9 113,36,115 28 105 62 113,24,28,12,13,9,0,37,var_0 counter_var_1 +,40,counter_var_0 var_1 +
3025,115 102 7 10 113,22,115 5 25 111 113,15,5,7,2,10,18,17,var_0 counter_var_1 +,12,counter_var_0 var_1 +
3026,115 24 6 56 113,30,115 15 102 16 113,24,15,6,10,25,16,34,var_0 counter_var_1 +,21,counter_var_0 var_1 +
3027,115 82 26 112 113,27,115 57 7 10 113,24,28,3,7,19,10,31,var_0 counter_var_1 +,31,counter_var_0 var_1 +
3028,115 103 43 110 113,36,115 88 44 107 113,16,1,20,21,17,14,37,var_0 counter_var_1 +,21,counter_var_0 var_1 +
3029,115 92 67 46 113,26,115 5 98 78 113,5,5,21,6,15,16,11,var_0 counter_var_1 +,26,counter_var_0 var_1 +
3030,115 42 79 57 113,23,115 55 70 36 113,13,26,10,1,26,5,14,var_0 counter_var_1 +,36,counter_var_0 var_1 +
3031,115 14 7 10 113,21,115 100 74 13 113,14,13,7,5,10,13,19,var_0 counter_var_1 +,20,counter_var_0 var_1 +
3032,115 8 7 10 113,15,115 99 50 77 113,8,12,7,4,10,15,12,var_0 counter_var_1 +,19,counter_var_0 var_1 +
3033,115 22 39 14 113,38,115 11 107 60 113,22,11,16,15,14,29,37,var_0 counter_var_1 +,27,counter_var_0 var_1 +
3034,115 72 103 49 113,25,115 48 60 44 113,14,19,11,14,18,13,28,var_0 counter_var_1 +,30,counter_var_0 var_1 +
3035,115 83 4 52 113,29,115 2 65 17 113,25,2,4,19,21,17,44,var_0 counter_var_1 +,6,counter_var_0 var_1 +
3036,115 21 92 2 113,21,115 31 89 28 113,21,2,0,20,2,28,41,var_0 counter_var_1 +,2,counter_var_0 var_1 +
3037,115 69 51 97 113,16,115 20 1 40 113,11,20,5,1,4,9,12,var_0 counter_var_1 +,25,counter_var_0 var_1 +
3038,115 106 78 65 113,28,115 14 23 4 113,19,14,9,0,3,4,19,var_0 counter_var_1 +,23,counter_var_0 var_1 +
3039,115 80 38 20 113,37,115 98 76 93 113,22,11,15,7,20,0,29,var_0 counter_var_1 +,26,counter_var_0 var_1 +
3040,115 62 110 61 113,22,115 67 102 16 113,4,9,18,10,30,16,14,var_0 counter_var_1 +,27,counter_var_0 var_1 +
3041,115 57 1 40 113,29,115 101 29 25 113,28,14,1,6,9,25,34,var_0 counter_var_1 +,15,counter_var_0 var_1 +
3042,115 4 93 37 113,5,115 61 102 16 113,4,3,1,10,6,16,14,var_0 counter_var_1 +,4,counter_var_0 var_1 +
3043,115 106 112 103 113,39,115 46 34 27 113,19,17,20,11,10,27,30,var_0 counter_var_1 +,37,counter_var_0 var_1 +
3044,115 92 23 4 113,5,115 30 91 33 113,5,1,0,22,4,2,27,var_0 counter_var_1 +,1,counter_var_0 var_1 +
3045,115 2 92 2 113,2,115 68 13 91 113,2,10,0,13,2,29,15,var_0 counter_var_1 +,10,counter_var_0 var_1 +
3046,115 11 7 10 113,18,115 25 55 48 113,11,25,7,9,10,17,20,var_0 counter_var_1 +,32,counter_var_0 var_1 +
3047,115 74 11 30 113,27,115 107 53 51 113,16,20,11,7,30,20,23,var_0 counter_var_1 +,31,counter_var_0 var_1 +
3048,115 58 77 105 113,8,115 76 69 99 113,0,18,8,0,12,6,0,var_0 counter_var_1 +,26,counter_var_0 var_1 +
3049,115 29 65 17 113,19,115 51 6 56 113,0,22,19,6,17,25,6,var_0 counter_var_1 +,41,counter_var_0 var_1 +
3050,115 13 110 61 113,31,115 9 111 12 113,13,9,18,19,30,12,32,var_0 counter_var_1 +,27,counter_var_0 var_1 +
3051,115 68 96 6 113,14,115 33 12 21 113,10,4,4,12,6,21,22,var_0 counter_var_1 +,8,counter_var_0 var_1 +
3052,115 109 51 97 113,27,115 108 34 27 113,22,21,5,11,4,27,33,var_0 counter_var_1 +,26,counter_var_0 var_1 +
3053,115 16 35 9 113,28,115 2 89 28 113,16,2,12,20,9,28,36,var_0 counter_var_1 +,14,counter_var_0 var_1 +
3054,115 52 76 93 113,30,115 47 93 37 113,23,18,7,1,0,6,24,var_0 counter_var_1 +,25,counter_var_0 var_1 +
3055,115 40 31 109 113,19,115 100 71 74 113,11,13,8,2,16,12,13,var_0 counter_var_1 +,21,counter_var_0 var_1 +
3056,115 50 85 3 113,37,115 109 20 8 113,21,22,16,20,3,8,41,var_0 counter_var_1 +,38,counter_var_0 var_1 +
3057,115 51 53 51 113,29,115 41 91 33 113,22,12,7,22,20,2,44,var_0 counter_var_1 +,19,counter_var_0 var_1 +
3058,115 41 43 110 113,32,115 7 44 107 113,12,7,20,21,17,14,33,var_0 counter_var_1 +,27,counter_var_0 var_1 +
3059,115 82 51 97 113,29,115 101 31 109 113,24,14,5,8,4,16,32,var_0 counter_var_1 +,19,counter_var_0 var_1 +
3060,115 18 89 28 113,38,115 62 92 2 113,18,4,20,0,28,2,18,var_0 counter_var_1 +,24,counter_var_0 var_1 +
3061,115 26 76 93 113,33,115 40 61 18 113,26,11,7,15,0,18,41,var_0 counter_var_1 +,18,counter_var_0 var_1 +
3062,115 72 87 69 113,32,115 41 62 41 113,14,12,18,16,7,10,30,var_0 counter_var_1 +,30,counter_var_0 var_1 +
3063,115 0 89 28 113,20,115 79 60 44 113,0,21,20,14,28,13,14,var_0 counter_var_1 +,41,counter_var_0 var_1 +
3064,115 76 41 22 113,36,115 7 56 59 113,18,7,18,10,22,28,28,var_0 counter_var_1 +,25,counter_var_0 var_1 +
3065,115 76 35 9 113,30,115 105 48 89 113,18,18,12,2,9,27,20,var_0 counter_var_1 +,30,counter_var_0 var_1 +
3066,115 77 112 103 113,39,115 31 90 90 113,19,2,20,21,10,28,40,var_0 counter_var_1 +,22,counter_var_0 var_1 +
3067,115 52 65 17 113,42,115 50 22 75 113,23,21,19,22,17,13,45,var_0 counter_var_1 +,40,counter_var_0 var_1 +
3068,115 93 106 35 113,20,115 7 42 55 113,6,7,14,19,4,24,25,var_0 counter_var_1 +,21,counter_var_0 var_1 +
3069,115 49 43 110 113,40,115 29 78 65 113,20,0,20,9,17,3,29,var_0 counter_var_1 +,20,counter_var_0 var_1 +
3070,115 15 105 62 113,28,115 53 96 6 113,15,24,13,4,0,6,19,var_0 counter_var_1 +,37,counter_var_0 var_1 +
3071,115 62 58 98 113,16,115 60 4 52 113,4,2,12,4,5,21,8,var_0 counter_var_1 +,14,counter_var_0 var_1 +
3072,115 83 18 73 113,43,115 61 25 111 113,25,3,18,2,11,18,27,var_0 counter_var_1 +,21,counter_var_0 var_1 +
3073,115 34 38 20 113,20,115 69 12 21 113,5,11,15,12,20,21,17,var_0 counter_var_1 +,26,counter_var_0 var_1 +
3074,115 32 18 73 113,21,115 85 110 61 113,3,27,18,18,11,30,21,var_0 counter_var_1 +,45,counter_var_0 var_1 +
3075,115 92 2 63 113,7,115 37 69 99 113,5,8,2,0,1,6,5,var_0 counter_var_1 +,10,counter_var_0 var_1 +
3076,115 49 72 71 113,23,115 49 36 106 113,20,20,3,13,9,13,33,var_0 counter_var_1 +,23,counter_var_0 var_1 +
3077,115 83 86 45 113,42,115 33 104 84 113,25,4,17,12,14,22,37,var_0 counter_var_1 +,21,counter_var_0 var_1 +
3078,115 36 23 4 113,7,115 106 11 30 113,7,19,0,11,4,30,18,var_0 counter_var_1 +,19,counter_var_0 var_1 +
3079,115 49 20 8 113,40,115 55 9 87 113,20,26,20,9,8,25,29,var_0 counter_var_1 +,46,counter_var_0 var_1 +
3080,115 32 58 98 113,15,115 76 59 23 113,3,18,12,13,5,23,16,var_0 counter_var_1 +,30,counter_var_0 var_1 +
3081,115 38 88 66 113,28,115 79 34 27 113,9,21,19,11,4,27,20,var_0 counter_var_1 +,40,counter_var_0 var_1 +
3082,115 95 89 28 113,28,115 72 85 3 113,8,14,20,16,28,3,24,var_0 counter_var_1 +,34,counter_var_0 var_1 +
3083,115 98 85 3 113,27,115 102 58 98 113,11,15,16,12,3,5,23,var_0 counter_var_1 +,31,counter_var_0 var_1 +
3084,115 24 49 72 113,27,115 93 51 97 113,24,6,3,5,10,4,29,var_0 counter_var_1 +,9,counter_var_0 var_1 +
3085,115 92 104 84 113,17,115 46 107 60 113,5,17,12,15,22,29,20,var_0 counter_var_1 +,29,counter_var_0 var_1 +
3086,115 53 1 40 113,25,115 64 57 1 113,24,6,1,11,9,1,35,var_0 counter_var_1 +,7,counter_var_0 var_1 +
3087,115 9 89 28 113,29,115 44 90 90 113,9,15,20,21,28,28,30,var_0 counter_var_1 +,35,counter_var_0 var_1 +
3088,115 50 102 16 113,31,115 88 62 41 113,21,1,10,16,16,10,37,var_0 counter_var_1 +,11,counter_var_0 var_1 +
3089,115 17 75 82 113,23,115 45 38 20 113,17,16,6,15,20,20,32,var_0 counter_var_1 +,22,counter_var_0 var_1 +
3090,115 64 85 3 113,22,115 82 27 88 113,6,24,16,4,3,26,10,var_0 counter_var_1 +,40,counter_var_0 var_1 +
3091,115 106 34 27 113,30,115 88 31 109 113,19,1,11,8,27,16,27,var_0 counter_var_1 +,12,counter_var_0 var_1 +
3092,115 112 30 70 113,32,115 44 111 12 113,25,15,7,19,8,12,44,var_0 counter_var_1 +,22,counter_var_0 var_1 +
3093,115 99 71 74 113,14,115 98 62 41 113,12,11,2,16,12,10,28,var_0 counter_var_1 +,13,counter_var_0 var_1 +
3094,115 112 79 57 113,35,115 97 55 48 113,25,10,10,9,26,17,34,var_0 counter_var_1 +,20,counter_var_0 var_1 +
3095,115 25 107 60 113,40,115 105 102 16 113,25,18,15,10,29,16,35,var_0 counter_var_1 +,33,counter_var_0 var_1 +
3096,115 108 28 7 113,26,115 60 68 100 113,21,2,5,22,7,7,43,var_0 counter_var_1 +,7,counter_var_0 var_1 +
3097,115 59 100 0 113,9,115 72 31 109 113,1,14,8,8,0,16,9,var_0 counter_var_1 +,22,counter_var_0 var_1 +
3098,115 75 48 89 113,19,115 59 86 45 113,17,1,2,17,27,14,34,var_0 counter_var_1 +,3,counter_var_0 var_1 +
3099,115 82 11 30 113,35,115 18 69 99 113,24,18,11,0,30,6,24,var_0 counter_var_1 +,29,counter_var_0 var_1 +
3100,115 8 75 82 113,14,115 2 34 27 113,8,2,6,11,20,27,19,var_0 counter_var_1 +,8,counter_var_0 var_1 +
3101,115 20 38 20 113,35,115 33 8 26 113,20,4,15,8,20,26,28,var_0 counter_var_1 +,19,counter_var_0 var_1 +
3102,115 4 109 79 113,21,115 83 45 76 113,4,25,17,22,17,14,26,var_0 counter_var_1 +,42,counter_var_0 var_1 +
3103,115 19 35 9 113,31,115 62 76 93 113,19,4,12,7,9,0,26,var_0 counter_var_1 +,16,counter_var_0 var_1 +
3104,115 61 58 98 113,15,115 88 75 82 113,3,1,12,6,5,20,9,var_0 counter_var_1 +,13,counter_var_0 var_1 +
3105,115 70 87 69 113,30,115 36 95 29 113,12,7,18,3,7,29,15,var_0 counter_var_1 +,25,counter_var_0 var_1 +
3106,115 111 90 90 113,45,115 64 88 66 113,24,6,21,19,28,4,43,var_0 counter_var_1 +,27,counter_var_0 var_1 +
3107,115 109 19 86 113,41,115 2 6 56 113,22,2,19,6,24,25,28,var_0 counter_var_1 +,21,counter_var_0 var_1 +
3108,115 49 108 58 113,36,115 42 28 7 113,20,13,16,5,27,7,25,var_0 counter_var_1 +,29,counter_var_0 var_1 +
3109,115 111 32 64 113,33,115 35 67 46 113,24,6,9,21,2,15,45,var_0 counter_var_1 +,15,counter_var_0 var_1 +
3110,115 81 15 53 113,38,115 112 97 81 113,23,25,15,5,22,19,28,var_0 counter_var_1 +,40,counter_var_0 var_1 +
3111,115 85 75 82 113,33,115 77 44 107 113,27,19,6,21,20,14,48,var_0 counter_var_1 +,25,counter_var_0 var_1 +
3112,115 102 13 91 113,28,115 67 60 44 113,15,9,13,14,29,13,29,var_0 counter_var_1 +,22,counter_var_0 var_1 +
3113,115 38 84 32 113,24,115 46 84 32 113,9,17,15,15,1,1,24,var_0 counter_var_1 +,32,counter_var_0 var_1 +
3114,115 86 9 87 113,37,115 64 26 112 113,28,6,9,3,25,19,31,var_0 counter_var_1 +,15,counter_var_0 var_1 +
3115,115 70 32 64 113,21,115 45 99 85 113,12,16,9,7,2,23,19,var_0 counter_var_1 +,25,counter_var_0 var_1 +
3116,115 16 5 47 113,21,115 53 55 48 113,16,24,5,9,16,17,25,var_0 counter_var_1 +,29,counter_var_0 var_1 +
3117,115 11 46 80 113,11,115 7 36 106 113,11,7,0,13,18,13,24,var_0 counter_var_1 +,7,counter_var_0 var_1 +
3118,115 41 13 91 113,25,115 28 79 57 113,12,28,13,10,29,26,22,var_0 counter_var_1 +,41,counter_var_0 var_1 +
3119,115 91 104 84 113,16,115 75 10 68 113,4,17,12,10,22,6,14,var_0 counter_var_1 +,29,counter_var_0 var_1 +
3120,115 17 82 67 113,30,115 92 109 79 113,17,5,13,17,5,17,34,var_0 counter_var_1 +,18,counter_var_0 var_1 +
3121,115 52 75 82 113,29,115 103 71 74 113,23,16,6,2,20,12,25,var_0 counter_var_1 +,22,counter_var_0 var_1 +
3122,115 23 63 43 113,40,115 99 76 93 113,23,12,17,7,12,0,30,var_0 counter_var_1 +,29,counter_var_0 var_1 +
3123,115 67 41 22 113,27,115 110 88 66 113,9,23,18,19,22,4,28,var_0 counter_var_1 +,41,counter_var_0 var_1 +
3124,115 78 111 12 113,39,115 59 12 21 113,20,1,19,12,12,21,32,var_0 counter_var_1 +,20,counter_var_0 var_1 +
3125,115 14 4 52 113,18,115 88 111 12 113,14,1,4,19,21,12,33,var_0 counter_var_1 +,5,counter_var_0 var_1 +
3126,115 101 38 20 113,29,115 61 37 42 113,14,3,15,14,20,11,28,var_0 counter_var_1 +,18,counter_var_0 var_1 +
3127,115 0 51 97 113,5,115 67 25 111 113,0,9,5,2,4,18,2,var_0 counter_var_1 +,14,counter_var_0 var_1 +
3128,115 71 36 106 113,26,115 19 91 33 113,13,19,13,22,13,2,35,var_0 counter_var_1 +,32,counter_var_0 var_1 +
3129,115 68 89 28 113,30,115 105 10 68 113,10,18,20,10,28,6,20,var_0 counter_var_1 +,38,counter_var_0 var_1 +
3130,115 109 57 1 113,33,115 88 60 44 113,22,1,11,14,1,13,36,var_0 counter_var_1 +,12,counter_var_0 var_1 +
3131,115 108 99 85 113,28,115 9 44 107 113,21,9,7,21,23,14,42,var_0 counter_var_1 +,16,counter_var_0 var_1 +
3132,115 110 84 32 113,38,115 98 95 29 113,23,11,15,3,1,29,26,var_0 counter_var_1 +,26,counter_var_0 var_1 +
3133,115 35 55 48 113,15,115 6 3 15 113,6,6,9,3,17,15,9,var_0 counter_var_1 +,15,counter_var_0 var_1 +
3134,115 87 60 44 113,14,115 61 109 79 113,0,3,14,17,13,17,17,var_0 counter_var_1 +,17,counter_var_0 var_1 +
3135,115 14 58 98 113,26,115 84 24 5 113,14,26,12,1,5,5,15,var_0 counter_var_1 +,38,counter_var_0 var_1 +
3136,115 7 18 73 113,25,115 61 21 92 113,7,3,18,21,11,30,28,var_0 counter_var_1 +,21,counter_var_0 var_1 +
3137,115 105 26 112 113,21,115 49 94 39 113,18,20,3,2,19,8,20,var_0 counter_var_1 +,23,counter_var_0 var_1 +
3138,115 28 10 68 113,38,115 5 107 60 113,28,5,10,15,6,29,43,var_0 counter_var_1 +,15,counter_var_0 var_1 +
3139,115 91 111 12 113,23,115 21 51 97 113,4,21,19,5,12,4,9,var_0 counter_var_1 +,40,counter_var_0 var_1 +
3140,115 84 100 0 113,34,115 32 10 68 113,26,3,8,10,0,6,36,var_0 counter_var_1 +,11,counter_var_0 var_1 +
3141,115 105 82 67 113,31,115 23 23 4 113,18,23,13,0,5,4,18,var_0 counter_var_1 +,36,counter_var_0 var_1 +
3142,115 94 12 21 113,19,115 107 33 50 113,7,20,12,10,21,19,17,var_0 counter_var_1 +,32,counter_var_0 var_1 +
3143,115 71 83 38 113,27,115 10 74 13 113,13,10,14,5,7,13,18,var_0 counter_var_1 +,24,counter_var_0 var_1 +
3144,115 30 97 81 113,6,115 32 110 61 113,1,3,5,18,19,30,19,var_0 counter_var_1 +,8,counter_var_0 var_1 +
3145,115 75 97 81 113,22,115 72 51 97 113,17,14,5,5,19,4,22,var_0 counter_var_1 +,19,counter_var_0 var_1 +
3146,115 30 57 1 113,12,115 81 82 67 113,1,23,11,13,1,5,14,var_0 counter_var_1 +,34,counter_var_0 var_1 +
3147,115 105 69 99 113,18,115 82 80 31 113,18,24,0,11,6,0,29,var_0 counter_var_1 +,24,counter_var_0 var_1 +
3148,115 84 39 14 113,42,115 47 52 95 113,26,18,16,6,14,2,32,var_0 counter_var_1 +,34,counter_var_0 var_1 +
3149,115 38 30 70 113,16,115 92 47 34 113,9,5,7,1,8,3,10,var_0 counter_var_1 +,12,counter_var_0 var_1 +
3150,115 95 32 64 113,17,115 68 33 50 113,8,10,9,10,2,19,18,var_0 counter_var_1 +,19,counter_var_0 var_1 +
3151,115 52 1 40 113,24,115 100 22 75 113,23,13,1,22,9,13,45,var_0 counter_var_1 +,14,counter_var_0 var_1 +
3152,115 62 112 103 113,24,115 64 111 12 113,4,6,20,19,10,12,23,var_0 counter_var_1 +,26,counter_var_0 var_1 +
3153,115 101 5 47 113,19,115 103 18 73 113,14,16,5,18,16,11,32,var_0 counter_var_1 +,21,counter_var_0 var_1 +
3154,115 77 108 58 113,35,115 43 44 107 113,19,14,16,21,27,14,40,var_0 counter_var_1 +,30,counter_var_0 var_1 +
3155,115 9 77 105 113,17,115 99 22 75 113,9,12,8,22,12,13,31,var_0 counter_var_1 +,20,counter_var_0 var_1 +
3156,115 19 22 75 113,41,115 58 10 68 113,19,0,22,10,13,6,29,var_0 counter_var_1 +,22,counter_var_0 var_1 +
3157,115 21 8 26 113,29,115 42 92 2 113,21,13,8,0,26,2,21,var_0 counter_var_1 +,21,counter_var_0 var_1 +
3158,115 82 88 66 113,43,115 28 36 106 113,24,28,19,13,4,13,37,var_0 counter_var_1 +,47,counter_var_0 var_1 +
3159,115 65 111 12 113,26,115 19 90 90 113,7,19,19,21,12,28,28,var_0 counter_var_1 +,38,counter_var_0 var_1 +
3160,115 72 13 91 113,27,115 76 72 71 113,14,18,13,3,29,9,17,var_0 counter_var_1 +,31,counter_var_0 var_1 +
3161,115 8 29 25 113,14,115 68 87 69 113,8,10,6,18,25,7,26,var_0 counter_var_1 +,16,counter_var_0 var_1 +
3162,115 73 17 108 113,32,115 31 62 41 113,15,2,17,16,15,10,31,var_0 counter_var_1 +,19,counter_var_0 var_1 +
3163,115 97 61 18 113,25,115 6 4 52 113,10,6,15,4,18,21,14,var_0 counter_var_1 +,21,counter_var_0 var_1 +
3164,115 10 29 25 113,16,115 93 57 1 113,10,6,6,11,25,1,21,var_0 counter_var_1 +,12,counter_var_0 var_1 +
3165,115 63 31 109 113,13,115 105 27 88 113,5,18,8,4,16,26,9,var_0 counter_var_1 +,26,counter_var_0 var_1 +
3166,115 98 108 58 113,27,115 94 35 9 113,11,7,16,12,27,9,23,var_0 counter_var_1 +,23,counter_var_0 var_1 +
3167,115 47 5 47 113,23,115 49 100 0 113,18,20,5,8,16,0,26,var_0 counter_var_1 +,25,counter_var_0 var_1 +
3168,115 29 76 93 113,7,115 41 11 30 113,0,12,7,11,0,30,11,var_0 counter_var_1 +,19,counter_var_0 var_1 +
3169,115 2 0 101 113,2,115 76 6 56 113,2,18,0,6,8,25,8,var_0 counter_var_1 +,18,counter_var_0 var_1 +
3170,115 27 48 89 113,29,115 2 108 58 113,27,2,2,16,27,27,43,var_0 counter_var_1 +,4,counter_var_0 var_1 +
3171,115 74 25 111 113,18,115 23 76 93 113,16,23,2,7,18,0,23,var_0 counter_var_1 +,25,counter_var_0 var_1 +
3172,115 81 94 39 113,25,115 62 16 94 113,23,4,2,16,8,1,39,var_0 counter_var_1 +,6,counter_var_0 var_1 +
3173,115 6 81 54 113,18,115 63 86 45 113,6,5,12,17,23,14,23,var_0 counter_var_1 +,17,counter_var_0 var_1 +
3174,115 24 83 38 113,38,115 62 24 5 113,24,4,14,1,7,5,25,var_0 counter_var_1 +,18,counter_var_0 var_1 +
3175,115 42 55 48 113,22,115 35 29 25 113,13,6,9,6,17,25,19,var_0 counter_var_1 +,15,counter_var_0 var_1 +
3176,115 58 24 5 113,1,115 27 47 34 113,0,27,1,1,5,3,1,var_0 counter_var_1 +,28,counter_var_0 var_1 +
3177,115 77 110 61 113,37,115 97 32 64 113,19,10,18,9,30,2,28,var_0 counter_var_1 +,28,counter_var_0 var_1 +
3178,115 74 89 28 113,36,115 70 80 31 113,16,12,20,11,28,0,27,var_0 counter_var_1 +,32,counter_var_0 var_1 +
3179,115 24 1 40 113,25,115 81 89 28 113,24,23,1,20,9,28,44,var_0 counter_var_1 +,24,counter_var_0 var_1 +
3180,115 9 29 25 113,15,115 31 10 68 113,9,2,6,10,25,6,19,var_0 counter_var_1 +,8,counter_var_0 var_1 +
3181,115 38 64 19 113,27,115 69 32 64 113,9,11,18,9,19,2,18,var_0 counter_var_1 +,29,counter_var_0 var_1 +
3182,115 57 5 47 113,33,115 12 24 5 113,28,12,5,1,16,5,29,var_0 counter_var_1 +,17,counter_var_0 var_1 +
3183,115 49 77 105 113,28,115 58 40 11 113,20,0,8,17,12,11,37,var_0 counter_var_1 +,8,counter_var_0 var_1 +
3184,115 20 35 9 113,32,115 65 19 86 113,20,7,12,19,9,24,39,var_0 counter_var_1 +,19,counter_var_0 var_1 +
3185,115 69 34 27 113,22,115 58 79 57 113,11,0,11,10,27,26,21,var_0 counter_var_1 +,11,counter_var_0 var_1 +
3186,115 21 68 100 113,43,115 97 79 57 113,21,10,22,10,7,26,31,var_0 counter_var_1 +,32,counter_var_0 var_1 +
3187,115 30 112 103 113,21,115 3 33 50 113,1,3,20,10,10,19,11,var_0 counter_var_1 +,23,counter_var_0 var_1 +
3188,115 35 2 63 113,8,115 112 68 100 113,6,25,2,22,1,7,28,var_0 counter_var_1 +,27,counter_var_0 var_1 +
3189,115 52 106 35 113,37,115 41 1 40 113,23,12,14,1,4,9,24,var_0 counter_var_1 +,26,counter_var_0 var_1 +
3190,115 24 23 4 113,24,115 47 55 48 113,24,18,0,9,4,17,33,var_0 counter_var_1 +,18,counter_var_0 var_1 +
3191,115 91 34 27 113,15,115 83 112 103 113,4,25,11,20,27,10,24,var_0 counter_var_1 +,36,counter_var_0 var_1 +
3192,115 3 48 89 113,5,115 112 30 70 113,3,25,2,7,27,8,10,var_0 counter_var_1 +,27,counter_var_0 var_1 +
3193,115 47 110 61 113,36,115 106 37 42 113,18,19,18,14,30,11,32,var_0 counter_var_1 +,37,counter_var_0 var_1 +
3194,115 56 107 60 113,42,115 89 111 12 113,27,2,15,19,29,12,46,var_0 counter_var_1 +,17,counter_var_0 var_1 +
3195,115 81 104 84 113,35,115 63 81 54 113,23,5,12,12,22,23,35,var_0 counter_var_1 +,17,counter_var_0 var_1 +
3196,115 98 70 36 113,12,115 23 38 20 113,11,23,1,15,5,20,26,var_0 counter_var_1 +,24,counter_var_0 var_1 +
3197,115 85 65 17 113,46,115 43 74 13 113,27,14,19,5,17,13,32,var_0 counter_var_1 +,33,counter_var_0 var_1 +
3198,115 23 72 71 113,26,115 5 73 96 113,23,5,3,4,9,3,27,var_0 counter_var_1 +,8,counter_var_0 var_1 +
3199,115 89 3 15 113,5,115 32 50 77 113,2,3,3,4,15,15,6,var_0 counter_var_1 +,6,counter_var_0 var_1 +
3200,115 21 35 9 113,33,115 0 5 47 113,21,0,12,5,9,16,26,var_0 counter_var_1 +,12,counter_var_0 var_1 +
3201,115 34 58 98 113,17,115 95 60 44 113,5,8,12,14,5,13,19,var_0 counter_var_1 +,20,counter_var_0 var_1 +
3202,115 109 0 101 113,22,115 96 74 13 113,22,9,0,5,8,13,27,var_0 counter_var_1 +,9,counter_var_0 var_1 +
3203,115 0 11 30 113,11,115 31 21 92 113,0,2,11,21,30,30,21,var_0 counter_var_1 +,13,counter_var_0 var_1 +
3204,115 18 45 76 113,40,115 11 110 61 113,18,11,22,18,14,30,36,var_0 counter_var_1 +,33,counter_var_0 var_1 +
3205,115 8 45 76 113,30,115 53 73 96 113,8,24,22,4,14,3,12,var_0 counter_var_1 +,46,counter_var_0 var_1 +
3206,115 85 24 5 113,28,115 35 46 80 113,27,6,1,0,5,18,27,var_0 counter_var_1 +,7,counter_var_0 var_1 +
3207,115 110 59 23 113,36,115 53 77 105 113,23,24,13,8,23,12,31,var_0 counter_var_1 +,37,counter_var_0 var_1 +
3208,115 39 80 31 113,21,115 109 77 105 113,10,22,11,8,0,12,18,var_0 counter_var_1 +,33,counter_var_0 var_1 +
3209,115 49 107 60 113,35,115 51 85 3 113,20,22,15,16,29,3,36,var_0 counter_var_1 +,37,counter_var_0 var_1 +
3210,115 13 31 109 113,21,115 1 101 104 113,13,1,8,9,16,11,22,var_0 counter_var_1 +,9,counter_var_0 var_1 +
3211,115 90 100 0 113,11,115 50 45 76 113,3,21,8,22,0,14,25,var_0 counter_var_1 +,29,counter_var_0 var_1 +
3212,115 46 101 104 113,26,115 75 9 87 113,17,17,9,9,11,25,26,var_0 counter_var_1 +,26,counter_var_0 var_1 +
3213,115 87 51 97 113,5,115 11 53 51 113,0,11,5,7,4,20,7,var_0 counter_var_1 +,16,counter_var_0 var_1 +
3214,115 95 87 69 113,26,115 70 86 45 113,8,12,18,17,7,14,25,var_0 counter_var_1 +,30,counter_var_0 var_1 +
3215,115 10 45 76 113,32,115 0 4 52 113,10,0,22,4,14,21,14,var_0 counter_var_1 +,22,counter_var_0 var_1 +
3216,115 91 7 10 113,11,115 91 48 89 113,4,4,7,2,10,27,6,var_0 counter_var_1 +,11,counter_var_0 var_1 +
3217,115 104 110 61 113,35,115 112 58 98 113,17,25,18,12,30,5,29,var_0 counter_var_1 +,43,counter_var_0 var_1 +
3218,115 70 48 89 113,14,115 72 21 92 113,12,14,2,21,27,30,33,var_0 counter_var_1 +,16,counter_var_0 var_1 +
3219,115 91 4 52 113,8,115 84 83 38 113,4,26,4,14,21,7,18,var_0 counter_var_1 +,30,counter_var_0 var_1 +
3220,115 48 52 95 113,25,115 81 62 41 113,19,23,6,16,2,10,35,var_0 counter_var_1 +,29,counter_var_0 var_1 +
3221,115 110 111 12 113,42,115 56 89 28 113,23,27,19,20,12,28,43,var_0 counter_var_1 +,46,counter_var_0 var_1 +
3222,115 104 108 58 113,33,115 108 53 51 113,17,21,16,7,27,20,24,var_0 counter_var_1 +,37,counter_var_0 var_1 +
3223,115 69 95 29 113,14,115 36 33 50 113,11,7,3,10,29,19,21,var_0 counter_var_1 +,10,counter_var_0 var_1 +
3224,115 65 63 43 113,24,115 90 36 106 113,7,3,17,13,12,13,20,var_0 counter_var_1 +,20,counter_var_0 var_1 +
3225,115 74 64 19 113,34,115 2 68 100 113,16,2,18,22,19,7,38,var_0 counter_var_1 +,20,counter_var_0 var_1 +
3226,115 27 90 90 113,48,115 20 39 14 113,27,20,21,16,28,14,43,var_0 counter_var_1 +,41,counter_var_0 var_1 +
3227,115 85 89 28 113,47,115 47 105 62 113,27,18,20,13,28,0,40,var_0 counter_var_1 +,38,counter_var_0 var_1 +
3228,115 89 33 50 113,12,115 8 28 7 113,2,8,10,5,19,7,7,var_0 counter_var_1 +,18,counter_var_0 var_1 +
3229,115 83 56 59 113,35,115 20 26 112 113,25,20,10,3,28,19,28,var_0 counter_var_1 +,30,counter_var_0 var_1 +
3230,115 85 51 97 113,32,115 75 4 52 113,27,17,5,4,4,21,31,var_0 counter_var_1 +,22,counter_var_0 var_1 +
3231,115 54 74 13 113,30,115 108 49 72 113,25,21,5,3,13,10,28,var_0 counter_var_1 +,26,counter_var_0 var_1 +
3232,115 7 16 94 113,23,115 70 48 89 113,7,12,16,2,1,27,9,var_0 counter_var_1 +,28,counter_var_0 var_1 +
3233,115 81 111 12 113,42,115 39 68 100 113,23,10,19,22,12,7,45,var_0 counter_var_1 +,29,counter_var_0 var_1 +
3234,115 47 2 63 113,20,115 10 22 75 113,18,10,2,22,1,13,40,var_0 counter_var_1 +,12,counter_var_0 var_1 +
3235,115 93 39 14 113,22,115 56 96 6 113,6,27,16,4,14,6,10,var_0 counter_var_1 +,43,counter_var_0 var_1 +
3236,115 58 14 24 113,14,115 109 80 31 113,0,22,14,11,24,0,11,var_0 counter_var_1 +,36,counter_var_0 var_1 +
3237,115 41 101 104 113,21,115 83 49 72 113,12,25,9,3,11,10,15,var_0 counter_var_1 +,34,counter_var_0 var_1 +
3238,115 30 49 72 113,4,115 4 26 112 113,1,4,3,3,10,19,4,var_0 counter_var_1 +,7,counter_var_0 var_1 +
3239,115 17 76 93 113,24,115 51 102 16 113,17,22,7,10,0,16,27,var_0 counter_var_1 +,29,counter_var_0 var_1 +
3240,115 6 34 27 113,17,115 99 11 30 113,6,12,11,11,27,30,17,var_0 counter_var_1 +,23,counter_var_0 var_1 +
3241,115 29 73 96 113,4,115 88 35 9 113,0,1,4,12,3,9,12,var_0 counter_var_1 +,5,counter_var_0 var_1 +
3242,115 4 34 27 113,15,115 42 10 68 113,4,13,11,10,27,6,14,var_0 counter_var_1 +,24,counter_var_0 var_1 +
3243,115 37 20 8 113,28,115 49 39 14 113,8,20,20,16,8,14,24,var_0 counter_var_1 +,40,counter_var_0 var_1 +
3244,115 32 79 57 113,13,115 112 60 44 113,3,25,10,14,26,13,17,var_0 counter_var_1 +,35,counter_var_0 var_1 +
3245,115 98 83 38 113,25,115 54 0 101 113,11,25,14,0,7,8,11,var_0 counter_var_1 +,39,counter_var_0 var_1 +
3246,115 65 60 44 113,21,115 10 102 16 113,7,10,14,10,13,16,17,var_0 counter_var_1 +,24,counter_var_0 var_1 +
3247,115 30 9 87 113,10,115 29 104 84 113,1,0,9,12,25,22,13,var_0 counter_var_1 +,9,counter_var_0 var_1 +
3248,115 75 31 109 113,25,115 64 52 95 113,17,6,8,6,16,2,23,var_0 counter_var_1 +,14,counter_var_0 var_1 +
3249,115 40 86 45 113,28,115 35 31 109 113,11,6,17,8,14,16,19,var_0 counter_var_1 +,23,counter_var_0 var_1 +
3250,115 99 78 65 113,21,115 7 104 84 113,12,7,9,12,3,22,24,var_0 counter_var_1 +,16,counter_var_0 var_1 +
3251,115 112 28 7 113,30,115 91 71 74 113,25,4,5,2,7,12,27,var_0 counter_var_1 +,9,counter_var_0 var_1 +
3252,115 3 57 1 113,14,115 99 81 54 113,3,12,11,12,1,23,15,var_0 counter_var_1 +,23,counter_var_0 var_1 +
3253,115 56 2 63 113,29,115 110 89 28 113,27,23,2,20,1,28,47,var_0 counter_var_1 +,25,counter_var_0 var_1 +
3254,115 25 38 20 113,40,115 102 51 97 113,25,15,15,5,20,4,30,var_0 counter_var_1 +,30,counter_var_0 var_1 +
3255,115 42 98 78 113,19,115 61 110 61 113,13,3,6,18,16,30,31,var_0 counter_var_1 +,9,counter_var_0 var_1 +
3256,115 31 41 22 113,20,115 18 83 38 113,2,18,18,14,22,7,16,var_0 counter_var_1 +,36,counter_var_0 var_1 +
3257,115 9 56 59 113,19,115 63 10 68 113,9,5,10,10,28,6,19,var_0 counter_var_1 +,15,counter_var_0 var_1 +
3258,115 61 21 92 113,24,115 99 16 94 113,3,12,21,16,30,1,19,var_0 counter_var_1 +,33,counter_var_0 var_1 +
3259,115 5 52 95 113,11,115 50 5 47 113,5,21,6,5,2,16,10,var_0 counter_var_1 +,27,counter_var_0 var_1 +
3260,115 29 104 84 113,12,115 67 94 39 113,0,9,12,2,22,8,2,var_0 counter_var_1 +,21,counter_var_0 var_1 +
3261,115 16 51 97 113,21,115 62 49 72 113,16,4,5,3,4,10,19,var_0 counter_var_1 +,9,counter_var_0 var_1 +
3262,115 19 96 6 113,23,115 1 96 6 113,19,1,4,4,6,6,23,var_0 counter_var_1 +,5,counter_var_0 var_1 +
3263,115 99 64 19 113,30,115 31 52 95 113,12,2,18,6,19,2,18,var_0 counter_var_1 +,20,counter_var_0 var_1 +
3264,115 3 15 53 113,18,115 47 10 68 113,3,18,15,10,22,6,13,var_0 counter_var_1 +,33,counter_var_0 var_1 +
3265,115 35 105 62 113,19,115 85 21 92 113,6,27,13,21,0,30,27,var_0 counter_var_1 +,40,counter_var_0 var_1 +
3266,115 67 60 44 113,23,115 16 44 107 113,9,16,14,21,13,14,30,var_0 counter_var_1 +,30,counter_var_0 var_1 +
3267,115 45 75 82 113,22,115 110 91 33 113,16,23,6,22,20,2,38,var_0 counter_var_1 +,29,counter_var_0 var_1 +
3268,115 72 91 33 113,36,115 39 12 21 113,14,10,22,12,2,21,26,var_0 counter_var_1 +,32,counter_var_0 var_1 +
3269,115 17 24 5 113,18,115 45 37 42 113,17,16,1,14,5,11,31,var_0 counter_var_1 +,17,counter_var_0 var_1 +
3270,115 47 23 4 113,18,115 22 23 4 113,18,22,0,0,4,4,18,var_0 counter_var_1 +,22,counter_var_0 var_1 +
3271,115 14 15 53 113,29,115 44 63 43 113,14,15,15,17,22,12,31,var_0 counter_var_1 +,30,counter_var_0 var_1 +
3272,115 100 93 37 113,14,115 5 37 42 113,13,5,1,14,6,11,27,var_0 counter_var_1 +,6,counter_var_0 var_1 +
3273,115 47 107 60 113,33,115 51 60 44 113,18,22,15,14,29,13,32,var_0 counter_var_1 +,37,counter_var_0 var_1 +
3274,115 104 19 86 113,36,115 95 4 52 113,17,8,19,4,24,21,21,var_0 counter_var_1 +,27,counter_var_0 var_1 +
3275,115 88 50 77 113,5,115 76 104 84 113,1,18,4,12,15,22,13,var_0 counter_var_1 +,22,counter_var_0 var_1 +
3276,115 24 81 54 113,36,115 95 23 4 113,24,8,12,0,23,4,24,var_0 counter_var_1 +,20,counter_var_0 var_1 +
3277,115 52 80 31 113,34,115 6 21 92 113,23,6,11,21,0,30,44,var_0 counter_var_1 +,17,counter_var_0 var_1 +
3278,115 12 35 9 113,24,115 73 57 1 113,12,15,12,11,9,1,23,var_0 counter_var_1 +,27,counter_var_0 var_1 +
3279,115 104 71 74 113,19,115 86 53 51 113,17,28,2,7,12,20,24,var_0 counter_var_1 +,30,counter_var_0 var_1 +
3280,115 82 4 52 113,28,115 45 90 90 113,24,16,4,21,21,28,45,var_0 counter_var_1 +,20,counter_var_0 var_1 +
3281,115 72 77 105 113,22,115 95 61 18 113,14,8,8,15,12,18,29,var_0 counter_var_1 +,16,counter_var_0 var_1 +
3282,115 81 106 35 113,37,115 24 10 68 113,23,24,14,10,4,6,33,var_0 counter_var_1 +,38,counter_var_0 var_1 +
3283,115 97 65 17 113,29,115 42 25 111 113,10,13,19,2,17,18,12,var_0 counter_var_1 +,32,counter_var_0 var_1 +
3284,115 57 43 110 113,48,115 32 18 73 113,28,3,20,18,17,11,46,var_0 counter_var_1 +,23,counter_var_0 var_1 +
3285,115 15 5 47 113,20,115 93 44 107 113,15,6,5,21,16,14,36,var_0 counter_var_1 +,11,counter_var_0 var_1 +
3286,115 61 47 34 113,4,115 109 62 41 113,3,22,1,16,3,10,19,var_0 counter_var_1 +,23,counter_var_0 var_1 +
3287,115 46 46 80 113,17,115 18 27 88 113,17,18,0,4,18,26,21,var_0 counter_var_1 +,18,counter_var_0 var_1 +
3288,115 41 60 44 113,26,115 33 19 86 113,12,4,14,19,13,24,31,var_0 counter_var_1 +,18,counter_var_0 var_1 +
3289,115 111 1 40 113,25,115 32 76 93 113,24,3,1,7,9,0,31,var_0 counter_var_1 +,4,counter_var_0 var_1 +
3290,115 54 71 74 113,27,115 25 19 86 113,25,25,2,19,12,24,44,var_0 counter_var_1 +,27,counter_var_0 var_1 +
3291,115 7 64 19 113,25,115 38 73 96 113,7,9,18,4,19,3,11,var_0 counter_var_1 +,27,counter_var_0 var_1 +
3292,115 31 104 84 113,14,115 56 0 101 113,2,27,12,0,22,8,2,var_0 counter_var_1 +,39,counter_var_0 var_1 +
3293,115 56 10 68 113,37,115 95 19 86 113,27,8,10,19,6,24,46,var_0 counter_var_1 +,18,counter_var_0 var_1 +
3294,115 60 1 40 113,3,115 83 92 2 113,2,25,1,0,9,2,2,var_0 counter_var_1 +,26,counter_var_0 var_1 +
3295,115 106 47 34 113,20,115 98 71 74 113,19,11,1,2,3,12,21,var_0 counter_var_1 +,12,counter_var_0 var_1 +
3296,115 111 70 36 113,25,115 112 0 101 113,24,25,1,0,5,8,24,var_0 counter_var_1 +,26,counter_var_0 var_1 +
3297,115 109 23 4 113,22,115 9 43 110 113,22,9,0,20,4,17,42,var_0 counter_var_1 +,9,counter_var_0 var_1 +
3298,115 95 10 68 113,18,115 106 95 29 113,8,19,10,3,6,29,11,var_0 counter_var_1 +,29,counter_var_0 var_1 +
3299,115 33 38 20 113,19,115 83 79 57 113,4,25,15,10,20,26,14,var_0 counter_var_1 +,40,counter_var_0 var_1 +
3300,115 93 70 36 113,7,115 101 46 80 113,6,14,1,0,5,18,6,var_0 counter_var_1 +,15,counter_var_0 var_1 +
3301,115 88 11 30 113,12,115 32 8 26 113,1,3,11,8,30,26,9,var_0 counter_var_1 +,14,counter_var_0 var_1 +
3302,115 36 110 61 113,25,115 56 13 91 113,7,27,18,13,30,29,20,var_0 counter_var_1 +,45,counter_var_0 var_1 +
3303,115 11 101 104 113,20,115 62 29 25 113,11,4,9,6,11,25,17,var_0 counter_var_1 +,13,counter_var_0 var_1 +
3304,115 24 104 84 113,36,115 16 35 9 113,24,16,12,12,22,9,36,var_0 counter_var_1 +,28,counter_var_0 var_1 +
3305,115 72 111 12 113,33,115 40 44 107 113,14,11,19,21,12,14,35,var_0 counter_var_1 +,30,counter_var_0 var_1 +
3306,115 54 88 66 113,44,115 58 23 4 113,25,0,19,0,4,4,25,var_0 counter_var_1 +,19,counter_var_0 var_1 +
3307,115 22 8 26 113,30,115 8 91 33 113,22,8,8,22,26,2,44,var_0 counter_var_1 +,16,counter_var_0 var_1 +
3308,115 79 34 27 113,32,115 29 42 55 113,21,0,11,19,27,24,40,var_0 counter_var_1 +,11,counter_var_0 var_1 +
3309,115 59 64 19 113,19,115 17 97 81 113,1,17,18,5,19,19,6,var_0 counter_var_1 +,35,counter_var_0 var_1 +
3310,115 94 4 52 113,11,115 83 17 108 113,7,25,4,17,21,15,24,var_0 counter_var_1 +,29,counter_var_0 var_1 +
3311,115 59 101 104 113,10,115 43 106 35 113,1,14,9,14,11,4,15,var_0 counter_var_1 +,23,counter_var_0 var_1 +
3312,115 22 48 89 113,24,115 9 4 52 113,22,9,2,4,27,21,26,var_0 counter_var_1 +,11,counter_var_0 var_1 +
3313,115 98 72 71 113,14,115 72 39 14 113,11,14,3,16,9,14,27,var_0 counter_var_1 +,17,counter_var_0 var_1 +
3314,115 71 62 41 113,29,115 35 107 60 113,13,6,16,15,10,29,28,var_0 counter_var_1 +,22,counter_var_0 var_1 +
3315,115 103 87 69 113,34,115 75 37 42 113,16,17,18,14,7,11,30,var_0 counter_var_1 +,35,counter_var_0 var_1 +
3316,115 66 58 98 113,20,115 11 78 65 113,8,11,12,9,5,3,17,var_0 counter_var_1 +,23,counter_var_0 var_1 +
3317,115 29 32 64 113,9,115 12 97 81 113,0,12,9,5,2,19,5,var_0 counter_var_1 +,21,counter_var_0 var_1 +
3318,115 37 62 41 113,24,115 99 79 57 113,8,12,16,10,10,26,18,var_0 counter_var_1 +,28,counter_var_0 var_1 +
3319,115 103 46 80 113,16,115 92 106 35 113,16,5,0,14,18,4,30,var_0 counter_var_1 +,5,counter_var_0 var_1 +
3320,115 56 34 27 113,38,115 83 77 105 113,27,25,11,8,27,12,35,var_0 counter_var_1 +,36,counter_var_0 var_1 +
3321,115 106 101 104 113,28,115 47 6 56 113,19,18,9,6,11,25,25,var_0 counter_var_1 +,27,counter_var_0 var_1 +
3322,115 66 61 18 113,23,115 32 93 37 113,8,3,15,1,18,6,9,var_0 counter_var_1 +,18,counter_var_0 var_1 +
3323,115 105 68 100 113,40,115 82 35 9 113,18,24,22,12,7,9,30,var_0 counter_var_1 +,46,counter_var_0 var_1 +
3324,115 81 25 111 113,25,115 28 78 65 113,23,28,2,9,18,3,32,var_0 counter_var_1 +,30,counter_var_0 var_1 +
3325,115 73 50 77 113,19,115 111 6 56 113,15,24,4,6,15,25,21,var_0 counter_var_1 +,28,counter_var_0 var_1 +
3326,115 95 67 46 113,29,115 47 33 50 113,8,18,21,10,15,19,18,var_0 counter_var_1 +,39,counter_var_0 var_1 +
3327,115 82 37 42 113,38,115 16 65 17 113,24,16,14,19,11,17,43,var_0 counter_var_1 +,30,counter_var_0 var_1 +
3328,115 61 106 35 113,17,115 45 8 26 113,3,16,14,8,4,26,11,var_0 counter_var_1 +,30,counter_var_0 var_1 +
3329,115 103 31 109 113,24,115 91 52 95 113,16,4,8,6,16,2,22,var_0 counter_var_1 +,12,counter_var_0 var_1 +
3330,115 45 48 89 113,18,115 43 12 21 113,16,14,2,12,27,21,28,var_0 counter_var_1 +,16,counter_var_0 var_1 +
3331,115 38 81 54 113,21,115 0 15 53 113,9,0,12,15,23,22,24,var_0 counter_var_1 +,12,counter_var_0 var_1 +
3332,115 11 20 8 113,31,115 28 9 87 113,11,28,20,9,8,25,20,var_0 counter_var_1 +,48,counter_var_0 var_1 +
3333,115 46 98 78 113,23,115 12 80 31 113,17,12,6,11,16,0,28,var_0 counter_var_1 +,18,counter_var_0 var_1 +
3334,115 46 86 45 113,34,115 108 43 110 113,17,21,17,20,14,17,37,var_0 counter_var_1 +,38,counter_var_0 var_1 +
3335,115 61 77 105 113,11,115 12 83 38 113,3,12,8,14,12,7,17,var_0 counter_var_1 +,20,counter_var_0 var_1 +
3336,115 95 15 53 113,23,115 97 73 96 113,8,10,15,4,22,3,12,var_0 counter_var_1 +,25,counter_var_0 var_1 +
3337,115 9 94 39 113,11,115 23 30 70 113,9,23,2,7,8,8,16,var_0 counter_var_1 +,25,counter_var_0 var_1 +
3338,115 15 1 40 113,16,115 51 73 96 113,15,22,1,4,9,3,19,var_0 counter_var_1 +,23,counter_var_0 var_1 +
3339,115 17 3 15 113,20,115 96 45 76 113,17,9,3,22,15,14,39,var_0 counter_var_1 +,12,counter_var_0 var_1 +
3340,115 85 104 84 113,39,115 32 49 72 113,27,3,12,3,22,10,30,var_0 counter_var_1 +,15,counter_var_0 var_1 +
3341,115 41 92 2 113,12,115 28 84 32 113,12,28,0,15,2,1,27,var_0 counter_var_1 +,28,counter_var_0 var_1 +
3342,115 37 21 92 113,29,115 74 84 32 113,8,16,21,15,30,1,23,var_0 counter_var_1 +,37,counter_var_0 var_1 +
3343,115 5 38 20 113,20,115 1 99 85 113,5,1,15,7,20,23,12,var_0 counter_var_1 +,16,counter_var_0 var_1 +
3344,115 45 13 91 113,29,115 81 25 111 113,16,23,13,2,29,18,18,var_0 counter_var_1 +,36,counter_var_0 var_1 +
3345,115 101 58 98 113,26,115 29 1 40 113,14,0,12,1,5,9,15,var_0 counter_var_1 +,12,counter_var_0 var_1 +
3346,115 53 90 90 113,45,115 104 36 106 113,24,17,21,13,28,13,37,var_0 counter_var_1 +,38,counter_var_0 var_1 +
3347,115 58 63 43 113,17,115 18 61 18 113,0,18,17,15,12,18,15,var_0 counter_var_1 +,35,counter_var_0 var_1 +
3348,115 75 59 23 113,30,115 48 83 38 113,17,19,13,14,23,7,31,var_0 counter_var_1 +,32,counter_var_0 var_1 +
3349,115 53 111 12 113,43,115 101 73 96 113,24,14,19,4,12,3,28,var_0 counter_var_1 +,33,counter_var_0 var_1 +
3350,115 24 19 86 113,43,115 84 45 76 113,24,26,19,22,24,14,46,var_0 counter_var_1 +,45,counter_var_0 var_1 +
3351,115 58 46 80 113,0,115 95 107 60 113,0,8,0,15,18,29,15,var_0 counter_var_1 +,8,counter_var_0 var_1 +
3352,115 55 69 99 113,26,115 64 24 5 113,26,6,0,1,6,5,27,var_0 counter_var_1 +,6,counter_var_0 var_1 +
3353,115 87 49 72 113,3,115 26 64 19 113,0,26,3,18,10,19,18,var_0 counter_var_1 +,29,counter_var_0 var_1 +
3354,115 90 18 73 113,21,115 15 100 0 113,3,15,18,8,11,0,11,var_0 counter_var_1 +,33,counter_var_0 var_1 +
3355,115 92 5 47 113,10,115 31 66 102 113,5,2,5,20,16,9,25,var_0 counter_var_1 +,7,counter_var_0 var_1 +
3356,115 61 86 45 113,20,115 1 59 23 113,3,1,17,13,14,23,16,var_0 counter_var_1 +,18,counter_var_0 var_1 +
3357,115 97 104 84 113,22,115 74 57 1 113,10,16,12,11,22,1,21,var_0 counter_var_1 +,28,counter_var_0 var_1 +
3358,115 40 69 99 113,11,115 33 56 59 113,11,4,0,10,6,28,21,var_0 counter_var_1 +,4,counter_var_0 var_1 +
3359,115 23 13 91 113,36,115 78 13 91 113,23,20,13,13,29,29,36,var_0 counter_var_1 +,33,counter_var_0 var_1 +
3360,115 38 50 77 113,13,115 106 5 47 113,9,19,4,5,15,16,14,var_0 counter_var_1 +,23,counter_var_0 var_1 +
3361,115 67 74 13 113,14,115 104 7 10 113,9,17,5,7,13,10,16,var_0 counter_var_1 +,22,counter_var_0 var_1 +
3362,115 53 106 35 113,38,115 95 93 37 113,24,8,14,1,4,6,25,var_0 counter_var_1 +,22,counter_var_0 var_1 +
3363,115 56 50 77 113,31,115 4 34 27 113,27,4,4,11,15,27,38,var_0 counter_var_1 +,8,counter_var_0 var_1 +
3364,115 29 77 105 113,8,115 35 92 2 113,0,6,8,0,12,2,0,var_0 counter_var_1 +,14,counter_var_0 var_1 +
3365,115 73 59 23 113,28,115 106 76 93 113,15,19,13,7,23,0,22,var_0 counter_var_1 +,32,counter_var_0 var_1 +
3366,115 38 69 99 113,9,115 99 86 45 113,9,12,0,17,6,14,26,var_0 counter_var_1 +,12,counter_var_0 var_1 +
3367,115 8 40 11 113,25,115 75 75 82 113,8,17,17,6,11,20,14,var_0 counter_var_1 +,34,counter_var_0 var_1 +
3368,115 74 3 15 113,19,115 91 11 30 113,16,4,3,11,15,30,27,var_0 counter_var_1 +,7,counter_var_0 var_1 +
3369,115 47 13 91 113,31,115 58 73 96 113,18,0,13,4,29,3,22,var_0 counter_var_1 +,13,counter_var_0 var_1 +
3370,115 69 67 46 113,32,115 48 105 62 113,11,19,21,13,15,0,24,var_0 counter_var_1 +,40,counter_var_0 var_1 +
3371,115 64 107 60 113,21,115 72 7 10 113,6,14,15,7,29,10,13,var_0 counter_var_1 +,29,counter_var_0 var_1 +
3372,115 89 59 23 113,15,115 49 28 7 113,2,20,13,5,23,7,7,var_0 counter_var_1 +,33,counter_var_0 var_1 +
3373,115 58 18 73 113,18,115 62 47 34 113,0,4,18,1,11,3,1,var_0 counter_var_1 +,22,counter_var_0 var_1 +
3374,115 80 46 80 113,22,115 71 88 66 113,22,13,0,19,18,4,41,var_0 counter_var_1 +,13,counter_var_0 var_1 +
3375,115 5 27 88 113,9,115 14 78 65 113,5,14,4,9,26,3,14,var_0 counter_var_1 +,18,counter_var_0 var_1 +
3376,115 64 45 76 113,28,115 95 110 61 113,6,8,22,18,14,30,24,var_0 counter_var_1 +,30,counter_var_0 var_1 +
3377,115 109 33 50 113,32,115 48 109 79 113,22,19,10,17,19,17,39,var_0 counter_var_1 +,29,counter_var_0 var_1 +
3378,115 7 28 7 113,12,115 71 27 88 113,7,13,5,4,7,26,11,var_0 counter_var_1 +,18,counter_var_0 var_1 +
3379,115 21 76 93 113,28,115 76 30 70 113,21,18,7,7,0,8,28,var_0 counter_var_1 +,25,counter_var_0 var_1 +
3380,115 110 25 111 113,25,115 99 44 107 113,23,12,2,21,18,14,44,var_0 counter_var_1 +,14,counter_var_0 var_1 +
3381,115 88 24 5 113,2,115 59 27 88 113,1,1,1,4,5,26,5,var_0 counter_var_1 +,2,counter_var_0 var_1 +
3382,115 51 32 64 113,31,115 5 5 47 113,22,5,9,5,2,16,27,var_0 counter_var_1 +,14,counter_var_0 var_1 +
3383,115 31 4 52 113,6,115 68 32 64 113,2,10,4,9,21,2,11,var_0 counter_var_1 +,14,counter_var_0 var_1 +
3384,115 105 10 68 113,28,115 37 51 97 113,18,8,10,5,6,4,23,var_0 counter_var_1 +,18,counter_var_0 var_1 +
3385,115 55 46 80 113,26,115 18 54 83 113,26,18,0,8,18,21,34,var_0 counter_var_1 +,18,counter_var_0 var_1 +
3386,115 85 6 56 113,33,115 94 51 97 113,27,7,6,5,25,4,32,var_0 counter_var_1 +,13,counter_var_0 var_1 +
3387,115 80 41 22 113,40,115 89 106 35 113,22,2,18,14,22,4,36,var_0 counter_var_1 +,20,counter_var_0 var_1 +
3388,115 45 39 14 113,32,115 53 37 42 113,16,24,16,14,14,11,30,var_0 counter_var_1 +,40,counter_var_0 var_1 +
3389,115 44 34 27 113,26,115 33 50 77 113,15,4,11,4,27,15,19,var_0 counter_var_1 +,15,counter_var_0 var_1 +
3390,115 61 63 43 113,20,115 100 69 99 113,3,13,17,0,12,6,3,var_0 counter_var_1 +,30,counter_var_0 var_1 +
3391,115 16 48 89 113,18,115 111 14 24 113,16,24,2,14,27,24,30,var_0 counter_var_1 +,26,counter_var_0 var_1 +
3392,115 43 101 104 113,23,115 20 63 43 113,14,20,9,17,11,12,31,var_0 counter_var_1 +,29,counter_var_0 var_1 +
3393,115 57 44 107 113,49,115 23 91 33 113,28,23,21,22,14,2,50,var_0 counter_var_1 +,44,counter_var_0 var_1 +
3394,115 77 45 76 113,41,115 83 82 67 113,19,25,22,13,14,5,32,var_0 counter_var_1 +,47,counter_var_0 var_1 +
3395,115 6 103 49 113,17,115 106 80 31 113,6,19,11,11,18,0,17,var_0 counter_var_1 +,30,counter_var_0 var_1 +
3396,115 101 41 22 113,32,115 78 58 98 113,14,20,18,12,22,5,26,var_0 counter_var_1 +,38,counter_var_0 var_1 +
3397,115 55 43 110 113,46,115 10 15 53 113,26,10,20,15,17,22,41,var_0 counter_var_1 +,30,counter_var_0 var_1 +
3398,115 83 107 60 113,40,115 73 60 44 113,25,15,15,14,29,13,39,var_0 counter_var_1 +,30,counter_var_0 var_1 +
3399,115 92 80 31 113,16,115 18 110 61 113,5,18,11,18,0,30,23,var_0 counter_var_1 +,29,counter_var_0 var_1 +
3400,115 107 78 65 113,29,115 15 31 109 113,20,15,9,8,3,16,28,var_0 counter_var_1 +,24,counter_var_0 var_1 +
3401,115 50 100 0 113,29,115 92 63 43 113,21,5,8,17,0,12,38,var_0 counter_var_1 +,13,counter_var_0 var_1 +
3402,115 22 73 96 113,26,115 47 78 65 113,22,18,4,9,3,3,31,var_0 counter_var_1 +,22,counter_var_0 var_1 +
3403,115 62 17 108 113,21,115 76 98 78 113,4,18,17,6,15,16,10,var_0 counter_var_1 +,35,counter_var_0 var_1 +
3404,115 44 45 76 113,37,115 85 6 56 113,15,27,22,6,14,25,21,var_0 counter_var_1 +,49,counter_var_0 var_1 +
3405,115 84 91 33 113,48,115 93 28 7 113,26,6,22,5,2,7,31,var_0 counter_var_1 +,28,counter_var_0 var_1 +
3406,115 95 28 7 113,13,115 98 33 50 113,8,11,5,10,7,19,18,var_0 counter_var_1 +,16,counter_var_0 var_1 +
3407,115 93 61 18 113,21,115 85 50 77 113,6,27,15,4,18,15,10,var_0 counter_var_1 +,42,counter_var_0 var_1 +
3408,115 25 104 84 113,37,115 42 58 98 113,25,13,12,12,22,5,37,var_0 counter_var_1 +,25,counter_var_0 var_1 +
3409,115 79 8 26 113,29,115 46 43 110 113,21,17,8,20,26,17,41,var_0 counter_var_1 +,25,counter_var_0 var_1 +
3410,115 75 47 34 113,18,115 4 51 97 113,17,4,1,5,3,4,22,var_0 counter_var_1 +,5,counter_var_0 var_1 +
3411,115 17 2 63 113,19,115 60 44 107 113,17,2,2,21,1,14,38,var_0 counter_var_1 +,4,counter_var_0 var_1 +
3412,115 37 39 14 113,24,115 78 99 85 113,8,20,16,7,14,23,15,var_0 counter_var_1 +,36,counter_var_0 var_1 +
3413,115 0 62 41 113,16,115 67 30 70 113,0,9,16,7,10,8,7,var_0 counter_var_1 +,25,counter_var_0 var_1 +
3414,115 81 81 54 113,35,115 67 73 96 113,23,9,12,4,23,3,27,var_0 counter_var_1 +,21,counter_var_0 var_1 +
3415,115 66 40 11 113,25,115 30 99 85 113,8,1,17,7,11,23,15,var_0 counter_var_1 +,18,counter_var_0 var_1 +
3416,115 105 24 5 113,19,115 47 4 52 113,18,18,1,4,5,21,22,var_0 counter_var_1 +,19,counter_var_0 var_1 +
3417,115 84 4 52 113,30,115 44 46 80 113,26,15,4,0,21,18,26,var_0 counter_var_1 +,19,counter_var_0 var_1 +
3418,115 9 88 66 113,28,115 9 31 109 113,9,9,19,8,4,16,17,var_0 counter_var_1 +,28,counter_var_0 var_1 +
3419,115 83 60 44 113,39,115 46 80 31 113,25,17,14,11,13,0,36,var_0 counter_var_1 +,31,counter_var_0 var_1 +
3420,115 96 9 87 113,18,115 17 56 59 113,9,17,9,10,25,28,19,var_0 counter_var_1 +,26,counter_var_0 var_1 +
3421,115 10 40 11 113,27,115 111 40 11 113,10,24,17,17,11,11,27,var_0 counter_var_1 +,41,counter_var_0 var_1 +
3422,115 91 81 54 113,16,115 65 31 109 113,4,7,12,8,23,16,12,var_0 counter_var_1 +,19,counter_var_0 var_1 +
3423,115 33 60 44 113,18,115 32 83 38 113,4,3,14,14,13,7,18,var_0 counter_var_1 +,17,counter_var_0 var_1 +
3424,115 27 69 99 113,27,115 79 9 87 113,27,21,0,9,6,25,36,var_0 counter_var_1 +,21,counter_var_0 var_1 +
3425,115 58 45 76 113,22,115 109 89 28 113,0,22,22,20,14,28,20,var_0 counter_var_1 +,44,counter_var_0 var_1 +
3426,115 34 100 0 113,13,115 86 91 33 113,5,28,8,22,0,2,27,var_0 counter_var_1 +,36,counter_var_0 var_1 +
3427,115 28 43 110 113,48,115 12 89 28 113,28,12,20,20,17,28,48,var_0 counter_var_1 +,32,counter_var_0 var_1 +
3428,115 0 66 102 113,20,115 21 110 61 113,0,21,20,18,9,30,18,var_0 counter_var_1 +,41,counter_var_0 var_1 +
3429,115 93 17 108 113,23,115 102 48 89 113,6,15,17,2,15,27,8,var_0 counter_var_1 +,32,counter_var_0 var_1 +
3430,115 7 36 106 113,20,115 35 58 98 113,7,6,13,12,13,5,19,var_0 counter_var_1 +,19,counter_var_0 var_1 +
3431,115 63 76 93 113,12,115 25 16 94 113,5,25,7,16,0,1,21,var_0 counter_var_1 +,32,counter_var_0 var_1 +
3432,115 17 58 98 113,29,115 97 85 3 113,17,10,12,16,5,3,33,var_0 counter_var_1 +,22,counter_var_0 var_1 +
3433,115 24 4 52 113,28,115 110 82 67 113,24,23,4,13,21,5,37,var_0 counter_var_1 +,27,counter_var_0 var_1 +
3434,115 62 30 70 113,11,115 86 55 48 113,4,28,7,9,8,17,13,var_0 counter_var_1 +,35,counter_var_0 var_1 +
3435,115 29 90 90 113,21,115 63 111 12 113,0,5,21,19,28,12,19,var_0 counter_var_1 +,26,counter_var_0 var_1 +
3436,115 8 42 55 113,27,115 39 87 69 113,8,10,19,18,24,7,26,var_0 counter_var_1 +,29,counter_var_0 var_1 +
3437,115 70 78 65 113,21,115 43 68 100 113,12,14,9,22,3,7,34,var_0 counter_var_1 +,23,counter_var_0 var_1 +
3438,115 20 72 71 113,23,115 4 23 4 113,20,4,3,0,9,4,20,var_0 counter_var_1 +,7,counter_var_0 var_1 +
3439,115 39 7 10 113,17,115 61 64 19 113,10,3,7,18,10,19,28,var_0 counter_var_1 +,10,counter_var_0 var_1 +
3440,115 31 62 41 113,18,115 94 83 38 113,2,7,16,14,10,7,16,var_0 counter_var_1 +,23,counter_var_0 var_1 +
3441,115 54 4 52 113,29,115 48 21 92 113,25,19,4,21,21,30,46,var_0 counter_var_1 +,23,counter_var_0 var_1 +
3442,115 38 49 72 113,12,115 48 53 51 113,9,19,3,7,10,20,16,var_0 counter_var_1 +,22,counter_var_0 var_1 +
3443,115 74 56 59 113,26,115 112 67 46 113,16,25,10,21,28,15,37,var_0 counter_var_1 +,35,counter_var_0 var_1 +
3444,115 23 101 104 113,32,115 40 100 0 113,23,11,9,8,11,0,31,var_0 counter_var_1 +,20,counter_var_0 var_1 +
3445,115 42 5 47 113,18,115 90 31 109 113,13,3,5,8,16,16,21,var_0 counter_var_1 +,8,counter_var_0 var_1 +
3446,115 91 56 59 113,14,115 99 8 26 113,4,12,10,8,28,26,12,var_0 counter_var_1 +,22,counter_var_0 var_1 +
3447,115 14 1 40 113,15,115 3 111 12 113,14,3,1,19,9,12,33,var_0 counter_var_1 +,4,counter_var_0 var_1 +
3448,115 94 48 89 113,9,115 68 86 45 113,7,10,2,17,27,14,24,var_0 counter_var_1 +,12,counter_var_0 var_1 +
3449,115 19 28 7 113,24,115 61 48 89 113,19,3,5,2,7,27,21,var_0 counter_var_1 +,8,counter_var_0 var_1 +
3450,115 57 93 37 113,29,115 81 39 14 113,28,23,1,16,6,14,44,var_0 counter_var_1 +,24,counter_var_0 var_1 +
3451,115 72 80 31 113,25,115 70 36 106 113,14,12,11,13,0,13,27,var_0 counter_var_1 +,23,counter_var_0 var_1 +
3452,115 68 75 82 113,16,115 18 43 110 113,10,18,6,20,20,17,30,var_0 counter_var_1 +,24,counter_var_0 var_1 +
3453,115 6 82 67 113,19,115 62 83 38 113,6,4,13,14,5,7,20,var_0 counter_var_1 +,17,counter_var_0 var_1 +
3454,115 64 56 59 113,16,115 82 93 37 113,6,24,10,1,28,6,7,var_0 counter_var_1 +,34,counter_var_0 var_1 +
3455,115 13 40 11 113,30,115 13 13 91 113,13,13,17,13,11,29,26,var_0 counter_var_1 +,30,counter_var_0 var_1 +
3456,115 108 70 36 113,22,115 29 38 20 113,21,0,1,15,5,20,36,var_0 counter_var_1 +,1,counter_var_0 var_1 +
3457,115 60 90 90 113,23,115 51 90 90 113,2,22,21,21,28,28,23,var_0 counter_var_1 +,43,counter_var_0 var_1 +
3458,115 112 49 72 113,28,115 6 25 111 113,25,6,3,2,10,18,27,var_0 counter_var_1 +,9,counter_var_0 var_1 +
3459,115 101 106 35 113,28,115 77 10 68 113,14,19,14,10,4,6,24,var_0 counter_var_1 +,33,counter_var_0 var_1 +
3460,115 103 21 92 113,37,115 88 103 49 113,16,1,21,11,30,18,27,var_0 counter_var_1 +,22,counter_var_0 var_1 +
3461,115 99 99 85 113,19,115 31 14 24 113,12,2,7,14,23,24,26,var_0 counter_var_1 +,9,counter_var_0 var_1 +
3462,115 90 22 75 113,25,115 107 92 2 113,3,20,22,0,13,2,3,var_0 counter_var_1 +,42,counter_var_0 var_1 +
3463,115 109 101 104 113,31,115 34 85 3 113,22,5,9,16,11,3,38,var_0 counter_var_1 +,14,counter_var_0 var_1 +
3464,115 42 21 92 113,34,115 82 22 75 113,13,24,21,22,30,13,35,var_0 counter_var_1 +,45,counter_var_0 var_1 +
3465,115 86 63 43 113,45,115 60 54 83 113,28,2,17,8,12,21,36,var_0 counter_var_1 +,19,counter_var_0 var_1 +
3466,115 96 76 93 113,16,115 109 45 76 113,9,22,7,22,0,14,31,var_0 counter_var_1 +,29,counter_var_0 var_1 +
3467,115 90 40 11 113,20,115 43 86 45 113,3,14,17,17,11,14,20,var_0 counter_var_1 +,31,counter_var_0 var_1 +
3468,115 85 109 79 113,44,115 102 72 71 113,27,15,17,3,17,9,30,var_0 counter_var_1 +,32,counter_var_0 var_1 +
3469,115 13 14 24 113,27,115 102 46 80 113,13,15,14,0,24,18,13,var_0 counter_var_1 +,29,counter_var_0 var_1 +
3470,115 45 74 13 113,21,115 79 37 42 113,16,21,5,14,13,11,30,var_0 counter_var_1 +,26,counter_var_0 var_1 +
3471,115 2 57 1 113,13,115 24 65 17 113,2,24,11,19,1,17,21,var_0 counter_var_1 +,35,counter_var_0 var_1 +
3472,115 98 27 88 113,15,115 57 53 51 113,11,28,4,7,26,20,18,var_0 counter_var_1 +,32,counter_var_0 var_1 +
3473,115 16 33 50 113,26,115 97 75 82 113,16,10,10,6,19,20,22,var_0 counter_var_1 +,20,counter_var_0 var_1 +
3474,115 11 80 31 113,22,115 109 108 58 113,11,22,11,16,0,27,27,var_0 counter_var_1 +,33,counter_var_0 var_1 +
3475,115 3 75 82 113,9,115 95 43 110 113,3,8,6,20,20,17,23,var_0 counter_var_1 +,14,counter_var_0 var_1 +
3476,115 3 22 75 113,25,115 102 101 104 113,3,15,22,9,13,11,12,var_0 counter_var_1 +,37,counter_var_0 var_1 +
3477,115 14 91 33 113,36,115 91 105 62 113,14,4,22,13,2,0,27,var_0 counter_var_1 +,26,counter_var_0 var_1 +
3478,115 112 32 64 113,34,115 33 70 36 113,25,4,9,1,2,5,26,var_0 counter_var_1 +,13,counter_var_0 var_1 +
3479,115 89 27 88 113,6,115 58 111 12 113,2,0,4,19,26,12,21,var_0 counter_var_1 +,4,counter_var_0 var_1 +
3480,115 109 5 47 113,27,115 42 65 17 113,22,13,5,19,16,17,41,var_0 counter_var_1 +,18,counter_var_0 var_1 +
3481,115 79 46 80 113,21,115 54 43 110 113,21,25,0,20,18,17,41,var_0 counter_var_1 +,25,counter_var_0 var_1 +
3482,115 96 20 8 113,29,115 37 56 59 113,9,8,20,10,8,28,19,var_0 counter_var_1 +,28,counter_var_0 var_1 +
3483,115 36 11 30 113,18,115 4 53 51 113,7,4,11,7,30,20,14,var_0 counter_var_1 +,15,counter_var_0 var_1 +
3484,115 5 112 103 113,25,115 57 13 91 113,5,28,20,13,10,29,18,var_0 counter_var_1 +,48,counter_var_0 var_1 +
3485,115 107 34 27 113,31,115 106 84 32 113,20,19,11,15,27,1,35,var_0 counter_var_1 +,30,counter_var_0 var_1 +
3486,115 33 55 48 113,13,115 24 88 66 113,4,24,9,19,17,4,23,var_0 counter_var_1 +,33,counter_var_0 var_1 +
3487,115 44 100 0 113,23,115 33 60 44 113,15,4,8,14,0,13,29,var_0 counter_var_1 +,12,counter_var_0 var_1 +
3488,115 54 108 58 113,41,115 97 7 10 113,25,10,16,7,27,10,32,var_0 counter_var_1 +,26,counter_var_0 var_1 +
3489,115 44 107 60 113,30,115 30 97 81 113,15,1,15,5,29,19,20,var_0 counter_var_1 +,16,counter_var_0 var_1 +
3490,115 100 7 10 113,20,115 78 80 31 113,13,20,7,11,10,0,24,var_0 counter_var_1 +,27,counter_var_0 var_1 +
3491,115 61 101 104 113,12,115 68 70 36 113,3,10,9,1,11,5,4,var_0 counter_var_1 +,19,counter_var_0 var_1 +
3492,115 1 26 112 113,4,115 98 56 59 113,1,11,3,10,19,28,11,var_0 counter_var_1 +,14,counter_var_0 var_1 +
3493,115 3 66 102 113,23,115 74 100 0 113,3,16,20,8,9,0,11,var_0 counter_var_1 +,36,counter_var_0 var_1 +
3494,115 87 12 21 113,12,115 24 89 28 113,0,24,12,20,21,28,20,var_0 counter_var_1 +,36,counter_var_0 var_1 +
3495,115 103 82 67 113,29,115 50 51 97 113,16,21,13,5,5,4,21,var_0 counter_var_1 +,34,counter_var_0 var_1 +
3496,115 0 103 49 113,11,115 65 66 102 113,0,7,11,20,18,9,20,var_0 counter_var_1 +,18,counter_var_0 var_1 +
3497,115 70 29 25 113,18,115 67 74 13 113,12,9,6,5,25,13,17,var_0 counter_var_1 +,15,counter_var_0 var_1 +
3498,115 76 4 52 113,22,115 30 38 20 113,18,1,4,15,21,20,33,var_0 counter_var_1 +,5,counter_var_0 var_1 +
3499,115 48 50 77 113,23,115 55 14 24 113,19,26,4,14,15,24,33,var_0 counter_var_1 +,30,counter_var_0 var_1 +
3500,115 30 96 6 113,5,115 112 101 104 113,1,25,4,9,6,11,10,var_0 counter_var_1 +,29,counter_var_0 var_1 +
3501,115 38 57 1 113,20,115 105 104 84 113,9,18,11,12,1,22,21,var_0 counter_var_1 +,29,counter_var_0 var_1 +
3502,115 28 82 67 113,41,115 92 39 14 113,28,5,13,16,5,14,44,var_0 counter_var_1 +,18,counter_var_0 var_1 +
3503,115 4 39 14 113,20,115 18 74 13 113,4,18,16,5,14,13,9,var_0 counter_var_1 +,34,counter_var_0 var_1 +
3504,115 74 35 9 113,28,115 51 104 84 113,16,22,12,12,9,22,28,var_0 counter_var_1 +,34,counter_var_0 var_1 +
3505,115 93 75 82 113,12,115 48 3 15 113,6,19,6,3,20,15,9,var_0 counter_var_1 +,25,counter_var_0 var_1 +
3506,115 26 46 80 113,26,115 45 95 29 113,26,16,0,3,18,29,29,var_0 counter_var_1 +,16,counter_var_0 var_1 +
3507,115 36 80 31 113,18,115 61 30 70 113,7,3,11,7,0,8,14,var_0 counter_var_1 +,14,counter_var_0 var_1 +
3508,115 95 16 94 113,24,115 79 30 70 113,8,21,16,7,1,8,15,var_0 counter_var_1 +,37,counter_var_0 var_1 +
3509,115 5 100 0 113,13,115 28 34 27 113,5,28,8,11,0,27,16,var_0 counter_var_1 +,36,counter_var_0 var_1 +
3510,115 101 2 63 113,16,115 10 80 31 113,14,10,2,11,1,0,25,var_0 counter_var_1 +,12,counter_var_0 var_1 +
3511,115 2 102 16 113,12,115 74 19 86 113,2,16,10,19,16,24,21,var_0 counter_var_1 +,26,counter_var_0 var_1 +
3512,115 30 5 47 113,6,115 56 7 10 113,1,27,5,7,16,10,8,var_0 counter_var_1 +,32,counter_var_0 var_1 +
3513,115 41 87 69 113,30,115 41 73 96 113,12,12,18,4,7,3,16,var_0 counter_var_1 +,30,counter_var_0 var_1 +
3514,115 35 8 26 113,14,115 25 66 102 113,6,25,8,20,26,9,26,var_0 counter_var_1 +,33,counter_var_0 var_1 +
3515,115 68 16 94 113,26,115 4 107 60 113,10,4,16,15,1,29,25,var_0 counter_var_1 +,20,counter_var_0 var_1 +
3516,115 105 101 104 113,27,115 85 13 91 113,18,27,9,13,11,29,31,var_0 counter_var_1 +,36,counter_var_0 var_1 +
3517,115 36 83 38 113,21,115 57 103 49 113,7,28,14,11,7,18,18,var_0 counter_var_1 +,42,counter_var_0 var_1 +
3518,115 45 100 0 113,24,115 91 61 18 113,16,4,8,15,0,18,31,var_0 counter_var_1 +,12,counter_var_0 var_1 +
3519,115 31 109 79 113,19,115 16 8 26 113,2,16,17,8,17,26,10,var_0 counter_var_1 +,33,counter_var_0 var_1 +
3520,115 112 50 77 113,29,115 75 29 25 113,25,17,4,6,15,25,31,var_0 counter_var_1 +,21,counter_var_0 var_1 +
3521,115 87 55 48 113,9,115 70 29 25 113,0,12,9,6,17,25,6,var_0 counter_var_1 +,21,counter_var_0 var_1 +
3522,115 85 102 16 113,37,115 94 33 50 113,27,7,10,10,16,19,37,var_0 counter_var_1 +,17,counter_var_0 var_1 +
3523,115 33 109 79 113,21,115 27 19 86 113,4,27,17,19,17,24,23,var_0 counter_var_1 +,44,counter_var_0 var_1 +
3524,115 16 12 21 113,28,115 91 56 59 113,16,4,12,10,21,28,26,var_0 counter_var_1 +,16,counter_var_0 var_1 +
3525,115 26 91 33 113,48,115 37 34 27 113,26,8,22,11,2,27,37,var_0 counter_var_1 +,30,counter_var_0 var_1 +
3526,115 16 101 104 113,25,115 78 0 101 113,16,20,9,0,11,8,16,var_0 counter_var_1 +,29,counter_var_0 var_1 +
3527,115 30 4 52 113,5,115 0 30 70 113,1,0,4,7,21,8,8,var_0 counter_var_1 +,4,counter_var_0 var_1 +
3528,115 76 63 43 113,35,115 25 63 43 113,18,25,17,17,12,12,35,var_0 counter_var_1 +,42,counter_var_0 var_1 +
3529,115 52 100 0 113,31,115 99 40 11 113,23,12,8,17,0,11,40,var_0 counter_var_1 +,20,counter_var_0 var_1 +
3530,115 52 88 66 113,42,115 59 1 40 113,23,1,19,1,4,9,24,var_0 counter_var_1 +,20,counter_var_0 var_1 +
3531,115 27 17 108 113,44,115 43 42 55 113,27,14,17,19,15,24,46,var_0 counter_var_1 +,31,counter_var_0 var_1 +
3532,115 63 83 38 113,19,115 55 48 89 113,5,26,14,2,7,27,7,var_0 counter_var_1 +,40,counter_var_0 var_1 +
3533,115 21 56 59 113,31,115 31 91 33 113,21,2,10,22,28,2,43,var_0 counter_var_1 +,12,counter_var_0 var_1 +
3534,115 110 32 64 113,32,115 40 31 109 113,23,11,9,8,2,16,31,var_0 counter_var_1 +,20,counter_var_0 var_1 +
3535,115 67 15 53 113,24,115 13 86 45 113,9,13,15,17,22,14,26,var_0 counter_var_1 +,28,counter_var_0 var_1 +
3536,115 99 86 45 113,29,115 54 66 102 113,12,25,17,20,14,9,32,var_0 counter_var_1 +,42,counter_var_0 var_1 +
3537,115 38 53 51 113,16,115 54 98 78 113,9,25,7,6,20,16,15,var_0 counter_var_1 +,32,counter_var_0 var_1 +
3538,115 49 4 52 113,24,115 108 36 106 113,20,21,4,13,21,13,33,var_0 counter_var_1 +,25,counter_var_0 var_1 +
3539,115 56 15 53 113,42,115 17 59 23 113,27,17,15,13,22,23,40,var_0 counter_var_1 +,32,counter_var_0 var_1 +
3540,115 98 94 39 113,13,115 1 29 25 113,11,1,2,6,8,25,17,var_0 counter_var_1 +,3,counter_var_0 var_1 +
3541,115 4 36 106 113,17,115 68 39 14 113,4,10,13,16,13,14,20,var_0 counter_var_1 +,23,counter_var_0 var_1 +
3542,115 67 66 102 113,29,115 54 47 34 113,9,25,20,1,9,3,10,var_0 counter_var_1 +,45,counter_var_0 var_1 +
3543,115 61 56 59 113,13,115 38 74 13 113,3,9,10,5,28,13,8,var_0 counter_var_1 +,19,counter_var_0 var_1 +
3544,115 54 15 53 113,40,115 95 9 87 113,25,8,15,9,22,25,34,var_0 counter_var_1 +,23,counter_var_0 var_1 +
3545,115 33 25 111 113,6,115 14 37 42 113,4,14,2,14,18,11,18,var_0 counter_var_1 +,16,counter_var_0 var_1 +
3546,115 62 59 23 113,17,115 94 71 74 113,4,7,13,2,23,12,6,var_0 counter_var_1 +,20,counter_var_0 var_1 +
3547,115 19 33 50 113,29,115 16 105 62 113,19,16,10,13,19,0,32,var_0 counter_var_1 +,26,counter_var_0 var_1 +
3548,115 35 51 97 113,11,115 72 65 17 113,6,14,5,19,4,17,25,var_0 counter_var_1 +,19,counter_var_0 var_1 +
3549,115 106 90 90 113,40,115 53 19 86 113,19,24,21,19,28,24,38,var_0 counter_var_1 +,45,counter_var_0 var_1 +
3550,115 41 46 80 113,12,115 85 74 13 113,12,27,0,5,18,13,17,var_0 counter_var_1 +,27,counter_var_0 var_1 +
3551,115 59 44 107 113,22,115 72 54 83 113,1,14,21,8,14,21,9,var_0 counter_var_1 +,35,counter_var_0 var_1 +
3552,115 90 93 37 113,4,115 2 38 20 113,3,2,1,15,6,20,18,var_0 counter_var_1 +,3,counter_var_0 var_1 +
3553,115 92 56 59 113,15,115 76 77 105 113,5,18,10,8,28,12,13,var_0 counter_var_1 +,28,counter_var_0 var_1 +
3554,115 29 88 66 113,19,115 99 107 60 113,0,12,19,15,4,29,15,var_0 counter_var_1 +,31,counter_var_0 var_1 +
3555,115 59 20 8 113,21,115 103 28 7 113,1,16,20,5,8,7,6,var_0 counter_var_1 +,36,counter_var_0 var_1 +
3556,115 19 3 15 113,22,115 40 83 38 113,19,11,3,14,15,7,33,var_0 counter_var_1 +,14,counter_var_0 var_1 +
3557,115 23 50 77 113,27,115 14 95 29 113,23,14,4,3,15,29,26,var_0 counter_var_1 +,18,counter_var_0 var_1 +
3558,115 58 49 72 113,3,115 8 80 31 113,0,8,3,11,10,0,11,var_0 counter_var_1 +,11,counter_var_0 var_1 +
3559,115 51 67 46 113,43,115 57 98 78 113,22,28,21,6,15,16,28,var_0 counter_var_1 +,49,counter_var_0 var_1 +
3560,115 76 12 21 113,30,115 14 8 26 113,18,14,12,8,21,26,26,var_0 counter_var_1 +,26,counter_var_0 var_1 +
3561,115 62 45 76 113,26,115 2 93 37 113,4,2,22,1,14,6,5,var_0 counter_var_1 +,24,counter_var_0 var_1 +
3562,115 91 49 72 113,7,115 38 63 43 113,4,9,3,17,10,12,21,var_0 counter_var_1 +,12,counter_var_0 var_1 +
3563,115 99 77 105 113,20,115 11 27 88 113,12,11,8,4,12,26,16,var_0 counter_var_1 +,19,counter_var_0 var_1 +
3564,115 31 52 95 113,8,115 45 55 48 113,2,16,6,9,2,17,11,var_0 counter_var_1 +,22,counter_var_0 var_1 +
3565,115 39 49 72 113,13,115 25 110 61 113,10,25,3,18,10,30,28,var_0 counter_var_1 +,28,counter_var_0 var_1 +
3566,115 28 60 44 113,42,115 107 30 70 113,28,20,14,7,13,8,35,var_0 counter_var_1 +,34,counter_var_0 var_1 +
3567,115 31 37 42 113,16,115 66 91 33 113,2,8,14,22,11,2,24,var_0 counter_var_1 +,22,counter_var_0 var_1 +
3568,115 38 4 52 113,13,115 46 26 112 113,9,17,4,3,21,19,12,var_0 counter_var_1 +,21,counter_var_0 var_1 +
3569,115 90 28 7 113,8,115 40 58 98 113,3,11,5,12,7,5,15,var_0 counter_var_1 +,16,counter_var_0 var_1 +
3570,115 90 3 15 113,6,115 19 72 71 113,3,19,3,3,15,9,6,var_0 counter_var_1 +,22,counter_var_0 var_1 +
3571,115 89 36 106 113,15,115 41 99 85 113,2,12,13,7,13,23,9,var_0 counter_var_1 +,25,counter_var_0 var_1 +
3572,115 73 76 93 113,22,115 7 70 36 113,15,7,7,1,0,5,16,var_0 counter_var_1 +,14,counter_var_0 var_1 +
3573,115 6 72 71 113,9,115 101 63 43 113,6,14,3,17,9,12,23,var_0 counter_var_1 +,17,counter_var_0 var_1 +
3574,115 34 109 79 113,22,115 7 100 0 113,5,7,17,8,17,0,13,var_0 counter_var_1 +,24,counter_var_0 var_1 +
3575,115 103 8 26 113,24,115 73 19 86 113,16,15,8,19,26,24,35,var_0 counter_var_1 +,23,counter_var_0 var_1 +
3576,115 17 48 89 113,19,115 83 43 110 113,17,25,2,20,27,17,37,var_0 counter_var_1 +,27,counter_var_0 var_1 +
3577,115 19 72 71 113,22,115 61 69 99 113,19,3,3,0,9,6,19,var_0 counter_var_1 +,6,counter_var_0 var_1 +
3578,115 39 93 37 113,11,115 43 29 25 113,10,14,1,6,6,25,16,var_0 counter_var_1 +,15,counter_var_0 var_1 +
3579,115 32 97 81 113,8,115 49 30 70 113,3,20,5,7,19,8,10,var_0 counter_var_1 +,25,counter_var_0 var_1 +
3580,115 26 111 12 113,45,115 50 0 101 113,26,21,19,0,12,8,26,var_0 counter_var_1 +,40,counter_var_0 var_1 +
3581,115 65 102 16 113,17,115 56 106 35 113,7,27,10,14,16,4,21,var_0 counter_var_1 +,37,counter_var_0 var_1 +
3582,115 4 85 3 113,20,115 87 109 79 113,4,0,16,17,3,17,21,var_0 counter_var_1 +,16,counter_var_0 var_1 +
3583,115 107 55 48 113,29,115 53 89 28 113,20,24,9,20,17,28,40,var_0 counter_var_1 +,33,counter_var_0 var_1 +
3584,115 66 53 51 113,15,115 17 86 45 113,8,17,7,17,20,14,25,var_0 counter_var_1 +,24,counter_var_0 var_1 +
3585,115 61 13 91 113,16,115 64 51 97 113,3,6,13,5,29,4,8,var_0 counter_var_1 +,19,counter_var_0 var_1 +
3586,115 60 75 82 113,8,115 87 82 67 113,2,0,6,13,20,5,15,var_0 counter_var_1 +,6,counter_var_0 var_1 +
3587,115 109 34 27 113,33,115 84 1 40 113,22,26,11,1,27,9,23,var_0 counter_var_1 +,37,counter_var_0 var_1 +
3588,115 14 109 79 113,31,115 103 38 20 113,14,16,17,15,17,20,29,var_0 counter_var_1 +,33,counter_var_0 var_1 +
3589,115 4 19 86 113,23,115 86 68 100 113,4,28,19,22,24,7,26,var_0 counter_var_1 +,47,counter_var_0 var_1 +
3590,115 58 21 92 113,21,115 85 37 42 113,0,27,21,14,30,11,14,var_0 counter_var_1 +,48,counter_var_0 var_1 +
3591,115 103 65 17 113,35,115 35 18 73 113,16,6,19,18,17,11,34,var_0 counter_var_1 +,25,counter_var_0 var_1 +
3592,115 21 33 50 113,31,115 39 106 35 113,21,10,10,14,19,4,35,var_0 counter_var_1 +,20,counter_var_0 var_1 +
3593,115 80 54 83 113,30,115 67 107 60 113,22,9,8,15,21,29,37,var_0 counter_var_1 +,17,counter_var_0 var_1 +
3594,115 72 101 104 113,23,115 31 24 5 113,14,2,9,1,11,5,15,var_0 counter_var_1 +,11,counter_var_0 var_1 +
3595,115 65 8 26 113,15,115 55 81 54 113,7,26,8,12,26,23,19,var_0 counter_var_1 +,34,counter_var_0 var_1 +
3596,115 47 88 66 113,37,115 84 81 54 113,18,26,19,12,4,23,30,var_0 counter_var_1 +,45,counter_var_0 var_1 +
3597,115 61 35 9 113,15,115 5 80 31 113,3,5,12,11,9,0,14,var_0 counter_var_1 +,17,counter_var_0 var_1 +
3598,115 96 18 73 113,27,115 16 34 27 113,9,16,18,11,11,27,20,var_0 counter_var_1 +,34,counter_var_0 var_1 +
3599,115 21 75 82 113,27,115 35 42 55 113,21,6,6,19,20,24,40,var_0 counter_var_1 +,12,counter_var_0 var_1 +
3600,115 0 108 58 113,16,115 12 12 21 113,0,12,16,12,27,21,12,var_0 counter_var_1 +,28,counter_var_0 var_1 +
3601,115 21 83 38 113,35,115 39 100 0 113,21,10,14,8,7,0,29,var_0 counter_var_1 +,24,counter_var_0 var_1 +
3602,115 87 109 79 113,17,115 0 19 86 113,0,0,17,19,17,24,19,var_0 counter_var_1 +,17,counter_var_0 var_1 +
3603,115 72 54 83 113,22,115 65 46 80 113,14,7,8,0,21,18,14,var_0 counter_var_1 +,15,counter_var_0 var_1 +
3604,115 39 39 14 113,26,115 38 29 25 113,10,9,16,6,14,25,16,var_0 counter_var_1 +,25,counter_var_0 var_1 +
3605,115 106 82 67 113,32,115 49 70 36 113,19,20,13,1,5,5,20,var_0 counter_var_1 +,33,counter_var_0 var_1 +
3606,115 43 0 101 113,14,115 80 48 89 113,14,22,0,2,8,27,16,var_0 counter_var_1 +,22,counter_var_0 var_1 +
3607,115 73 18 73 113,33,115 18 103 49 113,15,18,18,11,11,18,26,var_0 counter_var_1 +,36,counter_var_0 var_1 +
3608,115 73 87 69 113,33,115 26 57 1 113,15,26,18,11,7,1,26,var_0 counter_var_1 +,44,counter_var_0 var_1 +
3609,115 84 104 84 113,38,115 16 16 94 113,26,16,12,16,22,1,42,var_0 counter_var_1 +,28,counter_var_0 var_1 +
3610,115 55 37 42 113,40,115 68 91 33 113,26,10,14,22,11,2,48,var_0 counter_var_1 +,24,counter_var_0 var_1 +
3611,115 22 46 80 113,22,115 17 5 47 113,22,17,0,5,18,16,27,var_0 counter_var_1 +,17,counter_var_0 var_1 +
3612,115 69 48 89 113,13,115 109 72 71 113,11,22,2,3,27,9,14,var_0 counter_var_1 +,24,counter_var_0 var_1 +
3613,115 106 22 75 113,41,115 2 67 46 113,19,2,22,21,13,15,40,var_0 counter_var_1 +,24,counter_var_0 var_1 +
3614,115 20 36 106 113,33,115 56 5 47 113,20,27,13,5,13,16,25,var_0 counter_var_1 +,40,counter_var_0 var_1 +
3615,115 23 68 100 113,45,115 85 72 71 113,23,27,22,3,7,9,26,var_0 counter_var_1 +,49,counter_var_0 var_1 +
3616,115 94 13 91 113,20,115 111 37 42 113,7,24,13,14,29,11,21,var_0 counter_var_1 +,37,counter_var_0 var_1 +
3617,115 22 2 63 113,24,115 46 59 23 113,22,17,2,13,1,23,35,var_0 counter_var_1 +,19,counter_var_0 var_1 +
3618,115 55 42 55 113,45,115 103 104 84 113,26,16,19,12,24,22,38,var_0 counter_var_1 +,35,counter_var_0 var_1 +
3619,115 59 96 6 113,5,115 28 14 24 113,1,28,4,14,6,24,15,var_0 counter_var_1 +,32,counter_var_0 var_1 +
3620,115 83 55 48 113,34,115 64 38 20 113,25,6,9,15,17,20,40,var_0 counter_var_1 +,15,counter_var_0 var_1 +
3621,115 84 76 93 113,33,115 36 87 69 113,26,7,7,18,0,7,44,var_0 counter_var_1 +,14,counter_var_0 var_1 +
3622,115 79 108 58 113,37,115 3 94 39 113,21,3,16,2,27,8,23,var_0 counter_var_1 +,19,counter_var_0 var_1 +
3623,115 29 37 42 113,14,115 22 80 31 113,0,22,14,11,11,0,11,var_0 counter_var_1 +,36,counter_var_0 var_1 +
3624,115 30 62 41 113,17,115 2 103 49 113,1,2,16,11,10,18,12,var_0 counter_var_1 +,18,counter_var_0 var_1 +
3625,115 105 73 96 113,22,115 38 65 17 113,18,9,4,19,3,17,37,var_0 counter_var_1 +,13,counter_var_0 var_1 +
3626,115 102 59 23 113,28,115 68 48 89 113,15,10,13,2,23,27,17,var_0 counter_var_1 +,23,counter_var_0 var_1 +
3627,115 28 91 33 113,50,115 25 69 99 113,28,25,22,0,2,6,28,var_0 counter_var_1 +,47,counter_var_0 var_1 +
3628,115 34 57 1 113,16,115 94 69 99 113,5,7,11,0,1,6,5,var_0 counter_var_1 +,18,counter_var_0 var_1 +
3629,115 98 33 50 113,21,115 45 45 76 113,11,16,10,22,19,14,33,var_0 counter_var_1 +,26,counter_var_0 var_1 +
3630,115 20 26 112 113,23,115 68 34 27 113,20,10,3,11,19,27,31,var_0 counter_var_1 +,13,counter_var_0 var_1 +
3631,115 31 14 24 113,16,115 1 112 103 113,2,1,14,20,24,10,22,var_0 counter_var_1 +,15,counter_var_0 var_1 +
3632,115 1 63 43 113,18,115 3 56 59 113,1,3,17,10,12,28,11,var_0 counter_var_1 +,20,counter_var_0 var_1 +
3633,115 13 103 49 113,24,115 33 69 99 113,13,4,11,0,18,6,13,var_0 counter_var_1 +,15,counter_var_0 var_1 +
3634,115 8 107 60 113,23,115 17 18 73 113,8,17,15,18,29,11,26,var_0 counter_var_1 +,32,counter_var_0 var_1 +
3635,115 42 107 60 113,28,115 29 102 16 113,13,0,15,10,29,16,23,var_0 counter_var_1 +,15,counter_var_0 var_1 +
3636,115 103 18 73 113,34,115 34 107 60 113,16,5,18,15,11,29,31,var_0 counter_var_1 +,23,counter_var_0 var_1 +
3637,115 51 46 80 113,22,115 71 29 25 113,22,13,0,6,18,25,28,var_0 counter_var_1 +,13,counter_var_0 var_1 +
3638,115 80 76 93 113,29,115 69 15 53 113,22,11,7,15,0,22,37,var_0 counter_var_1 +,18,counter_var_0 var_1 +
3639,115 16 49 72 113,19,115 13 112 103 113,16,13,3,20,10,10,36,var_0 counter_var_1 +,16,counter_var_0 var_1 +
3640,115 65 48 89 113,9,115 86 105 62 113,7,28,2,13,27,0,20,var_0 counter_var_1 +,30,counter_var_0 var_1 +
3641,115 22 51 97 113,27,115 112 29 25 113,22,25,5,6,4,25,28,var_0 counter_var_1 +,30,counter_var_0 var_1 +
3642,115 53 9 87 113,33,115 26 61 18 113,24,26,9,15,25,18,39,var_0 counter_var_1 +,35,counter_var_0 var_1 +
3643,115 15 58 98 113,27,115 100 66 102 113,15,13,12,20,5,9,35,var_0 counter_var_1 +,25,counter_var_0 var_1 +
3644,115 9 44 107 113,30,115 35 59 23 113,9,6,21,13,14,23,22,var_0 counter_var_1 +,27,counter_var_0 var_1 +
3645,115 75 66 102 113,37,115 13 102 16 113,17,13,20,10,9,16,27,var_0 counter_var_1 +,33,counter_var_0 var_1 +
3646,115 73 81 54 113,27,115 107 12 21 113,15,20,12,12,23,21,27,var_0 counter_var_1 +,32,counter_var_0 var_1 +
3647,115 111 106 35 113,38,115 59 69 99 113,24,1,14,0,4,6,24,var_0 counter_var_1 +,15,counter_var_0 var_1 +
3648,115 79 48 89 113,23,115 24 110 61 113,21,24,2,18,27,30,39,var_0 counter_var_1 +,26,counter_var_0 var_1 +
3649,115 107 59 23 113,33,115 17 33 50 113,20,17,13,10,23,19,30,var_0 counter_var_1 +,30,counter_var_0 var_1 +
3650,115 54 85 3 113,41,115 63 98 78 113,25,5,16,6,3,16,31,var_0 counter_var_1 +,21,counter_var_0 var_1 +
3651,115 11 32 64 113,20,115 37 46 80 113,11,8,9,0,2,18,11,var_0 counter_var_1 +,17,counter_var_0 var_1 +
3652,115 16 98 78 113,22,115 10 68 100 113,16,10,6,22,16,7,38,var_0 counter_var_1 +,16,counter_var_0 var_1 +
3653,115 96 105 62 113,22,115 50 54 83 113,9,21,13,8,0,21,17,var_0 counter_var_1 +,34,counter_var_0 var_1 +
3654,115 48 2 63 113,21,115 82 63 43 113,19,24,2,17,1,12,36,var_0 counter_var_1 +,26,counter_var_0 var_1 +
3655,115 20 64 19 113,38,115 4 2 63 113,20,4,18,2,19,1,22,var_0 counter_var_1 +,22,counter_var_0 var_1 +
3656,115 72 110 61 113,32,115 78 86 45 113,14,20,18,17,30,14,31,var_0 counter_var_1 +,38,counter_var_0 var_1 +
3657,115 90 8 26 113,11,115 58 55 48 113,3,0,8,9,26,17,12,var_0 counter_var_1 +,8,counter_var_0 var_1 +
3658,115 34 102 16 113,15,115 80 82 67 113,5,22,10,13,16,5,18,var_0 counter_var_1 +,32,counter_var_0 var_1 +
3659,115 46 64 19 113,35,115 65 9 87 113,17,7,18,9,19,25,26,var_0 counter_var_1 +,25,counter_var_0 var_1 +
3660,115 106 32 64 113,28,115 35 7 10 113,19,6,9,7,2,10,26,var_0 counter_var_1 +,15,counter_var_0 var_1 +
3661,115 87 47 34 113,1,115 60 103 49 113,0,2,1,11,3,18,11,var_0 counter_var_1 +,3,counter_var_0 var_1 +
3662,115 103 30 70 113,23,115 62 10 68 113,16,4,7,10,8,6,26,var_0 counter_var_1 +,11,counter_var_0 var_1 +
3663,115 33 37 42 113,18,115 66 60 44 113,4,8,14,14,11,13,18,var_0 counter_var_1 +,22,counter_var_0 var_1 +
3664,115 5 44 107 113,26,115 37 91 33 113,5,8,21,22,14,2,27,var_0 counter_var_1 +,29,counter_var_0 var_1 +
3665,115 45 44 107 113,37,115 110 79 57 113,16,23,21,10,14,26,26,var_0 counter_var_1 +,44,counter_var_0 var_1 +
3666,115 2 94 39 113,4,115 103 29 25 113,2,16,2,6,8,25,8,var_0 counter_var_1 +,18,counter_var_0 var_1 +
3667,115 96 28 7 113,14,115 12 59 23 113,9,12,5,13,7,23,22,var_0 counter_var_1 +,17,counter_var_0 var_1 +
3668,115 2 66 102 113,22,115 100 35 9 113,2,13,20,12,9,9,14,var_0 counter_var_1 +,33,counter_var_0 var_1 +
3669,115 74 16 94 113,32,115 83 83 38 113,16,25,16,14,1,7,30,var_0 counter_var_1 +,41,counter_var_0 var_1 +
3670,115 107 51 97 113,25,115 110 53 51 113,20,23,5,7,4,20,27,var_0 counter_var_1 +,28,counter_var_0 var_1 +
3671,115 102 24 5 113,16,115 101 8 26 113,15,14,1,8,5,26,23,var_0 counter_var_1 +,15,counter_var_0 var_1 +
3672,115 7 82 67 113,20,115 29 68 100 113,7,0,13,22,5,7,29,var_0 counter_var_1 +,13,counter_var_0 var_1 +
3673,115 10 65 17 113,29,115 67 22 75 113,10,9,19,22,17,13,32,var_0 counter_var_1 +,28,counter_var_0 var_1 +
3674,115 33 83 38 113,18,115 17 37 42 113,4,17,14,14,7,11,18,var_0 counter_var_1 +,31,counter_var_0 var_1 +
3675,115 41 75 82 113,18,115 2 107 60 113,12,2,6,15,20,29,27,var_0 counter_var_1 +,8,counter_var_0 var_1 +
3676,115 46 44 107 113,38,115 22 104 84 113,17,22,21,12,14,22,29,var_0 counter_var_1 +,43,counter_var_0 var_1 +
3677,115 24 51 97 113,29,115 69 44 107 113,24,11,5,21,4,14,45,var_0 counter_var_1 +,16,counter_var_0 var_1 +
3678,115 102 67 46 113,36,115 41 43 110 113,15,12,21,20,15,17,35,var_0 counter_var_1 +,33,counter_var_0 var_1 +
3679,115 20 82 67 113,33,115 76 70 36 113,20,18,13,1,5,5,21,var_0 counter_var_1 +,31,counter_var_0 var_1 +
3680,115 7 13 91 113,20,115 3 68 100 113,7,3,13,22,29,7,29,var_0 counter_var_1 +,16,counter_var_0 var_1 +
3681,115 48 73 96 113,23,115 105 58 98 113,19,18,4,12,3,5,31,var_0 counter_var_1 +,22,counter_var_0 var_1 +
3682,115 32 73 96 113,7,115 52 15 53 113,3,23,4,15,3,22,18,var_0 counter_var_1 +,27,counter_var_0 var_1 +
3683,115 33 110 61 113,22,115 69 34 27 113,4,11,18,11,30,27,15,var_0 counter_var_1 +,29,counter_var_0 var_1 +
3684,115 83 45 76 113,47,115 75 59 23 113,25,17,22,13,14,23,38,var_0 counter_var_1 +,39,counter_var_0 var_1 +
3685,115 31 58 98 113,14,115 57 80 31 113,2,28,12,11,5,0,13,var_0 counter_var_1 +,40,counter_var_0 var_1 +
3686,115 33 58 98 113,16,115 76 101 104 113,4,18,12,9,5,11,13,var_0 counter_var_1 +,30,counter_var_0 var_1 +
3687,115 55 102 16 113,36,115 62 45 76 113,26,4,10,22,16,14,48,var_0 counter_var_1 +,14,counter_var_0 var_1 +
3688,115 57 110 61 113,46,115 55 36 106 113,28,26,18,13,30,13,41,var_0 counter_var_1 +,44,counter_var_0 var_1 +
3689,115 58 0 101 113,0,115 101 23 4 113,0,14,0,0,8,4,0,var_0 counter_var_1 +,14,counter_var_0 var_1 +
3690,115 67 0 101 113,9,115 83 51 97 113,9,25,0,5,8,4,14,var_0 counter_var_1 +,25,counter_var_0 var_1 +
3691,115 9 4 52 113,13,115 64 62 41 113,9,6,4,16,21,10,25,var_0 counter_var_1 +,10,counter_var_0 var_1 +
3692,115 41 112 103 113,32,115 11 50 77 113,12,11,20,4,10,15,16,var_0 counter_var_1 +,31,counter_var_0 var_1 +
3693,115 33 8 26 113,12,115 111 45 76 113,4,24,8,22,26,14,26,var_0 counter_var_1 +,32,counter_var_0 var_1 +
3694,115 29 56 59 113,10,115 104 105 62 113,0,17,10,13,28,0,13,var_0 counter_var_1 +,27,counter_var_0 var_1 +
3695,115 8 2 63 113,10,115 73 44 107 113,8,15,2,21,1,14,29,var_0 counter_var_1 +,17,counter_var_0 var_1 +
3696,115 72 34 27 113,25,115 105 2 63 113,14,18,11,2,27,1,16,var_0 counter_var_1 +,29,counter_var_0 var_1 +
3697,115 65 49 72 113,10,115 43 63 43 113,7,14,3,17,10,12,24,var_0 counter_var_1 +,17,counter_var_0 var_1 +
3698,115 55 63 43 113,43,115 4 86 45 113,26,4,17,17,12,14,43,var_0 counter_var_1 +,21,counter_var_0 var_1 +
3699,115 73 1 40 113,16,115 63 25 111 113,15,5,1,2,9,18,17,var_0 counter_var_1 +,6,counter_var_0 var_1 +
3700,115 102 8 26 113,23,115 8 15 53 113,15,8,8,15,26,22,30,var_0 counter_var_1 +,16,counter_var_0 var_1 +
3701,115 90 89 28 113,23,115 29 100 0 113,3,0,20,8,28,0,11,var_0 counter_var_1 +,20,counter_var_0 var_1 +
3702,115 87 71 74 113,2,115 39 29 25 113,0,10,2,6,12,25,6,var_0 counter_var_1 +,12,counter_var_0 var_1 +
3703,115 38 101 104 113,18,115 3 20 8 113,9,3,9,20,11,8,29,var_0 counter_var_1 +,12,counter_var_0 var_1 +
3704,115 40 4 52 113,15,115 87 54 83 113,11,0,4,8,21,21,19,var_0 counter_var_1 +,4,counter_var_0 var_1 +
3705,115 64 11 30 113,17,115 75 16 94 113,6,17,11,16,30,1,22,var_0 counter_var_1 +,28,counter_var_0 var_1 +
3706,115 52 10 68 113,33,115 108 107 60 113,23,21,10,15,6,29,38,var_0 counter_var_1 +,31,counter_var_0 var_1 +
3707,115 3 107 60 113,18,115 53 22 75 113,3,24,15,22,29,13,25,var_0 counter_var_1 +,39,counter_var_0 var_1 +
3708,115 61 2 63 113,5,115 43 67 46 113,3,14,2,21,1,15,24,var_0 counter_var_1 +,16,counter_var_0 var_1 +
3709,115 25 62 41 113,41,115 28 56 59 113,25,28,16,10,10,28,35,var_0 counter_var_1 +,44,counter_var_0 var_1 +
3710,115 9 28 7 113,14,115 112 7 10 113,9,25,5,7,7,10,16,var_0 counter_var_1 +,30,counter_var_0 var_1 +
3711,115 25 9 87 113,34,115 100 38 20 113,25,13,9,15,25,20,40,var_0 counter_var_1 +,22,counter_var_0 var_1 +
3712,115 107 76 93 113,27,115 30 22 75 113,20,1,7,22,0,13,42,var_0 counter_var_1 +,8,counter_var_0 var_1 +
3713,115 57 60 44 113,42,115 22 101 104 113,28,22,14,9,13,11,37,var_0 counter_var_1 +,36,counter_var_0 var_1 +
3714,115 106 96 6 113,23,115 55 45 76 113,19,26,4,22,6,14,41,var_0 counter_var_1 +,30,counter_var_0 var_1 +
3715,115 18 27 88 113,22,115 101 97 81 113,18,14,4,5,26,19,23,var_0 counter_var_1 +,18,counter_var_0 var_1 +
3716,115 53 79 57 113,34,115 4 45 76 113,24,4,10,22,26,14,46,var_0 counter_var_1 +,14,counter_var_0 var_1 +
3717,115 5 28 7 113,10,115 70 92 2 113,5,12,5,0,7,2,5,var_0 counter_var_1 +,17,counter_var_0 var_1 +
3718,115 18 26 112 113,21,115 43 71 74 113,18,14,3,2,19,12,20,var_0 counter_var_1 +,17,counter_var_0 var_1 +
3719,115 111 44 107 113,45,115 22 91 33 113,24,22,21,22,14,2,46,var_0 counter_var_1 +,43,counter_var_0 var_1 +
3720,115 100 1 40 113,14,115 87 75 82 113,13,0,1,6,9,20,19,var_0 counter_var_1 +,1,counter_var_0 var_1 +
3721,115 53 46 80 113,24,115 20 79 57 113,24,20,0,10,18,26,34,var_0 counter_var_1 +,20,counter_var_0 var_1 +
3722,115 71 68 100 113,35,115 40 104 84 113,13,11,22,12,7,22,25,var_0 counter_var_1 +,33,counter_var_0 var_1 +
3723,115 10 34 27 113,21,115 111 99 85 113,10,24,11,7,27,23,17,var_0 counter_var_1 +,35,counter_var_0 var_1 +
3724,115 36 55 48 113,16,115 43 18 73 113,7,14,9,18,17,11,25,var_0 counter_var_1 +,23,counter_var_0 var_1 +
3725,115 68 47 34 113,11,115 106 15 53 113,10,19,1,15,3,22,25,var_0 counter_var_1 +,20,counter_var_0 var_1 +
3726,115 32 101 104 113,12,115 24 22 75 113,3,24,9,22,11,13,25,var_0 counter_var_1 +,33,counter_var_0 var_1 +
3727,115 48 47 34 113,20,115 47 12 21 113,19,18,1,12,3,21,31,var_0 counter_var_1 +,19,counter_var_0 var_1 +
3728,115 29 96 6 113,4,115 98 51 97 113,0,11,4,5,6,4,5,var_0 counter_var_1 +,15,counter_var_0 var_1 +
3729,115 88 69 99 113,1,115 18 45 76 113,1,18,0,22,6,14,23,var_0 counter_var_1 +,18,counter_var_0 var_1 +
3730,115 45 46 80 113,16,115 72 69 99 113,16,14,0,0,18,6,16,var_0 counter_var_1 +,14,counter_var_0 var_1 +
3731,115 27 66 102 113,47,115 54 10 68 113,27,25,20,10,9,6,37,var_0 counter_var_1 +,45,counter_var_0 var_1 +
3732,115 34 92 2 113,5,115 65 76 93 113,5,7,0,7,2,0,12,var_0 counter_var_1 +,7,counter_var_0 var_1 +
3733,115 40 91 33 113,33,115 79 47 34 113,11,21,22,1,2,3,12,var_0 counter_var_1 +,43,counter_var_0 var_1 +
3734,115 39 105 62 113,23,115 10 95 29 113,10,10,13,3,0,29,13,var_0 counter_var_1 +,23,counter_var_0 var_1 +
3735,115 70 61 18 113,27,115 44 44 107 113,12,15,15,21,18,14,33,var_0 counter_var_1 +,30,counter_var_0 var_1 +
3736,115 8 112 103 113,28,115 37 32 64 113,8,8,20,9,10,2,17,var_0 counter_var_1 +,28,counter_var_0 var_1 +
3737,115 84 92 2 113,26,115 93 14 24 113,26,6,0,14,2,24,40,var_0 counter_var_1 +,6,counter_var_0 var_1 +
3738,115 78 11 30 113,31,115 93 47 34 113,20,6,11,1,30,3,21,var_0 counter_var_1 +,17,counter_var_0 var_1 +
3739,115 76 49 72 113,21,115 75 5 47 113,18,17,3,5,10,16,23,var_0 counter_var_1 +,20,counter_var_0 var_1 +
3740,115 94 5 47 113,12,115 96 52 95 113,7,9,5,6,16,2,13,var_0 counter_var_1 +,14,counter_var_0 var_1 +
3741,115 59 90 90 113,22,115 37 18 73 113,1,8,21,18,28,11,19,var_0 counter_var_1 +,29,counter_var_0 var_1 +
3742,115 32 36 106 113,16,115 47 24 5 113,3,18,13,1,13,5,4,var_0 counter_var_1 +,31,counter_var_0 var_1 +
3743,115 96 104 84 113,21,115 92 2 63 113,9,5,12,2,22,1,11,var_0 counter_var_1 +,17,counter_var_0 var_1 +
3744,115 32 28 7 113,8,115 70 62 41 113,3,12,5,16,7,10,19,var_0 counter_var_1 +,17,counter_var_0 var_1 +
3745,115 60 40 11 113,19,115 70 91 33 113,2,12,17,22,11,2,24,var_0 counter_var_1 +,29,counter_var_0 var_1 +
3746,115 54 60 44 113,39,115 38 78 65 113,25,9,14,9,13,3,34,var_0 counter_var_1 +,23,counter_var_0 var_1 +
3747,115 5 33 50 113,15,115 23 97 81 113,5,23,10,5,19,19,10,var_0 counter_var_1 +,33,counter_var_0 var_1 +
3748,115 60 59 23 113,15,115 37 20 8 113,2,8,13,20,23,8,22,var_0 counter_var_1 +,21,counter_var_0 var_1 +
3749,115 110 36 106 113,36,115 100 100 0 113,23,13,13,8,13,0,31,var_0 counter_var_1 +,26,counter_var_0 var_1 +
3750,115 60 65 17 113,21,115 94 102 16 113,2,7,19,10,17,16,12,var_0 counter_var_1 +,26,counter_var_0 var_1 +
3751,115 78 110 61 113,38,115 52 54 83 113,20,23,18,8,30,21,28,var_0 counter_var_1 +,41,counter_var_0 var_1 +
3752,115 112 44 107 113,46,115 45 76 93 113,25,16,21,7,14,0,32,var_0 counter_var_1 +,37,counter_var_0 var_1 +
3753,115 103 38 20 113,31,115 106 48 89 113,16,19,15,2,20,27,18,var_0 counter_var_1 +,34,counter_var_0 var_1 +
3754,115 76 40 11 113,35,115 20 17 108 113,18,20,17,17,11,15,35,var_0 counter_var_1 +,37,counter_var_0 var_1 +
3755,115 68 84 32 113,25,115 61 101 104 113,10,3,15,9,1,11,19,var_0 counter_var_1 +,18,counter_var_0 var_1 +
3756,115 84 35 9 113,38,115 92 88 66 113,26,5,12,19,9,4,45,var_0 counter_var_1 +,17,counter_var_0 var_1 +
3757,115 101 72 71 113,17,115 62 35 9 113,14,4,3,12,9,9,26,var_0 counter_var_1 +,7,counter_var_0 var_1 +
3758,115 72 7 10 113,21,115 104 72 71 113,14,17,7,3,10,9,17,var_0 counter_var_1 +,24,counter_var_0 var_1 +
3759,115 109 71 74 113,24,115 63 18 73 113,22,5,2,18,12,11,40,var_0 counter_var_1 +,7,counter_var_0 var_1 +
3760,115 32 55 48 113,12,115 5 93 37 113,3,5,9,1,17,6,4,var_0 counter_var_1 +,14,counter_var_0 var_1 +
3761,115 58 98 78 113,6,115 77 71 74 113,0,19,6,2,16,12,2,var_0 counter_var_1 +,25,counter_var_0 var_1 +
3762,115 90 10 68 113,13,115 51 48 89 113,3,22,10,2,6,27,5,var_0 counter_var_1 +,32,counter_var_0 var_1 +
3763,115 52 29 25 113,29,115 82 66 102 113,23,24,6,20,25,9,43,var_0 counter_var_1 +,30,counter_var_0 var_1 +
3764,115 112 0 101 113,25,115 92 86 45 113,25,5,0,17,8,14,42,var_0 counter_var_1 +,5,counter_var_0 var_1 +
3765,115 53 17 108 113,41,115 16 68 100 113,24,16,17,22,15,7,46,var_0 counter_var_1 +,33,counter_var_0 var_1 +
3766,115 54 66 102 113,45,115 81 9 87 113,25,23,20,9,9,25,34,var_0 counter_var_1 +,43,counter_var_0 var_1 +
3767,115 16 106 35 113,30,115 85 29 25 113,16,27,14,6,4,25,22,var_0 counter_var_1 +,41,counter_var_0 var_1 +
3768,115 74 106 35 113,30,115 34 53 51 113,16,5,14,7,4,20,23,var_0 counter_var_1 +,19,counter_var_0 var_1 +
3769,115 78 58 98 113,32,115 75 15 53 113,20,17,12,15,5,22,35,var_0 counter_var_1 +,29,counter_var_0 var_1 +
3770,115 55 29 25 113,32,115 49 103 49 113,26,20,6,11,25,18,37,var_0 counter_var_1 +,26,counter_var_0 var_1 +
3771,115 69 112 103 113,31,115 34 104 84 113,11,5,20,12,10,22,23,var_0 counter_var_1 +,25,counter_var_0 var_1 +
3772,115 94 76 93 113,14,115 72 53 51 113,7,14,7,7,0,20,14,var_0 counter_var_1 +,21,counter_var_0 var_1 +
3773,115 106 3 15 113,22,115 81 4 52 113,19,23,3,4,15,21,23,var_0 counter_var_1 +,26,counter_var_0 var_1 +
3774,115 88 73 96 113,5,115 100 109 79 113,1,13,4,17,3,17,18,var_0 counter_var_1 +,17,counter_var_0 var_1 +
3775,115 97 27 88 113,14,115 79 46 80 113,10,21,4,0,26,18,10,var_0 counter_var_1 +,25,counter_var_0 var_1 +
3776,115 108 54 83 113,29,115 75 56 59 113,21,17,8,10,21,28,31,var_0 counter_var_1 +,25,counter_var_0 var_1 +
3777,115 69 60 44 113,25,115 42 78 65 113,11,13,14,9,13,3,20,var_0 counter_var_1 +,27,counter_var_0 var_1 +
3778,115 110 9 87 113,32,115 34 83 38 113,23,5,9,14,25,7,37,var_0 counter_var_1 +,14,counter_var_0 var_1 +
3779,115 1 36 106 113,14,115 5 36 106 113,1,5,13,13,13,13,14,var_0 counter_var_1 +,18,counter_var_0 var_1 +
3780,115 2 61 18 113,17,115 20 80 31 113,2,20,15,11,18,0,13,var_0 counter_var_1 +,35,counter_var_0 var_1 +
3781,115 85 112 103 113,47,115 52 13 91 113,27,23,20,13,10,29,40,var_0 counter_var_1 +,43,counter_var_0 var_1 +
3782,115 58 17 108 113,17,115 97 3 15 113,0,10,17,3,15,15,3,var_0 counter_var_1 +,27,counter_var_0 var_1 +
3783,115 26 82 67 113,39,115 50 37 42 113,26,21,13,14,5,11,40,var_0 counter_var_1 +,34,counter_var_0 var_1 +
3784,115 6 102 16 113,16,115 19 49 72 113,6,19,10,3,16,10,9,var_0 counter_var_1 +,29,counter_var_0 var_1 +
3785,115 77 63 43 113,36,115 101 64 19 113,19,14,17,18,12,19,37,var_0 counter_var_1 +,31,counter_var_0 var_1 +
3786,115 62 111 12 113,23,115 19 101 104 113,4,19,19,9,12,11,13,var_0 counter_var_1 +,38,counter_var_0 var_1 +
3787,115 14 14 24 113,28,115 40 95 29 113,14,11,14,3,24,29,17,var_0 counter_var_1 +,25,counter_var_0 var_1 +
3788,115 77 50 77 113,23,115 39 67 46 113,19,10,4,21,15,15,40,var_0 counter_var_1 +,14,counter_var_0 var_1 +
3789,115 2 21 92 113,23,115 27 8 26 113,2,27,21,8,30,26,10,var_0 counter_var_1 +,48,counter_var_0 var_1 +
3790,115 54 16 94 113,41,115 63 38 20 113,25,5,16,15,1,20,40,var_0 counter_var_1 +,21,counter_var_0 var_1 +
3791,115 46 68 100 113,39,115 62 112 103 113,17,4,22,20,7,10,37,var_0 counter_var_1 +,26,counter_var_0 var_1 +
3792,115 67 106 35 113,23,115 105 36 106 113,9,18,14,13,4,13,22,var_0 counter_var_1 +,32,counter_var_0 var_1 +
3793,115 10 104 84 113,22,115 32 84 32 113,10,3,12,15,22,1,25,var_0 counter_var_1 +,15,counter_var_0 var_1 +
3794,115 27 41 22 113,45,115 65 43 110 113,27,7,18,20,22,17,47,var_0 counter_var_1 +,25,counter_var_0 var_1 +
3795,115 57 17 108 113,45,115 63 47 34 113,28,5,17,1,15,3,29,var_0 counter_var_1 +,22,counter_var_0 var_1 +
3796,115 84 102 16 113,36,115 109 111 12 113,26,22,10,19,16,12,45,var_0 counter_var_1 +,32,counter_var_0 var_1 +
3797,115 96 44 107 113,30,115 65 21 92 113,9,7,21,21,14,30,30,var_0 counter_var_1 +,28,counter_var_0 var_1 +
3798,115 65 51 97 113,12,115 87 35 9 113,7,0,5,12,4,9,19,var_0 counter_var_1 +,5,counter_var_0 var_1 +
3799,115 7 17 108 113,24,115 69 52 95 113,7,11,17,6,15,2,13,var_0 counter_var_1 +,28,counter_var_0 var_1 +
3800,115 98 11 30 113,22,115 22 2 63 113,11,22,11,2,30,1,13,var_0 counter_var_1 +,33,counter_var_0 var_1 +
3801,115 25 74 13 113,30,115 58 47 34 113,25,0,5,1,13,3,26,var_0 counter_var_1 +,5,counter_var_0 var_1 +
3802,115 24 56 59 113,34,115 55 77 105 113,24,26,10,8,28,12,32,var_0 counter_var_1 +,36,counter_var_0 var_1 +
3803,115 71 106 35 113,27,115 70 50 77 113,13,12,14,4,4,15,17,var_0 counter_var_1 +,26,counter_var_0 var_1 +
3804,115 99 15 53 113,27,115 87 37 42 113,12,0,15,14,22,11,26,var_0 counter_var_1 +,15,counter_var_0 var_1 +
3805,115 55 24 5 113,27,115 84 88 66 113,26,26,1,19,5,4,45,var_0 counter_var_1 +,27,counter_var_0 var_1 +
3806,115 111 81 54 113,36,115 95 92 2 113,24,8,12,0,23,2,24,var_0 counter_var_1 +,20,counter_var_0 var_1 +
3807,115 84 110 61 113,44,115 61 24 5 113,26,3,18,1,30,5,27,var_0 counter_var_1 +,21,counter_var_0 var_1 +
3808,115 86 40 11 113,45,115 82 2 63 113,28,24,17,2,11,1,30,var_0 counter_var_1 +,41,counter_var_0 var_1 +
3809,115 50 80 31 113,32,115 10 57 1 113,21,10,11,11,0,1,32,var_0 counter_var_1 +,21,counter_var_0 var_1 +
3810,115 110 86 45 113,40,115 110 42 55 113,23,23,17,19,14,24,42,var_0 counter_var_1 +,40,counter_var_0 var_1 +
3811,115 1 20 8 113,21,115 39 103 49 113,1,10,20,11,8,18,12,var_0 counter_var_1 +,30,counter_var_0 var_1 +
3812,115 52 15 53 113,38,115 76 95 29 113,23,18,15,3,22,29,26,var_0 counter_var_1 +,33,counter_var_0 var_1 +
3813,115 83 36 106 113,38,115 51 99 85 113,25,22,13,7,13,23,32,var_0 counter_var_1 +,35,counter_var_0 var_1 +
3814,115 42 94 39 113,15,115 109 38 20 113,13,22,2,15,8,20,28,var_0 counter_var_1 +,24,counter_var_0 var_1 +
3815,115 85 0 101 113,27,115 93 78 65 113,27,6,0,9,8,3,36,var_0 counter_var_1 +,6,counter_var_0 var_1 +
3816,115 38 62 41 113,25,115 45 29 25 113,9,16,16,6,10,25,15,var_0 counter_var_1 +,32,counter_var_0 var_1 +
3817,115 93 71 74 113,8,115 43 72 71 113,6,14,2,3,12,9,9,var_0 counter_var_1 +,16,counter_var_0 var_1 +
3818,115 96 25 111 113,11,115 50 98 78 113,9,21,2,6,18,16,15,var_0 counter_var_1 +,23,counter_var_0 var_1 +
3819,115 64 66 102 113,26,115 35 2 63 113,6,6,20,2,9,1,8,var_0 counter_var_1 +,26,counter_var_0 var_1 +
3820,115 26 34 27 113,37,115 54 37 42 113,26,25,11,14,27,11,40,var_0 counter_var_1 +,36,counter_var_0 var_1 +
3821,115 79 6 56 113,27,115 90 65 17 113,21,3,6,19,25,17,40,var_0 counter_var_1 +,9,counter_var_0 var_1 +
3822,115 59 63 43 113,18,115 91 55 48 113,1,4,17,9,12,17,10,var_0 counter_var_1 +,21,counter_var_0 var_1 +
3823,115 2 81 54 113,14,115 75 58 98 113,2,17,12,12,23,5,14,var_0 counter_var_1 +,29,counter_var_0 var_1 +
3824,115 33 22 75 113,26,115 26 83 38 113,4,26,22,14,13,7,18,var_0 counter_var_1 +,48,counter_var_0 var_1 +
3825,115 52 66 102 113,43,115 83 22 75 113,23,25,20,22,9,13,45,var_0 counter_var_1 +,45,counter_var_0 var_1 +
3826,115 61 14 24 113,17,115 78 29 25 113,3,20,14,6,24,25,9,var_0 counter_var_1 +,34,counter_var_0 var_1 +
3827,115 71 9 87 113,22,115 89 53 51 113,13,2,9,7,25,20,20,var_0 counter_var_1 +,11,counter_var_0 var_1 +
3828,115 15 21 92 113,36,115 96 39 14 113,15,9,21,16,30,14,31,var_0 counter_var_1 +,30,counter_var_0 var_1 +
3829,115 67 58 98 113,21,115 41 106 35 113,9,12,12,14,5,4,23,var_0 counter_var_1 +,24,counter_var_0 var_1 +
3830,115 90 41 22 113,21,115 69 17 108 113,3,11,18,17,22,15,20,var_0 counter_var_1 +,29,counter_var_0 var_1 +
3831,115 12 17 108 113,29,115 75 67 46 113,12,17,17,21,15,15,33,var_0 counter_var_1 +,34,counter_var_0 var_1 +
3832,115 73 12 21 113,27,115 2 58 98 113,15,2,12,12,21,5,27,var_0 counter_var_1 +,14,counter_var_0 var_1 +
3833,115 52 61 18 113,38,115 107 28 7 113,23,20,15,5,18,7,28,var_0 counter_var_1 +,35,counter_var_0 var_1 +
3834,115 73 54 83 113,23,115 85 41 22 113,15,27,8,18,21,22,33,var_0 counter_var_1 +,35,counter_var_0 var_1 +
3835,115 75 88 66 113,36,115 23 34 27 113,17,23,19,11,4,27,28,var_0 counter_var_1 +,42,counter_var_0 var_1 +
3836,115 61 8 26 113,11,115 112 96 6 113,3,25,8,4,26,6,7,var_0 counter_var_1 +,33,counter_var_0 var_1 +
3837,115 67 68 100 113,31,115 72 106 35 113,9,14,22,14,7,4,23,var_0 counter_var_1 +,36,counter_var_0 var_1 +
3838,115 20 75 82 113,26,115 111 81 54 113,20,24,6,12,20,23,32,var_0 counter_var_1 +,30,counter_var_0 var_1 +
3839,115 36 108 58 113,23,115 94 32 64 113,7,7,16,9,27,2,16,var_0 counter_var_1 +,23,counter_var_0 var_1 +
3840,115 90 23 4 113,3,115 87 105 62 113,3,0,0,13,4,0,16,var_0 counter_var_1 +,0,counter_var_0 var_1 +
3841,115 36 17 108 113,24,115 80 96 6 113,7,22,17,4,15,6,11,var_0 counter_var_1 +,39,counter_var_0 var_1 +
3842,115 49 49 72 113,23,115 64 5 47 113,20,6,3,5,10,16,25,var_0 counter_var_1 +,9,counter_var_0 var_1 +
3843,115 3 106 35 113,17,115 18 4 52 113,3,18,14,4,4,21,7,var_0 counter_var_1 +,32,counter_var_0 var_1 +
3844,115 109 56 59 113,32,115 36 105 62 113,22,7,10,13,28,0,35,var_0 counter_var_1 +,17,counter_var_0 var_1 +
3845,115 46 22 75 113,39,115 51 111 12 113,17,22,22,19,13,12,36,var_0 counter_var_1 +,44,counter_var_0 var_1 +
3846,115 47 41 22 113,36,115 94 44 107 113,18,7,18,21,22,14,39,var_0 counter_var_1 +,25,counter_var_0 var_1 +
3847,115 2 67 46 113,23,115 55 7 10 113,2,26,21,7,15,10,9,var_0 counter_var_1 +,47,counter_var_0 var_1 +
3848,115 48 19 86 113,38,115 48 67 46 113,19,19,19,21,24,15,40,var_0 counter_var_1 +,38,counter_var_0 var_1 +
3849,115 2 89 28 113,22,115 23 25 111 113,2,23,20,2,28,18,4,var_0 counter_var_1 +,43,counter_var_0 var_1 +
3850,115 43 44 107 113,35,115 43 105 62 113,14,14,21,13,14,0,27,var_0 counter_var_1 +,35,counter_var_0 var_1 +
3851,115 24 91 33 113,46,115 65 48 89 113,24,7,22,2,2,27,26,var_0 counter_var_1 +,29,counter_var_0 var_1 +
3852,115 73 30 70 113,22,115 84 78 65 113,15,26,7,9,8,3,24,var_0 counter_var_1 +,33,counter_var_0 var_1 +
3853,115 46 24 5 113,18,115 76 68 100 113,17,18,1,22,5,7,39,var_0 counter_var_1 +,19,counter_var_0 var_1 +
3854,115 3 27 88 113,7,115 37 38 20 113,3,8,4,15,26,20,18,var_0 counter_var_1 +,12,counter_var_0 var_1 +
3855,115 99 39 14 113,28,115 107 66 102 113,12,20,16,20,14,9,32,var_0 counter_var_1 +,36,counter_var_0 var_1 +
3856,115 78 47 34 113,21,115 70 70 36 113,20,12,1,1,3,5,21,var_0 counter_var_1 +,13,counter_var_0 var_1 +
3857,115 46 111 12 113,36,115 18 106 35 113,17,18,19,14,12,4,31,var_0 counter_var_1 +,37,counter_var_0 var_1 +
3858,115 74 63 43 113,33,115 81 69 99 113,16,23,17,0,12,6,16,var_0 counter_var_1 +,40,counter_var_0 var_1 +
3859,115 93 111 12 113,25,115 41 27 88 113,6,12,19,4,12,26,10,var_0 counter_var_1 +,31,counter_var_0 var_1 +
3860,115 66 88 66 113,27,115 85 45 76 113,8,27,19,22,4,14,30,var_0 counter_var_1 +,46,counter_var_0 var_1 +
3861,115 34 72 71 113,8,115 85 52 95 113,5,27,3,6,9,2,11,var_0 counter_var_1 +,30,counter_var_0 var_1 +
3862,115 67 107 60 113,24,115 80 28 7 113,9,22,15,5,29,7,14,var_0 counter_var_1 +,37,counter_var_0 var_1 +
3863,115 89 17 108 113,19,115 85 36 106 113,2,27,17,13,15,13,15,var_0 counter_var_1 +,44,counter_var_0 var_1 +
3864,115 41 24 5 113,13,115 97 43 110 113,12,10,1,20,5,17,32,var_0 counter_var_1 +,11,counter_var_0 var_1 +
3865,115 62 40 11 113,21,115 28 54 83 113,4,28,17,8,11,21,12,var_0 counter_var_1 +,45,counter_var_0 var_1 +
3866,115 76 76 93 113,25,115 48 46 80 113,18,19,7,0,0,18,18,var_0 counter_var_1 +,26,counter_var_0 var_1 +
3867,115 19 80 31 113,30,115 58 110 61 113,19,0,11,18,0,30,37,var_0 counter_var_1 +,11,counter_var_0 var_1 +
3868,115 38 55 48 113,18,115 36 91 33 113,9,7,9,22,17,2,31,var_0 counter_var_1 +,16,counter_var_0 var_1 +
3869,115 102 82 67 113,28,115 33 75 82 113,15,4,13,6,5,20,21,var_0 counter_var_1 +,17,counter_var_0 var_1 +
3870,115 65 87 69 113,25,115 53 40 11 113,7,24,18,17,7,11,24,var_0 counter_var_1 +,42,counter_var_0 var_1 +
3871,115 24 41 22 113,42,115 41 110 61 113,24,12,18,18,22,30,42,var_0 counter_var_1 +,30,counter_var_0 var_1 +
3872,115 4 79 57 113,14,115 21 100 0 113,4,21,10,8,26,0,12,var_0 counter_var_1 +,31,counter_var_0 var_1 +
3873,115 107 15 53 113,35,115 13 23 4 113,20,13,15,0,22,4,20,var_0 counter_var_1 +,28,counter_var_0 var_1 +
3874,115 18 9 87 113,27,115 72 95 29 113,18,14,9,3,25,29,21,var_0 counter_var_1 +,23,counter_var_0 var_1 +
3875,115 110 19 86 113,42,115 111 95 29 113,23,24,19,3,24,29,26,var_0 counter_var_1 +,43,counter_var_0 var_1 +
3876,115 80 72 71 113,25,115 20 64 19 113,22,20,3,18,9,19,40,var_0 counter_var_1 +,23,counter_var_0 var_1 +
3877,115 112 12 21 113,37,115 18 48 89 113,25,18,12,2,21,27,27,var_0 counter_var_1 +,30,counter_var_0 var_1 +
3878,115 70 99 85 113,19,115 15 24 5 113,12,15,7,1,23,5,13,var_0 counter_var_1 +,22,counter_var_0 var_1 +
3879,115 110 91 33 113,45,115 103 78 65 113,23,16,22,9,2,3,32,var_0 counter_var_1 +,38,counter_var_0 var_1 +
3880,115 60 42 55 113,21,115 78 63 43 113,2,20,19,17,24,12,19,var_0 counter_var_1 +,39,counter_var_0 var_1 +
3881,115 74 40 11 113,33,115 82 89 28 113,16,24,17,20,11,28,36,var_0 counter_var_1 +,41,counter_var_0 var_1 +
3882,115 65 59 23 113,20,115 20 21 92 113,7,20,13,21,23,30,28,var_0 counter_var_1 +,33,counter_var_0 var_1 +
3883,115 93 41 22 113,24,115 0 81 54 113,6,0,18,12,22,23,18,var_0 counter_var_1 +,18,counter_var_0 var_1 +
3884,115 30 33 50 113,11,115 37 53 51 113,1,8,10,7,19,20,8,var_0 counter_var_1 +,18,counter_var_0 var_1 +
3885,115 100 50 77 113,17,115 23 60 44 113,13,23,4,14,15,13,27,var_0 counter_var_1 +,27,counter_var_0 var_1 +
3886,115 47 86 45 113,35,115 26 37 42 113,18,26,17,14,14,11,32,var_0 counter_var_1 +,43,counter_var_0 var_1 +
3887,115 31 102 16 113,12,115 3 75 82 113,2,3,10,6,16,20,8,var_0 counter_var_1 +,13,counter_var_0 var_1 +
3888,115 11 69 99 113,11,115 53 7 10 113,11,24,0,7,6,10,18,var_0 counter_var_1 +,24,counter_var_0 var_1 +
3889,115 56 103 49 113,38,115 17 46 80 113,27,17,11,0,18,18,27,var_0 counter_var_1 +,28,counter_var_0 var_1 +
3890,115 99 35 9 113,24,115 112 34 27 113,12,25,12,11,9,27,23,var_0 counter_var_1 +,37,counter_var_0 var_1 +
3891,115 29 25 111 113,2,115 55 49 72 113,0,26,2,3,18,10,3,var_0 counter_var_1 +,28,counter_var_0 var_1 +
3892,115 104 82 67 113,30,115 45 67 46 113,17,16,13,21,5,15,38,var_0 counter_var_1 +,29,counter_var_0 var_1 +
3893,115 25 112 103 113,45,115 103 82 67 113,25,16,20,13,10,5,38,var_0 counter_var_1 +,36,counter_var_0 var_1 +
3894,115 93 112 103 113,26,115 36 7 10 113,6,7,20,7,10,10,13,var_0 counter_var_1 +,27,counter_var_0 var_1 +
3895,115 92 87 69 113,23,115 109 42 55 113,5,22,18,19,7,24,24,var_0 counter_var_1 +,40,counter_var_0 var_1 +
3896,115 53 91 33 113,46,115 33 31 109 113,24,4,22,8,2,16,32,var_0 counter_var_1 +,26,counter_var_0 var_1 +
3897,115 31 16 94 113,18,115 25 80 31 113,2,25,16,11,1,0,13,var_0 counter_var_1 +,41,counter_var_0 var_1 +
3898,115 56 78 65 113,36,115 61 108 58 113,27,3,9,16,3,27,43,var_0 counter_var_1 +,12,counter_var_0 var_1 +
3899,115 43 53 51 113,21,115 103 39 14 113,14,16,7,16,20,14,30,var_0 counter_var_1 +,23,counter_var_0 var_1 +
3900,115 25 101 104 113,34,115 30 51 97 113,25,1,9,5,11,4,30,var_0 counter_var_1 +,10,counter_var_0 var_1 +
3901,115 36 39 14 113,23,115 26 9 87 113,7,26,16,9,14,25,16,var_0 counter_var_1 +,42,counter_var_0 var_1 +
3902,115 96 38 20 113,24,115 80 23 4 113,9,22,15,0,20,4,9,var_0 counter_var_1 +,37,counter_var_0 var_1 +
3903,115 97 81 54 113,22,115 13 77 105 113,10,13,12,8,23,12,18,var_0 counter_var_1 +,25,counter_var_0 var_1 +
3904,115 69 104 84 113,23,115 44 69 99 113,11,15,12,0,22,6,11,var_0 counter_var_1 +,27,counter_var_0 var_1 +
3905,115 89 79 57 113,12,115 95 95 29 113,2,8,10,3,26,29,5,var_0 counter_var_1 +,18,counter_var_0 var_1 +
3906,115 88 90 90 113,22,115 24 55 48 113,1,24,21,9,28,17,10,var_0 counter_var_1 +,45,counter_var_0 var_1 +
3907,115 65 26 112 113,10,115 15 99 85 113,7,15,3,7,19,23,14,var_0 counter_var_1 +,18,counter_var_0 var_1 +
3908,115 8 16 94 113,24,115 8 111 12 113,8,8,16,19,1,12,27,var_0 counter_var_1 +,24,counter_var_0 var_1 +
3909,115 64 106 35 113,20,115 1 0 101 113,6,1,14,0,4,8,6,var_0 counter_var_1 +,15,counter_var_0 var_1 +
3910,115 50 41 22 113,39,115 14 54 83 113,21,14,18,8,22,21,29,var_0 counter_var_1 +,32,counter_var_0 var_1 +
3911,115 66 62 41 113,24,115 18 15 53 113,8,18,16,15,10,22,23,var_0 counter_var_1 +,34,counter_var_0 var_1 +
3912,115 51 80 31 113,33,115 70 3 15 113,22,12,11,3,0,15,25,var_0 counter_var_1 +,23,counter_var_0 var_1 +
3913,115 52 71 74 113,25,115 110 80 31 113,23,23,2,11,12,0,34,var_0 counter_var_1 +,25,counter_var_0 var_1 +
3914,115 12 84 32 113,27,115 51 5 47 113,12,22,15,5,1,16,17,var_0 counter_var_1 +,37,counter_var_0 var_1 +
3915,115 54 98 78 113,31,115 105 46 80 113,25,18,6,0,16,18,25,var_0 counter_var_1 +,24,counter_var_0 var_1 +
3916,115 12 85 3 113,28,115 81 108 58 113,12,23,16,16,3,27,28,var_0 counter_var_1 +,39,counter_var_0 var_1 +
3917,115 34 95 29 113,8,115 49 72 71 113,5,20,3,3,29,9,8,var_0 counter_var_1 +,23,counter_var_0 var_1 +
3918,115 83 13 91 113,38,115 1 22 75 113,25,1,13,22,29,13,47,var_0 counter_var_1 +,14,counter_var_0 var_1 +
3919,115 73 97 81 113,20,115 38 66 102 113,15,9,5,20,19,9,35,var_0 counter_var_1 +,14,counter_var_0 var_1 +
3920,115 76 101 104 113,27,115 42 22 75 113,18,13,9,22,11,13,40,var_0 counter_var_1 +,22,counter_var_0 var_1 +
3921,115 77 23 4 113,19,115 102 98 78 113,19,15,0,6,4,16,25,var_0 counter_var_1 +,15,counter_var_0 var_1 +
3922,115 31 3 15 113,5,115 8 73 96 113,2,8,3,4,15,3,6,var_0 counter_var_1 +,11,counter_var_0 var_1 +
3923,115 14 103 49 113,25,115 89 3 15 113,14,2,11,3,18,15,17,var_0 counter_var_1 +,13,counter_var_0 var_1 +
3924,115 69 21 92 113,32,115 58 83 38 113,11,0,21,14,30,7,25,var_0 counter_var_1 +,21,counter_var_0 var_1 +
3925,115 73 98 78 113,21,115 102 100 0 113,15,15,6,8,16,0,23,var_0 counter_var_1 +,21,counter_var_0 var_1 +
3926,115 94 9 87 113,16,115 19 44 107 113,7,19,9,21,25,14,28,var_0 counter_var_1 +,28,counter_var_0 var_1 +
3927,115 54 73 96 113,29,115 84 57 1 113,25,26,4,11,3,1,36,var_0 counter_var_1 +,30,counter_var_0 var_1 +
3928,115 34 76 93 113,12,115 69 88 66 113,5,11,7,19,0,4,24,var_0 counter_var_1 +,18,counter_var_0 var_1 +
3929,115 80 71 74 113,24,115 55 32 64 113,22,26,2,9,12,2,31,var_0 counter_var_1 +,28,counter_var_0 var_1 +
3930,115 91 24 5 113,5,115 107 25 111 113,4,20,1,2,5,18,6,var_0 counter_var_1 +,21,counter_var_0 var_1 +
3931,115 80 7 10 113,29,115 32 52 95 113,22,3,7,6,10,2,28,var_0 counter_var_1 +,10,counter_var_0 var_1 +
3932,115 48 58 98 113,31,115 100 0 101 113,19,13,12,0,5,8,19,var_0 counter_var_1 +,25,counter_var_0 var_1 +
3933,115 38 47 34 113,10,115 84 101 104 113,9,26,1,9,3,11,18,var_0 counter_var_1 +,27,counter_var_0 var_1 +
3934,115 31 88 66 113,21,115 61 31 109 113,2,3,19,8,4,16,10,var_0 counter_var_1 +,22,counter_var_0 var_1 +
3935,115 30 95 29 113,4,115 65 34 27 113,1,7,3,11,29,27,12,var_0 counter_var_1 +,10,counter_var_0 var_1 +
3936,115 33 50 77 113,8,115 47 103 49 113,4,18,4,11,15,18,15,var_0 counter_var_1 +,22,counter_var_0 var_1 +
3937,115 81 28 7 113,28,115 63 97 81 113,23,5,5,5,7,19,28,var_0 counter_var_1 +,10,counter_var_0 var_1 +
3938,115 31 12 21 113,14,115 91 33 50 113,2,4,12,10,21,19,12,var_0 counter_var_1 +,16,counter_var_0 var_1 +
3939,115 86 73 96 113,32,115 15 81 54 113,28,15,4,12,3,23,40,var_0 counter_var_1 +,19,counter_var_0 var_1 +
3940,115 20 54 83 113,28,115 98 88 66 113,20,11,8,19,21,4,39,var_0 counter_var_1 +,19,counter_var_0 var_1 +
3941,115 101 42 55 113,33,115 34 9 87 113,14,5,19,9,24,25,23,var_0 counter_var_1 +,24,counter_var_0 var_1 +
3942,115 101 28 7 113,19,115 16 57 1 113,14,16,5,11,7,1,25,var_0 counter_var_1 +,21,counter_var_0 var_1 +
3943,115 16 74 13 113,21,115 107 24 5 113,16,20,5,1,13,5,17,var_0 counter_var_1 +,25,counter_var_0 var_1 +
3944,115 8 69 99 113,8,115 97 111 12 113,8,10,0,19,6,12,27,var_0 counter_var_1 +,10,counter_var_0 var_1 +
3945,115 102 89 28 113,35,115 97 50 77 113,15,10,20,4,28,15,19,var_0 counter_var_1 +,30,counter_var_0 var_1 +
3946,115 10 80 31 113,21,115 19 106 35 113,10,19,11,14,0,4,24,var_0 counter_var_1 +,30,counter_var_0 var_1 +
3947,115 32 81 54 113,15,115 12 106 35 113,3,12,12,14,23,4,17,var_0 counter_var_1 +,24,counter_var_0 var_1 +
3948,115 89 102 16 113,12,115 42 57 1 113,2,13,10,11,16,1,13,var_0 counter_var_1 +,23,counter_var_0 var_1 +
3949,115 35 25 111 113,8,115 83 1 40 113,6,25,2,1,18,9,7,var_0 counter_var_1 +,27,counter_var_0 var_1 +
3950,115 9 16 94 113,25,115 15 97 81 113,9,15,16,5,1,19,14,var_0 counter_var_1 +,31,counter_var_0 var_1 +
3951,115 63 80 31 113,16,115 62 36 106 113,5,4,11,13,0,13,18,var_0 counter_var_1 +,15,counter_var_0 var_1 +
3952,115 79 58 98 113,33,115 84 19 86 113,21,26,12,19,5,24,40,var_0 counter_var_1 +,38,counter_var_0 var_1 +
3953,115 111 27 88 113,28,115 22 106 35 113,24,22,4,14,26,4,38,var_0 counter_var_1 +,26,counter_var_0 var_1 +
3954,115 86 111 12 113,47,115 67 82 67 113,28,9,19,13,12,5,41,var_0 counter_var_1 +,28,counter_var_0 var_1 +
3955,115 16 59 23 113,29,115 55 40 11 113,16,26,13,17,23,11,33,var_0 counter_var_1 +,39,counter_var_0 var_1 +
3956,115 95 13 91 113,21,115 104 54 83 113,8,17,13,8,29,21,16,var_0 counter_var_1 +,30,counter_var_0 var_1 +
3957,115 99 2 63 113,14,115 66 55 48 113,12,8,2,9,1,17,21,var_0 counter_var_1 +,10,counter_var_0 var_1 +
3958,115 84 18 73 113,44,115 34 55 48 113,26,5,18,9,11,17,35,var_0 counter_var_1 +,23,counter_var_0 var_1 +
3959,115 108 17 108 113,38,115 61 92 2 113,21,3,17,0,15,2,21,var_0 counter_var_1 +,20,counter_var_0 var_1 +
3960,115 4 37 42 113,18,115 43 26 112 113,4,14,14,3,11,19,7,var_0 counter_var_1 +,28,counter_var_0 var_1 +
3961,115 67 10 68 113,19,115 98 58 98 113,9,11,10,12,6,5,21,var_0 counter_var_1 +,21,counter_var_0 var_1 +
3962,115 23 95 29 113,26,115 13 87 69 113,23,13,3,18,29,7,41,var_0 counter_var_1 +,16,counter_var_0 var_1 +
3963,115 45 68 100 113,38,115 43 85 3 113,16,14,22,16,7,3,32,var_0 counter_var_1 +,36,counter_var_0 var_1 +
3964,115 81 63 43 113,40,115 94 87 69 113,23,7,17,18,12,7,41,var_0 counter_var_1 +,24,counter_var_0 var_1 +
3965,115 88 3 15 113,4,115 29 47 34 113,1,0,3,1,15,3,2,var_0 counter_var_1 +,3,counter_var_0 var_1 +
3966,115 65 28 7 113,12,115 57 64 19 113,7,28,5,18,7,19,25,var_0 counter_var_1 +,33,counter_var_0 var_1 +
3967,115 1 9 87 113,10,115 50 88 66 113,1,21,9,19,25,4,20,var_0 counter_var_1 +,30,counter_var_0 var_1 +
3968,115 112 83 38 113,39,115 103 112 103 113,25,16,14,20,7,10,45,var_0 counter_var_1 +,30,counter_var_0 var_1 +
3969,115 77 65 17 113,38,115 27 105 62 113,19,27,19,13,17,0,32,var_0 counter_var_1 +,46,counter_var_0 var_1 +
3970,115 101 4 52 113,18,115 108 55 48 113,14,21,4,9,21,17,23,var_0 counter_var_1 +,25,counter_var_0 var_1 +
3971,115 102 16 94 113,31,115 16 91 33 113,15,16,16,22,1,2,37,var_0 counter_var_1 +,32,counter_var_0 var_1 +
3972,115 85 77 105 113,35,115 61 62 41 113,27,3,8,16,12,10,43,var_0 counter_var_1 +,11,counter_var_0 var_1 +
3973,115 59 92 2 113,1,115 49 77 105 113,1,20,0,8,2,12,9,var_0 counter_var_1 +,20,counter_var_0 var_1 +
3974,115 36 13 91 113,20,115 80 7 10 113,7,22,13,7,29,10,14,var_0 counter_var_1 +,35,counter_var_0 var_1 +
3975,115 15 78 65 113,24,115 59 45 76 113,15,1,9,22,3,14,37,var_0 counter_var_1 +,10,counter_var_0 var_1 +
3976,115 37 14 24 113,22,115 63 84 32 113,8,5,14,15,24,1,23,var_0 counter_var_1 +,19,counter_var_0 var_1 +
3977,115 97 107 60 113,25,115 33 55 48 113,10,4,15,9,29,17,19,var_0 counter_var_1 +,19,counter_var_0 var_1 +
3978,115 45 72 71 113,19,115 100 15 53 113,16,13,3,15,9,22,31,var_0 counter_var_1 +,16,counter_var_0 var_1 +
3979,115 42 26 112 113,16,115 93 25 111 113,13,6,3,2,19,18,15,var_0 counter_var_1 +,9,counter_var_0 var_1 +
3980,115 6 106 35 113,20,115 95 26 112 113,6,8,14,3,4,19,9,var_0 counter_var_1 +,22,counter_var_0 var_1 +
3981,115 77 107 60 113,34,115 50 25 111 113,19,21,15,2,29,18,21,var_0 counter_var_1 +,36,counter_var_0 var_1 +
3982,115 48 54 83 113,27,115 57 43 110 113,19,28,8,20,21,17,39,var_0 counter_var_1 +,36,counter_var_0 var_1 +
3983,115 57 40 11 113,45,115 80 85 3 113,28,22,17,16,11,3,44,var_0 counter_var_1 +,39,counter_var_0 var_1 +
3984,115 101 78 65 113,23,115 28 24 5 113,14,28,9,1,3,5,15,var_0 counter_var_1 +,37,counter_var_0 var_1 +
3985,115 80 78 65 113,31,115 92 21 92 113,22,5,9,21,3,30,43,var_0 counter_var_1 +,14,counter_var_0 var_1 +
3986,115 8 8 26 113,16,115 87 76 93 113,8,0,8,7,26,0,15,var_0 counter_var_1 +,8,counter_var_0 var_1 +
3987,115 66 1 40 113,9,115 82 32 64 113,8,24,1,9,9,2,17,var_0 counter_var_1 +,25,counter_var_0 var_1 +
3988,115 80 110 61 113,40,115 10 97 81 113,22,10,18,5,30,19,27,var_0 counter_var_1 +,28,counter_var_0 var_1 +
3989,115 21 29 25 113,27,115 76 16 94 113,21,18,6,16,25,1,37,var_0 counter_var_1 +,24,counter_var_0 var_1 +
3990,115 20 10 68 113,30,115 76 21 92 113,20,18,10,21,6,30,41,var_0 counter_var_1 +,28,counter_var_0 var_1 +
3991,115 80 100 0 113,30,115 62 43 110 113,22,4,8,20,0,17,42,var_0 counter_var_1 +,12,counter_var_0 var_1 +
3992,115 69 106 35 113,25,115 8 94 39 113,11,8,14,2,4,8,13,var_0 counter_var_1 +,22,counter_var_0 var_1 +
3993,115 50 78 65 113,30,115 21 106 35 113,21,21,9,14,3,4,35,var_0 counter_var_1 +,30,counter_var_0 var_1 +
3994,115 77 56 59 113,29,115 58 15 53 113,19,0,10,15,28,22,34,var_0 counter_var_1 +,10,counter_var_0 var_1 +
3995,115 16 95 29 113,19,115 19 111 12 113,16,19,3,19,29,12,35,var_0 counter_var_1 +,22,counter_var_0 var_1 +
3996,115 58 72 71 113,3,115 84 43 110 113,0,26,3,20,9,17,20,var_0 counter_var_1 +,29,counter_var_0 var_1 +
3997,115 110 62 41 113,39,115 111 4 52 113,23,24,16,4,10,21,27,var_0 counter_var_1 +,40,counter_var_0 var_1 +
3998,115 8 35 9 113,20,115 106 9 87 113,8,19,12,9,9,25,17,var_0 counter_var_1 +,31,counter_var_0 var_1 +
3999,115 73 86 45 113,32,115 67 47 34 113,15,9,17,1,14,3,16,var_0 counter_var_1 +,26,counter_var_0 var_1 +
4000,115 33 47 34 113,5,115 21 4 52 113,4,21,1,4,3,21,8,var_0 counter_var_1 +,22,counter_var_0 var_1 +
4001,115 71 14 24 113,27,115 46 73 96 113,13,17,14,4,24,3,17,var_0 counter_var_1 +,31,counter_var_0 var_1 +
4002,115 112 59 23 113,38,115 45 110 61 113,25,16,13,18,23,30,43,var_0 counter_var_1 +,29,counter_var_0 var_1 +
4003,115 26 67 46 113,47,115 4 108 58 113,26,4,21,16,15,27,42,var_0 counter_var_1 +,25,counter_var_0 var_1 +
4004,115 48 15 53 113,34,115 32 17 108 113,19,3,15,17,22,15,36,var_0 counter_var_1 +,18,counter_var_0 var_1 +
4005,115 75 109 79 113,34,115 27 45 76 113,17,27,17,22,17,14,39,var_0 counter_var_1 +,44,counter_var_0 var_1 +
4006,115 53 10 68 113,34,115 53 57 1 113,24,24,10,11,6,1,35,var_0 counter_var_1 +,34,counter_var_0 var_1 +
4007,115 102 87 69 113,33,115 40 38 20 113,15,11,18,15,7,20,30,var_0 counter_var_1 +,29,counter_var_0 var_1 +
4008,115 64 28 7 113,11,115 92 44 107 113,6,5,5,21,7,14,27,var_0 counter_var_1 +,10,counter_var_0 var_1 +
4009,115 52 36 106 113,36,115 38 88 66 113,23,9,13,19,13,4,42,var_0 counter_var_1 +,22,counter_var_0 var_1 +
4010,115 35 19 86 113,25,115 29 24 5 113,6,0,19,1,24,5,7,var_0 counter_var_1 +,19,counter_var_0 var_1 +
4011,115 65 92 2 113,7,115 88 86 45 113,7,1,0,17,2,14,24,var_0 counter_var_1 +,1,counter_var_0 var_1 +
4012,115 44 73 96 113,19,115 6 55 48 113,15,6,4,9,3,17,24,var_0 counter_var_1 +,10,counter_var_0 var_1 +
4013,115 92 35 9 113,17,115 34 44 107 113,5,5,12,21,9,14,26,var_0 counter_var_1 +,17,counter_var_0 var_1 +
4014,115 57 95 29 113,31,115 43 76 93 113,28,14,3,7,29,0,35,var_0 counter_var_1 +,17,counter_var_0 var_1 +
4015,115 93 80 31 113,17,115 47 30 70 113,6,18,11,7,0,8,13,var_0 counter_var_1 +,29,counter_var_0 var_1 +
4016,115 98 107 60 113,26,115 105 89 28 113,11,18,15,20,29,28,31,var_0 counter_var_1 +,33,counter_var_0 var_1 +
4017,115 44 63 43 113,32,115 49 2 63 113,15,20,17,2,12,1,17,var_0 counter_var_1 +,37,counter_var_0 var_1 +
4018,115 56 1 40 113,28,115 34 76 93 113,27,5,1,7,9,0,34,var_0 counter_var_1 +,6,counter_var_0 var_1 +
4019,115 23 86 45 113,40,115 34 75 82 113,23,5,17,6,14,20,29,var_0 counter_var_1 +,22,counter_var_0 var_1 +
4020,115 41 98 78 113,18,115 3 23 4 113,12,3,6,0,16,4,12,var_0 counter_var_1 +,9,counter_var_0 var_1 +
4021,115 23 11 30 113,34,115 93 5 47 113,23,6,11,5,30,16,28,var_0 counter_var_1 +,17,counter_var_0 var_1 +
4022,115 92 10 68 113,15,115 99 95 29 113,5,12,10,3,6,29,8,var_0 counter_var_1 +,22,counter_var_0 var_1 +
4023,115 12 101 104 113,21,115 66 24 5 113,12,8,9,1,11,5,13,var_0 counter_var_1 +,17,counter_var_0 var_1 +
4024,115 77 33 50 113,29,115 16 63 43 113,19,16,10,17,19,12,36,var_0 counter_var_1 +,26,counter_var_0 var_1 +
4025,115 85 95 29 113,30,115 38 14 24 113,27,9,3,14,29,24,41,var_0 counter_var_1 +,12,counter_var_0 var_1 +
4026,115 48 21 92 113,40,115 72 109 79 113,19,14,21,17,30,17,36,var_0 counter_var_1 +,35,counter_var_0 var_1 +
4027,115 80 50 77 113,26,115 45 108 58 113,22,16,4,16,15,27,38,var_0 counter_var_1 +,20,counter_var_0 var_1 +
4028,115 101 20 8 113,34,115 53 23 4 113,14,24,20,0,8,4,14,var_0 counter_var_1 +,44,counter_var_0 var_1 +
4029,115 37 100 0 113,16,115 82 107 60 113,8,24,8,15,0,29,23,var_0 counter_var_1 +,32,counter_var_0 var_1 +
4030,115 97 34 27 113,21,115 79 50 77 113,10,21,11,4,27,15,14,var_0 counter_var_1 +,32,counter_var_0 var_1 +
4031,115 68 11 30 113,21,115 16 26 112 113,10,16,11,3,30,19,13,var_0 counter_var_1 +,27,counter_var_0 var_1 +
4032,115 49 34 27 113,31,115 89 18 73 113,20,2,11,18,27,11,38,var_0 counter_var_1 +,13,counter_var_0 var_1 +
4033,115 16 62 41 113,32,115 46 21 92 113,16,17,16,21,10,30,37,var_0 counter_var_1 +,33,counter_var_0 var_1 +
4034,115 94 104 84 113,19,115 87 30 70 113,7,0,12,7,22,8,14,var_0 counter_var_1 +,12,counter_var_0 var_1 +
4035,115 30 87 69 113,19,115 0 49 72 113,1,0,18,3,7,10,4,var_0 counter_var_1 +,18,counter_var_0 var_1 +
4036,115 78 84 32 113,35,115 23 81 54 113,20,23,15,12,1,23,32,var_0 counter_var_1 +,38,counter_var_0 var_1 +
4037,115 66 35 9 113,20,115 23 2 63 113,8,23,12,2,9,1,10,var_0 counter_var_1 +,35,counter_var_0 var_1 +
4038,115 28 108 58 113,44,115 57 82 67 113,28,28,16,13,27,5,41,var_0 counter_var_1 +,44,counter_var_0 var_1 +
4039,115 108 11 30 113,32,115 20 109 79 113,21,20,11,17,30,17,38,var_0 counter_var_1 +,31,counter_var_0 var_1 +
4040,115 92 50 77 113,9,115 40 69 99 113,5,11,4,0,15,6,5,var_0 counter_var_1 +,15,counter_var_0 var_1 +
4041,115 94 99 85 113,14,115 25 94 39 113,7,25,7,2,23,8,9,var_0 counter_var_1 +,32,counter_var_0 var_1 +
4042,115 43 11 30 113,25,115 80 69 99 113,14,22,11,0,30,6,14,var_0 counter_var_1 +,33,counter_var_0 var_1 +
4043,115 20 33 50 113,30,115 102 67 46 113,20,15,10,21,19,15,41,var_0 counter_var_1 +,25,counter_var_0 var_1 +
4044,115 42 110 61 113,31,115 75 3 15 113,13,17,18,3,30,15,16,var_0 counter_var_1 +,35,counter_var_0 var_1 +
4045,115 54 70 36 113,26,115 48 39 14 113,25,19,1,16,5,14,41,var_0 counter_var_1 +,20,counter_var_0 var_1 +
4046,115 72 28 7 113,19,115 63 94 39 113,14,5,5,2,7,8,16,var_0 counter_var_1 +,10,counter_var_0 var_1 +
4047,115 99 70 36 113,13,115 31 68 100 113,12,2,1,22,5,7,34,var_0 counter_var_1 +,3,counter_var_0 var_1 +
4048,115 34 70 36 113,6,115 3 62 41 113,5,3,1,16,5,10,21,var_0 counter_var_1 +,4,counter_var_0 var_1 +
4049,115 32 37 42 113,17,115 76 31 109 113,3,18,14,8,11,16,11,var_0 counter_var_1 +,32,counter_var_0 var_1 +
4050,115 96 40 11 113,26,115 89 59 23 113,9,2,17,13,11,23,22,var_0 counter_var_1 +,19,counter_var_0 var_1 +
4051,115 75 37 42 113,31,115 29 77 105 113,17,0,14,8,11,12,25,var_0 counter_var_1 +,14,counter_var_0 var_1 +
4052,115 66 5 47 113,13,115 22 93 37 113,8,22,5,1,16,6,9,var_0 counter_var_1 +,27,counter_var_0 var_1 +
4053,115 99 83 38 113,26,115 51 61 18 113,12,22,14,15,7,18,27,var_0 counter_var_1 +,36,counter_var_0 var_1 +
4054,115 80 5 47 113,27,115 3 83 38 113,22,3,5,14,16,7,36,var_0 counter_var_1 +,8,counter_var_0 var_1 +
4055,115 75 13 91 113,30,115 43 91 33 113,17,14,13,22,29,2,39,var_0 counter_var_1 +,27,counter_var_0 var_1 +
4056,115 89 2 63 113,4,115 81 59 23 113,2,23,2,13,1,23,15,var_0 counter_var_1 +,25,counter_var_0 var_1 +
4057,115 95 35 9 113,20,115 34 112 103 113,8,5,12,20,9,10,28,var_0 counter_var_1 +,17,counter_var_0 var_1 +
4058,115 16 23 4 113,16,115 40 23 4 113,16,11,0,0,4,4,16,var_0 counter_var_1 +,11,counter_var_0 var_1 +
4059,115 38 78 65 113,18,115 75 68 100 113,9,17,9,22,3,7,31,var_0 counter_var_1 +,26,counter_var_0 var_1 +
4060,115 62 52 95 113,10,115 38 9 87 113,4,9,6,9,2,25,13,var_0 counter_var_1 +,15,counter_var_0 var_1 +
4061,115 41 18 73 113,30,115 91 65 17 113,12,4,18,19,11,17,31,var_0 counter_var_1 +,22,counter_var_0 var_1 +
4062,115 24 27 88 113,28,115 42 71 74 113,24,13,4,2,26,12,26,var_0 counter_var_1 +,17,counter_var_0 var_1 +
4063,115 27 38 20 113,42,115 63 34 27 113,27,5,15,11,20,27,38,var_0 counter_var_1 +,20,counter_var_0 var_1 +
4064,115 35 61 18 113,21,115 59 18 73 113,6,1,15,18,18,11,24,var_0 counter_var_1 +,16,counter_var_0 var_1 +
4065,115 16 46 80 113,16,115 101 27 88 113,16,14,0,4,18,26,20,var_0 counter_var_1 +,14,counter_var_0 var_1 +
4066,115 106 106 35 113,33,115 44 47 34 113,19,15,14,1,4,3,20,var_0 counter_var_1 +,29,counter_var_0 var_1 +
4067,115 28 34 27 113,39,115 103 55 48 113,28,16,11,9,27,17,37,var_0 counter_var_1 +,27,counter_var_0 var_1 +
4068,115 22 56 59 113,32,115 61 44 107 113,22,3,10,21,28,14,43,var_0 counter_var_1 +,13,counter_var_0 var_1 +
4069,115 54 59 23 113,38,115 95 101 104 113,25,8,13,9,23,11,34,var_0 counter_var_1 +,21,counter_var_0 var_1 +
4070,115 93 16 94 113,22,115 84 10 68 113,6,26,16,10,1,6,16,var_0 counter_var_1 +,42,counter_var_0 var_1 +
4071,115 100 63 43 113,30,115 6 53 51 113,13,6,17,7,12,20,20,var_0 counter_var_1 +,23,counter_var_0 var_1 +
4072,115 110 105 62 113,36,115 33 103 49 113,23,4,13,11,0,18,34,var_0 counter_var_1 +,17,counter_var_0 var_1 +
4073,115 17 31 109 113,25,115 49 34 27 113,17,20,8,11,16,27,28,var_0 counter_var_1 +,28,counter_var_0 var_1 +
4074,115 71 73 96 113,17,115 94 12 21 113,13,7,4,12,3,21,25,var_0 counter_var_1 +,11,counter_var_0 var_1 +
4075,115 105 103 49 113,29,115 107 106 35 113,18,20,11,14,18,4,32,var_0 counter_var_1 +,31,counter_var_0 var_1 +
4076,115 15 39 14 113,31,115 37 93 37 113,15,8,16,1,14,6,16,var_0 counter_var_1 +,24,counter_var_0 var_1 +
4077,115 16 24 5 113,17,115 70 77 105 113,16,12,1,8,5,12,24,var_0 counter_var_1 +,13,counter_var_0 var_1 +
4078,115 40 13 91 113,24,115 59 3 15 113,11,1,13,3,29,15,14,var_0 counter_var_1 +,14,counter_var_0 var_1 +
4079,115 23 4 52 113,27,115 49 112 103 113,23,20,4,20,21,10,43,var_0 counter_var_1 +,24,counter_var_0 var_1 +
4080,115 48 20 8 113,39,115 96 42 55 113,19,9,20,19,8,24,38,var_0 counter_var_1 +,29,counter_var_0 var_1 +
4081,115 99 67 46 113,33,115 80 2 63 113,12,22,21,2,15,1,14,var_0 counter_var_1 +,43,counter_var_0 var_1 +
4082,115 79 10 68 113,31,115 15 78 65 113,21,15,10,9,6,3,30,var_0 counter_var_1 +,25,counter_var_0 var_1 +
4083,115 38 103 49 113,20,115 111 82 67 113,9,24,11,13,18,5,22,var_0 counter_var_1 +,35,counter_var_0 var_1 +
4084,115 54 12 21 113,37,115 64 29 25 113,25,6,12,6,21,25,31,var_0 counter_var_1 +,18,counter_var_0 var_1 +
4085,115 22 101 104 113,31,115 84 58 98 113,22,26,9,12,11,5,34,var_0 counter_var_1 +,35,counter_var_0 var_1 +
4086,115 10 97 81 113,15,115 100 89 28 113,10,13,5,20,19,28,30,var_0 counter_var_1 +,18,counter_var_0 var_1 +
4087,115 18 63 43 113,35,115 12 43 110 113,18,12,17,20,12,17,38,var_0 counter_var_1 +,29,counter_var_0 var_1 +
4088,115 72 46 80 113,14,115 84 2 63 113,14,26,0,2,18,1,16,var_0 counter_var_1 +,26,counter_var_0 var_1 +
4089,115 70 42 55 113,31,115 64 44 107 113,12,6,19,21,24,14,33,var_0 counter_var_1 +,25,counter_var_0 var_1 +
4090,115 4 102 16 113,14,115 96 9 87 113,4,9,10,9,16,25,13,var_0 counter_var_1 +,19,counter_var_0 var_1 +
4091,115 88 55 48 113,10,115 9 6 56 113,1,9,9,6,17,25,7,var_0 counter_var_1 +,18,counter_var_0 var_1 +
4092,115 31 92 2 113,2,115 111 79 57 113,2,24,0,10,2,26,12,var_0 counter_var_1 +,24,counter_var_0 var_1 +
4093,115 54 14 24 113,39,115 51 50 77 113,25,22,14,4,24,15,29,var_0 counter_var_1 +,36,counter_var_0 var_1 +
4094,115 19 90 90 113,40,115 77 48 89 113,19,19,21,2,28,27,21,var_0 counter_var_1 +,40,counter_var_0 var_1 +
4095,115 78 3 15 113,23,115 26 80 31 113,20,26,3,11,15,0,31,var_0 counter_var_1 +,29,counter_var_0 var_1 +
4096,115 79 22 75 113,43,115 47 61 18 113,21,18,22,15,13,18,36,var_0 counter_var_1 +,40,counter_var_0 var_1 +
4097,115 47 60 44 113,32,115 37 88 66 113,18,8,14,19,13,4,37,var_0 counter_var_1 +,22,counter_var_0 var_1 +
4098,115 110 18 73 113,41,115 75 90 90 113,23,17,18,21,11,28,44,var_0 counter_var_1 +,35,counter_var_0 var_1 +
4099,115 87 86 45 113,17,115 50 62 41 113,0,21,17,16,14,10,16,var_0 counter_var_1 +,38,counter_var_0 var_1 +
4100,115 7 25 111 113,9,115 35 74 13 113,7,6,2,5,18,13,12,var_0 counter_var_1 +,8,counter_var_0 var_1 +
4101,115 62 66 102 113,24,115 48 57 1 113,4,19,20,11,9,1,15,var_0 counter_var_1 +,39,counter_var_0 var_1 +
4102,115 105 37 42 113,32,115 62 61 18 113,18,4,14,15,11,18,33,var_0 counter_var_1 +,18,counter_var_0 var_1 +
4103,115 28 46 80 113,28,115 73 36 106 113,28,15,0,13,18,13,41,var_0 counter_var_1 +,15,counter_var_0 var_1 +
4104,115 67 46 80 113,9,115 56 101 104 113,9,27,0,9,18,11,18,var_0 counter_var_1 +,27,counter_var_0 var_1 +
4105,115 45 25 111 113,18,115 58 104 84 113,16,0,2,12,18,22,28,var_0 counter_var_1 +,2,counter_var_0 var_1 +
4106,115 50 36 106 113,34,115 61 13 91 113,21,3,13,13,13,29,34,var_0 counter_var_1 +,16,counter_var_0 var_1 +
4107,115 5 110 61 113,23,115 3 85 3 113,5,3,18,16,30,3,21,var_0 counter_var_1 +,21,counter_var_0 var_1 +
4108,115 24 99 85 113,31,115 17 108 58 113,24,17,7,16,23,27,40,var_0 counter_var_1 +,24,counter_var_0 var_1 +
4109,115 110 5 47 113,28,115 88 36 106 113,23,1,5,13,16,13,36,var_0 counter_var_1 +,6,counter_var_0 var_1 +
4110,115 2 23 4 113,2,115 101 17 108 113,2,14,0,17,4,15,19,var_0 counter_var_1 +,14,counter_var_0 var_1 +
4111,115 3 28 7 113,8,115 73 26 112 113,3,15,5,3,7,19,6,var_0 counter_var_1 +,20,counter_var_0 var_1 +
4112,115 57 27 88 113,32,115 59 52 95 113,28,1,4,6,26,2,34,var_0 counter_var_1 +,5,counter_var_0 var_1 +
4113,115 92 63 43 113,22,115 6 64 19 113,5,6,17,18,12,19,23,var_0 counter_var_1 +,23,counter_var_0 var_1 +
4114,115 32 62 41 113,19,115 75 24 5 113,3,17,16,1,10,5,4,var_0 counter_var_1 +,33,counter_var_0 var_1 +
4115,115 42 24 5 113,14,115 50 23 4 113,13,21,1,0,5,4,13,var_0 counter_var_1 +,22,counter_var_0 var_1 +
4116,115 37 95 29 113,11,115 79 48 89 113,8,21,3,2,29,27,10,var_0 counter_var_1 +,24,counter_var_0 var_1 +
4117,115 17 17 108 113,34,115 100 85 3 113,17,13,17,16,15,3,33,var_0 counter_var_1 +,30,counter_var_0 var_1 +
4118,115 49 74 13 113,25,115 57 78 65 113,20,28,5,9,13,3,29,var_0 counter_var_1 +,33,counter_var_0 var_1 +
4119,115 15 6 56 113,21,115 84 26 112 113,15,26,6,3,25,19,18,var_0 counter_var_1 +,32,counter_var_0 var_1 +
4120,115 95 91 33 113,30,115 42 84 32 113,8,13,22,15,2,1,23,var_0 counter_var_1 +,35,counter_var_0 var_1 +
4121,115 85 17 108 113,44,115 70 87 69 113,27,12,17,18,15,7,45,var_0 counter_var_1 +,29,counter_var_0 var_1 +
4122,115 95 12 21 113,20,115 83 78 65 113,8,25,12,9,21,3,17,var_0 counter_var_1 +,37,counter_var_0 var_1 +
4123,115 112 73 96 113,29,115 86 57 1 113,25,28,4,11,3,1,36,var_0 counter_var_1 +,32,counter_var_0 var_1 +
4124,115 105 2 63 113,20,115 50 55 48 113,18,21,2,9,1,17,27,var_0 counter_var_1 +,23,counter_var_0 var_1 +
4125,115 39 66 102 113,30,115 58 95 29 113,10,0,20,3,9,29,13,var_0 counter_var_1 +,20,counter_var_0 var_1 +
4126,115 95 50 77 113,12,115 81 79 57 113,8,23,4,10,15,26,18,var_0 counter_var_1 +,27,counter_var_0 var_1 +
4127,115 108 109 79 113,38,115 96 84 32 113,21,9,17,15,17,1,36,var_0 counter_var_1 +,26,counter_var_0 var_1 +
4128,115 8 106 35 113,22,115 109 98 78 113,8,22,14,6,4,16,14,var_0 counter_var_1 +,36,counter_var_0 var_1 +
4129,115 10 77 105 113,18,115 45 44 107 113,10,16,8,21,12,14,31,var_0 counter_var_1 +,24,counter_var_0 var_1 +
4130,115 30 98 78 113,7,115 12 66 102 113,1,12,6,20,16,9,21,var_0 counter_var_1 +,18,counter_var_0 var_1 +
4131,115 73 11 30 113,26,115 76 80 31 113,15,18,11,11,30,0,26,var_0 counter_var_1 +,29,counter_var_0 var_1 +
4132,115 41 56 59 113,22,115 46 98 78 113,12,17,10,6,28,16,18,var_0 counter_var_1 +,27,counter_var_0 var_1 +
4133,115 82 67 46 113,45,115 86 69 99 113,24,28,21,0,15,6,24,var_0 counter_var_1 +,49,counter_var_0 var_1 +
4134,115 81 13 91 113,36,115 61 71 74 113,23,3,13,2,29,12,25,var_0 counter_var_1 +,16,counter_var_0 var_1 +
4135,115 80 44 107 113,43,115 98 14 24 113,22,11,21,14,14,24,36,var_0 counter_var_1 +,32,counter_var_0 var_1 +
4136,115 54 93 37 113,26,115 87 87 69 113,25,0,1,18,6,7,43,var_0 counter_var_1 +,1,counter_var_0 var_1 +
4137,115 110 109 79 113,40,115 74 13 91 113,23,16,17,13,17,29,36,var_0 counter_var_1 +,33,counter_var_0 var_1 +
4138,115 97 6 56 113,16,115 110 112 103 113,10,23,6,20,25,10,30,var_0 counter_var_1 +,29,counter_var_0 var_1 +
4139,115 6 13 91 113,19,115 10 65 17 113,6,10,13,19,29,17,25,var_0 counter_var_1 +,23,counter_var_0 var_1 +
4140,115 32 24 5 113,4,115 19 31 109 113,3,19,1,8,5,16,11,var_0 counter_var_1 +,20,counter_var_0 var_1 +
4141,115 20 68 100 113,42,115 7 101 104 113,20,7,22,9,7,11,29,var_0 counter_var_1 +,29,counter_var_0 var_1 +
4142,115 105 7 10 113,25,115 38 0 101 113,18,9,7,0,10,8,18,var_0 counter_var_1 +,16,counter_var_0 var_1 +
4143,115 24 95 29 113,27,115 7 31 109 113,24,7,3,8,29,16,32,var_0 counter_var_1 +,10,counter_var_0 var_1 +
4144,115 27 56 59 113,37,115 44 2 63 113,27,15,10,2,28,1,29,var_0 counter_var_1 +,25,counter_var_0 var_1 +
4145,115 45 7 10 113,23,115 32 105 62 113,16,3,7,13,10,0,29,var_0 counter_var_1 +,10,counter_var_0 var_1 +
4146,115 31 87 69 113,20,115 100 1 40 113,2,13,18,1,7,9,3,var_0 counter_var_1 +,31,counter_var_0 var_1 +
4147,115 83 75 82 113,31,115 13 22 75 113,25,13,6,22,20,13,47,var_0 counter_var_1 +,19,counter_var_0 var_1 +
4148,115 29 97 81 113,5,115 53 28 7 113,0,24,5,5,19,7,5,var_0 counter_var_1 +,29,counter_var_0 var_1 +
4149,115 107 41 22 113,38,115 86 3 15 113,20,28,18,3,22,15,23,var_0 counter_var_1 +,46,counter_var_0 var_1 +
4150,115 93 62 41 113,22,115 102 90 90 113,6,15,16,21,10,28,27,var_0 counter_var_1 +,31,counter_var_0 var_1 +
4151,115 10 61 18 113,25,115 14 12 21 113,10,14,15,12,18,21,22,var_0 counter_var_1 +,29,counter_var_0 var_1 +
4152,115 86 35 9 113,40,115 53 42 55 113,28,24,12,19,9,24,47,var_0 counter_var_1 +,36,counter_var_0 var_1 +
4153,115 110 58 98 113,35,115 10 23 4 113,23,10,12,0,5,4,23,var_0 counter_var_1 +,22,counter_var_0 var_1 +
4154,115 72 18 73 113,32,115 110 83 38 113,14,23,18,14,11,7,28,var_0 counter_var_1 +,41,counter_var_0 var_1 +
4155,115 86 30 70 113,35,115 54 29 25 113,28,25,7,6,8,25,34,var_0 counter_var_1 +,32,counter_var_0 var_1 +
4156,115 59 21 92 113,22,115 108 79 57 113,1,21,21,10,30,26,11,var_0 counter_var_1 +,42,counter_var_0 var_1 +
4157,115 45 29 25 113,22,115 17 48 89 113,16,17,6,2,25,27,18,var_0 counter_var_1 +,23,counter_var_0 var_1 +
4158,115 67 80 31 113,20,115 50 82 67 113,9,21,11,13,0,5,22,var_0 counter_var_1 +,32,counter_var_0 var_1 +
4159,115 103 64 19 113,34,115 94 30 70 113,16,7,18,7,19,8,23,var_0 counter_var_1 +,25,counter_var_0 var_1 +
4160,115 99 6 56 113,18,115 1 69 99 113,12,1,6,0,25,6,12,var_0 counter_var_1 +,7,counter_var_0 var_1 +
4161,115 10 23 4 113,10,115 76 25 111 113,10,18,0,2,4,18,12,var_0 counter_var_1 +,18,counter_var_0 var_1 +
4162,115 87 17 108 113,17,115 86 46 80 113,0,28,17,0,15,18,0,var_0 counter_var_1 +,45,counter_var_0 var_1 +
4163,115 110 39 14 113,39,115 24 32 64 113,23,24,16,9,14,2,32,var_0 counter_var_1 +,40,counter_var_0 var_1 +
4164,115 48 41 22 113,37,115 46 48 89 113,19,17,18,2,22,27,21,var_0 counter_var_1 +,35,counter_var_0 var_1 +
4165,115 46 37 42 113,31,115 44 82 67 113,17,15,14,13,11,5,30,var_0 counter_var_1 +,29,counter_var_0 var_1 +
4166,115 31 65 17 113,21,115 5 104 84 113,2,5,19,12,17,22,14,var_0 counter_var_1 +,24,counter_var_0 var_1 +
4167,115 60 105 62 113,15,115 90 35 9 113,2,3,13,12,0,9,14,var_0 counter_var_1 +,16,counter_var_0 var_1 +
4168,115 96 33 50 113,19,115 90 14 24 113,9,3,10,14,19,24,23,var_0 counter_var_1 +,13,counter_var_0 var_1 +
4169,115 56 25 111 113,29,115 93 20 8 113,27,6,2,20,18,8,47,var_0 counter_var_1 +,8,counter_var_0 var_1 +
4170,115 111 102 16 113,34,115 44 5 47 113,24,15,10,5,16,16,29,var_0 counter_var_1 +,25,counter_var_0 var_1 +
4171,115 20 100 0 113,28,115 5 102 16 113,20,5,8,10,0,16,30,var_0 counter_var_1 +,13,counter_var_0 var_1 +
4172,115 37 91 33 113,30,115 99 75 82 113,8,12,22,6,2,20,14,var_0 counter_var_1 +,34,counter_var_0 var_1 +
4173,115 105 75 82 113,24,115 48 49 72 113,18,19,6,3,20,10,21,var_0 counter_var_1 +,25,counter_var_0 var_1 +
4174,115 15 32 64 113,24,115 20 60 44 113,15,20,9,14,2,13,29,var_0 counter_var_1 +,29,counter_var_0 var_1 +
4175,115 60 5 47 113,7,115 6 102 16 113,2,6,5,10,16,16,12,var_0 counter_var_1 +,11,counter_var_0 var_1 +
4176,115 6 88 66 113,25,115 24 94 39 113,6,24,19,2,4,8,8,var_0 counter_var_1 +,43,counter_var_0 var_1 +
4177,115 24 43 110 113,44,115 108 95 29 113,24,21,20,3,17,29,27,var_0 counter_var_1 +,41,counter_var_0 var_1 +
4178,115 92 30 70 113,12,115 9 95 29 113,5,9,7,3,8,29,8,var_0 counter_var_1 +,16,counter_var_0 var_1 +
4179,115 22 70 36 113,23,115 75 20 8 113,22,17,1,20,5,8,42,var_0 counter_var_1 +,18,counter_var_0 var_1 +
4180,115 81 59 23 113,36,115 64 23 4 113,23,6,13,0,23,4,23,var_0 counter_var_1 +,19,counter_var_0 var_1 +
4181,115 0 5 47 113,5,115 14 84 32 113,0,14,5,15,16,1,15,var_0 counter_var_1 +,19,counter_var_0 var_1 +
4182,115 16 60 44 113,30,115 14 88 66 113,16,14,14,19,13,4,35,var_0 counter_var_1 +,28,counter_var_0 var_1 +
4183,115 4 38 20 113,19,115 63 51 97 113,4,5,15,5,20,4,9,var_0 counter_var_1 +,20,counter_var_0 var_1 +
4184,115 74 79 57 113,26,115 80 110 61 113,16,22,10,18,26,30,34,var_0 counter_var_1 +,32,counter_var_0 var_1 +
4185,115 42 37 42 113,27,115 108 82 67 113,13,21,14,13,11,5,26,var_0 counter_var_1 +,35,counter_var_0 var_1 +
4186,115 64 37 42 113,20,115 112 27 88 113,6,25,14,4,11,26,10,var_0 counter_var_1 +,39,counter_var_0 var_1 +
4187,115 92 99 85 113,12,115 80 57 1 113,5,22,7,11,23,1,16,var_0 counter_var_1 +,29,counter_var_0 var_1 +
4188,115 78 92 2 113,20,115 69 95 29 113,20,11,0,3,2,29,23,var_0 counter_var_1 +,11,counter_var_0 var_1 +
4189,115 19 51 97 113,24,115 112 47 34 113,19,25,5,1,4,3,20,var_0 counter_var_1 +,30,counter_var_0 var_1 +
4190,115 89 8 26 113,10,115 21 19 86 113,2,21,8,19,26,24,21,var_0 counter_var_1 +,29,counter_var_0 var_1 +
4191,115 68 87 69 113,28,115 97 102 16 113,10,10,18,10,7,16,20,var_0 counter_var_1 +,28,counter_var_0 var_1 +
4192,115 66 105 62 113,21,115 77 66 102 113,8,19,13,20,0,9,28,var_0 counter_var_1 +,32,counter_var_0 var_1 +
4193,115 83 66 102 113,45,115 68 65 17 113,25,10,20,19,9,17,44,var_0 counter_var_1 +,30,counter_var_0 var_1 +
4194,115 73 109 79 113,32,115 39 42 55 113,15,10,17,19,17,24,34,var_0 counter_var_1 +,27,counter_var_0 var_1 +
4195,115 59 29 25 113,7,115 107 74 13 113,1,20,6,5,25,13,6,var_0 counter_var_1 +,26,counter_var_0 var_1 +
4196,115 72 31 109 113,22,115 91 3 15 113,14,4,8,3,16,15,17,var_0 counter_var_1 +,12,counter_var_0 var_1 +
4197,115 13 67 46 113,34,115 4 9 87 113,13,4,21,9,15,25,22,var_0 counter_var_1 +,25,counter_var_0 var_1 +
4198,115 28 97 81 113,33,115 41 71 74 113,28,12,5,2,19,12,30,var_0 counter_var_1 +,17,counter_var_0 var_1 +
4199,115 4 88 66 113,23,115 112 20 8 113,4,25,19,20,4,8,24,var_0 counter_var_1 +,44,counter_var_0 var_1 +
4200,115 89 25 111 113,4,115 94 8 26 113,2,7,2,8,18,26,10,var_0 counter_var_1 +,9,counter_var_0 var_1 +
4201,115 101 0 101 113,14,115 25 34 27 113,14,25,0,11,8,27,25,var_0 counter_var_1 +,25,counter_var_0 var_1 +
4202,115 69 66 102 113,31,115 3 0 101 113,11,3,20,0,9,8,11,var_0 counter_var_1 +,23,counter_var_0 var_1 +
4203,115 22 99 85 113,29,115 48 107 60 113,22,19,7,15,23,29,37,var_0 counter_var_1 +,26,counter_var_0 var_1 +
4204,115 51 86 45 113,39,115 74 102 16 113,22,16,17,10,14,16,32,var_0 counter_var_1 +,33,counter_var_0 var_1 +
4205,115 76 9 87 113,27,115 57 79 57 113,18,28,9,10,25,26,28,var_0 counter_var_1 +,37,counter_var_0 var_1 +
4206,115 66 12 21 113,20,115 11 22 75 113,8,11,12,22,21,13,30,var_0 counter_var_1 +,23,counter_var_0 var_1 +
4207,115 76 33 50 113,28,115 73 10 68 113,18,15,10,10,19,6,28,var_0 counter_var_1 +,25,counter_var_0 var_1 +
4208,115 53 63 43 113,41,115 89 40 11 113,24,2,17,17,12,11,41,var_0 counter_var_1 +,19,counter_var_0 var_1 +
4209,115 81 6 56 113,29,115 17 90 90 113,23,17,6,21,25,28,44,var_0 counter_var_1 +,23,counter_var_0 var_1 +
4210,115 24 108 58 113,40,115 95 75 82 113,24,8,16,6,27,20,30,var_0 counter_var_1 +,24,counter_var_0 var_1 +
4211,115 28 83 38 113,42,115 79 80 31 113,28,21,14,11,7,0,39,var_0 counter_var_1 +,35,counter_var_0 var_1 +
4212,115 27 20 8 113,47,115 90 64 19 113,27,3,20,18,8,19,45,var_0 counter_var_1 +,23,counter_var_0 var_1 +
4213,115 2 2 63 113,4,115 29 85 3 113,2,0,2,16,1,3,18,var_0 counter_var_1 +,2,counter_var_0 var_1 +
4214,115 67 81 54 113,21,115 53 21 92 113,9,24,12,21,23,30,30,var_0 counter_var_1 +,36,counter_var_0 var_1 +
4215,115 104 89 28 113,37,115 8 10 68 113,17,8,20,10,28,6,27,var_0 counter_var_1 +,28,counter_var_0 var_1 +
4216,115 27 7 10 113,34,115 96 67 46 113,27,9,7,21,10,15,48,var_0 counter_var_1 +,16,counter_var_0 var_1 +
4217,115 45 94 39 113,18,115 8 83 38 113,16,8,2,14,8,7,30,var_0 counter_var_1 +,10,counter_var_0 var_1 +
4218,115 92 88 66 113,24,115 108 16 94 113,5,21,19,16,4,1,21,var_0 counter_var_1 +,40,counter_var_0 var_1 +
4219,115 37 76 93 113,15,115 63 76 93 113,8,5,7,7,0,0,15,var_0 counter_var_1 +,12,counter_var_0 var_1 +
4220,115 61 30 70 113,10,115 98 27 88 113,3,11,7,4,8,26,7,var_0 counter_var_1 +,18,counter_var_0 var_1 +
4221,115 11 65 17 113,30,115 106 97 81 113,11,19,19,5,17,19,16,var_0 counter_var_1 +,38,counter_var_0 var_1 +
4222,115 36 109 79 113,24,115 53 6 56 113,7,24,17,6,17,25,13,var_0 counter_var_1 +,41,counter_var_0 var_1 +
4223,115 19 95 29 113,22,115 108 89 28 113,19,21,3,20,29,28,39,var_0 counter_var_1 +,24,counter_var_0 var_1 +
4224,115 56 105 62 113,40,115 16 20 8 113,27,16,13,20,0,8,47,var_0 counter_var_1 +,29,counter_var_0 var_1 +
4225,115 98 25 111 113,13,115 82 110 61 113,11,24,2,18,18,30,29,var_0 counter_var_1 +,26,counter_var_0 var_1 +
4226,115 105 70 36 113,19,115 97 47 34 113,18,10,1,1,5,3,19,var_0 counter_var_1 +,11,counter_var_0 var_1 +
4227,115 41 64 19 113,30,115 77 111 12 113,12,19,18,19,19,12,31,var_0 counter_var_1 +,37,counter_var_0 var_1 +
4228,115 100 103 49 113,24,115 22 37 42 113,13,22,11,14,18,11,27,var_0 counter_var_1 +,33,counter_var_0 var_1 +
4229,115 17 74 13 113,22,115 78 22 75 113,17,20,5,22,13,13,39,var_0 counter_var_1 +,25,counter_var_0 var_1 +
4230,115 35 67 46 113,27,115 2 1 40 113,6,2,21,1,15,9,7,var_0 counter_var_1 +,23,counter_var_0 var_1 +
4231,115 100 15 53 113,28,115 31 9 87 113,13,2,15,9,22,25,22,var_0 counter_var_1 +,17,counter_var_0 var_1 +
4232,115 109 46 80 113,22,115 94 14 24 113,22,7,0,14,18,24,36,var_0 counter_var_1 +,7,counter_var_0 var_1 +
4233,115 56 106 35 113,41,115 1 72 71 113,27,1,14,3,4,9,30,var_0 counter_var_1 +,15,counter_var_0 var_1 +
4234,115 41 65 17 113,31,115 97 17 108 113,12,10,19,17,17,15,29,var_0 counter_var_1 +,29,counter_var_0 var_1 +
4235,115 46 106 35 113,31,115 3 103 49 113,17,3,14,11,4,18,28,var_0 counter_var_1 +,17,counter_var_0 var_1 +
4236,115 90 62 41 113,19,115 77 33 50 113,3,19,16,10,10,19,13,var_0 counter_var_1 +,35,counter_var_0 var_1 +
4237,115 45 24 5 113,17,115 0 98 78 113,16,0,1,6,5,16,22,var_0 counter_var_1 +,1,counter_var_0 var_1 +
4238,115 19 42 55 113,38,115 33 49 72 113,19,4,19,3,24,10,22,var_0 counter_var_1 +,23,counter_var_0 var_1 +
4239,115 18 54 83 113,26,115 13 21 92 113,18,13,8,21,21,30,39,var_0 counter_var_1 +,21,counter_var_0 var_1 +
4240,115 55 39 14 113,42,115 68 49 72 113,26,10,16,3,14,10,29,var_0 counter_var_1 +,26,counter_var_0 var_1 +
4241,115 47 65 17 113,37,115 12 40 11 113,18,12,19,17,17,11,35,var_0 counter_var_1 +,31,counter_var_0 var_1 +
4242,115 12 81 54 113,24,115 75 6 56 113,12,17,12,6,23,25,18,var_0 counter_var_1 +,29,counter_var_0 var_1 +
4243,115 100 106 35 113,27,115 14 13 91 113,13,14,14,13,4,29,26,var_0 counter_var_1 +,28,counter_var_0 var_1 +
4244,115 9 74 13 113,14,115 33 97 81 113,9,4,5,5,13,19,14,var_0 counter_var_1 +,9,counter_var_0 var_1 +
4245,115 18 25 111 113,20,115 51 0 101 113,18,22,2,0,18,8,18,var_0 counter_var_1 +,24,counter_var_0 var_1 +
4246,115 4 84 32 113,19,115 31 58 98 113,4,2,15,12,1,5,16,var_0 counter_var_1 +,17,counter_var_0 var_1 +
4247,115 99 10 68 113,22,115 49 51 97 113,12,20,10,5,6,4,17,var_0 counter_var_1 +,30,counter_var_0 var_1 +
4248,115 83 79 57 113,35,115 14 69 99 113,25,14,10,0,26,6,25,var_0 counter_var_1 +,24,counter_var_0 var_1 +
4249,115 75 61 18 113,32,115 19 98 78 113,17,19,15,6,18,16,23,var_0 counter_var_1 +,34,counter_var_0 var_1 +
4250,115 66 42 55 113,27,115 20 105 62 113,8,20,19,13,24,0,21,var_0 counter_var_1 +,39,counter_var_0 var_1 +
4251,115 91 95 29 113,7,115 19 24 5 113,4,19,3,1,29,5,5,var_0 counter_var_1 +,22,counter_var_0 var_1 +
4252,115 20 11 30 113,31,115 83 98 78 113,20,25,11,6,30,16,26,var_0 counter_var_1 +,36,counter_var_0 var_1 +
4253,115 40 34 27 113,22,115 42 15 53 113,11,13,11,15,27,22,26,var_0 counter_var_1 +,24,counter_var_0 var_1 +
4254,115 96 3 15 113,12,115 27 41 22 113,9,27,3,18,15,22,27,var_0 counter_var_1 +,30,counter_var_0 var_1 +
4255,115 6 76 93 113,13,115 61 87 69 113,6,3,7,18,0,7,24,var_0 counter_var_1 +,10,counter_var_0 var_1 +
4256,115 67 52 95 113,15,115 39 24 5 113,9,10,6,1,2,5,10,var_0 counter_var_1 +,16,counter_var_0 var_1 +
4257,115 82 58 98 113,36,115 29 82 67 113,24,0,12,13,5,5,37,var_0 counter_var_1 +,12,counter_var_0 var_1 +
4258,115 8 74 13 113,13,115 85 18 73 113,8,27,5,18,13,11,26,var_0 counter_var_1 +,32,counter_var_0 var_1 +
4259,115 99 31 109 113,20,115 49 91 33 113,12,20,8,22,16,2,34,var_0 counter_var_1 +,28,counter_var_0 var_1 +
4260,115 7 21 92 113,28,115 70 68 100 113,7,12,21,22,30,7,29,var_0 counter_var_1 +,33,counter_var_0 var_1 +
4261,115 36 51 97 113,12,115 17 82 67 113,7,17,5,13,4,5,20,var_0 counter_var_1 +,22,counter_var_0 var_1 +
4262,115 29 72 71 113,3,115 62 94 39 113,0,4,3,2,9,8,2,var_0 counter_var_1 +,7,counter_var_0 var_1 +
4263,115 22 82 67 113,35,115 55 83 38 113,22,26,13,14,5,7,36,var_0 counter_var_1 +,39,counter_var_0 var_1 +
4264,115 39 71 74 113,12,115 4 71 74 113,10,4,2,2,12,12,12,var_0 counter_var_1 +,6,counter_var_0 var_1 +
4265,115 12 14 24 113,26,115 37 0 101 113,12,8,14,0,24,8,12,var_0 counter_var_1 +,22,counter_var_0 var_1 +
4266,115 85 61 18 113,42,115 112 31 109 113,27,25,15,8,18,16,35,var_0 counter_var_1 +,40,counter_var_0 var_1 +
4267,115 79 80 31 113,32,115 23 64 19 113,21,23,11,18,0,19,39,var_0 counter_var_1 +,34,counter_var_0 var_1 +
4268,115 106 50 77 113,23,115 74 60 44 113,19,16,4,14,15,13,33,var_0 counter_var_1 +,20,counter_var_0 var_1 +
4269,115 58 5 47 113,5,115 6 33 50 113,0,6,5,10,16,19,10,var_0 counter_var_1 +,11,counter_var_0 var_1 +
4270,115 64 16 94 113,22,115 31 17 108 113,6,2,16,17,1,15,23,var_0 counter_var_1 +,18,counter_var_0 var_1 +
4271,115 86 84 32 113,43,115 24 103 49 113,28,24,15,11,1,18,39,var_0 counter_var_1 +,39,counter_var_0 var_1 +
4272,115 59 22 75 113,23,115 44 33 50 113,1,15,22,10,13,19,11,var_0 counter_var_1 +,37,counter_var_0 var_1 +
4273,115 51 97 81 113,27,115 55 94 39 113,22,26,5,2,19,8,24,var_0 counter_var_1 +,31,counter_var_0 var_1 +
4274,115 104 53 51 113,24,115 3 26 112 113,17,3,7,3,20,19,20,var_0 counter_var_1 +,10,counter_var_0 var_1 +
4275,115 97 88 66 113,29,115 32 72 71 113,10,3,19,3,4,9,13,var_0 counter_var_1 +,22,counter_var_0 var_1 +
4276,115 6 74 13 113,11,115 107 102 16 113,6,20,5,10,13,16,16,var_0 counter_var_1 +,25,counter_var_0 var_1 +
4277,115 31 89 28 113,22,115 7 39 14 113,2,7,20,16,28,14,18,var_0 counter_var_1 +,27,counter_var_0 var_1 +
4278,115 108 88 66 113,40,115 107 16 94 113,21,20,19,16,4,1,37,var_0 counter_var_1 +,39,counter_var_0 var_1 +
4279,115 58 71 74 113,2,115 104 3 15 113,0,17,2,3,12,15,3,var_0 counter_var_1 +,19,counter_var_0 var_1 +
4280,115 0 19 86 113,19,115 75 7 10 113,0,17,19,7,24,10,7,var_0 counter_var_1 +,36,counter_var_0 var_1 +
4281,115 104 25 111 113,19,115 78 47 34 113,17,20,2,1,18,3,18,var_0 counter_var_1 +,22,counter_var_0 var_1 +
4282,115 76 2 63 113,20,115 67 85 3 113,18,9,2,16,1,3,34,var_0 counter_var_1 +,11,counter_var_0 var_1 +
4283,115 105 99 85 113,25,115 32 85 3 113,18,3,7,16,23,3,34,var_0 counter_var_1 +,10,counter_var_0 var_1 +
4284,115 97 28 7 113,15,115 92 5 47 113,10,5,5,5,7,16,15,var_0 counter_var_1 +,10,counter_var_0 var_1 +
4285,115 66 51 97 113,13,115 63 26 112 113,8,5,5,3,4,19,11,var_0 counter_var_1 +,10,counter_var_0 var_1 +
4286,115 28 27 88 113,32,115 77 89 28 113,28,19,4,20,26,28,48,var_0 counter_var_1 +,23,counter_var_0 var_1 +
4287,115 19 48 89 113,21,115 96 96 6 113,19,9,2,4,27,6,23,var_0 counter_var_1 +,11,counter_var_0 var_1 +
4288,115 96 43 110 113,29,115 106 10 68 113,9,19,20,10,17,6,19,var_0 counter_var_1 +,39,counter_var_0 var_1 +
4289,115 36 29 25 113,13,115 72 107 60 113,7,14,6,15,25,29,22,var_0 counter_var_1 +,20,counter_var_0 var_1 +
4290,115 4 67 46 113,25,115 110 57 1 113,4,23,21,11,15,1,15,var_0 counter_var_1 +,44,counter_var_0 var_1 +
4291,115 7 10 68 113,17,115 12 82 67 113,7,12,10,13,6,5,20,var_0 counter_var_1 +,22,counter_var_0 var_1 +
4292,115 29 52 95 113,6,115 15 66 102 113,0,15,6,20,2,9,20,var_0 counter_var_1 +,21,counter_var_0 var_1 +
4293,115 56 28 7 113,32,115 73 76 93 113,27,15,5,7,7,0,34,var_0 counter_var_1 +,20,counter_var_0 var_1 +
4294,115 37 32 64 113,17,115 59 78 65 113,8,1,9,9,2,3,17,var_0 counter_var_1 +,10,counter_var_0 var_1 +
4295,115 30 23 4 113,1,115 93 98 78 113,1,6,0,6,4,16,7,var_0 counter_var_1 +,6,counter_var_0 var_1 +
4296,115 107 9 87 113,29,115 36 57 1 113,20,7,9,11,25,1,31,var_0 counter_var_1 +,16,counter_var_0 var_1 +
4297,115 70 63 43 113,29,115 77 105 62 113,12,19,17,13,12,0,25,var_0 counter_var_1 +,36,counter_var_0 var_1 +
4298,115 100 69 99 113,13,115 99 38 20 113,13,12,0,15,6,20,28,var_0 counter_var_1 +,12,counter_var_0 var_1 +
4299,115 67 3 15 113,12,115 43 49 72 113,9,14,3,3,15,10,12,var_0 counter_var_1 +,17,counter_var_0 var_1 +
4300,115 89 21 92 113,23,115 61 46 80 113,2,3,21,0,30,18,2,var_0 counter_var_1 +,24,counter_var_0 var_1 +
4301,115 93 5 47 113,11,115 74 11 30 113,6,16,5,11,16,30,17,var_0 counter_var_1 +,21,counter_var_0 var_1 +
4302,115 107 16 94 113,36,115 50 111 12 113,20,21,16,19,1,12,39,var_0 counter_var_1 +,37,counter_var_0 var_1 +
4303,115 89 23 4 113,2,115 79 13 91 113,2,21,0,13,4,29,15,var_0 counter_var_1 +,21,counter_var_0 var_1 +
4304,115 97 51 97 113,15,115 78 82 67 113,10,20,5,13,4,5,23,var_0 counter_var_1 +,25,counter_var_0 var_1 +
4305,115 71 60 44 113,27,115 48 48 89 113,13,19,14,2,13,27,15,var_0 counter_var_1 +,33,counter_var_0 var_1 +
4306,115 71 41 22 113,31,115 53 99 85 113,13,24,18,7,22,23,20,var_0 counter_var_1 +,42,counter_var_0 var_1 +
4307,115 35 73 96 113,10,115 63 78 65 113,6,5,4,9,3,3,15,var_0 counter_var_1 +,9,counter_var_0 var_1 +
4308,115 18 59 23 113,31,115 45 58 98 113,18,16,13,12,23,5,30,var_0 counter_var_1 +,29,counter_var_0 var_1 +
4309,115 35 34 27 113,17,115 110 44 107 113,6,23,11,21,27,14,27,var_0 counter_var_1 +,34,counter_var_0 var_1 +
4310,115 64 48 89 113,8,115 86 81 54 113,6,28,2,12,27,23,18,var_0 counter_var_1 +,30,counter_var_0 var_1 +
4311,115 72 33 50 113,24,115 93 60 44 113,14,6,10,14,19,13,28,var_0 counter_var_1 +,16,counter_var_0 var_1 +
4312,115 29 107 60 113,15,115 94 62 41 113,0,7,15,16,29,10,16,var_0 counter_var_1 +,22,counter_var_0 var_1 +
4313,115 12 12 21 113,24,115 18 107 60 113,12,18,12,15,21,29,27,var_0 counter_var_1 +,30,counter_var_0 var_1 +
4314,115 106 69 99 113,19,115 111 104 84 113,19,24,0,12,6,22,31,var_0 counter_var_1 +,24,counter_var_0 var_1 +
4315,115 14 70 36 113,15,115 53 0 101 113,14,24,1,0,5,8,14,var_0 counter_var_1 +,25,counter_var_0 var_1 +
4316,115 38 39 14 113,25,115 49 44 107 113,9,20,16,21,14,14,30,var_0 counter_var_1 +,36,counter_var_0 var_1 +
4317,115 106 89 28 113,39,115 13 80 31 113,19,13,20,11,28,0,30,var_0 counter_var_1 +,33,counter_var_0 var_1 +
4318,115 86 98 78 113,34,115 40 52 95 113,28,11,6,6,16,2,34,var_0 counter_var_1 +,17,counter_var_0 var_1 +
4319,115 11 106 35 113,25,115 38 48 89 113,11,9,14,2,4,27,13,var_0 counter_var_1 +,23,counter_var_0 var_1 +
4320,115 101 25 111 113,16,115 4 73 96 113,14,4,2,4,18,3,18,var_0 counter_var_1 +,6,counter_var_0 var_1 +
4321,115 73 107 60 113,30,115 105 101 104 113,15,18,15,9,29,11,24,var_0 counter_var_1 +,33,counter_var_0 var_1 +
4322,115 86 54 83 113,36,115 30 14 24 113,28,1,8,14,21,24,42,var_0 counter_var_1 +,9,counter_var_0 var_1 +
4323,115 71 10 68 113,23,115 100 61 18 113,13,13,10,15,6,18,28,var_0 counter_var_1 +,23,counter_var_0 var_1 +
4324,115 1 78 65 113,10,115 52 96 6 113,1,23,9,4,3,6,5,var_0 counter_var_1 +,32,counter_var_0 var_1 +
4325,115 36 101 104 113,16,115 72 83 38 113,7,14,9,14,11,7,21,var_0 counter_var_1 +,23,counter_var_0 var_1 +
4326,115 64 25 111 113,8,115 38 72 71 113,6,9,2,3,18,9,9,var_0 counter_var_1 +,11,counter_var_0 var_1 +
4327,115 6 97 81 113,11,115 79 77 105 113,6,21,5,8,19,12,14,var_0 counter_var_1 +,26,counter_var_0 var_1 +
4328,115 26 87 69 113,44,115 3 13 91 113,26,3,18,13,7,29,39,var_0 counter_var_1 +,21,counter_var_0 var_1 +
4329,115 42 89 28 113,33,115 6 101 104 113,13,6,20,9,28,11,22,var_0 counter_var_1 +,26,counter_var_0 var_1 +
4330,115 11 10 68 113,21,115 15 54 83 113,11,15,10,8,6,21,19,var_0 counter_var_1 +,25,counter_var_0 var_1 +
4331,115 35 39 14 113,22,115 47 100 0 113,6,18,16,8,14,0,14,var_0 counter_var_1 +,34,counter_var_0 var_1 +
4332,115 0 106 35 113,14,115 15 82 67 113,0,15,14,13,4,5,13,var_0 counter_var_1 +,29,counter_var_0 var_1 +
4333,115 63 92 2 113,5,115 92 48 89 113,5,5,0,2,2,27,7,var_0 counter_var_1 +,5,counter_var_0 var_1 +
4334,115 63 109 79 113,22,115 58 51 97 113,5,0,17,5,17,4,10,var_0 counter_var_1 +,17,counter_var_0 var_1 +
4335,115 44 60 44 113,29,115 34 56 59 113,15,5,14,10,13,28,25,var_0 counter_var_1 +,19,counter_var_0 var_1 +
4336,115 33 5 47 113,9,115 4 1 40 113,4,4,5,1,16,9,5,var_0 counter_var_1 +,9,counter_var_0 var_1 +
4337,115 95 46 80 113,8,115 44 107 60 113,8,15,0,15,18,29,23,var_0 counter_var_1 +,15,counter_var_0 var_1 +
4338,115 42 30 70 113,20,115 56 62 41 113,13,27,7,16,8,10,29,var_0 counter_var_1 +,34,counter_var_0 var_1 +
4339,115 24 47 34 113,25,115 109 96 6 113,24,22,1,4,3,6,28,var_0 counter_var_1 +,23,counter_var_0 var_1 +
4340,115 40 20 8 113,31,115 68 68 100 113,11,10,20,22,8,7,33,var_0 counter_var_1 +,30,counter_var_0 var_1 +
4341,115 59 109 79 113,18,115 40 63 43 113,1,11,17,17,17,12,18,var_0 counter_var_1 +,28,counter_var_0 var_1 +
4342,115 40 66 102 113,31,115 22 38 20 113,11,22,20,15,9,20,26,var_0 counter_var_1 +,42,counter_var_0 var_1 +
4343,115 62 108 58 113,20,115 43 59 23 113,4,14,16,13,27,23,17,var_0 counter_var_1 +,30,counter_var_0 var_1 +
4344,115 26 47 34 113,27,115 17 32 64 113,26,17,1,9,3,2,35,var_0 counter_var_1 +,18,counter_var_0 var_1 +
4345,115 109 85 3 113,38,115 79 53 51 113,22,21,16,7,3,20,29,var_0 counter_var_1 +,37,counter_var_0 var_1 +
4346,115 79 31 109 113,29,115 17 27 88 113,21,17,8,4,16,26,25,var_0 counter_var_1 +,25,counter_var_0 var_1 +
4347,115 74 96 6 113,20,115 70 56 59 113,16,12,4,10,6,28,26,var_0 counter_var_1 +,16,counter_var_0 var_1 +
4348,115 24 48 89 113,26,115 34 46 80 113,24,5,2,0,27,18,24,var_0 counter_var_1 +,7,counter_var_0 var_1 +
4349,115 21 17 108 113,38,115 19 110 61 113,21,19,17,18,15,30,39,var_0 counter_var_1 +,36,counter_var_0 var_1 +
4350,115 101 83 38 113,28,115 100 88 66 113,14,13,14,19,7,4,33,var_0 counter_var_1 +,27,counter_var_0 var_1 +
4351,115 99 55 48 113,21,115 33 85 3 113,12,4,9,16,17,3,28,var_0 counter_var_1 +,13,counter_var_0 var_1 +
4352,115 32 74 13 113,8,115 60 69 99 113,3,2,5,0,13,6,3,var_0 counter_var_1 +,7,counter_var_0 var_1 +
4353,115 65 73 96 113,11,115 37 44 107 113,7,8,4,21,3,14,28,var_0 counter_var_1 +,12,counter_var_0 var_1 +
4354,115 0 84 32 113,15,115 112 37 42 113,0,25,15,14,1,11,14,var_0 counter_var_1 +,40,counter_var_0 var_1 +
4355,115 22 60 44 113,36,115 86 20 8 113,22,28,14,20,13,8,42,var_0 counter_var_1 +,42,counter_var_0 var_1 +
4356,115 79 88 66 113,40,115 13 99 85 113,21,13,19,7,4,23,28,var_0 counter_var_1 +,32,counter_var_0 var_1 +
4357,115 96 56 59 113,19,115 57 39 14 113,9,28,10,16,28,14,25,var_0 counter_var_1 +,38,counter_var_0 var_1 +
4358,115 42 82 67 113,26,115 91 16 94 113,13,4,13,16,5,1,29,var_0 counter_var_1 +,17,counter_var_0 var_1 +
4359,115 28 109 79 113,45,115 80 61 18 113,28,22,17,15,17,18,43,var_0 counter_var_1 +,39,counter_var_0 var_1 +
4360,115 41 74 13 113,17,115 51 91 33 113,12,22,5,22,13,2,34,var_0 counter_var_1 +,27,counter_var_0 var_1 +
4361,115 101 49 72 113,17,115 72 103 49 113,14,14,3,11,10,18,25,var_0 counter_var_1 +,17,counter_var_0 var_1 +
4362,115 105 39 14 113,34,115 85 54 83 113,18,27,16,8,14,21,26,var_0 counter_var_1 +,43,counter_var_0 var_1 +
4363,115 9 32 64 113,18,115 94 105 62 113,9,7,9,13,2,0,22,var_0 counter_var_1 +,16,counter_var_0 var_1 +
4364,115 50 59 23 113,34,115 1 37 42 113,21,1,13,14,23,11,35,var_0 counter_var_1 +,14,counter_var_0 var_1 +
4365,115 78 74 13 113,25,115 22 32 64 113,20,22,5,9,13,2,29,var_0 counter_var_1 +,27,counter_var_0 var_1 +
4366,115 51 1 40 113,23,115 66 10 68 113,22,8,1,10,9,6,32,var_0 counter_var_1 +,9,counter_var_0 var_1 +
4367,115 111 56 59 113,34,115 35 50 77 113,24,6,10,4,28,15,28,var_0 counter_var_1 +,16,counter_var_0 var_1 +
4368,115 0 79 57 113,10,115 102 106 35 113,0,15,10,14,26,4,14,var_0 counter_var_1 +,25,counter_var_0 var_1 +
4369,115 2 71 74 113,4,115 71 90 90 113,2,13,2,21,12,28,23,var_0 counter_var_1 +,15,counter_var_0 var_1 +
4370,115 58 8 26 113,8,115 69 23 4 113,0,11,8,0,26,4,0,var_0 counter_var_1 +,19,counter_var_0 var_1 +
4371,115 61 31 109 113,11,115 87 31 109 113,3,0,8,8,16,16,11,var_0 counter_var_1 +,8,counter_var_0 var_1 +
4372,115 32 7 10 113,10,115 62 6 56 113,3,4,7,6,10,25,9,var_0 counter_var_1 +,11,counter_var_0 var_1 +
4373,115 1 57 1 113,12,115 33 93 37 113,1,4,11,1,1,6,2,var_0 counter_var_1 +,15,counter_var_0 var_1 +
4374,115 14 98 78 113,20,115 45 102 16 113,14,16,6,10,16,16,24,var_0 counter_var_1 +,22,counter_var_0 var_1 +
4375,115 17 57 1 113,28,115 60 80 31 113,17,2,11,11,1,0,28,var_0 counter_var_1 +,13,counter_var_0 var_1 +
4376,115 48 88 66 113,38,115 109 86 45 113,19,22,19,17,4,14,36,var_0 counter_var_1 +,41,counter_var_0 var_1 +
4377,115 16 93 37 113,17,115 37 24 5 113,16,8,1,1,6,5,17,var_0 counter_var_1 +,9,counter_var_0 var_1 +
4378,115 98 97 81 113,16,115 100 52 95 113,11,13,5,6,19,2,17,var_0 counter_var_1 +,18,counter_var_0 var_1 +
4379,115 10 48 89 113,12,115 63 12 21 113,10,5,2,12,27,21,22,var_0 counter_var_1 +,7,counter_var_0 var_1 +
4380,115 18 6 56 113,24,115 9 92 2 113,18,9,6,0,25,2,18,var_0 counter_var_1 +,15,counter_var_0 var_1 +
4381,115 61 10 68 113,13,115 97 90 90 113,3,10,10,21,6,28,24,var_0 counter_var_1 +,20,counter_var_0 var_1 +
4382,115 110 81 54 113,35,115 29 34 27 113,23,0,12,11,23,27,34,var_0 counter_var_1 +,12,counter_var_0 var_1 +
4383,115 111 103 49 113,35,115 23 49 72 113,24,23,11,3,18,10,27,var_0 counter_var_1 +,34,counter_var_0 var_1 +
4384,115 68 80 31 113,21,115 18 79 57 113,10,18,11,10,0,26,20,var_0 counter_var_1 +,29,counter_var_0 var_1 +
4385,115 99 61 18 113,27,115 3 17 108 113,12,3,15,17,18,15,29,var_0 counter_var_1 +,18,counter_var_0 var_1 +
4386,115 98 3 15 113,14,115 60 105 62 113,11,2,3,13,15,0,24,var_0 counter_var_1 +,5,counter_var_0 var_1 +
4387,115 43 82 67 113,27,115 85 105 62 113,14,27,13,13,5,0,27,var_0 counter_var_1 +,40,counter_var_0 var_1 +
4388,115 39 16 94 113,26,115 13 81 54 113,10,13,16,12,1,23,22,var_0 counter_var_1 +,29,counter_var_0 var_1 +
4389,115 36 27 88 113,11,115 21 65 17 113,7,21,4,19,26,17,26,var_0 counter_var_1 +,25,counter_var_0 var_1 +
4390,115 23 12 21 113,35,115 34 13 91 113,23,5,12,13,21,29,36,var_0 counter_var_1 +,17,counter_var_0 var_1 +
4391,115 43 99 85 113,21,115 92 85 3 113,14,5,7,16,23,3,30,var_0 counter_var_1 +,12,counter_var_0 var_1 +
4392,115 26 77 105 113,34,115 46 2 63 113,26,17,8,2,12,1,28,var_0 counter_var_1 +,25,counter_var_0 var_1 +
4393,115 74 17 108 113,33,115 61 11 30 113,16,3,17,11,15,30,27,var_0 counter_var_1 +,20,counter_var_0 var_1 +
4394,115 35 76 93 113,13,115 86 56 59 113,6,28,7,10,0,28,16,var_0 counter_var_1 +,35,counter_var_0 var_1 +
4395,115 75 100 0 113,25,115 30 48 89 113,17,1,8,2,0,27,19,var_0 counter_var_1 +,9,counter_var_0 var_1 +
4396,115 90 43 110 113,23,115 77 16 94 113,3,19,20,16,17,1,19,var_0 counter_var_1 +,39,counter_var_0 var_1 +
4397,115 9 45 76 113,31,115 9 57 1 113,9,9,22,11,14,1,20,var_0 counter_var_1 +,31,counter_var_0 var_1 +
4398,115 73 69 99 113,15,115 96 20 8 113,15,9,0,20,6,8,35,var_0 counter_var_1 +,9,counter_var_0 var_1 +
4399,115 29 53 51 113,7,115 108 31 109 113,0,21,7,8,20,16,8,var_0 counter_var_1 +,28,counter_var_0 var_1 +
4400,115 28 48 89 113,30,115 68 14 24 113,28,10,2,14,27,24,42,var_0 counter_var_1 +,12,counter_var_0 var_1 +
4401,115 29 2 63 113,2,115 17 3 15 113,0,17,2,3,1,15,3,var_0 counter_var_1 +,19,counter_var_0 var_1 +
4402,115 87 102 16 113,10,115 95 62 41 113,0,8,10,16,16,10,16,var_0 counter_var_1 +,18,counter_var_0 var_1 +
4403,115 76 54 83 113,26,115 54 92 2 113,18,25,8,0,21,2,18,var_0 counter_var_1 +,33,counter_var_0 var_1 +
4404,115 40 67 46 113,32,115 71 8 26 113,11,13,21,8,15,26,19,var_0 counter_var_1 +,34,counter_var_0 var_1 +
4405,115 85 101 104 113,36,115 13 88 66 113,27,13,9,19,11,4,46,var_0 counter_var_1 +,22,counter_var_0 var_1 +
4406,115 91 5 47 113,9,115 72 17 108 113,4,14,5,17,16,15,21,var_0 counter_var_1 +,19,counter_var_0 var_1 +
4407,115 19 92 2 113,19,115 106 72 71 113,19,19,0,3,2,9,22,var_0 counter_var_1 +,19,counter_var_0 var_1 +
4408,115 107 12 21 113,32,115 63 66 102 113,20,5,12,20,21,9,40,var_0 counter_var_1 +,17,counter_var_0 var_1 +
4409,115 8 110 61 113,26,115 46 32 64 113,8,17,18,9,30,2,17,var_0 counter_var_1 +,35,counter_var_0 var_1 +
4410,115 80 87 69 113,40,115 32 38 20 113,22,3,18,15,7,20,37,var_0 counter_var_1 +,21,counter_var_0 var_1 +
4411,115 84 96 6 113,30,115 8 78 65 113,26,8,4,9,6,3,35,var_0 counter_var_1 +,12,counter_var_0 var_1 +
4412,115 10 90 90 113,31,115 105 96 6 113,10,18,21,4,28,6,14,var_0 counter_var_1 +,39,counter_var_0 var_1 +
4413,115 37 61 18 113,23,115 66 108 58 113,8,8,15,16,18,27,24,var_0 counter_var_1 +,23,counter_var_0 var_1 +
4414,115 78 1 40 113,21,115 87 72 71 113,20,0,1,3,9,9,23,var_0 counter_var_1 +,1,counter_var_0 var_1 +
4415,115 73 44 107 113,36,115 9 75 82 113,15,9,21,6,14,20,21,var_0 counter_var_1 +,30,counter_var_0 var_1 +
4416,115 85 88 66 113,46,115 70 66 102 113,27,12,19,20,4,9,47,var_0 counter_var_1 +,31,counter_var_0 var_1 +
4417,115 71 70 36 113,14,115 32 104 84 113,13,3,1,12,5,22,25,var_0 counter_var_1 +,4,counter_var_0 var_1 +
4418,115 96 19 86 113,28,115 70 75 82 113,9,12,19,6,24,20,15,var_0 counter_var_1 +,31,counter_var_0 var_1 +
4419,115 87 97 81 113,5,115 14 55 48 113,0,14,5,9,19,17,9,var_0 counter_var_1 +,19,counter_var_0 var_1 +
4420,115 61 61 18 113,18,115 29 21 92 113,3,0,15,21,18,30,24,var_0 counter_var_1 +,15,counter_var_0 var_1 +
4421,115 2 107 60 113,17,115 14 30 70 113,2,14,15,7,29,8,9,var_0 counter_var_1 +,29,counter_var_0 var_1 +
4422,115 34 75 82 113,11,115 0 37 42 113,5,0,6,14,20,11,19,var_0 counter_var_1 +,6,counter_var_0 var_1 +
4423,115 64 13 91 113,19,115 12 45 76 113,6,12,13,22,29,14,28,var_0 counter_var_1 +,25,counter_var_0 var_1 +
4424,115 99 106 35 113,26,115 10 46 80 113,12,10,14,0,4,18,12,var_0 counter_var_1 +,24,counter_var_0 var_1 +
4425,115 28 9 87 113,37,115 84 39 14 113,28,26,9,16,25,14,44,var_0 counter_var_1 +,35,counter_var_0 var_1 +
4426,115 76 15 53 113,33,115 73 87 69 113,18,15,15,18,22,7,36,var_0 counter_var_1 +,30,counter_var_0 var_1 +
4427,115 51 25 111 113,24,115 73 33 50 113,22,15,2,10,18,19,32,var_0 counter_var_1 +,17,counter_var_0 var_1 +
4428,115 60 94 39 113,4,115 22 103 49 113,2,22,2,11,8,18,13,var_0 counter_var_1 +,24,counter_var_0 var_1 +
4429,115 13 97 81 113,18,115 75 65 17 113,13,17,5,19,19,17,32,var_0 counter_var_1 +,22,counter_var_0 var_1 +
4430,115 30 16 94 113,17,115 20 98 78 113,1,20,16,6,1,16,7,var_0 counter_var_1 +,36,counter_var_0 var_1 +
4431,115 16 4 52 113,20,115 41 97 81 113,16,12,4,5,21,19,21,var_0 counter_var_1 +,16,counter_var_0 var_1 +
4432,115 91 38 20 113,19,115 90 71 74 113,4,3,15,2,20,12,6,var_0 counter_var_1 +,18,counter_var_0 var_1 +
4433,115 31 95 29 113,5,115 10 75 82 113,2,10,3,6,29,20,8,var_0 counter_var_1 +,13,counter_var_0 var_1 +
4434,115 27 46 80 113,27,115 51 70 36 113,27,22,0,1,18,5,28,var_0 counter_var_1 +,22,counter_var_0 var_1 +
4435,115 65 77 105 113,15,115 45 103 49 113,7,16,8,11,12,18,18,var_0 counter_var_1 +,24,counter_var_0 var_1 +
4436,115 46 88 66 113,36,115 64 110 61 113,17,6,19,18,4,30,35,var_0 counter_var_1 +,25,counter_var_0 var_1 +
4437,115 44 58 98 113,27,115 62 106 35 113,15,4,12,14,5,4,29,var_0 counter_var_1 +,16,counter_var_0 var_1 +
4438,115 67 42 55 113,28,115 67 17 108 113,9,9,19,17,24,15,26,var_0 counter_var_1 +,28,counter_var_0 var_1 +
4439,115 89 51 97 113,7,115 90 49 72 113,2,3,5,3,4,10,5,var_0 counter_var_1 +,8,counter_var_0 var_1 +
4440,115 51 24 5 113,23,115 101 82 67 113,22,14,1,13,5,5,35,var_0 counter_var_1 +,15,counter_var_0 var_1 +
4441,115 5 61 18 113,20,115 30 72 71 113,5,1,15,3,18,9,8,var_0 counter_var_1 +,16,counter_var_0 var_1 +
4442,115 26 13 91 113,39,115 100 36 106 113,26,13,13,13,29,13,39,var_0 counter_var_1 +,26,counter_var_0 var_1 +
4443,115 76 67 46 113,39,115 78 106 35 113,18,20,21,14,15,4,32,var_0 counter_var_1 +,41,counter_var_0 var_1 +
4444,115 35 111 12 113,25,115 1 86 45 113,6,1,19,17,12,14,23,var_0 counter_var_1 +,20,counter_var_0 var_1 +
4445,115 16 66 102 113,36,115 35 90 90 113,16,6,20,21,9,28,37,var_0 counter_var_1 +,26,counter_var_0 var_1 +
4446,115 12 65 17 113,31,115 89 43 110 113,12,2,19,20,17,17,32,var_0 counter_var_1 +,21,counter_var_0 var_1 +
4447,115 32 77 105 113,11,115 39 56 59 113,3,10,8,10,12,28,13,var_0 counter_var_1 +,18,counter_var_0 var_1 +
4448,115 92 52 95 113,11,115 16 94 39 113,5,16,6,2,2,8,7,var_0 counter_var_1 +,22,counter_var_0 var_1 +
4449,115 68 24 5 113,11,115 99 42 55 113,10,12,1,19,5,24,29,var_0 counter_var_1 +,13,counter_var_0 var_1 +
4450,115 7 86 45 113,24,115 31 101 104 113,7,2,17,9,14,11,16,var_0 counter_var_1 +,19,counter_var_0 var_1 +
4451,115 3 50 77 113,7,115 80 0 101 113,3,22,4,0,15,8,3,var_0 counter_var_1 +,26,counter_var_0 var_1 +
4452,115 100 91 33 113,35,115 30 60 44 113,13,1,22,14,2,13,27,var_0 counter_var_1 +,23,counter_var_0 var_1 +
4453,115 62 68 100 113,26,115 77 37 42 113,4,19,22,14,7,11,18,var_0 counter_var_1 +,41,counter_var_0 var_1 +
4454,115 107 92 2 113,20,115 50 68 100 113,20,21,0,22,2,7,42,var_0 counter_var_1 +,21,counter_var_0 var_1 +
4455,115 9 15 53 113,24,115 56 94 39 113,9,27,15,2,22,8,11,var_0 counter_var_1 +,42,counter_var_0 var_1 +
4456,115 97 2 63 113,12,115 65 5 47 113,10,7,2,5,1,16,15,var_0 counter_var_1 +,9,counter_var_0 var_1 +
4457,115 47 49 72 113,21,115 35 22 75 113,18,6,3,22,10,13,40,var_0 counter_var_1 +,9,counter_var_0 var_1 +
4458,115 94 62 41 113,23,115 53 58 98 113,7,24,16,12,10,5,19,var_0 counter_var_1 +,40,counter_var_0 var_1 +
4459,115 106 75 82 113,25,115 111 48 89 113,19,24,6,2,20,27,21,var_0 counter_var_1 +,30,counter_var_0 var_1 +
4460,115 109 30 70 113,29,115 110 47 34 113,22,23,7,1,8,3,23,var_0 counter_var_1 +,30,counter_var_0 var_1 +
4461,115 107 96 6 113,24,115 97 95 29 113,20,10,4,3,6,29,23,var_0 counter_var_1 +,14,counter_var_0 var_1 +
4462,115 86 14 24 113,42,115 47 69 99 113,28,18,14,0,24,6,28,var_0 counter_var_1 +,32,counter_var_0 var_1 +
4463,115 55 104 84 113,38,115 52 68 100 113,26,23,12,22,22,7,48,var_0 counter_var_1 +,35,counter_var_0 var_1 +
4464,115 110 40 11 113,40,115 43 109 79 113,23,14,17,17,11,17,40,var_0 counter_var_1 +,31,counter_var_0 var_1 +
4465,115 101 80 31 113,25,115 31 63 43 113,14,2,11,17,0,12,31,var_0 counter_var_1 +,13,counter_var_0 var_1 +
4466,115 109 68 100 113,44,115 82 71 74 113,22,24,22,2,7,12,24,var_0 counter_var_1 +,46,counter_var_0 var_1 +
4467,115 112 26 112 113,28,115 8 44 107 113,25,8,3,21,19,14,46,var_0 counter_var_1 +,11,counter_var_0 var_1 +
4468,115 79 49 72 113,24,115 99 73 96 113,21,12,3,4,10,3,25,var_0 counter_var_1 +,15,counter_var_0 var_1 +
4469,115 21 52 95 113,27,115 110 108 58 113,21,23,6,16,2,27,37,var_0 counter_var_1 +,29,counter_var_0 var_1 +
4470,115 19 9 87 113,28,115 60 14 24 113,19,2,9,14,25,24,33,var_0 counter_var_1 +,11,counter_var_0 var_1 +
4471,115 94 11 30 113,18,115 96 102 16 113,7,9,11,10,30,16,17,var_0 counter_var_1 +,20,counter_var_0 var_1 +
4472,115 11 21 92 113,32,115 35 40 11 113,11,6,21,17,30,11,28,var_0 counter_var_1 +,27,counter_var_0 var_1 +
4473,115 40 87 69 113,29,115 80 112 103 113,11,22,18,20,7,10,31,var_0 counter_var_1 +,40,counter_var_0 var_1 +
4474,115 84 36 106 113,39,115 81 105 62 113,26,23,13,13,13,0,39,var_0 counter_var_1 +,36,counter_var_0 var_1 +
4475,115 7 55 48 113,16,115 34 99 85 113,7,5,9,7,17,23,14,var_0 counter_var_1 +,14,counter_var_0 var_1 +
4476,115 71 99 85 113,20,115 25 88 66 113,13,25,7,19,23,4,32,var_0 counter_var_1 +,32,counter_var_0 var_1 +
4477,115 57 31 109 113,36,115 2 44 107 113,28,2,8,21,16,14,49,var_0 counter_var_1 +,10,counter_var_0 var_1 +
4478,115 43 64 19 113,32,115 94 48 89 113,14,7,18,2,19,27,16,var_0 counter_var_1 +,25,counter_var_0 var_1 +
4479,115 38 41 22 113,27,115 81 26 112 113,9,23,18,3,22,19,12,var_0 counter_var_1 +,41,counter_var_0 var_1 +
4480,115 16 103 49 113,27,115 75 43 110 113,16,17,11,20,18,17,36,var_0 counter_var_1 +,28,counter_var_0 var_1 +
4481,115 99 69 99 113,12,115 71 53 51 113,12,13,0,7,6,20,19,var_0 counter_var_1 +,13,counter_var_0 var_1 +
4482,115 61 92 2 113,3,115 30 64 19 113,3,1,0,18,2,19,21,var_0 counter_var_1 +,1,counter_var_0 var_1 +
4483,115 97 42 55 113,29,115 23 9 87 113,10,23,19,9,24,25,19,var_0 counter_var_1 +,42,counter_var_0 var_1 +
4484,115 69 37 42 113,25,115 96 21 92 113,11,9,14,21,11,30,32,var_0 counter_var_1 +,23,counter_var_0 var_1 +
4485,115 83 7 10 113,32,115 28 73 96 113,25,28,7,4,10,3,29,var_0 counter_var_1 +,35,counter_var_0 var_1 +
4486,115 5 50 77 113,9,115 25 79 57 113,5,25,4,10,15,26,15,var_0 counter_var_1 +,29,counter_var_0 var_1 +
4487,115 112 27 88 113,29,115 12 79 57 113,25,12,4,10,26,26,35,var_0 counter_var_1 +,16,counter_var_0 var_1 +
4488,115 61 50 77 113,7,115 78 87 69 113,3,20,4,18,15,7,21,var_0 counter_var_1 +,24,counter_var_0 var_1 +
4489,115 56 14 24 113,41,115 11 66 102 113,27,11,14,20,24,9,47,var_0 counter_var_1 +,25,counter_var_0 var_1 +
4490,115 54 46 80 113,25,115 13 3 15 113,25,13,0,3,18,15,28,var_0 counter_var_1 +,13,counter_var_0 var_1 +
4491,115 76 69 99 113,18,115 41 15 53 113,18,12,0,15,6,22,33,var_0 counter_var_1 +,12,counter_var_0 var_1 +
4492,115 71 88 66 113,32,115 97 13 91 113,13,10,19,13,4,29,26,var_0 counter_var_1 +,29,counter_var_0 var_1 +
4493,115 64 75 82 113,12,115 85 94 39 113,6,27,6,2,20,8,8,var_0 counter_var_1 +,33,counter_var_0 var_1 +
4494,115 66 67 46 113,29,115 109 7 10 113,8,22,21,7,15,10,15,var_0 counter_var_1 +,43,counter_var_0 var_1 +
4495,115 47 71 74 113,20,115 55 59 23 113,18,26,2,13,12,23,31,var_0 counter_var_1 +,28,counter_var_0 var_1 +
4496,115 90 76 93 113,10,115 24 77 105 113,3,24,7,8,0,12,11,var_0 counter_var_1 +,31,counter_var_0 var_1 +
4497,115 84 26 112 113,29,115 8 75 82 113,26,8,3,6,19,20,32,var_0 counter_var_1 +,11,counter_var_0 var_1 +
4498,115 50 29 25 113,27,115 82 75 82 113,21,24,6,6,25,20,27,var_0 counter_var_1 +,30,counter_var_0 var_1 +
4499,115 71 96 6 113,17,115 63 100 0 113,13,5,4,8,6,0,21,var_0 counter_var_1 +,9,counter_var_0 var_1 +
4500,115 101 99 85 113,21,115 67 9 87 113,14,9,7,9,23,25,23,var_0 counter_var_1 +,16,counter_var_0 var_1 +
4501,115 76 62 41 113,34,115 106 77 105 113,18,19,16,8,10,12,26,var_0 counter_var_1 +,35,counter_var_0 var_1 +
4502,115 97 17 108 113,27,115 63 102 16 113,10,5,17,10,15,16,20,var_0 counter_var_1 +,22,counter_var_0 var_1 +
4503,115 74 77 105 113,24,115 3 2 63 113,16,3,8,2,12,1,18,var_0 counter_var_1 +,11,counter_var_0 var_1 +
4504,115 69 35 9 113,23,115 95 58 98 113,11,8,12,12,9,5,23,var_0 counter_var_1 +,20,counter_var_0 var_1 +
4505,115 105 1 40 113,19,115 43 95 29 113,18,14,1,3,9,29,21,var_0 counter_var_1 +,15,counter_var_0 var_1 +
4506,115 9 51 97 113,14,115 57 89 28 113,9,28,5,20,4,28,29,var_0 counter_var_1 +,33,counter_var_0 var_1 +
4507,115 82 0 101 113,24,115 4 17 108 113,24,4,0,17,8,15,41,var_0 counter_var_1 +,4,counter_var_0 var_1 +
4508,115 53 59 23 113,37,115 89 17 108 113,24,2,13,17,23,15,41,var_0 counter_var_1 +,15,counter_var_0 var_1 +
4509,115 15 75 82 113,21,115 59 89 28 113,15,1,6,20,20,28,35,var_0 counter_var_1 +,7,counter_var_0 var_1 +
4510,115 74 46 80 113,16,115 66 105 62 113,16,8,0,13,18,0,29,var_0 counter_var_1 +,8,counter_var_0 var_1 +
4511,115 43 41 22 113,32,115 43 108 58 113,14,14,18,16,22,27,30,var_0 counter_var_1 +,32,counter_var_0 var_1 +
4512,115 22 25 111 113,24,115 50 24 5 113,22,21,2,1,18,5,23,var_0 counter_var_1 +,23,counter_var_0 var_1 +
4513,115 42 109 79 113,30,115 53 35 9 113,13,24,17,12,17,9,25,var_0 counter_var_1 +,41,counter_var_0 var_1 +
4514,115 90 97 81 113,8,115 84 98 78 113,3,26,5,6,19,16,9,var_0 counter_var_1 +,31,counter_var_0 var_1 +
4515,115 54 32 64 113,34,115 47 48 89 113,25,18,9,2,2,27,27,var_0 counter_var_1 +,27,counter_var_0 var_1 +
4516,115 30 30 70 113,8,115 91 5 47 113,1,4,7,5,8,16,6,var_0 counter_var_1 +,11,counter_var_0 var_1 +
4517,115 111 50 77 113,28,115 66 3 15 113,24,8,4,3,15,15,27,var_0 counter_var_1 +,12,counter_var_0 var_1 +
4518,115 96 99 85 113,16,115 27 75 82 113,9,27,7,6,23,20,15,var_0 counter_var_1 +,34,counter_var_0 var_1 +
4519,115 15 96 6 113,19,115 12 6 56 113,15,12,4,6,6,25,21,var_0 counter_var_1 +,16,counter_var_0 var_1 +
4520,115 57 88 66 113,47,115 2 20 8 113,28,2,19,20,4,8,48,var_0 counter_var_1 +,21,counter_var_0 var_1 +
4521,115 90 21 92 113,24,115 8 52 95 113,3,8,21,6,30,2,9,var_0 counter_var_1 +,29,counter_var_0 var_1 +
4522,115 84 81 54 113,38,115 86 65 17 113,26,28,12,19,23,17,45,var_0 counter_var_1 +,40,counter_var_0 var_1 +
4523,115 64 104 84 113,18,115 74 59 23 113,6,16,12,13,22,23,19,var_0 counter_var_1 +,28,counter_var_0 var_1 +
4524,115 91 65 17 113,23,115 60 18 73 113,4,2,19,18,17,11,22,var_0 counter_var_1 +,21,counter_var_0 var_1 +
4525,115 50 110 61 113,39,115 58 100 0 113,21,0,18,8,30,0,29,var_0 counter_var_1 +,18,counter_var_0 var_1 +
4526,115 44 108 58 113,31,115 58 32 64 113,15,0,16,9,27,2,24,var_0 counter_var_1 +,16,counter_var_0 var_1 +
4527,115 91 1 40 113,5,115 25 76 93 113,4,25,1,7,9,0,11,var_0 counter_var_1 +,26,counter_var_0 var_1 +
4528,115 44 56 59 113,25,115 6 82 67 113,15,6,10,13,28,5,28,var_0 counter_var_1 +,16,counter_var_0 var_1 +
4529,115 49 55 48 113,29,115 77 70 36 113,20,19,9,1,17,5,21,var_0 counter_var_1 +,28,counter_var_0 var_1 +
4530,115 26 52 95 113,32,115 63 54 83 113,26,5,6,8,2,21,34,var_0 counter_var_1 +,11,counter_var_0 var_1 +
4531,115 47 42 55 113,37,115 27 64 19 113,18,27,19,18,24,19,36,var_0 counter_var_1 +,46,counter_var_0 var_1 +
4532,115 107 103 49 113,31,115 14 18 73 113,20,14,11,18,18,11,38,var_0 counter_var_1 +,25,counter_var_0 var_1 +
4533,115 22 53 51 113,29,115 69 77 105 113,22,11,7,8,20,12,30,var_0 counter_var_1 +,18,counter_var_0 var_1 +
4534,115 6 77 105 113,14,115 11 21 92 113,6,11,8,21,12,30,27,var_0 counter_var_1 +,19,counter_var_0 var_1 +
4535,115 50 103 49 113,32,115 9 83 38 113,21,9,11,14,18,7,35,var_0 counter_var_1 +,20,counter_var_0 var_1 +
4536,115 4 22 75 113,26,115 51 14 24 113,4,22,22,14,13,24,18,var_0 counter_var_1 +,44,counter_var_0 var_1 +
4537,115 88 20 8 113,21,115 38 6 56 113,1,9,20,6,8,25,7,var_0 counter_var_1 +,29,counter_var_0 var_1 +
4538,115 56 66 102 113,47,115 103 2 63 113,27,16,20,2,9,1,29,var_0 counter_var_1 +,36,counter_var_0 var_1 +
4539,115 91 46 80 113,4,115 66 75 82 113,4,8,0,6,18,20,10,var_0 counter_var_1 +,8,counter_var_0 var_1 +
4540,115 38 21 92 113,30,115 13 59 23 113,9,13,21,13,30,23,22,var_0 counter_var_1 +,34,counter_var_0 var_1 +
4541,115 50 0 101 113,21,115 37 22 75 113,21,8,0,22,8,13,43,var_0 counter_var_1 +,8,counter_var_0 var_1 +
4542,115 60 88 66 113,21,115 72 1 40 113,2,14,19,1,4,9,3,var_0 counter_var_1 +,33,counter_var_0 var_1 +
4543,115 48 89 28 113,39,115 30 36 106 113,19,1,20,13,28,13,32,var_0 counter_var_1 +,21,counter_var_0 var_1 +
4544,115 51 79 57 113,32,115 94 63 43 113,22,7,10,17,26,12,39,var_0 counter_var_1 +,17,counter_var_0 var_1 +
4545,115 91 27 88 113,8,115 104 102 16 113,4,17,4,10,26,16,14,var_0 counter_var_1 +,21,counter_var_0 var_1 +
4546,115 17 105 62 113,30,115 90 86 45 113,17,3,13,17,0,14,34,var_0 counter_var_1 +,16,counter_var_0 var_1 +
4547,115 43 52 95 113,20,115 39 5 47 113,14,10,6,5,2,16,19,var_0 counter_var_1 +,16,counter_var_0 var_1 +
4548,115 65 90 90 113,28,115 22 45 76 113,7,22,21,22,28,14,29,var_0 counter_var_1 +,43,counter_var_0 var_1 +
4549,115 12 43 110 113,32,115 26 8 26 113,12,26,20,8,17,26,20,var_0 counter_var_1 +,46,counter_var_0 var_1 +
4550,115 49 45 76 113,42,115 96 109 79 113,20,9,22,17,14,17,37,var_0 counter_var_1 +,31,counter_var_0 var_1 +
4551,115 79 66 102 113,41,115 17 54 83 113,21,17,20,8,9,21,29,var_0 counter_var_1 +,37,counter_var_0 var_1 +
4552,115 41 44 107 113,33,115 48 41 22 113,12,19,21,18,14,22,30,var_0 counter_var_1 +,40,counter_var_0 var_1 +
4553,115 37 24 5 113,9,115 1 13 91 113,8,1,1,13,5,29,21,var_0 counter_var_1 +,2,counter_var_0 var_1 +
4554,115 51 23 4 113,22,115 42 23 4 113,22,13,0,0,4,4,22,var_0 counter_var_1 +,13,counter_var_0 var_1 +
4555,115 23 96 6 113,27,115 111 9 87 113,23,24,4,9,6,25,32,var_0 counter_var_1 +,28,counter_var_0 var_1 +
4556,115 98 99 85 113,18,115 63 29 25 113,11,5,7,6,23,25,17,var_0 counter_var_1 +,12,counter_var_0 var_1 +
4557,115 80 81 54 113,34,115 34 23 4 113,22,5,12,0,23,4,22,var_0 counter_var_1 +,17,counter_var_0 var_1 +
4558,115 30 103 49 113,12,115 75 40 11 113,1,17,11,17,18,11,18,var_0 counter_var_1 +,28,counter_var_0 var_1 +
4559,115 29 89 28 113,20,115 23 66 102 113,0,23,20,20,28,9,20,var_0 counter_var_1 +,43,counter_var_0 var_1 +
4560,115 38 56 59 113,19,115 72 46 80 113,9,14,10,0,28,18,9,var_0 counter_var_1 +,24,counter_var_0 var_1 +
4561,115 75 79 57 113,27,115 18 52 95 113,17,18,10,6,26,2,23,var_0 counter_var_1 +,28,counter_var_0 var_1 +
4562,115 87 72 71 113,3,115 111 12 21 113,0,24,3,12,9,21,12,var_0 counter_var_1 +,27,counter_var_0 var_1 +
4563,115 81 11 30 113,34,115 36 42 55 113,23,7,11,19,30,24,42,var_0 counter_var_1 +,18,counter_var_0 var_1 +
4564,115 0 82 67 113,13,115 4 16 94 113,0,4,13,16,5,1,16,var_0 counter_var_1 +,17,counter_var_0 var_1 +
4565,115 41 11 30 113,23,115 8 109 79 113,12,8,11,17,30,17,29,var_0 counter_var_1 +,19,counter_var_0 var_1 +
4566,115 86 71 74 113,30,115 56 78 65 113,28,27,2,9,12,3,37,var_0 counter_var_1 +,29,counter_var_0 var_1 +
4567,115 4 51 97 113,9,115 31 12 21 113,4,2,5,12,4,21,16,var_0 counter_var_1 +,7,counter_var_0 var_1 +
4568,115 18 78 65 113,27,115 54 99 85 113,18,25,9,7,3,23,25,var_0 counter_var_1 +,34,counter_var_0 var_1 +
4569,115 34 56 59 113,15,115 83 10 68 113,5,25,10,10,28,6,15,var_0 counter_var_1 +,35,counter_var_0 var_1 +
4570,115 6 12 21 113,18,115 110 4 52 113,6,23,12,4,21,21,10,var_0 counter_var_1 +,35,counter_var_0 var_1 +
4571,115 46 1 40 113,18,115 87 23 4 113,17,0,1,0,9,4,17,var_0 counter_var_1 +,1,counter_var_0 var_1 +
4572,115 35 107 60 113,21,115 3 49 72 113,6,3,15,3,29,10,9,var_0 counter_var_1 +,18,counter_var_0 var_1 +
4573,115 86 28 7 113,33,115 90 47 34 113,28,3,5,1,7,3,29,var_0 counter_var_1 +,8,counter_var_0 var_1 +
4574,115 85 2 63 113,29,115 23 37 42 113,27,23,2,14,1,11,41,var_0 counter_var_1 +,25,counter_var_0 var_1 +
4575,115 18 92 2 113,18,115 14 106 35 113,18,14,0,14,2,4,32,var_0 counter_var_1 +,14,counter_var_0 var_1 +
4576,115 71 33 50 113,23,115 3 104 84 113,13,3,10,12,19,22,25,var_0 counter_var_1 +,13,counter_var_0 var_1 +
4577,115 107 91 33 113,42,115 29 63 43 113,20,0,22,17,2,12,37,var_0 counter_var_1 +,22,counter_var_0 var_1 +
4578,115 5 76 93 113,12,115 14 81 54 113,5,14,7,12,0,23,17,var_0 counter_var_1 +,21,counter_var_0 var_1 +
4579,115 85 48 89 113,29,115 23 36 106 113,27,23,2,13,27,13,40,var_0 counter_var_1 +,25,counter_var_0 var_1 +
4580,115 85 52 95 113,33,115 34 103 49 113,27,5,6,11,2,18,38,var_0 counter_var_1 +,11,counter_var_0 var_1 +
4581,115 72 21 92 113,35,115 102 24 5 113,14,15,21,1,30,5,15,var_0 counter_var_1 +,36,counter_var_0 var_1 +
4582,115 41 63 43 113,29,115 41 80 31 113,12,12,17,11,12,0,23,var_0 counter_var_1 +,29,counter_var_0 var_1 +
4583,115 65 99 85 113,14,115 84 56 59 113,7,26,7,10,23,28,17,var_0 counter_var_1 +,33,counter_var_0 var_1 +
4584,115 79 44 107 113,42,115 88 4 52 113,21,1,21,4,14,21,25,var_0 counter_var_1 +,22,counter_var_0 var_1 +
4585,115 52 27 88 113,27,115 97 46 80 113,23,10,4,0,26,18,23,var_0 counter_var_1 +,14,counter_var_0 var_1 +
4586,115 61 112 103 113,23,115 31 25 111 113,3,2,20,2,10,18,5,var_0 counter_var_1 +,22,counter_var_0 var_1 +
4587,115 36 91 33 113,29,115 4 96 6 113,7,4,22,4,2,6,11,var_0 counter_var_1 +,26,counter_var_0 var_1 +
4588,115 25 25 111 113,27,115 17 53 51 113,25,17,2,7,18,20,32,var_0 counter_var_1 +,19,counter_var_0 var_1 +
4589,115 62 37 42 113,18,115 16 78 65 113,4,16,14,9,11,3,13,var_0 counter_var_1 +,30,counter_var_0 var_1 +
4590,115 23 93 37 113,24,115 32 26 112 113,23,3,1,3,6,19,26,var_0 counter_var_1 +,4,counter_var_0 var_1 +
4591,115 90 86 45 113,20,115 40 59 23 113,3,11,17,13,14,23,16,var_0 counter_var_1 +,28,counter_var_0 var_1 +
4592,115 36 69 99 113,7,115 106 86 45 113,7,19,0,17,6,14,24,var_0 counter_var_1 +,19,counter_var_0 var_1 +
4593,115 24 34 27 113,35,115 97 103 49 113,24,10,11,11,27,18,35,var_0 counter_var_1 +,21,counter_var_0 var_1 +
4594,115 12 72 71 113,15,115 21 3 15 113,12,21,3,3,9,15,15,var_0 counter_var_1 +,24,counter_var_0 var_1 +
4595,115 95 11 30 113,19,115 77 6 56 113,8,19,11,6,30,25,14,var_0 counter_var_1 +,30,counter_var_0 var_1 +
4596,115 31 74 13 113,7,115 77 85 3 113,2,19,5,16,13,3,18,var_0 counter_var_1 +,24,counter_var_0 var_1 +
4597,115 7 81 54 113,19,115 98 44 107 113,7,11,12,21,23,14,28,var_0 counter_var_1 +,23,counter_var_0 var_1 +
4598,115 70 97 81 113,17,115 60 26 112 113,12,2,5,3,19,19,15,var_0 counter_var_1 +,7,counter_var_0 var_1 +
4599,115 5 67 46 113,26,115 106 75 82 113,5,19,21,6,15,20,11,var_0 counter_var_1 +,40,counter_var_0 var_1 +
4600,115 15 72 71 113,18,115 16 64 19 113,15,16,3,18,9,19,33,var_0 counter_var_1 +,19,counter_var_0 var_1 +
4601,115 8 50 77 113,12,115 61 85 3 113,8,3,4,16,15,3,24,var_0 counter_var_1 +,7,counter_var_0 var_1 +
4602,115 59 107 60 113,16,115 103 63 43 113,1,16,15,17,29,12,18,var_0 counter_var_1 +,31,counter_var_0 var_1 +
4603,115 34 90 90 113,26,115 5 69 99 113,5,5,21,0,28,6,5,var_0 counter_var_1 +,26,counter_var_0 var_1 +
4604,115 102 110 61 113,33,115 77 73 96 113,15,19,18,4,30,3,19,var_0 counter_var_1 +,37,counter_var_0 var_1 +
4605,115 17 70 36 113,18,115 21 6 56 113,17,21,1,6,5,25,23,var_0 counter_var_1 +,22,counter_var_0 var_1 +
4606,115 1 105 62 113,14,115 61 1 40 113,1,3,13,1,0,9,2,var_0 counter_var_1 +,16,counter_var_0 var_1 +
4607,115 0 18 73 113,18,115 89 29 25 113,0,2,18,6,11,25,6,var_0 counter_var_1 +,20,counter_var_0 var_1 +
4608,115 88 107 60 113,16,115 8 50 77 113,1,8,15,4,29,15,5,var_0 counter_var_1 +,23,counter_var_0 var_1 +
4609,115 53 12 21 113,36,115 107 87 69 113,24,20,12,18,21,7,42,var_0 counter_var_1 +,32,counter_var_0 var_1 +
4610,115 44 89 28 113,35,115 28 52 95 113,15,28,20,6,28,2,21,var_0 counter_var_1 +,48,counter_var_0 var_1 +
4611,115 54 106 35 113,39,115 100 104 84 113,25,13,14,12,4,22,37,var_0 counter_var_1 +,27,counter_var_0 var_1 +
4612,115 66 11 30 113,19,115 85 71 74 113,8,27,11,2,30,12,10,var_0 counter_var_1 +,38,counter_var_0 var_1 +
4613,115 30 13 91 113,14,115 105 49 72 113,1,18,13,3,29,10,4,var_0 counter_var_1 +,31,counter_var_0 var_1 +
4614,115 61 94 39 113,5,115 40 66 102 113,3,11,2,20,8,9,23,var_0 counter_var_1 +,13,counter_var_0 var_1 +
4615,115 89 110 61 113,20,115 50 65 17 113,2,21,18,19,30,17,21,var_0 counter_var_1 +,39,counter_var_0 var_1 +
4616,115 106 40 11 113,36,115 112 104 84 113,19,25,17,12,11,22,31,var_0 counter_var_1 +,42,counter_var_0 var_1 +
4617,115 110 73 96 113,27,115 69 57 1 113,23,11,4,11,3,1,34,var_0 counter_var_1 +,15,counter_var_0 var_1 +
4618,115 69 107 60 113,26,115 69 43 110 113,11,11,15,20,29,17,31,var_0 counter_var_1 +,26,counter_var_0 var_1 +
4619,115 81 10 68 113,33,115 19 75 82 113,23,19,10,6,6,20,29,var_0 counter_var_1 +,29,counter_var_0 var_1 +
4620,115 38 110 61 113,27,115 16 37 42 113,9,16,18,14,30,11,23,var_0 counter_var_1 +,34,counter_var_0 var_1 +
4621,115 52 39 14 113,39,115 75 69 99 113,23,17,16,0,14,6,23,var_0 counter_var_1 +,33,counter_var_0 var_1 +
4622,115 77 38 20 113,34,115 41 8 26 113,19,12,15,8,20,26,27,var_0 counter_var_1 +,27,counter_var_0 var_1 +
4623,115 73 13 91 113,28,115 52 19 86 113,15,23,13,19,29,24,34,var_0 counter_var_1 +,36,counter_var_0 var_1 +
4624,115 17 104 84 113,29,115 43 16 94 113,17,14,12,16,22,1,33,var_0 counter_var_1 +,26,counter_var_0 var_1 +
4625,115 2 106 35 113,16,115 4 39 14 113,2,4,14,16,4,14,18,var_0 counter_var_1 +,18,counter_var_0 var_1 +
4626,115 33 107 60 113,19,115 99 69 99 113,4,12,15,0,29,6,4,var_0 counter_var_1 +,27,counter_var_0 var_1 +
4627,115 63 103 49 113,16,115 16 90 90 113,5,16,11,21,18,28,26,var_0 counter_var_1 +,27,counter_var_0 var_1 +
4628,115 41 31 109 113,20,115 90 23 4 113,12,3,8,0,16,4,12,var_0 counter_var_1 +,11,counter_var_0 var_1 +
4629,115 86 94 39 113,30,115 73 91 33 113,28,15,2,22,8,2,50,var_0 counter_var_1 +,17,counter_var_0 var_1 +
4630,115 5 102 16 113,15,115 36 98 78 113,5,7,10,6,16,16,11,var_0 counter_var_1 +,17,counter_var_0 var_1 +
4631,115 87 73 96 113,4,115 78 100 0 113,0,20,4,8,3,0,8,var_0 counter_var_1 +,24,counter_var_0 var_1 +
4632,115 26 64 19 113,44,115 7 51 97 113,26,7,18,5,19,4,31,var_0 counter_var_1 +,25,counter_var_0 var_1 +
4633,115 80 0 101 113,22,115 23 55 48 113,22,23,0,9,8,17,31,var_0 counter_var_1 +,23,counter_var_0 var_1 +
4634,115 41 54 83 113,20,115 67 44 107 113,12,9,8,21,21,14,33,var_0 counter_var_1 +,17,counter_var_0 var_1 +
4635,115 43 47 34 113,15,115 89 102 16 113,14,2,1,10,3,16,24,var_0 counter_var_1 +,3,counter_var_0 var_1 +
4636,115 92 73 96 113,9,115 55 55 48 113,5,26,4,9,3,17,14,var_0 counter_var_1 +,30,counter_var_0 var_1 +
4637,115 33 36 106 113,17,115 50 97 81 113,4,21,13,5,13,19,9,var_0 counter_var_1 +,34,counter_var_0 var_1 +
4638,115 1 75 82 113,7,115 96 75 82 113,1,9,6,6,20,20,7,var_0 counter_var_1 +,15,counter_var_0 var_1 +
4639,115 95 29 25 113,14,115 53 10 68 113,8,24,6,10,25,6,18,var_0 counter_var_1 +,30,counter_var_0 var_1 +
4640,115 89 44 107 113,23,115 55 107 60 113,2,26,21,15,14,29,17,var_0 counter_var_1 +,47,counter_var_0 var_1 +
4641,115 46 60 44 113,31,115 105 77 105 113,17,18,14,8,13,12,25,var_0 counter_var_1 +,32,counter_var_0 var_1 +
4642,115 0 4 52 113,4,115 78 62 41 113,0,20,4,16,21,10,16,var_0 counter_var_1 +,24,counter_var_0 var_1 +
4643,115 78 21 92 113,41,115 17 94 39 113,20,17,21,2,30,8,22,var_0 counter_var_1 +,38,counter_var_0 var_1 +
4644,115 3 85 3 113,19,115 92 24 5 113,3,5,16,1,3,5,4,var_0 counter_var_1 +,21,counter_var_0 var_1 +
4645,115 66 93 37 113,9,115 16 82 67 113,8,16,1,13,6,5,21,var_0 counter_var_1 +,17,counter_var_0 var_1 +
4646,115 74 50 77 113,20,115 64 93 37 113,16,6,4,1,15,6,17,var_0 counter_var_1 +,10,counter_var_0 var_1 +
4647,115 43 90 90 113,35,115 19 15 53 113,14,19,21,15,28,22,29,var_0 counter_var_1 +,40,counter_var_0 var_1 +
4648,115 73 65 17 113,34,115 69 101 104 113,15,11,19,9,17,11,24,var_0 counter_var_1 +,30,counter_var_0 var_1 +
4649,115 67 51 97 113,14,115 85 89 28 113,9,27,5,20,4,28,29,var_0 counter_var_1 +,32,counter_var_0 var_1 +
4650,115 42 74 13 113,18,115 11 75 82 113,13,11,5,6,13,20,19,var_0 counter_var_1 +,16,counter_var_0 var_1 +
4651,115 111 12 21 113,36,115 56 111 12 113,24,27,12,19,21,12,43,var_0 counter_var_1 +,39,counter_var_0 var_1 +
4652,115 91 107 60 113,19,115 28 49 72 113,4,28,15,3,29,10,7,var_0 counter_var_1 +,43,counter_var_0 var_1 +
4653,115 11 11 30 113,22,115 29 22 75 113,11,0,11,22,30,13,33,var_0 counter_var_1 +,11,counter_var_0 var_1 +
4654,115 90 105 62 113,16,115 6 37 42 113,3,6,13,14,0,11,17,var_0 counter_var_1 +,19,counter_var_0 var_1 +
4655,115 103 28 7 113,21,115 40 81 54 113,16,11,5,12,7,23,28,var_0 counter_var_1 +,16,counter_var_0 var_1 +
4656,115 0 21 92 113,21,115 92 22 75 113,0,5,21,22,30,13,22,var_0 counter_var_1 +,26,counter_var_0 var_1 +
4657,115 92 102 16 113,15,115 112 39 14 113,5,25,10,16,16,14,21,var_0 counter_var_1 +,35,counter_var_0 var_1 +
4658,115 36 45 76 113,29,115 81 49 72 113,7,23,22,3,14,10,10,var_0 counter_var_1 +,45,counter_var_0 var_1 +
4659,115 54 31 109 113,33,115 37 55 48 113,25,8,8,9,16,17,34,var_0 counter_var_1 +,16,counter_var_0 var_1 +
4660,115 98 77 105 113,19,115 19 62 41 113,11,19,8,16,12,10,27,var_0 counter_var_1 +,27,counter_var_0 var_1 +
4661,115 48 71 74 113,21,115 26 67 46 113,19,26,2,21,12,15,40,var_0 counter_var_1 +,28,counter_var_0 var_1 +
4662,115 36 47 34 113,8,115 15 36 106 113,7,15,1,13,3,13,20,var_0 counter_var_1 +,16,counter_var_0 var_1 +
4663,115 16 8 26 113,24,115 20 76 93 113,16,20,8,7,26,0,23,var_0 counter_var_1 +,28,counter_var_0 var_1 +
4664,115 31 72 71 113,5,115 16 79 57 113,2,16,3,10,9,26,12,var_0 counter_var_1 +,19,counter_var_0 var_1 +
4665,115 6 51 97 113,11,115 69 112 103 113,6,11,5,20,4,10,26,var_0 counter_var_1 +,16,counter_var_0 var_1 +
4666,115 99 94 39 113,14,115 10 104 84 113,12,10,2,12,8,22,24,var_0 counter_var_1 +,12,counter_var_0 var_1 +
4667,115 91 78 65 113,13,115 76 37 42 113,4,18,9,14,3,11,18,var_0 counter_var_1 +,27,counter_var_0 var_1 +
4668,115 55 25 111 113,28,115 83 9 87 113,26,25,2,9,18,25,35,var_0 counter_var_1 +,27,counter_var_0 var_1 +
4669,115 54 65 17 113,44,115 3 58 98 113,25,3,19,12,17,5,37,var_0 counter_var_1 +,22,counter_var_0 var_1 +
4670,115 84 19 86 113,45,115 56 64 19 113,26,27,19,18,24,19,44,var_0 counter_var_1 +,46,counter_var_0 var_1 +
4671,115 97 41 22 113,28,115 13 24 5 113,10,13,18,1,22,5,11,var_0 counter_var_1 +,31,counter_var_0 var_1 +
4672,115 35 0 101 113,6,115 107 64 19 113,6,20,0,18,8,19,24,var_0 counter_var_1 +,20,counter_var_0 var_1 +
4673,115 58 30 70 113,7,115 12 60 44 113,0,12,7,14,8,13,14,var_0 counter_var_1 +,19,counter_var_0 var_1 +
4674,115 9 22 75 113,31,115 90 52 95 113,9,3,22,6,13,2,15,var_0 counter_var_1 +,25,counter_var_0 var_1 +
4675,115 65 41 22 113,25,115 111 17 108 113,7,24,18,17,22,15,24,var_0 counter_var_1 +,42,counter_var_0 var_1 +
4676,115 102 1 40 113,16,115 60 32 64 113,15,2,1,9,9,2,24,var_0 counter_var_1 +,3,counter_var_0 var_1 +
4677,115 8 19 86 113,27,115 91 75 82 113,8,4,19,6,24,20,14,var_0 counter_var_1 +,23,counter_var_0 var_1 +
4678,115 68 103 49 113,21,115 13 60 44 113,10,13,11,14,18,13,24,var_0 counter_var_1 +,24,counter_var_0 var_1 +
4679,115 83 34 27 113,36,115 32 65 17 113,25,3,11,19,27,17,44,var_0 counter_var_1 +,14,counter_var_0 var_1 +
4680,115 35 93 37 113,7,115 88 30 70 113,6,1,1,7,6,8,13,var_0 counter_var_1 +,2,counter_var_0 var_1 +
4681,115 74 85 3 113,32,115 57 29 25 113,16,28,16,6,3,25,22,var_0 counter_var_1 +,44,counter_var_0 var_1 +
4682,115 97 100 0 113,18,115 50 13 91 113,10,21,8,13,0,29,23,var_0 counter_var_1 +,29,counter_var_0 var_1 +
4683,115 10 110 61 113,28,115 87 52 95 113,10,0,18,6,30,2,16,var_0 counter_var_1 +,18,counter_var_0 var_1 +
4684,115 78 44 107 113,41,115 19 56 59 113,20,19,21,10,14,28,30,var_0 counter_var_1 +,40,counter_var_0 var_1 +
4685,115 85 32 64 113,36,115 71 11 30 113,27,13,9,11,2,30,38,var_0 counter_var_1 +,22,counter_var_0 var_1 +
4686,115 53 100 0 113,32,115 93 68 100 113,24,6,8,22,0,7,46,var_0 counter_var_1 +,14,counter_var_0 var_1 +
4687,115 96 51 97 113,14,115 50 66 102 113,9,21,5,20,4,9,29,var_0 counter_var_1 +,26,counter_var_0 var_1 +
4688,115 86 102 16 113,38,115 89 60 44 113,28,2,10,14,16,13,42,var_0 counter_var_1 +,12,counter_var_0 var_1 +
4689,115 89 88 66 113,21,115 62 38 20 113,2,4,19,15,4,20,17,var_0 counter_var_1 +,23,counter_var_0 var_1 +
4690,115 45 76 93 113,23,115 84 100 0 113,16,26,7,8,0,0,24,var_0 counter_var_1 +,33,counter_var_0 var_1 +
4691,115 95 7 10 113,15,115 88 53 51 113,8,1,7,7,10,20,15,var_0 counter_var_1 +,8,counter_var_0 var_1 +
4692,115 11 61 18 113,26,115 110 96 6 113,11,23,15,4,18,6,15,var_0 counter_var_1 +,38,counter_var_0 var_1 +
4693,115 110 24 5 113,24,115 52 49 72 113,23,23,1,3,5,10,26,var_0 counter_var_1 +,24,counter_var_0 var_1 +
4694,115 78 23 4 113,20,115 58 49 72 113,20,0,0,3,4,10,23,var_0 counter_var_1 +,0,counter_var_0 var_1 +
4695,115 106 4 52 113,23,115 106 85 3 113,19,19,4,16,21,3,35,var_0 counter_var_1 +,23,counter_var_0 var_1 +
4696,115 15 44 107 113,36,115 45 105 62 113,15,16,21,13,14,0,28,var_0 counter_var_1 +,37,counter_var_0 var_1 +
4697,115 45 27 88 113,20,115 96 2 63 113,16,9,4,2,26,1,18,var_0 counter_var_1 +,13,counter_var_0 var_1 +
4698,115 43 43 110 113,34,115 13 32 64 113,14,13,20,9,17,2,23,var_0 counter_var_1 +,33,counter_var_0 var_1 +
4699,115 1 8 26 113,9,115 52 2 63 113,1,23,8,2,26,1,3,var_0 counter_var_1 +,31,counter_var_0 var_1 +
4700,115 9 108 58 113,25,115 23 83 38 113,9,23,16,14,27,7,23,var_0 counter_var_1 +,39,counter_var_0 var_1 +
4701,115 60 87 69 113,20,115 16 19 86 113,2,16,18,19,7,24,21,var_0 counter_var_1 +,34,counter_var_0 var_1 +
4702,115 47 47 34 113,19,115 5 101 104 113,18,5,1,9,3,11,27,var_0 counter_var_1 +,6,counter_var_0 var_1 +
4703,115 68 102 16 113,20,115 77 9 87 113,10,19,10,9,16,25,19,var_0 counter_var_1 +,29,counter_var_0 var_1 +
4704,115 54 105 62 113,38,115 98 100 0 113,25,11,13,8,0,0,33,var_0 counter_var_1 +,24,counter_var_0 var_1 +
4705,115 59 35 9 113,13,115 87 22 75 113,1,0,12,22,9,13,23,var_0 counter_var_1 +,12,counter_var_0 var_1 +
4706,115 42 10 68 113,23,115 36 78 65 113,13,7,10,9,6,3,22,var_0 counter_var_1 +,17,counter_var_0 var_1 +
4707,115 95 52 95 113,14,115 58 5 47 113,8,0,6,5,2,16,13,var_0 counter_var_1 +,6,counter_var_0 var_1 +
4708,115 4 16 94 113,20,115 111 39 14 113,4,24,16,16,1,14,20,var_0 counter_var_1 +,40,counter_var_0 var_1 +
4709,115 6 57 1 113,17,115 73 68 100 113,6,15,11,22,1,7,28,var_0 counter_var_1 +,26,counter_var_0 var_1 +
4710,115 80 112 103 113,42,115 81 43 110 113,22,23,20,20,10,17,42,var_0 counter_var_1 +,43,counter_var_0 var_1 +
4711,115 46 94 39 113,19,115 46 14 24 113,17,17,2,14,8,24,31,var_0 counter_var_1 +,19,counter_var_0 var_1 +
4712,115 76 86 45 113,35,115 68 73 96 113,18,10,17,4,14,3,22,var_0 counter_var_1 +,27,counter_var_0 var_1 +
4713,115 38 80 31 113,20,115 85 70 36 113,9,27,11,1,0,5,10,var_0 counter_var_1 +,38,counter_var_0 var_1 +
4714,115 95 80 31 113,19,115 3 30 70 113,8,3,11,7,0,8,15,var_0 counter_var_1 +,14,counter_var_0 var_1 +
4715,115 76 99 85 113,25,115 27 84 32 113,18,27,7,15,23,1,33,var_0 counter_var_1 +,34,counter_var_0 var_1 +
4716,115 28 99 85 113,35,115 94 81 54 113,28,7,7,12,23,23,40,var_0 counter_var_1 +,14,counter_var_0 var_1 +
4717,115 39 48 89 113,12,115 92 25 111 113,10,5,2,2,27,18,12,var_0 counter_var_1 +,7,counter_var_0 var_1 +
4718,115 92 75 82 113,11,115 45 80 31 113,5,16,6,11,20,0,16,var_0 counter_var_1 +,22,counter_var_0 var_1 +
4719,115 94 31 109 113,15,115 86 58 98 113,7,28,8,12,16,5,19,var_0 counter_var_1 +,36,counter_var_0 var_1 +
4720,115 83 69 99 113,25,115 53 64 19 113,25,24,0,18,6,19,43,var_0 counter_var_1 +,24,counter_var_0 var_1 +
4721,115 93 72 71 113,9,115 50 4 52 113,6,21,3,4,9,21,10,var_0 counter_var_1 +,24,counter_var_0 var_1 +
4722,115 38 99 85 113,16,115 10 10 68 113,9,10,7,10,23,6,19,var_0 counter_var_1 +,17,counter_var_0 var_1 +
4723,115 111 101 104 113,33,115 59 15 53 113,24,1,9,15,11,22,39,var_0 counter_var_1 +,10,counter_var_0 var_1 +
4724,115 12 105 62 113,25,115 31 74 13 113,12,2,13,5,0,13,17,var_0 counter_var_1 +,15,counter_var_0 var_1 +
4725,115 51 74 13 113,27,115 38 105 62 113,22,9,5,13,13,0,35,var_0 counter_var_1 +,14,counter_var_0 var_1 +
4726,115 101 18 73 113,32,115 77 82 67 113,14,19,18,13,11,5,27,var_0 counter_var_1 +,37,counter_var_0 var_1 +
4727,115 63 57 1 113,16,115 58 1 40 113,5,0,11,1,1,9,6,var_0 counter_var_1 +,11,counter_var_0 var_1 +
4728,115 68 51 97 113,15,115 66 93 37 113,10,8,5,1,4,6,11,var_0 counter_var_1 +,13,counter_var_0 var_1 +
4729,115 102 74 13 113,20,115 73 48 89 113,15,15,5,2,13,27,17,var_0 counter_var_1 +,20,counter_var_0 var_1 +
4730,115 32 59 23 113,16,115 93 38 20 113,3,6,13,15,23,20,18,var_0 counter_var_1 +,19,counter_var_0 var_1 +
4731,115 108 71 74 113,23,115 28 55 48 113,21,28,2,9,12,17,30,var_0 counter_var_1 +,30,counter_var_0 var_1 +
4732,115 12 66 102 113,32,115 34 91 33 113,12,5,20,22,9,2,34,var_0 counter_var_1 +,25,counter_var_0 var_1 +
4733,115 92 12 21 113,17,115 37 99 85 113,5,8,12,7,21,23,12,var_0 counter_var_1 +,20,counter_var_0 var_1 +
4734,115 86 92 2 113,28,115 34 98 78 113,28,5,0,6,2,16,34,var_0 counter_var_1 +,5,counter_var_0 var_1 +
4735,115 20 18 73 113,38,115 69 78 65 113,20,11,18,9,11,3,29,var_0 counter_var_1 +,29,counter_var_0 var_1 +
4736,115 75 84 32 113,32,115 46 11 30 113,17,17,15,11,1,30,28,var_0 counter_var_1 +,32,counter_var_0 var_1 +
4737,115 67 84 32 113,24,115 92 45 76 113,9,5,15,22,1,14,31,var_0 counter_var_1 +,20,counter_var_0 var_1 +
4738,115 82 55 48 113,33,115 13 11 30 113,24,13,9,11,17,30,35,var_0 counter_var_1 +,22,counter_var_0 var_1 +
4739,115 40 110 61 113,29,115 71 79 57 113,11,13,18,10,30,26,21,var_0 counter_var_1 +,31,counter_var_0 var_1 +
4740,115 47 33 50 113,28,115 33 23 4 113,18,4,10,0,19,4,18,var_0 counter_var_1 +,14,counter_var_0 var_1 +
4741,115 104 8 26 113,25,115 66 6 56 113,17,8,8,6,26,25,23,var_0 counter_var_1 +,16,counter_var_0 var_1 +
4742,115 85 36 106 113,40,115 90 42 55 113,27,3,13,19,13,24,46,var_0 counter_var_1 +,16,counter_var_0 var_1 +
4743,115 19 30 70 113,26,115 10 48 89 113,19,10,7,2,8,27,21,var_0 counter_var_1 +,17,counter_var_0 var_1 +
4744,115 0 71 74 113,2,115 72 55 48 113,0,14,2,9,12,17,9,var_0 counter_var_1 +,16,counter_var_0 var_1 +
4745,115 28 78 65 113,37,115 20 23 4 113,28,20,9,0,3,4,28,var_0 counter_var_1 +,29,counter_var_0 var_1 +
4746,115 59 50 77 113,5,115 15 34 27 113,1,15,4,11,15,27,12,var_0 counter_var_1 +,19,counter_var_0 var_1 +
4747,115 60 37 42 113,16,115 0 9 87 113,2,0,14,9,11,25,11,var_0 counter_var_1 +,14,counter_var_0 var_1 +
4748,115 106 45 76 113,41,115 83 61 18 113,19,25,22,15,14,18,34,var_0 counter_var_1 +,47,counter_var_0 var_1 +
4749,115 99 82 67 113,25,115 36 8 26 113,12,7,13,8,5,26,20,var_0 counter_var_1 +,20,counter_var_0 var_1 +
4750,115 9 92 2 113,9,115 38 10 68 113,9,9,0,10,2,6,19,var_0 counter_var_1 +,9,counter_var_0 var_1 +
4751,115 33 34 27 113,15,115 101 15 53 113,4,14,11,15,27,22,19,var_0 counter_var_1 +,25,counter_var_0 var_1 +
4752,115 58 69 99 113,0,115 15 13 91 113,0,15,0,13,6,29,13,var_0 counter_var_1 +,15,counter_var_0 var_1 +
4753,115 73 6 56 113,21,115 91 84 32 113,15,4,6,15,25,1,30,var_0 counter_var_1 +,10,counter_var_0 var_1 +
4754,115 103 111 12 113,35,115 87 90 90 113,16,0,19,21,12,28,37,var_0 counter_var_1 +,19,counter_var_0 var_1 +
4755,115 43 62 41 113,30,115 78 12 21 113,14,20,16,12,10,21,26,var_0 counter_var_1 +,36,counter_var_0 var_1 +
4756,115 62 56 59 113,14,115 15 53 51 113,4,15,10,7,28,20,11,var_0 counter_var_1 +,25,counter_var_0 var_1 +
4757,115 112 36 106 113,38,115 20 90 90 113,25,20,13,21,13,28,46,var_0 counter_var_1 +,33,counter_var_0 var_1 +
4758,115 111 82 67 113,37,115 17 28 7 113,24,17,13,5,5,7,29,var_0 counter_var_1 +,30,counter_var_0 var_1 +
4759,115 43 1 40 113,15,115 24 51 97 113,14,24,1,5,9,4,19,var_0 counter_var_1 +,25,counter_var_0 var_1 +
4760,115 3 73 96 113,7,115 76 62 41 113,3,18,4,16,3,10,19,var_0 counter_var_1 +,22,counter_var_0 var_1 +
4761,115 21 46 80 113,21,115 7 61 18 113,21,7,0,15,18,18,36,var_0 counter_var_1 +,7,counter_var_0 var_1 +
4762,115 54 41 22 113,43,115 59 84 32 113,25,1,18,15,22,1,40,var_0 counter_var_1 +,19,counter_var_0 var_1 +
4763,115 66 87 69 113,26,115 46 96 6 113,8,17,18,4,7,6,12,var_0 counter_var_1 +,35,counter_var_0 var_1 +
4764,115 92 57 1 113,16,115 82 70 36 113,5,24,11,1,1,5,6,var_0 counter_var_1 +,35,counter_var_0 var_1 +
4765,115 75 85 3 113,33,115 45 109 79 113,17,16,16,17,3,17,34,var_0 counter_var_1 +,32,counter_var_0 var_1 +
4766,115 60 63 43 113,19,115 85 22 75 113,2,27,17,22,12,13,24,var_0 counter_var_1 +,44,counter_var_0 var_1 +
4767,115 42 57 1 113,24,115 47 94 39 113,13,18,11,2,1,8,15,var_0 counter_var_1 +,29,counter_var_0 var_1 +
4768,115 18 61 18 113,33,115 17 112 103 113,18,17,15,20,18,10,38,var_0 counter_var_1 +,32,counter_var_0 var_1 +
4769,115 36 16 94 113,23,115 6 31 109 113,7,6,16,8,1,16,15,var_0 counter_var_1 +,22,counter_var_0 var_1 +
4770,115 27 79 57 113,37,115 32 99 85 113,27,3,10,7,26,23,34,var_0 counter_var_1 +,13,counter_var_0 var_1 +
4771,115 112 84 32 113,40,115 75 35 9 113,25,17,15,12,1,9,37,var_0 counter_var_1 +,32,counter_var_0 var_1 +
4772,115 70 57 1 113,23,115 38 47 34 113,12,9,11,1,1,3,13,var_0 counter_var_1 +,20,counter_var_0 var_1 +
4773,115 93 87 69 113,24,115 68 93 37 113,6,10,18,1,7,6,7,var_0 counter_var_1 +,28,counter_var_0 var_1 +
4774,115 56 98 78 113,33,115 91 68 100 113,27,4,6,22,16,7,49,var_0 counter_var_1 +,10,counter_var_0 var_1 +
4775,115 83 27 88 113,29,115 75 108 58 113,25,17,4,16,26,27,41,var_0 counter_var_1 +,21,counter_var_0 var_1 +
4776,115 38 82 67 113,22,115 87 100 0 113,9,0,13,8,5,0,17,var_0 counter_var_1 +,13,counter_var_0 var_1 +
4777,115 111 15 53 113,39,115 10 34 27 113,24,10,15,11,22,27,35,var_0 counter_var_1 +,25,counter_var_0 var_1 +
4778,115 92 8 26 113,13,115 61 14 24 113,5,3,8,14,26,24,19,var_0 counter_var_1 +,11,counter_var_0 var_1 +
4779,115 66 109 79 113,25,115 100 56 59 113,8,13,17,10,17,28,18,var_0 counter_var_1 +,30,counter_var_0 var_1 +
4780,115 19 93 37 113,20,115 40 84 32 113,19,11,1,15,6,1,34,var_0 counter_var_1 +,12,counter_var_0 var_1 +
4781,115 78 55 48 113,29,115 59 17 108 113,20,1,9,17,17,15,37,var_0 counter_var_1 +,10,counter_var_0 var_1 +
4782,115 5 90 90 113,26,115 87 77 105 113,5,0,21,8,28,12,13,var_0 counter_var_1 +,21,counter_var_0 var_1 +
4783,115 56 35 9 113,39,115 104 43 110 113,27,17,12,20,9,17,47,var_0 counter_var_1 +,29,counter_var_0 var_1 +
4784,115 77 83 38 113,33,115 3 110 61 113,19,3,14,18,7,30,37,var_0 counter_var_1 +,17,counter_var_0 var_1 +
4785,115 92 28 7 113,10,115 54 14 24 113,5,25,5,14,7,24,19,var_0 counter_var_1 +,30,counter_var_0 var_1 +
4786,115 89 111 12 113,21,115 48 84 32 113,2,19,19,15,12,1,17,var_0 counter_var_1 +,38,counter_var_0 var_1 +
4787,115 36 104 84 113,19,115 67 0 101 113,7,9,12,0,22,8,7,var_0 counter_var_1 +,21,counter_var_0 var_1 +
4788,115 32 20 8 113,23,115 14 19 86 113,3,14,20,19,8,24,22,var_0 counter_var_1 +,34,counter_var_0 var_1 +
4789,115 49 23 4 113,20,115 100 11 30 113,20,13,0,11,4,30,31,var_0 counter_var_1 +,13,counter_var_0 var_1 +
4790,115 5 87 69 113,23,115 99 82 67 113,5,12,18,13,7,5,18,var_0 counter_var_1 +,30,counter_var_0 var_1 +
4791,115 87 40 11 113,17,115 11 76 93 113,0,11,17,7,11,0,7,var_0 counter_var_1 +,28,counter_var_0 var_1 +
4792,115 29 60 44 113,14,115 15 52 95 113,0,15,14,6,13,2,6,var_0 counter_var_1 +,29,counter_var_0 var_1 +
4793,115 108 34 27 113,32,115 0 2 63 113,21,0,11,2,27,1,23,var_0 counter_var_1 +,11,counter_var_0 var_1 +
4794,115 81 65 17 113,42,115 111 101 104 113,23,24,19,9,17,11,32,var_0 counter_var_1 +,43,counter_var_0 var_1 +
4795,115 78 98 78 113,26,115 106 112 103 113,20,19,6,20,16,10,40,var_0 counter_var_1 +,25,counter_var_0 var_1 +
4796,115 29 51 97 113,5,115 81 52 95 113,0,23,5,6,4,2,6,var_0 counter_var_1 +,28,counter_var_0 var_1 +
4797,115 28 3 15 113,31,115 99 32 64 113,28,12,3,9,15,2,37,var_0 counter_var_1 +,15,counter_var_0 var_1 +
4798,115 40 33 50 113,21,115 3 89 28 113,11,3,10,20,19,28,31,var_0 counter_var_1 +,13,counter_var_0 var_1 +
4799,115 47 39 14 113,34,115 19 55 48 113,18,19,16,9,14,17,27,var_0 counter_var_1 +,35,counter_var_0 var_1 +
4800,115 61 7 10 113,10,115 109 25 111 113,3,22,7,2,10,18,5,var_0 counter_var_1 +,29,counter_var_0 var_1 +
4801,115 34 63 43 113,22,115 21 63 43 113,5,21,17,17,12,12,22,var_0 counter_var_1 +,38,counter_var_0 var_1 +
4802,115 100 43 110 113,33,115 87 63 43 113,13,0,20,17,17,12,30,var_0 counter_var_1 +,20,counter_var_0 var_1 +
4803,115 39 22 75 113,32,115 1 100 0 113,10,1,22,8,13,0,18,var_0 counter_var_1 +,23,counter_var_0 var_1 +
4804,115 19 13 91 113,32,115 80 72 71 113,19,22,13,3,29,9,22,var_0 counter_var_1 +,35,counter_var_0 var_1 +
4805,115 21 98 78 113,27,115 19 57 1 113,21,19,6,11,16,1,32,var_0 counter_var_1 +,25,counter_var_0 var_1 +
4806,115 64 72 71 113,9,115 22 86 45 113,6,22,3,17,9,14,23,var_0 counter_var_1 +,25,counter_var_0 var_1 +
4807,115 76 42 55 113,37,115 91 34 27 113,18,4,19,11,24,27,29,var_0 counter_var_1 +,23,counter_var_0 var_1 +
4808,115 22 61 18 113,37,115 106 60 44 113,22,19,15,14,18,13,36,var_0 counter_var_1 +,34,counter_var_0 var_1 +
4809,115 5 40 11 113,22,115 49 108 58 113,5,20,17,16,11,27,21,var_0 counter_var_1 +,37,counter_var_0 var_1 +
4810,115 59 9 87 113,10,115 54 23 4 113,1,25,9,0,25,4,1,var_0 counter_var_1 +,34,counter_var_0 var_1 +
4811,115 41 50 77 113,16,115 93 104 84 113,12,6,4,12,15,22,24,var_0 counter_var_1 +,10,counter_var_0 var_1 +
4812,115 103 99 85 113,23,115 83 23 4 113,16,25,7,0,23,4,16,var_0 counter_var_1 +,32,counter_var_0 var_1 +
4813,115 85 86 45 113,44,115 51 43 110 113,27,22,17,20,14,17,47,var_0 counter_var_1 +,39,counter_var_0 var_1 +
4814,115 102 36 106 113,28,115 5 65 17 113,15,5,13,19,13,17,34,var_0 counter_var_1 +,18,counter_var_0 var_1 +
4815,115 52 89 28 113,43,115 33 107 60 113,23,4,20,15,28,29,38,var_0 counter_var_1 +,24,counter_var_0 var_1 +
4816,115 95 71 74 113,10,115 39 38 20 113,8,10,2,15,12,20,23,var_0 counter_var_1 +,12,counter_var_0 var_1 +
4817,115 40 79 57 113,21,115 30 4 52 113,11,1,10,4,26,21,15,var_0 counter_var_1 +,11,counter_var_0 var_1 +
4818,115 59 45 76 113,23,115 6 93 37 113,1,6,22,1,14,6,2,var_0 counter_var_1 +,28,counter_var_0 var_1 +
4819,115 62 82 67 113,17,115 90 82 67 113,4,3,13,13,5,5,17,var_0 counter_var_1 +,16,counter_var_0 var_1 +
4820,115 82 74 13 113,29,115 55 86 45 113,24,26,5,17,13,14,41,var_0 counter_var_1 +,31,counter_var_0 var_1 +
4821,115 37 71 74 113,10,115 47 51 97 113,8,18,2,5,12,4,13,var_0 counter_var_1 +,20,counter_var_0 var_1 +
4822,115 11 60 44 113,25,115 31 3 15 113,11,2,14,3,13,15,14,var_0 counter_var_1 +,16,counter_var_0 var_1 +
4823,115 62 79 57 113,14,115 36 16 94 113,4,7,10,16,26,1,20,var_0 counter_var_1 +,17,counter_var_0 var_1 +
4824,115 94 26 112 113,10,115 47 11 30 113,7,18,3,11,19,30,18,var_0 counter_var_1 +,21,counter_var_0 var_1 +
4825,115 27 36 106 113,40,115 24 52 95 113,27,24,13,6,13,2,33,var_0 counter_var_1 +,37,counter_var_0 var_1 +
4826,115 104 50 77 113,21,115 80 27 88 113,17,22,4,4,15,26,21,var_0 counter_var_1 +,26,counter_var_0 var_1 +
4827,115 88 85 3 113,17,115 43 80 31 113,1,14,16,11,3,0,12,var_0 counter_var_1 +,30,counter_var_0 var_1 +
4828,115 2 55 48 113,11,115 22 58 98 113,2,22,9,12,17,5,14,var_0 counter_var_1 +,31,counter_var_0 var_1 +
4829,115 17 97 81 113,22,115 7 27 88 113,17,7,5,4,19,26,21,var_0 counter_var_1 +,12,counter_var_0 var_1 +
4830,115 37 50 77 113,12,115 33 28 7 113,8,4,4,5,15,7,13,var_0 counter_var_1 +,8,counter_var_0 var_1 +
4831,115 47 96 6 113,22,115 110 30 70 113,18,23,4,7,6,8,25,var_0 counter_var_1 +,27,counter_var_0 var_1 +
4832,115 84 90 90 113,47,115 70 94 39 113,26,12,21,2,28,8,28,var_0 counter_var_1 +,33,counter_var_0 var_1 +
4833,115 17 46 80 113,17,115 29 40 11 113,17,0,0,17,18,11,34,var_0 counter_var_1 +,0,counter_var_0 var_1 +
4834,115 92 6 56 113,11,115 102 104 84 113,5,15,6,12,25,22,17,var_0 counter_var_1 +,21,counter_var_0 var_1 +
4835,115 31 9 87 113,11,115 61 23 4 113,2,3,9,0,25,4,2,var_0 counter_var_1 +,12,counter_var_0 var_1 +
4836,115 21 90 90 113,42,115 27 100 0 113,21,27,21,8,28,0,29,var_0 counter_var_1 +,48,counter_var_0 var_1 +
4837,115 74 30 70 113,23,115 79 62 41 113,16,21,7,16,8,10,32,var_0 counter_var_1 +,28,counter_var_0 var_1 +
4838,115 11 83 38 113,25,115 93 85 3 113,11,6,14,16,7,3,27,var_0 counter_var_1 +,20,counter_var_0 var_1 +
4839,115 40 70 36 113,12,115 52 70 36 113,11,23,1,1,5,5,12,var_0 counter_var_1 +,24,counter_var_0 var_1 +
4840,115 41 100 0 113,20,115 16 77 105 113,12,16,8,8,0,12,20,var_0 counter_var_1 +,24,counter_var_0 var_1 +
4841,115 99 65 17 113,31,115 62 60 44 113,12,4,19,14,17,13,26,var_0 counter_var_1 +,23,counter_var_0 var_1 +
4842,115 92 66 102 113,25,115 2 97 81 113,5,2,20,5,9,19,10,var_0 counter_var_1 +,22,counter_var_0 var_1 +
4843,115 44 82 67 113,28,115 85 83 38 113,15,27,13,14,5,7,29,var_0 counter_var_1 +,40,counter_var_0 var_1 +
4844,115 68 74 13 113,15,115 46 61 18 113,10,17,5,15,13,18,25,var_0 counter_var_1 +,22,counter_var_0 var_1 +
4845,115 43 29 25 113,20,115 75 76 93 113,14,17,6,7,25,0,21,var_0 counter_var_1 +,23,counter_var_0 var_1 +
4846,115 7 54 83 113,15,115 88 12 21 113,7,1,8,12,21,21,19,var_0 counter_var_1 +,9,counter_var_0 var_1 +
4847,115 22 59 23 113,35,115 48 98 78 113,22,19,13,6,23,16,28,var_0 counter_var_1 +,32,counter_var_0 var_1 +
4848,115 81 77 105 113,31,115 90 22 75 113,23,3,8,22,12,13,45,var_0 counter_var_1 +,11,counter_var_0 var_1 +
4849,115 65 43 110 113,27,115 81 109 79 113,7,23,20,17,17,17,24,var_0 counter_var_1 +,43,counter_var_0 var_1 +
4850,115 74 21 92 113,37,115 47 91 33 113,16,18,21,22,30,2,38,var_0 counter_var_1 +,39,counter_var_0 var_1 +
4851,115 32 56 59 113,13,115 57 12 21 113,3,28,10,12,28,21,15,var_0 counter_var_1 +,38,counter_var_0 var_1 +
4852,115 40 106 35 113,25,115 19 52 95 113,11,19,14,6,4,2,17,var_0 counter_var_1 +,33,counter_var_0 var_1 +
4853,115 107 30 70 113,27,115 7 79 57 113,20,7,7,10,8,26,30,var_0 counter_var_1 +,14,counter_var_0 var_1 +
4854,115 75 54 83 113,25,115 38 52 95 113,17,9,8,6,21,2,23,var_0 counter_var_1 +,17,counter_var_0 var_1 +
4855,115 1 58 98 113,13,115 18 33 50 113,1,18,12,10,5,19,11,var_0 counter_var_1 +,30,counter_var_0 var_1 +
4856,115 75 46 80 113,17,115 5 108 58 113,17,5,0,16,18,27,33,var_0 counter_var_1 +,5,counter_var_0 var_1 +
4857,115 90 12 21 113,15,115 81 13 91 113,3,23,12,13,21,29,16,var_0 counter_var_1 +,35,counter_var_0 var_1 +
4858,115 52 47 34 113,24,115 9 106 35 113,23,9,1,14,3,4,37,var_0 counter_var_1 +,10,counter_var_0 var_1 +
4859,115 3 101 104 113,12,115 10 76 93 113,3,10,9,7,11,0,10,var_0 counter_var_1 +,19,counter_var_0 var_1 +
4860,115 47 58 98 113,30,115 17 60 44 113,18,17,12,14,5,13,32,var_0 counter_var_1 +,29,counter_var_0 var_1 +
4861,115 73 91 33 113,37,115 57 35 9 113,15,28,22,12,2,9,27,var_0 counter_var_1 +,50,counter_var_0 var_1 +
4862,115 8 20 8 113,28,115 14 24 5 113,8,14,20,1,8,5,9,var_0 counter_var_1 +,34,counter_var_0 var_1 +
4863,115 56 37 42 113,41,115 70 35 9 113,27,12,14,12,11,9,39,var_0 counter_var_1 +,26,counter_var_0 var_1 +
4864,115 96 87 69 113,27,115 43 107 60 113,9,14,18,15,7,29,24,var_0 counter_var_1 +,32,counter_var_0 var_1 +
4865,115 11 58 98 113,23,115 65 87 69 113,11,7,12,18,5,7,29,var_0 counter_var_1 +,19,counter_var_0 var_1 +
4866,115 82 50 77 113,28,115 71 6 56 113,24,13,4,6,15,25,30,var_0 counter_var_1 +,17,counter_var_0 var_1 +
4867,115 101 45 76 113,36,115 104 34 27 113,14,17,22,11,14,27,25,var_0 counter_var_1 +,39,counter_var_0 var_1 +
4868,115 91 72 71 113,7,115 25 29 25 113,4,25,3,6,9,25,10,var_0 counter_var_1 +,28,counter_var_0 var_1 +
4869,115 4 29 25 113,10,115 93 106 35 113,4,6,6,14,25,4,18,var_0 counter_var_1 +,12,counter_var_0 var_1 +
4870,115 47 25 111 113,20,115 75 96 6 113,18,17,2,4,18,6,22,var_0 counter_var_1 +,19,counter_var_0 var_1 +
4871,115 59 48 89 113,3,115 37 5 47 113,1,8,2,5,27,16,6,var_0 counter_var_1 +,10,counter_var_0 var_1 +
4872,115 5 83 38 113,19,115 75 49 72 113,5,17,14,3,7,10,8,var_0 counter_var_1 +,31,counter_var_0 var_1 +
4873,115 15 57 1 113,26,115 24 6 56 113,15,24,11,6,1,25,21,var_0 counter_var_1 +,35,counter_var_0 var_1 +
4874,115 32 30 70 113,10,115 18 77 105 113,3,18,7,8,8,12,11,var_0 counter_var_1 +,25,counter_var_0 var_1 +
4875,115 12 100 0 113,20,115 12 95 29 113,12,12,8,3,0,29,15,var_0 counter_var_1 +,20,counter_var_0 var_1 +
4876,115 103 3 15 113,19,115 24 30 70 113,16,24,3,7,15,8,23,var_0 counter_var_1 +,27,counter_var_0 var_1 +
4877,115 27 83 38 113,41,115 64 65 17 113,27,6,14,19,7,17,46,var_0 counter_var_1 +,20,counter_var_0 var_1 +
4878,115 22 86 45 113,39,115 17 36 106 113,22,17,17,13,14,13,35,var_0 counter_var_1 +,34,counter_var_0 var_1 +
4879,115 59 13 91 113,14,115 29 48 89 113,1,0,13,2,29,27,3,var_0 counter_var_1 +,13,counter_var_0 var_1 +
4880,115 67 97 81 113,14,115 43 14 24 113,9,14,5,14,19,24,23,var_0 counter_var_1 +,19,counter_var_0 var_1 +
4881,115 45 88 66 113,35,115 94 29 25 113,16,7,19,6,4,25,22,var_0 counter_var_1 +,26,counter_var_0 var_1 +
4882,115 0 43 110 113,20,115 1 97 81 113,0,1,20,5,17,19,5,var_0 counter_var_1 +,21,counter_var_0 var_1 +
4883,115 33 6 56 113,10,115 60 104 84 113,4,2,6,12,25,22,16,var_0 counter_var_1 +,8,counter_var_0 var_1 +
4884,115 10 96 6 113,14,115 79 49 72 113,10,21,4,3,6,10,13,var_0 counter_var_1 +,25,counter_var_0 var_1 +
4885,115 81 66 102 113,43,115 87 9 87 113,23,0,20,9,9,25,32,var_0 counter_var_1 +,20,counter_var_0 var_1 +
4886,115 91 42 55 113,23,115 59 46 80 113,4,1,19,0,24,18,4,var_0 counter_var_1 +,20,counter_var_0 var_1 +
4887,115 68 79 57 113,20,115 104 46 80 113,10,17,10,0,26,18,10,var_0 counter_var_1 +,27,counter_var_0 var_1 +
4888,115 7 26 112 113,10,115 4 69 99 113,7,4,3,0,19,6,7,var_0 counter_var_1 +,7,counter_var_0 var_1 +
4889,115 44 41 22 113,33,115 21 22 75 113,15,21,18,22,22,13,37,var_0 counter_var_1 +,39,counter_var_0 var_1 +
4890,115 84 55 48 113,35,115 69 51 97 113,26,11,9,5,17,4,31,var_0 counter_var_1 +,20,counter_var_0 var_1 +
4891,115 13 52 95 113,19,115 96 48 89 113,13,9,6,2,2,27,15,var_0 counter_var_1 +,15,counter_var_0 var_1 +
4892,115 100 30 70 113,20,115 62 59 23 113,13,4,7,13,8,23,26,var_0 counter_var_1 +,11,counter_var_0 var_1 +
4893,115 100 57 1 113,24,115 32 69 99 113,13,3,11,0,1,6,13,var_0 counter_var_1 +,14,counter_var_0 var_1 +
4894,115 35 69 99 113,6,115 4 106 35 113,6,4,0,14,6,4,20,var_0 counter_var_1 +,4,counter_var_0 var_1 +
4895,115 2 45 76 113,24,115 77 93 37 113,2,19,22,1,14,6,3,var_0 counter_var_1 +,41,counter_var_0 var_1 +
4896,115 56 51 97 113,32,115 96 32 64 113,27,9,5,9,4,2,36,var_0 counter_var_1 +,14,counter_var_0 var_1 +
4897,115 104 63 43 113,34,115 47 23 4 113,17,18,17,0,12,4,17,var_0 counter_var_1 +,35,counter_var_0 var_1 +
4898,115 66 38 20 113,23,115 70 13 91 113,8,12,15,13,20,29,21,var_0 counter_var_1 +,27,counter_var_0 var_1 +
4899,115 106 5 47 113,24,115 92 74 13 113,19,5,5,5,16,13,24,var_0 counter_var_1 +,10,counter_var_0 var_1 +
4900,115 36 94 39 113,9,115 65 16 94 113,7,7,2,16,8,1,23,var_0 counter_var_1 +,9,counter_var_0 var_1 +
4901,115 16 104 84 113,28,115 24 67 46 113,16,24,12,21,22,15,37,var_0 counter_var_1 +,36,counter_var_0 var_1 +
4902,115 49 95 29 113,23,115 104 60 44 113,20,17,3,14,29,13,34,var_0 counter_var_1 +,20,counter_var_0 var_1 +
4903,115 79 87 69 113,39,115 75 103 49 113,21,17,18,11,7,18,32,var_0 counter_var_1 +,35,counter_var_0 var_1 +
4904,115 108 21 92 113,42,115 95 74 13 113,21,8,21,5,30,13,26,var_0 counter_var_1 +,29,counter_var_0 var_1 +
4905,115 60 71 74 113,4,115 73 6 56 113,2,15,2,6,12,25,8,var_0 counter_var_1 +,17,counter_var_0 var_1 +
4906,115 65 74 13 113,12,115 28 46 80 113,7,28,5,0,13,18,7,var_0 counter_var_1 +,33,counter_var_0 var_1 +
4907,115 19 41 22 113,37,115 100 3 15 113,19,13,18,3,22,15,22,var_0 counter_var_1 +,31,counter_var_0 var_1 +
4908,115 108 45 76 113,43,115 94 67 46 113,21,7,22,21,14,15,42,var_0 counter_var_1 +,29,counter_var_0 var_1 +
4909,115 17 35 9 113,29,115 58 37 42 113,17,0,12,14,9,11,31,var_0 counter_var_1 +,12,counter_var_0 var_1 +
4910,115 55 91 33 113,48,115 3 8 26 113,26,3,22,8,2,26,34,var_0 counter_var_1 +,25,counter_var_0 var_1 +
4911,115 101 43 110 113,34,115 32 89 28 113,14,3,20,20,17,28,34,var_0 counter_var_1 +,23,counter_var_0 var_1 +
4912,115 77 46 80 113,19,115 17 110 61 113,19,17,0,18,18,30,37,var_0 counter_var_1 +,17,counter_var_0 var_1 +
4913,115 112 5 47 113,30,115 104 83 38 113,25,17,5,14,16,7,39,var_0 counter_var_1 +,22,counter_var_0 var_1 +
4914,115 48 7 10 113,26,115 72 11 30 113,19,14,7,11,10,30,30,var_0 counter_var_1 +,21,counter_var_0 var_1 +
4915,115 97 32 64 113,19,115 19 16 94 113,10,19,9,16,2,1,26,var_0 counter_var_1 +,28,counter_var_0 var_1 +
4916,115 46 84 32 113,32,115 92 10 68 113,17,5,15,10,1,6,27,var_0 counter_var_1 +,20,counter_var_0 var_1 +
4917,115 71 100 0 113,21,115 54 108 58 113,13,25,8,16,0,27,29,var_0 counter_var_1 +,33,counter_var_0 var_1 +
4918,115 68 70 36 113,11,115 67 42 55 113,10,9,1,19,5,24,29,var_0 counter_var_1 +,10,counter_var_0 var_1 +
4919,115 62 61 18 113,19,115 94 53 51 113,4,7,15,7,18,20,11,var_0 counter_var_1 +,22,counter_var_0 var_1 +
4920,115 15 87 69 113,33,115 78 36 106 113,15,20,18,13,7,13,28,var_0 counter_var_1 +,38,counter_var_0 var_1 +
4921,115 30 78 65 113,10,115 89 24 5 113,1,2,9,1,3,5,2,var_0 counter_var_1 +,11,counter_var_0 var_1 +
4922,115 64 29 25 113,12,115 37 78 65 113,6,8,6,9,25,3,15,var_0 counter_var_1 +,14,counter_var_0 var_1 +
4923,115 25 20 8 113,45,115 54 32 64 113,25,25,20,9,8,2,34,var_0 counter_var_1 +,45,counter_var_0 var_1 +
4924,115 107 8 26 113,28,115 89 70 36 113,20,2,8,1,26,5,21,var_0 counter_var_1 +,10,counter_var_0 var_1 +
4925,115 20 28 7 113,25,115 39 111 12 113,20,10,5,19,7,12,39,var_0 counter_var_1 +,15,counter_var_0 var_1 +
4926,115 3 65 17 113,22,115 72 63 43 113,3,14,19,17,17,12,20,var_0 counter_var_1 +,33,counter_var_0 var_1 +
4927,115 50 73 96 113,25,115 23 102 16 113,21,23,4,10,3,16,31,var_0 counter_var_1 +,27,counter_var_0 var_1 +
4928,115 82 35 9 113,36,115 85 27 88 113,24,27,12,4,9,26,28,var_0 counter_var_1 +,39,counter_var_0 var_1 +
4929,115 42 73 96 113,17,115 101 54 83 113,13,14,4,8,3,21,21,var_0 counter_var_1 +,18,counter_var_0 var_1 +
4930,115 96 107 60 113,24,115 0 21 92 113,9,0,15,21,29,30,30,var_0 counter_var_1 +,15,counter_var_0 var_1 +
4931,115 27 57 1 113,38,115 84 94 39 113,27,26,11,2,1,8,29,var_0 counter_var_1 +,37,counter_var_0 var_1 +
4932,115 88 64 19 113,19,115 84 14 24 113,1,26,18,14,19,24,15,var_0 counter_var_1 +,44,counter_var_0 var_1 +
4933,115 80 59 23 113,35,115 31 44 107 113,22,2,13,21,23,14,43,var_0 counter_var_1 +,15,counter_var_0 var_1 +
4934,115 45 85 3 113,32,115 54 24 5 113,16,25,16,1,3,5,17,var_0 counter_var_1 +,41,counter_var_0 var_1 +
4935,115 9 18 73 113,27,115 81 3 15 113,9,23,18,3,11,15,12,var_0 counter_var_1 +,41,counter_var_0 var_1 +
4936,115 110 100 0 113,31,115 41 14 24 113,23,12,8,14,0,24,37,var_0 counter_var_1 +,20,counter_var_0 var_1 +
4937,115 18 8 26 113,26,115 88 1 40 113,18,1,8,1,26,9,19,var_0 counter_var_1 +,9,counter_var_0 var_1 +
4938,115 82 30 70 113,31,115 58 106 35 113,24,0,7,14,8,4,38,var_0 counter_var_1 +,7,counter_var_0 var_1 +
4939,115 43 14 24 113,28,115 28 80 31 113,14,28,14,11,24,0,25,var_0 counter_var_1 +,42,counter_var_0 var_1 +
4940,115 91 69 99 113,4,115 7 87 69 113,4,7,0,18,6,7,22,var_0 counter_var_1 +,7,counter_var_0 var_1 +
4941,115 76 91 33 113,40,115 99 64 19 113,18,12,22,18,2,19,36,var_0 counter_var_1 +,34,counter_var_0 var_1 +
4942,115 5 29 25 113,11,115 67 36 106 113,5,9,6,13,25,13,18,var_0 counter_var_1 +,15,counter_var_0 var_1 +
4943,115 66 85 3 113,24,115 101 0 101 113,8,14,16,0,3,8,8,var_0 counter_var_1 +,30,counter_var_0 var_1 +
4944,115 36 61 18 113,22,115 3 86 45 113,7,3,15,17,18,14,24,var_0 counter_var_1 +,18,counter_var_0 var_1 +
4945,115 44 6 56 113,21,115 93 59 23 113,15,6,6,13,25,23,28,var_0 counter_var_1 +,12,counter_var_0 var_1 +
4946,115 91 86 45 113,21,115 67 56 59 113,4,9,17,10,14,28,14,var_0 counter_var_1 +,26,counter_var_0 var_1 +
4947,115 20 59 23 113,33,115 80 37 42 113,20,22,13,14,23,11,34,var_0 counter_var_1 +,35,counter_var_0 var_1 +
4948,115 101 56 59 113,24,115 17 25 111 113,14,17,10,2,28,18,16,var_0 counter_var_1 +,27,counter_var_0 var_1 +
4949,115 54 81 54 113,37,115 42 33 50 113,25,13,12,10,23,19,35,var_0 counter_var_1 +,25,counter_var_0 var_1 +
4950,115 78 91 33 113,42,115 25 25 111 113,20,25,22,2,2,18,22,var_0 counter_var_1 +,47,counter_var_0 var_1 +
4951,115 58 16 94 113,16,115 97 20 8 113,0,10,16,20,1,8,20,var_0 counter_var_1 +,26,counter_var_0 var_1 +
4952,115 17 60 44 113,31,115 20 74 13 113,17,20,14,5,13,13,22,var_0 counter_var_1 +,34,counter_var_0 var_1 +
4953,115 14 67 46 113,35,115 27 69 99 113,14,27,21,0,15,6,14,var_0 counter_var_1 +,48,counter_var_0 var_1 +
4954,115 70 2 63 113,14,115 54 112 103 113,12,25,2,20,1,10,32,var_0 counter_var_1 +,27,counter_var_0 var_1 +
4955,115 73 71 74 113,17,115 50 110 61 113,15,21,2,18,12,30,33,var_0 counter_var_1 +,23,counter_var_0 var_1 +
4956,115 112 101 104 113,34,115 30 86 45 113,25,1,9,17,11,14,42,var_0 counter_var_1 +,10,counter_var_0 var_1 +
4957,115 75 23 4 113,17,115 56 91 33 113,17,27,0,22,4,2,39,var_0 counter_var_1 +,27,counter_var_0 var_1 +
4958,115 25 102 16 113,35,115 54 25 111 113,25,25,10,2,16,18,27,var_0 counter_var_1 +,35,counter_var_0 var_1 +
4959,115 2 112 103 113,22,115 108 10 68 113,2,21,20,10,10,6,12,var_0 counter_var_1 +,41,counter_var_0 var_1 +
4960,115 5 85 3 113,21,115 70 88 66 113,5,12,16,19,3,4,24,var_0 counter_var_1 +,28,counter_var_0 var_1 +
4961,115 20 110 61 113,38,115 91 10 68 113,20,4,18,10,30,6,30,var_0 counter_var_1 +,22,counter_var_0 var_1 +
4962,115 15 74 13 113,20,115 14 74 13 113,15,14,5,5,13,13,20,var_0 counter_var_1 +,19,counter_var_0 var_1 +
4963,115 43 74 13 113,19,115 11 7 10 113,14,11,5,7,13,10,21,var_0 counter_var_1 +,16,counter_var_0 var_1 +
4964,115 48 93 37 113,20,115 63 17 108 113,19,5,1,17,6,15,36,var_0 counter_var_1 +,6,counter_var_0 var_1 +
4965,115 21 70 36 113,22,115 6 43 110 113,21,6,1,20,5,17,41,var_0 counter_var_1 +,7,counter_var_0 var_1 +
4966,115 71 26 112 113,16,115 69 87 69 113,13,11,3,18,19,7,31,var_0 counter_var_1 +,14,counter_var_0 var_1 +
4967,115 108 96 6 113,25,115 18 28 7 113,21,18,4,5,6,7,26,var_0 counter_var_1 +,22,counter_var_0 var_1 +
4968,115 51 78 65 113,31,115 5 62 41 113,22,5,9,16,3,10,38,var_0 counter_var_1 +,14,counter_var_0 var_1 +
4969,115 87 27 88 113,4,115 17 66 102 113,0,17,4,20,26,9,20,var_0 counter_var_1 +,21,counter_var_0 var_1 +
4970,115 31 83 38 113,16,115 2 33 50 113,2,2,14,10,7,19,12,var_0 counter_var_1 +,16,counter_var_0 var_1 +
4971,115 2 9 87 113,11,115 5 12 21 113,2,5,9,12,25,21,14,var_0 counter_var_1 +,14,counter_var_0 var_1 +
4972,115 78 69 99 113,20,115 89 20 8 113,20,2,0,20,6,8,40,var_0 counter_var_1 +,2,counter_var_0 var_1 +
4973,115 14 77 105 113,22,115 94 88 66 113,14,7,8,19,12,4,33,var_0 counter_var_1 +,15,counter_var_0 var_1 +
4974,115 50 99 85 113,28,115 104 50 77 113,21,17,7,4,23,15,25,var_0 counter_var_1 +,24,counter_var_0 var_1 +
4975,115 50 7 10 113,28,115 9 21 92 113,21,9,7,21,10,30,42,var_0 counter_var_1 +,16,counter_var_0 var_1 +
4976,115 7 46 80 113,7,115 52 99 85 113,7,23,0,7,18,23,14,var_0 counter_var_1 +,23,counter_var_0 var_1 +
4977,115 87 11 30 113,11,115 72 61 18 113,0,14,11,15,30,18,15,var_0 counter_var_1 +,25,counter_var_0 var_1 +
4978,115 67 89 28 113,29,115 17 30 70 113,9,17,20,7,28,8,16,var_0 counter_var_1 +,37,counter_var_0 var_1 +
4979,115 59 105 62 113,14,115 41 79 57 113,1,12,13,10,0,26,11,var_0 counter_var_1 +,25,counter_var_0 var_1 +
4980,115 10 11 30 113,21,115 83 31 109 113,10,25,11,8,30,16,18,var_0 counter_var_1 +,36,counter_var_0 var_1 +
4981,115 94 103 49 113,18,115 2 66 102 113,7,2,11,20,18,9,27,var_0 counter_var_1 +,13,counter_var_0 var_1 +
4982,115 88 66 102 113,21,115 112 52 95 113,1,25,20,6,9,2,7,var_0 counter_var_1 +,45,counter_var_0 var_1 +
4983,115 11 91 33 113,33,115 19 5 47 113,11,19,22,5,2,16,16,var_0 counter_var_1 +,41,counter_var_0 var_1 +
4984,115 110 23 4 113,23,115 24 18 73 113,23,24,0,18,4,11,41,var_0 counter_var_1 +,24,counter_var_0 var_1 +
4985,115 16 55 48 113,25,115 84 50 77 113,16,26,9,4,17,15,20,var_0 counter_var_1 +,35,counter_var_0 var_1 +
4986,115 22 22 75 113,44,115 63 49 72 113,22,5,22,3,13,10,25,var_0 counter_var_1 +,27,counter_var_0 var_1 +
4987,115 83 65 17 113,44,115 101 75 82 113,25,14,19,6,17,20,31,var_0 counter_var_1 +,33,counter_var_0 var_1 +
4988,115 72 76 93 113,21,115 34 97 81 113,14,5,7,5,0,19,19,var_0 counter_var_1 +,12,counter_var_0 var_1 +
4989,115 111 69 99 113,24,115 76 111 12 113,24,18,0,19,6,12,43,var_0 counter_var_1 +,18,counter_var_0 var_1 +
4990,115 107 47 34 113,21,115 41 72 71 113,20,12,1,3,3,9,23,var_0 counter_var_1 +,13,counter_var_0 var_1 +
4991,115 80 61 18 113,37,115 68 36 106 113,22,10,15,13,18,13,35,var_0 counter_var_1 +,25,counter_var_0 var_1 +
4992,115 94 91 33 113,29,115 30 6 56 113,7,1,22,6,2,25,13,var_0 counter_var_1 +,23,counter_var_0 var_1 +
4993,115 103 74 13 113,21,115 77 108 58 113,16,19,5,16,13,27,32,var_0 counter_var_1 +,24,counter_var_0 var_1 +
4994,115 23 67 46 113,44,115 95 67 46 113,23,8,21,21,15,15,44,var_0 counter_var_1 +,29,counter_var_0 var_1 +
4995,115 15 64 19 113,33,115 57 107 60 113,15,28,18,15,19,29,30,var_0 counter_var_1 +,46,counter_var_0 var_1 +
4996,115 87 98 78 113,6,115 106 98 78 113,0,19,6,6,16,16,6,var_0 counter_var_1 +,25,counter_var_0 var_1 +
4997,115 22 78 65 113,31,115 89 51 97 113,22,2,9,5,3,4,27,var_0 counter_var_1 +,11,counter_var_0 var_1 +
4998,115 1 84 32 113,16,115 76 88 66 113,1,18,15,19,1,4,20,var_0 counter_var_1 +,33,counter_var_0 var_1 +
4999,115 94 100 0 113,15,115 36 83 38 113,7,7,8,14,0,7,21,var_0 counter_var_1 +,15,counter_var_0 var_1 +
5000,115 0 52 95 113,6,115 46 57 1 113,0,17,6,11,2,1,11,var_0 counter_var_1 +,23,counter_var_0 var_1 +
5001,115 61 80 31 113,14,115 18 108 58 113,3,18,11,16,0,27,19,var_0 counter_var_1 +,29,counter_var_0 var_1 +
5002,115 105 8 26 113,26,115 90 110 61 113,18,3,8,18,26,30,36,var_0 counter_var_1 +,11,counter_var_0 var_1 +
5003,115 68 38 20 113,25,115 34 18 73 113,10,5,15,18,20,11,28,var_0 counter_var_1 +,20,counter_var_0 var_1 +
5004,115 70 22 75 113,34,115 94 64 19 113,12,7,22,18,13,19,30,var_0 counter_var_1 +,29,counter_var_0 var_1 +
5005,115 104 26 112 113,20,115 39 19 86 113,17,10,3,19,19,24,36,var_0 counter_var_1 +,13,counter_var_0 var_1 +
5006,115 41 37 42 113,26,115 79 106 35 113,12,21,14,14,11,4,26,var_0 counter_var_1 +,35,counter_var_0 var_1 +
5007,115 25 30 70 113,32,115 53 3 15 113,25,24,7,3,8,15,28,var_0 counter_var_1 +,31,counter_var_0 var_1 +
5008,115 65 40 11 113,24,115 85 20 8 113,7,27,17,20,11,8,27,var_0 counter_var_1 +,44,counter_var_0 var_1 +
5009,115 15 54 83 113,23,115 11 84 32 113,15,11,8,15,21,1,30,var_0 counter_var_1 +,19,counter_var_0 var_1 +
5010,115 44 52 95 113,21,115 110 45 76 113,15,23,6,22,2,14,37,var_0 counter_var_1 +,29,counter_var_0 var_1 +
5011,115 9 36 106 113,22,115 13 27 88 113,9,13,13,4,13,26,13,var_0 counter_var_1 +,26,counter_var_0 var_1 +
5012,115 30 64 19 113,19,115 110 33 50 113,1,23,18,10,19,19,11,var_0 counter_var_1 +,41,counter_var_0 var_1 +
5013,115 13 8 26 113,21,115 34 52 95 113,13,5,8,6,26,2,19,var_0 counter_var_1 +,13,counter_var_0 var_1 +
5014,115 24 89 28 113,44,115 60 76 93 113,24,2,20,7,28,0,31,var_0 counter_var_1 +,22,counter_var_0 var_1 +
5015,115 30 102 16 113,11,115 70 78 65 113,1,12,10,9,16,3,10,var_0 counter_var_1 +,22,counter_var_0 var_1 +
5016,115 84 84 32 113,41,115 27 88 66 113,26,27,15,19,1,4,45,var_0 counter_var_1 +,42,counter_var_0 var_1 +
5017,115 84 89 28 113,46,115 64 43 110 113,26,6,20,20,28,17,46,var_0 counter_var_1 +,26,counter_var_0 var_1 +
5018,115 27 88 66 113,46,115 47 76 93 113,27,18,19,7,4,0,34,var_0 counter_var_1 +,37,counter_var_0 var_1 +
5019,115 20 16 94 113,36,115 59 14 24 113,20,1,16,14,1,24,34,var_0 counter_var_1 +,17,counter_var_0 var_1 +
5020,115 80 63 43 113,39,115 42 105 62 113,22,13,17,13,12,0,35,var_0 counter_var_1 +,30,counter_var_0 var_1 +
5021,115 109 89 28 113,42,115 41 111 12 113,22,12,20,19,28,12,41,var_0 counter_var_1 +,32,counter_var_0 var_1 +
5022,115 72 20 8 113,34,115 10 79 57 113,14,10,20,10,8,26,24,var_0 counter_var_1 +,30,counter_var_0 var_1 +
5023,115 68 36 106 113,23,115 78 18 73 113,10,20,13,18,13,11,28,var_0 counter_var_1 +,33,counter_var_0 var_1 +
5024,115 107 26 112 113,23,115 59 95 29 113,20,1,3,3,19,29,23,var_0 counter_var_1 +,4,counter_var_0 var_1 +
5025,115 2 86 45 113,19,115 94 45 76 113,2,7,17,22,14,14,24,var_0 counter_var_1 +,24,counter_var_0 var_1 +
5026,115 55 36 106 113,39,115 60 29 25 113,26,2,13,6,13,25,32,var_0 counter_var_1 +,15,counter_var_0 var_1 +
5027,115 26 107 60 113,41,115 0 8 26 113,26,0,15,8,29,26,34,var_0 counter_var_1 +,15,counter_var_0 var_1 +
5028,115 18 90 90 113,39,115 30 41 22 113,18,1,21,18,28,22,36,var_0 counter_var_1 +,22,counter_var_0 var_1 +
5029,115 44 27 88 113,19,115 50 108 58 113,15,21,4,16,26,27,31,var_0 counter_var_1 +,25,counter_var_0 var_1 +
5030,115 8 84 32 113,23,115 95 97 81 113,8,8,15,5,1,19,13,var_0 counter_var_1 +,23,counter_var_0 var_1 +
5031,115 30 108 58 113,17,115 98 43 110 113,1,11,16,20,27,17,21,var_0 counter_var_1 +,27,counter_var_0 var_1 +
5032,115 14 5 47 113,19,115 63 20 8 113,14,5,5,20,16,8,34,var_0 counter_var_1 +,10,counter_var_0 var_1 +
5033,115 92 22 75 113,27,115 59 48 89 113,5,1,22,2,13,27,7,var_0 counter_var_1 +,23,counter_var_0 var_1 +
5034,115 85 82 67 113,40,115 38 32 64 113,27,9,13,9,5,2,36,var_0 counter_var_1 +,22,counter_var_0 var_1 +
5035,115 89 87 69 113,20,115 111 62 41 113,2,24,18,16,7,10,18,var_0 counter_var_1 +,42,counter_var_0 var_1 +
5036,115 98 105 62 113,24,115 47 34 27 113,11,18,13,11,0,27,22,var_0 counter_var_1 +,31,counter_var_0 var_1 +
5037,115 0 100 0 113,8,115 110 62 41 113,0,23,8,16,0,10,16,var_0 counter_var_1 +,31,counter_var_0 var_1 +
5038,115 101 64 19 113,32,115 108 33 50 113,14,21,18,10,19,19,24,var_0 counter_var_1 +,39,counter_var_0 var_1 +
5039,115 51 41 22 113,40,115 100 105 62 113,22,13,18,13,22,0,35,var_0 counter_var_1 +,31,counter_var_0 var_1 +
5040,115 67 33 50 113,19,115 74 107 60 113,9,16,10,15,19,29,24,var_0 counter_var_1 +,26,counter_var_0 var_1 +
5041,115 76 93 37 113,19,115 18 82 67 113,18,18,1,13,6,5,31,var_0 counter_var_1 +,19,counter_var_0 var_1 +
5042,115 23 44 107 113,44,115 96 80 31 113,23,9,21,11,14,0,34,var_0 counter_var_1 +,30,counter_var_0 var_1 +
5043,115 10 91 33 113,32,115 82 73 96 113,10,24,22,4,2,3,14,var_0 counter_var_1 +,46,counter_var_0 var_1 +
5044,115 97 112 103 113,30,115 35 77 105 113,10,6,20,8,10,12,18,var_0 counter_var_1 +,26,counter_var_0 var_1 +
5045,115 27 49 72 113,30,115 101 92 2 113,27,14,3,0,10,2,27,var_0 counter_var_1 +,17,counter_var_0 var_1 +
5046,115 71 0 101 113,13,115 51 100 0 113,13,22,0,8,8,0,21,var_0 counter_var_1 +,22,counter_var_0 var_1 +
5047,115 68 35 9 113,22,115 67 54 83 113,10,9,12,8,9,21,18,var_0 counter_var_1 +,21,counter_var_0 var_1 +
5048,115 55 21 92 113,47,115 56 34 27 113,26,27,21,11,30,27,37,var_0 counter_var_1 +,48,counter_var_0 var_1 +
5049,115 23 61 18 113,38,115 24 85 3 113,23,24,15,16,18,3,39,var_0 counter_var_1 +,39,counter_var_0 var_1 +
5050,115 42 103 49 113,24,115 76 23 4 113,13,18,11,0,18,4,13,var_0 counter_var_1 +,29,counter_var_0 var_1 +
5051,115 46 4 52 113,21,115 75 30 70 113,17,17,4,7,21,8,24,var_0 counter_var_1 +,21,counter_var_0 var_1 +
5052,115 70 43 110 113,32,115 47 45 76 113,12,18,20,22,17,14,34,var_0 counter_var_1 +,38,counter_var_0 var_1 +
5053,115 53 64 19 113,42,115 41 2 63 113,24,12,18,2,19,1,26,var_0 counter_var_1 +,30,counter_var_0 var_1 +
5054,115 12 79 57 113,22,115 95 6 56 113,12,8,10,6,26,25,18,var_0 counter_var_1 +,18,counter_var_0 var_1 +
5055,115 94 79 57 113,17,115 57 14 24 113,7,28,10,14,26,24,21,var_0 counter_var_1 +,38,counter_var_0 var_1 +
5056,115 88 101 104 113,10,115 27 6 56 113,1,27,9,6,11,25,7,var_0 counter_var_1 +,36,counter_var_0 var_1 +
5057,115 31 100 0 113,10,115 106 24 5 113,2,19,8,1,0,5,3,var_0 counter_var_1 +,27,counter_var_0 var_1 +
5058,115 77 47 34 113,20,115 26 86 45 113,19,26,1,17,3,14,36,var_0 counter_var_1 +,27,counter_var_0 var_1 +
5059,115 13 101 104 113,22,115 2 81 54 113,13,2,9,12,11,23,25,var_0 counter_var_1 +,11,counter_var_0 var_1 +
5060,115 42 47 34 113,14,115 67 48 89 113,13,9,1,2,3,27,15,var_0 counter_var_1 +,10,counter_var_0 var_1 +
5061,115 99 103 49 113,23,115 38 84 32 113,12,9,11,15,18,1,27,var_0 counter_var_1 +,20,counter_var_0 var_1 +
5062,115 43 97 81 113,19,115 23 19 86 113,14,23,5,19,19,24,33,var_0 counter_var_1 +,28,counter_var_0 var_1 +
5063,115 38 71 74 113,11,115 26 96 6 113,9,26,2,4,12,6,13,var_0 counter_var_1 +,28,counter_var_0 var_1 +
5064,115 49 61 18 113,35,115 35 37 42 113,20,6,15,14,18,11,34,var_0 counter_var_1 +,21,counter_var_0 var_1 +
5065,115 100 3 15 113,16,115 12 57 1 113,13,12,3,11,15,1,24,var_0 counter_var_1 +,15,counter_var_0 var_1 +
5066,115 84 72 71 113,29,115 103 37 42 113,26,16,3,14,9,11,40,var_0 counter_var_1 +,19,counter_var_0 var_1 +
5067,115 82 24 5 113,25,115 88 8 26 113,24,1,1,8,5,26,32,var_0 counter_var_1 +,2,counter_var_0 var_1 +
5068,115 22 85 3 113,38,115 10 45 76 113,22,10,16,22,3,14,44,var_0 counter_var_1 +,26,counter_var_0 var_1 +
5069,115 79 27 88 113,25,115 48 19 86 113,21,19,4,19,26,24,40,var_0 counter_var_1 +,23,counter_var_0 var_1 +
5070,115 76 20 8 113,38,115 69 99 85 113,18,11,20,7,8,23,25,var_0 counter_var_1 +,31,counter_var_0 var_1 +
5071,115 42 86 45 113,30,115 36 45 76 113,13,7,17,22,14,14,35,var_0 counter_var_1 +,24,counter_var_0 var_1 +
5072,115 111 29 25 113,30,115 62 86 45 113,24,4,6,17,25,14,41,var_0 counter_var_1 +,10,counter_var_0 var_1 +
5073,115 6 41 22 113,24,115 98 29 25 113,6,11,18,6,22,25,12,var_0 counter_var_1 +,29,counter_var_0 var_1 +
5074,115 36 0 101 113,7,115 105 70 36 113,7,18,0,1,8,5,8,var_0 counter_var_1 +,18,counter_var_0 var_1 +
5075,115 89 56 59 113,12,115 84 62 41 113,2,26,10,16,28,10,18,var_0 counter_var_1 +,36,counter_var_0 var_1 +
5076,115 91 67 46 113,25,115 90 112 103 113,4,3,21,20,15,10,24,var_0 counter_var_1 +,24,counter_var_0 var_1 +
5077,115 53 21 92 113,45,115 20 43 110 113,24,20,21,20,30,17,44,var_0 counter_var_1 +,41,counter_var_0 var_1 +
5078,115 67 77 105 113,17,115 1 83 38 113,9,1,8,14,12,7,23,var_0 counter_var_1 +,9,counter_var_0 var_1 +
5079,115 61 37 42 113,17,115 65 10 68 113,3,7,14,10,11,6,13,var_0 counter_var_1 +,21,counter_var_0 var_1 +
5080,115 74 55 48 113,25,115 20 56 59 113,16,20,9,10,17,28,26,var_0 counter_var_1 +,29,counter_var_0 var_1 +
5081,115 11 59 23 113,24,115 42 62 41 113,11,13,13,16,23,10,27,var_0 counter_var_1 +,26,counter_var_0 var_1 +
5082,115 21 19 86 113,40,115 34 54 83 113,21,5,19,8,24,21,29,var_0 counter_var_1 +,24,counter_var_0 var_1 +
5083,115 85 54 83 113,35,115 66 92 2 113,27,8,8,0,21,2,27,var_0 counter_var_1 +,16,counter_var_0 var_1 +
5084,115 10 37 42 113,24,115 32 79 57 113,10,3,14,10,11,26,20,var_0 counter_var_1 +,17,counter_var_0 var_1 +
5085,115 55 51 97 113,31,115 102 81 54 113,26,15,5,12,4,23,38,var_0 counter_var_1 +,20,counter_var_0 var_1 +
5086,115 45 90 90 113,37,115 81 34 27 113,16,23,21,11,28,27,27,var_0 counter_var_1 +,44,counter_var_0 var_1 +
5087,115 46 25 111 113,19,115 69 86 45 113,17,11,2,17,18,14,34,var_0 counter_var_1 +,13,counter_var_0 var_1 +
5088,115 12 15 53 113,27,115 58 36 106 113,12,0,15,13,22,13,25,var_0 counter_var_1 +,15,counter_var_0 var_1 +
5089,115 37 5 47 113,13,115 33 29 25 113,8,4,5,6,16,25,14,var_0 counter_var_1 +,9,counter_var_0 var_1 +
5090,115 53 27 88 113,28,115 107 71 74 113,24,20,4,2,26,12,26,var_0 counter_var_1 +,24,counter_var_0 var_1 +
5091,115 87 33 50 113,10,115 24 104 84 113,0,24,10,12,19,22,12,var_0 counter_var_1 +,34,counter_var_0 var_1 +
5092,115 103 78 65 113,25,115 99 7 10 113,16,12,9,7,3,10,23,var_0 counter_var_1 +,21,counter_var_0 var_1 +
5093,115 11 4 52 113,15,115 26 59 23 113,11,26,4,13,21,23,24,var_0 counter_var_1 +,30,counter_var_0 var_1 +
5094,115 51 99 85 113,29,115 69 8 26 113,22,11,7,8,23,26,30,var_0 counter_var_1 +,18,counter_var_0 var_1 +
5095,115 106 26 112 113,22,115 100 34 27 113,19,13,3,11,19,27,30,var_0 counter_var_1 +,16,counter_var_0 var_1 +
5096,115 14 100 0 113,22,115 60 73 96 113,14,2,8,4,0,3,18,var_0 counter_var_1 +,10,counter_var_0 var_1 +
5097,115 45 20 8 113,36,115 88 95 29 113,16,1,20,3,8,29,19,var_0 counter_var_1 +,21,counter_var_0 var_1 +
5098,115 3 18 73 113,21,115 16 33 50 113,3,16,18,10,11,19,13,var_0 counter_var_1 +,34,counter_var_0 var_1 +
5099,115 72 55 48 113,23,115 97 63 43 113,14,10,9,17,17,12,31,var_0 counter_var_1 +,19,counter_var_0 var_1 +
5100,115 52 41 22 113,41,115 73 15 53 113,23,15,18,15,22,22,38,var_0 counter_var_1 +,33,counter_var_0 var_1 +
5101,115 90 54 83 113,11,115 35 61 18 113,3,6,8,15,21,18,18,var_0 counter_var_1 +,14,counter_var_0 var_1 +
5102,115 5 49 72 113,8,115 109 16 94 113,5,22,3,16,10,1,21,var_0 counter_var_1 +,25,counter_var_0 var_1 +
5103,115 18 98 78 113,24,115 79 73 96 113,18,21,6,4,16,3,22,var_0 counter_var_1 +,27,counter_var_0 var_1 +
5104,115 85 23 4 113,27,115 88 80 31 113,27,1,0,11,4,0,38,var_0 counter_var_1 +,1,counter_var_0 var_1 +
5105,115 102 79 57 113,25,115 8 40 11 113,15,8,10,17,26,11,32,var_0 counter_var_1 +,18,counter_var_0 var_1 +
5106,115 87 53 51 113,7,115 92 58 98 113,0,5,7,12,20,5,12,var_0 counter_var_1 +,12,counter_var_0 var_1 +
5107,115 93 65 17 113,25,115 32 44 107 113,6,3,19,21,17,14,27,var_0 counter_var_1 +,22,counter_var_0 var_1 +
5108,115 92 59 23 113,18,115 8 72 71 113,5,8,13,3,23,9,8,var_0 counter_var_1 +,21,counter_var_0 var_1 +
5109,115 20 99 85 113,27,115 71 24 5 113,20,13,7,1,23,5,21,var_0 counter_var_1 +,20,counter_var_0 var_1 +
5110,115 29 94 39 113,2,115 49 93 37 113,0,20,2,1,8,6,1,var_0 counter_var_1 +,22,counter_var_0 var_1 +
5111,115 111 43 110 113,44,115 111 109 79 113,24,24,20,17,17,17,41,var_0 counter_var_1 +,44,counter_var_0 var_1 +
5112,115 107 109 79 113,37,115 8 13 91 113,20,8,17,13,17,29,33,var_0 counter_var_1 +,25,counter_var_0 var_1 +
5113,115 53 20 8 113,44,115 32 40 11 113,24,3,20,17,8,11,41,var_0 counter_var_1 +,23,counter_var_0 var_1 +
5114,115 112 43 110 113,45,115 11 102 16 113,25,11,20,10,17,16,35,var_0 counter_var_1 +,31,counter_var_0 var_1 +
5115,115 0 87 69 113,18,115 77 107 60 113,0,19,18,15,7,29,15,var_0 counter_var_1 +,37,counter_var_0 var_1 +
5116,115 48 96 6 113,23,115 52 39 14 113,19,23,4,16,6,14,35,var_0 counter_var_1 +,27,counter_var_0 var_1 +
5117,115 23 26 112 113,26,115 87 99 85 113,23,0,3,7,19,23,30,var_0 counter_var_1 +,3,counter_var_0 var_1 +
5118,115 79 7 10 113,28,115 54 22 75 113,21,25,7,22,10,13,43,var_0 counter_var_1 +,32,counter_var_0 var_1 +
5119,115 33 52 95 113,10,115 89 108 58 113,4,2,6,16,2,27,20,var_0 counter_var_1 +,8,counter_var_0 var_1 +
5120,115 28 54 83 113,36,115 78 42 55 113,28,20,8,19,21,24,47,var_0 counter_var_1 +,28,counter_var_0 var_1 +
5121,115 63 14 24 113,19,115 73 83 38 113,5,15,14,14,24,7,19,var_0 counter_var_1 +,29,counter_var_0 var_1 +
5122,115 102 26 112 113,18,115 57 54 83 113,15,28,3,8,19,21,23,var_0 counter_var_1 +,31,counter_var_0 var_1 +
5123,115 68 71 74 113,12,115 82 29 25 113,10,24,2,6,12,25,16,var_0 counter_var_1 +,26,counter_var_0 var_1 +
5124,115 44 77 105 113,23,115 88 27 88 113,15,1,8,4,12,26,19,var_0 counter_var_1 +,9,counter_var_0 var_1 +
5125,115 106 70 36 113,20,115 73 102 16 113,19,15,1,10,5,16,29,var_0 counter_var_1 +,16,counter_var_0 var_1 +
5126,115 65 69 99 113,7,115 78 7 10 113,7,20,0,7,6,10,14,var_0 counter_var_1 +,20,counter_var_0 var_1 +
5127,115 34 6 56 113,11,115 12 51 97 113,5,12,6,5,25,4,10,var_0 counter_var_1 +,18,counter_var_0 var_1 +
5128,115 9 39 14 113,25,115 67 84 32 113,9,9,16,15,14,1,24,var_0 counter_var_1 +,25,counter_var_0 var_1 +
5129,115 41 30 70 113,19,115 31 41 22 113,12,2,7,18,8,22,30,var_0 counter_var_1 +,9,counter_var_0 var_1 +
5130,115 75 102 16 113,27,115 72 92 2 113,17,14,10,0,16,2,17,var_0 counter_var_1 +,24,counter_var_0 var_1 +
5131,115 72 97 81 113,19,115 92 29 25 113,14,5,5,6,19,25,20,var_0 counter_var_1 +,10,counter_var_0 var_1 +
5132,115 62 0 101 113,4,115 86 76 93 113,4,28,0,7,8,0,11,var_0 counter_var_1 +,28,counter_var_0 var_1 +
5133,115 102 97 81 113,20,115 67 64 19 113,15,9,5,18,19,19,33,var_0 counter_var_1 +,14,counter_var_0 var_1 +
5134,115 92 3 15 113,8,115 92 76 93 113,5,5,3,7,15,0,12,var_0 counter_var_1 +,8,counter_var_0 var_1 +
5135,115 82 105 62 113,37,115 4 44 107 113,24,4,13,21,0,14,45,var_0 counter_var_1 +,17,counter_var_0 var_1 +
5136,115 1 35 9 113,13,115 13 4 52 113,1,13,12,4,9,21,5,var_0 counter_var_1 +,25,counter_var_0 var_1 +
5137,115 83 42 55 113,44,115 95 78 65 113,25,8,19,9,24,3,34,var_0 counter_var_1 +,27,counter_var_0 var_1 +
5138,115 105 18 73 113,36,115 75 92 2 113,18,17,18,0,11,2,18,var_0 counter_var_1 +,35,counter_var_0 var_1 +
5139,115 67 17 108 113,26,115 19 99 85 113,9,19,17,7,15,23,16,var_0 counter_var_1 +,36,counter_var_0 var_1 +
5140,115 61 110 61 113,21,115 20 52 95 113,3,20,18,6,30,2,9,var_0 counter_var_1 +,38,counter_var_0 var_1 +
5141,115 5 70 36 113,6,115 56 97 81 113,5,27,1,5,5,19,10,var_0 counter_var_1 +,28,counter_var_0 var_1 +
5142,115 94 27 88 113,11,115 38 40 11 113,7,9,4,17,26,11,24,var_0 counter_var_1 +,13,counter_var_0 var_1 +
5143,115 57 30 70 113,35,115 55 23 4 113,28,26,7,0,8,4,28,var_0 counter_var_1 +,33,counter_var_0 var_1 +
5144,115 77 97 81 113,24,115 41 25 111 113,19,12,5,2,19,18,21,var_0 counter_var_1 +,17,counter_var_0 var_1 +
5145,115 72 57 1 113,25,115 39 33 50 113,14,10,11,10,1,19,24,var_0 counter_var_1 +,21,counter_var_0 var_1 +
5146,115 85 27 88 113,31,115 110 59 23 113,27,23,4,13,26,23,40,var_0 counter_var_1 +,27,counter_var_0 var_1 +
5147,115 46 58 98 113,29,115 106 111 12 113,17,19,12,19,5,12,36,var_0 counter_var_1 +,31,counter_var_0 var_1 +
5148,115 48 101 104 113,28,115 91 82 67 113,19,4,9,13,11,5,32,var_0 counter_var_1 +,13,counter_var_0 var_1 +
5149,115 95 1 40 113,9,115 34 3 15 113,8,5,1,3,9,15,11,var_0 counter_var_1 +,6,counter_var_0 var_1 +
5150,115 106 16 94 113,35,115 51 32 64 113,19,22,16,9,1,2,28,var_0 counter_var_1 +,38,counter_var_0 var_1 +
5151,115 90 108 58 113,19,115 18 21 92 113,3,18,16,21,27,30,24,var_0 counter_var_1 +,34,counter_var_0 var_1 +
5152,115 12 86 45 113,29,115 49 99 85 113,12,20,17,7,14,23,19,var_0 counter_var_1 +,37,counter_var_0 var_1 +
5153,115 84 109 79 113,43,115 103 11 30 113,26,16,17,11,17,30,37,var_0 counter_var_1 +,33,counter_var_0 var_1 +
5154,115 13 100 0 113,21,115 6 45 76 113,13,6,8,22,0,14,35,var_0 counter_var_1 +,14,counter_var_0 var_1 +
5155,115 0 78 65 113,9,115 11 14 24 113,0,11,9,14,3,24,14,var_0 counter_var_1 +,20,counter_var_0 var_1 +
5156,115 14 45 76 113,36,115 51 26 112 113,14,22,22,3,14,19,17,var_0 counter_var_1 +,44,counter_var_0 var_1 +
5157,115 87 41 22 113,18,115 27 39 14 113,0,27,18,16,22,14,16,var_0 counter_var_1 +,45,counter_var_0 var_1 +
5158,115 85 44 107 113,48,115 108 28 7 113,27,21,21,5,14,7,32,var_0 counter_var_1 +,42,counter_var_0 var_1 +
5159,115 74 102 16 113,26,115 10 53 51 113,16,10,10,7,16,20,23,var_0 counter_var_1 +,20,counter_var_0 var_1 +
5160,115 66 13 91 113,21,115 36 9 87 113,8,7,13,9,29,25,17,var_0 counter_var_1 +,20,counter_var_0 var_1 +
5161,115 96 24 5 113,10,115 29 87 69 113,9,0,1,18,5,7,27,var_0 counter_var_1 +,1,counter_var_0 var_1 +
5162,115 80 80 31 113,33,115 50 18 73 113,22,21,11,18,0,11,40,var_0 counter_var_1 +,32,counter_var_0 var_1 +
5163,115 82 82 67 113,37,115 49 83 38 113,24,20,13,14,5,7,38,var_0 counter_var_1 +,33,counter_var_0 var_1 +
5164,115 22 97 81 113,27,115 80 109 79 113,22,22,5,17,19,17,39,var_0 counter_var_1 +,27,counter_var_0 var_1 +
5165,115 16 86 45 113,33,115 18 65 17 113,16,18,17,19,14,17,35,var_0 counter_var_1 +,35,counter_var_0 var_1 +
5166,115 25 24 5 113,26,115 30 28 7 113,25,1,1,5,5,7,30,var_0 counter_var_1 +,2,counter_var_0 var_1 +
5167,115 87 44 107 113,21,115 33 81 54 113,0,4,21,12,14,23,12,var_0 counter_var_1 +,25,counter_var_0 var_1 +
5168,115 49 13 91 113,33,115 60 13 91 113,20,2,13,13,29,29,33,var_0 counter_var_1 +,15,counter_var_0 var_1 +
5169,115 52 102 16 113,33,115 34 68 100 113,23,5,10,22,16,7,45,var_0 counter_var_1 +,15,counter_var_0 var_1 +
5170,115 40 73 96 113,15,115 14 2 63 113,11,14,4,2,3,1,13,var_0 counter_var_1 +,18,counter_var_0 var_1 +
5171,115 38 63 43 113,26,115 59 99 85 113,9,1,17,7,12,23,16,var_0 counter_var_1 +,18,counter_var_0 var_1 +
5172,115 84 6 56 113,32,115 24 74 13 113,26,24,6,5,25,13,31,var_0 counter_var_1 +,30,counter_var_0 var_1 +
5173,115 11 27 88 113,15,115 40 24 5 113,11,11,4,1,26,5,12,var_0 counter_var_1 +,15,counter_var_0 var_1 +
5174,115 29 45 76 113,22,115 71 71 74 113,0,13,22,2,14,12,2,var_0 counter_var_1 +,35,counter_var_0 var_1 +
5175,115 74 44 107 113,37,115 55 26 112 113,16,26,21,3,14,19,19,var_0 counter_var_1 +,47,counter_var_0 var_1 +
5176,115 42 95 29 113,16,115 17 69 99 113,13,17,3,0,29,6,13,var_0 counter_var_1 +,20,counter_var_0 var_1 +
5177,115 95 78 65 113,17,115 80 78 65 113,8,22,9,9,3,3,17,var_0 counter_var_1 +,31,counter_var_0 var_1 +
5178,115 48 75 82 113,25,115 57 99 85 113,19,28,6,7,20,23,26,var_0 counter_var_1 +,34,counter_var_0 var_1 +
5179,115 71 49 72 113,16,115 76 74 13 113,13,18,3,5,10,13,18,var_0 counter_var_1 +,21,counter_var_0 var_1 +
5180,115 40 54 83 113,19,115 108 42 55 113,11,21,8,19,21,24,30,var_0 counter_var_1 +,29,counter_var_0 var_1 +
5181,115 105 61 18 113,33,115 21 72 71 113,18,21,15,3,18,9,21,var_0 counter_var_1 +,36,counter_var_0 var_1 +
5182,115 52 45 76 113,45,115 95 16 94 113,23,8,22,16,14,1,39,var_0 counter_var_1 +,30,counter_var_0 var_1 +
5183,115 2 76 93 113,9,115 58 12 21 113,2,0,7,12,0,21,14,var_0 counter_var_1 +,7,counter_var_0 var_1 +
5184,115 16 64 19 113,34,115 36 56 59 113,16,7,18,10,19,28,26,var_0 counter_var_1 +,25,counter_var_0 var_1 +
5185,115 11 40 11 113,28,115 1 14 24 113,11,1,17,14,11,24,25,var_0 counter_var_1 +,18,counter_var_0 var_1 +
5186,115 102 76 93 113,22,115 97 4 52 113,15,10,7,4,0,21,19,var_0 counter_var_1 +,17,counter_var_0 var_1 +
5187,115 17 15 53 113,32,115 13 39 14 113,17,13,15,16,22,14,33,var_0 counter_var_1 +,28,counter_var_0 var_1 +
5188,115 108 73 96 113,25,115 56 41 22 113,21,27,4,18,3,22,39,var_0 counter_var_1 +,31,counter_var_0 var_1 +
5189,115 40 76 93 113,18,115 59 71 74 113,11,1,7,2,0,12,13,var_0 counter_var_1 +,8,counter_var_0 var_1 +
5190,115 29 9 87 113,9,115 96 54 83 113,0,9,9,8,25,21,8,var_0 counter_var_1 +,18,counter_var_0 var_1 +
5191,115 67 23 4 113,9,115 63 46 80 113,9,5,0,0,4,18,9,var_0 counter_var_1 +,5,counter_var_0 var_1 +
5192,115 106 41 22 113,37,115 56 48 89 113,19,27,18,2,22,27,21,var_0 counter_var_1 +,45,counter_var_0 var_1 +
5193,115 58 31 109 113,8,115 75 66 102 113,0,17,8,20,16,9,20,var_0 counter_var_1 +,25,counter_var_0 var_1 +
5194,115 75 19 86 113,36,115 5 49 72 113,17,5,19,3,24,10,20,var_0 counter_var_1 +,24,counter_var_0 var_1 +
5195,115 50 11 30 113,32,115 50 50 77 113,21,21,11,4,30,15,25,var_0 counter_var_1 +,32,counter_var_0 var_1 +
5196,115 2 84 32 113,17,115 75 62 41 113,2,17,15,16,1,10,18,var_0 counter_var_1 +,32,counter_var_0 var_1 +
5197,115 36 82 67 113,20,115 111 25 111 113,7,24,13,2,5,18,9,var_0 counter_var_1 +,37,counter_var_0 var_1 +
5198,115 38 15 53 113,24,115 38 79 57 113,9,9,15,10,22,26,19,var_0 counter_var_1 +,24,counter_var_0 var_1 +
5199,115 2 28 7 113,7,115 68 15 53 113,2,10,5,15,7,22,17,var_0 counter_var_1 +,15,counter_var_0 var_1 +
5200,115 20 91 33 113,42,115 68 74 13 113,20,10,22,5,2,13,25,var_0 counter_var_1 +,32,counter_var_0 var_1 +
5201,115 58 38 20 113,15,115 20 12 21 113,0,20,15,12,20,21,12,var_0 counter_var_1 +,35,counter_var_0 var_1 +
5202,115 75 26 112 113,20,115 65 92 2 113,17,7,3,0,19,2,17,var_0 counter_var_1 +,10,counter_var_0 var_1 +
5203,115 87 34 27 113,11,115 75 48 89 113,0,17,11,2,27,27,2,var_0 counter_var_1 +,28,counter_var_0 var_1 +
5204,115 15 25 111 113,17,115 34 40 11 113,15,5,2,17,18,11,32,var_0 counter_var_1 +,7,counter_var_0 var_1 +
5205,115 100 0 101 113,13,115 78 109 79 113,13,20,0,17,8,17,30,var_0 counter_var_1 +,20,counter_var_0 var_1 +
5206,115 33 15 53 113,19,115 85 38 20 113,4,27,15,15,22,20,19,var_0 counter_var_1 +,42,counter_var_0 var_1 +
5207,115 44 26 112 113,18,115 0 33 50 113,15,0,3,10,19,19,25,var_0 counter_var_1 +,3,counter_var_0 var_1 +
5208,115 5 62 41 113,21,115 99 45 76 113,5,12,16,22,10,14,27,var_0 counter_var_1 +,28,counter_var_0 var_1 +
5209,115 44 15 53 113,30,115 66 5 47 113,15,8,15,5,22,16,20,var_0 counter_var_1 +,23,counter_var_0 var_1 +
5210,115 18 71 74 113,20,115 101 9 87 113,18,14,2,9,12,25,27,var_0 counter_var_1 +,16,counter_var_0 var_1 +
5211,115 65 33 50 113,17,115 52 108 58 113,7,23,10,16,19,27,23,var_0 counter_var_1 +,33,counter_var_0 var_1 +
5212,115 2 16 94 113,18,115 46 6 56 113,2,17,16,6,1,25,8,var_0 counter_var_1 +,33,counter_var_0 var_1 +
5213,115 22 41 22 113,40,115 15 93 37 113,22,15,18,1,22,6,23,var_0 counter_var_1 +,33,counter_var_0 var_1 +
5214,115 19 88 66 113,38,115 65 15 53 113,19,7,19,15,4,22,34,var_0 counter_var_1 +,26,counter_var_0 var_1 +
5215,115 20 76 93 113,27,115 76 56 59 113,20,18,7,10,0,28,30,var_0 counter_var_1 +,25,counter_var_0 var_1 +
5216,115 11 30 70 113,18,115 39 86 45 113,11,10,7,17,8,14,28,var_0 counter_var_1 +,17,counter_var_0 var_1 +
5217,115 64 38 20 113,21,115 71 22 75 113,6,13,15,22,20,13,28,var_0 counter_var_1 +,28,counter_var_0 var_1 +
5218,115 108 31 109 113,29,115 57 37 42 113,21,28,8,14,16,11,35,var_0 counter_var_1 +,36,counter_var_0 var_1 +
5219,115 31 22 75 113,24,115 102 52 95 113,2,15,22,6,13,2,8,var_0 counter_var_1 +,37,counter_var_0 var_1 +
5220,115 75 62 41 113,33,115 52 94 39 113,17,23,16,2,10,8,19,var_0 counter_var_1 +,39,counter_var_0 var_1 +
5221,115 71 55 48 113,22,115 97 34 27 113,13,10,9,11,17,27,24,var_0 counter_var_1 +,19,counter_var_0 var_1 +
5222,115 90 65 17 113,22,115 100 92 2 113,3,13,19,0,17,2,3,var_0 counter_var_1 +,32,counter_var_0 var_1 +
5223,115 36 78 65 113,16,115 73 23 4 113,7,15,9,0,3,4,7,var_0 counter_var_1 +,24,counter_var_0 var_1 +
5224,115 61 85 3 113,19,115 90 95 29 113,3,3,16,3,3,29,6,var_0 counter_var_1 +,19,counter_var_0 var_1 +
5225,115 5 55 48 113,14,115 76 99 85 113,5,18,9,7,17,23,12,var_0 counter_var_1 +,27,counter_var_0 var_1 +
5226,115 49 110 61 113,38,115 3 32 64 113,20,3,18,9,30,2,29,var_0 counter_var_1 +,21,counter_var_0 var_1 +
5227,115 103 12 21 113,28,115 78 19 86 113,16,20,12,19,21,24,35,var_0 counter_var_1 +,32,counter_var_0 var_1 +
5228,115 11 23 4 113,11,115 50 86 45 113,11,21,0,17,4,14,28,var_0 counter_var_1 +,21,counter_var_0 var_1 +
5229,115 95 105 62 113,21,115 75 77 105 113,8,17,13,8,0,12,16,var_0 counter_var_1 +,30,counter_var_0 var_1 +
5230,115 30 32 64 113,10,115 3 79 57 113,1,3,9,10,2,26,11,var_0 counter_var_1 +,12,counter_var_0 var_1 +
5231,115 51 88 66 113,41,115 60 17 108 113,22,2,19,17,4,15,39,var_0 counter_var_1 +,21,counter_var_0 var_1 +
5232,115 13 33 50 113,23,115 86 45 76 113,13,28,10,22,19,14,35,var_0 counter_var_1 +,38,counter_var_0 var_1 +
5233,115 37 27 88 113,12,115 97 112 103 113,8,10,4,20,26,10,28,var_0 counter_var_1 +,14,counter_var_0 var_1 +
5234,115 26 2 63 113,28,115 15 55 48 113,26,15,2,9,1,17,35,var_0 counter_var_1 +,17,counter_var_0 var_1 +
5235,115 108 81 54 113,33,115 74 52 95 113,21,16,12,6,23,2,27,var_0 counter_var_1 +,28,counter_var_0 var_1 +
5236,115 48 97 81 113,24,115 110 93 37 113,19,23,5,1,19,6,20,var_0 counter_var_1 +,28,counter_var_0 var_1 +
5237,115 60 39 14 113,18,115 53 59 23 113,2,24,16,13,14,23,15,var_0 counter_var_1 +,40,counter_var_0 var_1 +
5238,115 65 85 3 113,23,115 1 43 110 113,7,1,16,20,3,17,27,var_0 counter_var_1 +,17,counter_var_0 var_1 +
5239,115 14 101 104 113,23,115 1 19 86 113,14,1,9,19,11,24,33,var_0 counter_var_1 +,10,counter_var_0 var_1 +
5240,115 105 40 11 113,35,115 84 35 9 113,18,26,17,12,11,9,30,var_0 counter_var_1 +,43,counter_var_0 var_1 +
5241,115 83 85 3 113,41,115 64 32 64 113,25,6,16,9,3,2,34,var_0 counter_var_1 +,22,counter_var_0 var_1 +
5242,115 35 23 4 113,6,115 32 6 56 113,6,3,0,6,4,25,12,var_0 counter_var_1 +,3,counter_var_0 var_1 +
5243,115 36 28 7 113,12,115 65 57 1 113,7,7,5,11,7,1,18,var_0 counter_var_1 +,12,counter_var_0 var_1 +
5244,115 32 29 25 113,9,115 2 51 97 113,3,2,6,5,25,4,8,var_0 counter_var_1 +,8,counter_var_0 var_1 +
5245,115 38 107 60 113,24,115 88 32 64 113,9,1,15,9,29,2,18,var_0 counter_var_1 +,16,counter_var_0 var_1 +
5246,115 8 26 112 113,11,115 29 49 72 113,8,0,3,3,19,10,11,var_0 counter_var_1 +,3,counter_var_0 var_1 +
5247,115 59 42 55 113,20,115 34 15 53 113,1,5,19,15,24,22,16,var_0 counter_var_1 +,24,counter_var_0 var_1 +
5248,115 112 16 94 113,41,115 31 42 55 113,25,2,16,19,1,24,44,var_0 counter_var_1 +,18,counter_var_0 var_1 +
5249,115 48 10 68 113,29,115 32 94 39 113,19,3,10,2,6,8,21,var_0 counter_var_1 +,13,counter_var_0 var_1 +
5250,115 102 64 19 113,33,115 18 78 65 113,15,18,18,9,19,3,24,var_0 counter_var_1 +,36,counter_var_0 var_1 +
5251,115 63 26 112 113,8,115 76 100 0 113,5,18,3,8,19,0,13,var_0 counter_var_1 +,21,counter_var_0 var_1 +
5252,115 58 81 54 113,12,115 97 77 105 113,0,10,12,8,23,12,8,var_0 counter_var_1 +,22,counter_var_0 var_1 +
5253,115 45 23 4 113,16,115 106 46 80 113,16,19,0,0,4,18,16,var_0 counter_var_1 +,19,counter_var_0 var_1 +
5254,115 59 23 4 113,1,115 55 43 110 113,1,26,0,20,4,17,21,var_0 counter_var_1 +,26,counter_var_0 var_1 +
5255,115 9 64 19 113,27,115 48 68 100 113,9,19,18,22,19,7,31,var_0 counter_var_1 +,37,counter_var_0 var_1 +
5256,115 74 97 81 113,21,115 64 63 43 113,16,6,5,17,19,12,33,var_0 counter_var_1 +,11,counter_var_0 var_1 +
5257,115 20 79 57 113,30,115 19 1 40 113,20,19,10,1,26,9,21,var_0 counter_var_1 +,29,counter_var_0 var_1 +
5258,115 36 59 23 113,20,115 35 80 31 113,7,6,13,11,23,0,18,var_0 counter_var_1 +,19,counter_var_0 var_1 +
5259,115 41 106 35 113,26,115 19 6 56 113,12,19,14,6,4,25,18,var_0 counter_var_1 +,33,counter_var_0 var_1 +
5260,115 4 73 96 113,8,115 90 96 6 113,4,3,4,4,3,6,8,var_0 counter_var_1 +,7,counter_var_0 var_1 +
5261,115 51 65 17 113,41,115 20 93 37 113,22,20,19,1,17,6,23,var_0 counter_var_1 +,39,counter_var_0 var_1 +
5262,115 71 21 92 113,34,115 96 5 47 113,13,9,21,5,30,16,18,var_0 counter_var_1 +,30,counter_var_0 var_1 +
5263,115 80 86 45 113,39,115 88 17 108 113,22,1,17,17,14,15,39,var_0 counter_var_1 +,18,counter_var_0 var_1 +
5264,115 1 2 63 113,3,115 33 13 91 113,1,4,2,13,1,29,14,var_0 counter_var_1 +,6,counter_var_0 var_1 +
5265,115 36 72 71 113,10,115 38 37 42 113,7,9,3,14,9,11,21,var_0 counter_var_1 +,12,counter_var_0 var_1 +
5266,115 28 71 74 113,30,115 45 43 110 113,28,16,2,20,12,17,48,var_0 counter_var_1 +,18,counter_var_0 var_1 +
5267,115 112 107 60 113,40,115 105 107 60 113,25,18,15,15,29,29,40,var_0 counter_var_1 +,33,counter_var_0 var_1 +
5268,115 106 98 78 113,25,115 26 18 73 113,19,26,6,18,16,11,37,var_0 counter_var_1 +,32,counter_var_0 var_1 +
5269,115 9 87 69 113,27,115 8 101 104 113,9,8,18,9,7,11,18,var_0 counter_var_1 +,26,counter_var_0 var_1 +
5270,115 58 12 21 113,12,115 35 26 112 113,0,6,12,3,21,19,3,var_0 counter_var_1 +,18,counter_var_0 var_1 +
5271,115 5 15 53 113,20,115 33 102 16 113,5,4,15,10,22,16,15,var_0 counter_var_1 +,19,counter_var_0 var_1 +
5272,115 65 94 39 113,9,115 36 63 43 113,7,7,2,17,8,12,24,var_0 counter_var_1 +,9,counter_var_0 var_1 +
5273,115 16 22 75 113,38,115 58 77 105 113,16,0,22,8,13,12,24,var_0 counter_var_1 +,22,counter_var_0 var_1 +
5274,115 64 65 17 113,25,115 69 73 96 113,6,11,19,4,17,3,10,var_0 counter_var_1 +,30,counter_var_0 var_1 +
5275,115 110 82 67 113,36,115 55 58 98 113,23,26,13,12,5,5,35,var_0 counter_var_1 +,39,counter_var_0 var_1 +
5276,115 83 78 65 113,34,115 95 25 111 113,25,8,9,2,3,18,27,var_0 counter_var_1 +,17,counter_var_0 var_1 +
5277,115 11 29 25 113,17,115 78 71 74 113,11,20,6,2,25,12,13,var_0 counter_var_1 +,26,counter_var_0 var_1 +
5278,115 44 102 16 113,25,115 25 67 46 113,15,25,10,21,16,15,36,var_0 counter_var_1 +,35,counter_var_0 var_1 +
5279,115 97 29 25 113,16,115 77 57 1 113,10,19,6,11,25,1,21,var_0 counter_var_1 +,25,counter_var_0 var_1 +
5280,115 107 19 86 113,39,115 56 75 82 113,20,27,19,6,24,20,26,var_0 counter_var_1 +,46,counter_var_0 var_1 +
5281,115 106 59 23 113,32,115 38 57 1 113,19,9,13,11,23,1,30,var_0 counter_var_1 +,22,counter_var_0 var_1 +
5282,115 103 0 101 113,16,115 88 83 38 113,16,1,0,14,8,7,30,var_0 counter_var_1 +,1,counter_var_0 var_1 +
5283,115 72 59 23 113,27,115 51 40 11 113,14,22,13,17,23,11,31,var_0 counter_var_1 +,35,counter_var_0 var_1 +
5284,115 76 102 16 113,28,115 106 29 25 113,18,19,10,6,16,25,24,var_0 counter_var_1 +,29,counter_var_0 var_1 +
5285,115 16 111 12 113,35,115 57 24 5 113,16,28,19,1,12,5,17,var_0 counter_var_1 +,47,counter_var_0 var_1 +
5286,115 106 55 48 113,28,115 108 81 54 113,19,21,9,12,17,23,31,var_0 counter_var_1 +,30,counter_var_0 var_1 +
5287,115 60 49 72 113,5,115 8 105 62 113,2,8,3,13,10,0,15,var_0 counter_var_1 +,11,counter_var_0 var_1 +
5288,115 85 60 44 113,41,115 65 27 88 113,27,7,14,4,13,26,31,var_0 counter_var_1 +,21,counter_var_0 var_1 +
5289,115 19 97 81 113,24,115 79 40 11 113,19,21,5,17,19,11,36,var_0 counter_var_1 +,26,counter_var_0 var_1 +
5290,115 23 27 88 113,27,115 28 39 14 113,23,28,4,16,26,14,39,var_0 counter_var_1 +,32,counter_var_0 var_1 +
5291,115 10 33 50 113,20,115 48 77 105 113,10,19,10,8,19,12,18,var_0 counter_var_1 +,29,counter_var_0 var_1 +
5292,115 15 110 61 113,33,115 46 69 99 113,15,17,18,0,30,6,15,var_0 counter_var_1 +,35,counter_var_0 var_1 +
5293,115 58 55 48 113,9,115 109 33 50 113,0,22,9,10,17,19,10,var_0 counter_var_1 +,31,counter_var_0 var_1 +
5294,115 14 17 108 113,31,115 83 44 107 113,14,25,17,21,15,14,35,var_0 counter_var_1 +,42,counter_var_0 var_1 +
5295,115 57 101 104 113,37,115 108 41 22 113,28,21,9,18,11,22,46,var_0 counter_var_1 +,30,counter_var_0 var_1 +
5296,115 36 14 24 113,21,115 109 71 74 113,7,22,14,2,24,12,9,var_0 counter_var_1 +,36,counter_var_0 var_1 +
5297,115 57 23 4 113,28,115 65 107 60 113,28,7,0,15,4,29,43,var_0 counter_var_1 +,7,counter_var_0 var_1 +
5298,115 0 8 26 113,8,115 92 27 88 113,0,5,8,4,26,26,4,var_0 counter_var_1 +,13,counter_var_0 var_1 +
5299,115 72 74 13 113,19,115 62 79 57 113,14,4,5,10,13,26,24,var_0 counter_var_1 +,9,counter_var_0 var_1 +
5300,115 6 15 53 113,21,115 87 18 73 113,6,0,15,18,22,11,24,var_0 counter_var_1 +,15,counter_var_0 var_1 +
5301,115 81 20 8 113,43,115 42 42 55 113,23,13,20,19,8,24,42,var_0 counter_var_1 +,33,counter_var_0 var_1 +
5302,115 37 70 36 113,9,115 40 0 101 113,8,11,1,0,5,8,8,var_0 counter_var_1 +,12,counter_var_0 var_1 +
5303,115 34 28 7 113,10,115 66 27 88 113,5,8,5,4,7,26,9,var_0 counter_var_1 +,13,counter_var_0 var_1 +
5304,115 33 9 87 113,13,115 98 42 55 113,4,11,9,19,25,24,23,var_0 counter_var_1 +,20,counter_var_0 var_1 +
5305,115 91 60 44 113,18,115 72 10 68 113,4,14,14,10,13,6,14,var_0 counter_var_1 +,28,counter_var_0 var_1 +
5306,115 65 0 101 113,7,115 91 110 61 113,7,4,0,18,8,30,25,var_0 counter_var_1 +,4,counter_var_0 var_1 +
5307,115 81 92 2 113,23,115 52 29 25 113,23,23,0,6,2,25,29,var_0 counter_var_1 +,23,counter_var_0 var_1 +
5308,115 99 23 4 113,12,115 89 21 92 113,12,2,0,21,4,30,33,var_0 counter_var_1 +,2,counter_var_0 var_1 +
5309,115 26 85 3 113,42,115 83 70 36 113,26,25,16,1,3,5,27,var_0 counter_var_1 +,41,counter_var_0 var_1 +
5310,115 6 104 84 113,18,115 44 108 58 113,6,15,12,16,22,27,22,var_0 counter_var_1 +,27,counter_var_0 var_1 +
5311,115 71 1 40 113,14,115 92 37 42 113,13,5,1,14,9,11,27,var_0 counter_var_1 +,6,counter_var_0 var_1 +
5312,115 105 111 12 113,37,115 72 28 7 113,18,14,19,5,12,7,23,var_0 counter_var_1 +,33,counter_var_0 var_1 +
5313,115 47 51 97 113,23,115 12 9 87 113,18,12,5,9,4,25,27,var_0 counter_var_1 +,17,counter_var_0 var_1 +
5314,115 91 88 66 113,23,115 98 26 112 113,4,11,19,3,4,19,7,var_0 counter_var_1 +,30,counter_var_0 var_1 +
5315,115 97 93 37 113,11,115 6 48 89 113,10,6,1,2,6,27,12,var_0 counter_var_1 +,7,counter_var_0 var_1 +
5316,115 27 52 95 113,33,115 81 104 84 113,27,23,6,12,2,22,39,var_0 counter_var_1 +,29,counter_var_0 var_1 +
5317,115 67 25 111 113,11,115 59 34 27 113,9,1,2,11,18,27,20,var_0 counter_var_1 +,3,counter_var_0 var_1 +
5318,115 100 109 79 113,30,115 74 40 11 113,13,16,17,17,17,11,30,var_0 counter_var_1 +,33,counter_var_0 var_1 +
5319,115 9 11 30 113,20,115 61 68 100 113,9,3,11,22,30,7,31,var_0 counter_var_1 +,14,counter_var_0 var_1 +
5320,115 59 51 97 113,6,115 106 108 58 113,1,19,5,16,4,27,17,var_0 counter_var_1 +,24,counter_var_0 var_1 +
5321,115 89 92 2 113,2,115 8 56 59 113,2,8,0,10,2,28,12,var_0 counter_var_1 +,8,counter_var_0 var_1 +
5322,115 24 37 42 113,38,115 19 32 64 113,24,19,14,9,11,2,33,var_0 counter_var_1 +,33,counter_var_0 var_1 +
5323,115 85 19 86 113,46,115 10 58 98 113,27,10,19,12,24,5,39,var_0 counter_var_1 +,29,counter_var_0 var_1 +
5324,115 90 29 25 113,9,115 67 62 41 113,3,9,6,16,25,10,19,var_0 counter_var_1 +,15,counter_var_0 var_1 +
5325,115 87 96 6 113,4,115 6 27 88 113,0,6,4,4,6,26,4,var_0 counter_var_1 +,10,counter_var_0 var_1 +
5326,115 101 91 33 113,36,115 4 68 100 113,14,4,22,22,2,7,36,var_0 counter_var_1 +,26,counter_var_0 var_1 +
5327,115 57 0 101 113,28,115 85 63 43 113,28,27,0,17,8,12,45,var_0 counter_var_1 +,27,counter_var_0 var_1 +
5328,115 13 71 74 113,15,115 28 18 73 113,13,28,2,18,12,11,31,var_0 counter_var_1 +,30,counter_var_0 var_1 +
5329,115 96 10 68 113,19,115 20 37 42 113,9,20,10,14,6,11,23,var_0 counter_var_1 +,30,counter_var_0 var_1 +
5330,115 52 34 27 113,34,115 40 74 13 113,23,11,11,5,27,13,28,var_0 counter_var_1 +,22,counter_var_0 var_1 +
5331,115 4 94 39 113,6,115 46 3 15 113,4,17,2,3,8,15,7,var_0 counter_var_1 +,19,counter_var_0 var_1 +
5332,115 3 5 47 113,8,115 91 30 70 113,3,4,5,7,16,8,10,var_0 counter_var_1 +,9,counter_var_0 var_1 +
5333,115 75 32 64 113,26,115 81 66 102 113,17,23,9,20,2,9,37,var_0 counter_var_1 +,32,counter_var_0 var_1 +
5334,115 72 60 44 113,28,115 111 13 91 113,14,24,14,13,13,29,27,var_0 counter_var_1 +,38,counter_var_0 var_1 +
5335,115 14 13 91 113,27,115 89 14 24 113,14,2,13,14,29,24,28,var_0 counter_var_1 +,15,counter_var_0 var_1 +
5336,115 40 12 21 113,23,115 101 110 61 113,11,14,12,18,21,30,29,var_0 counter_var_1 +,26,counter_var_0 var_1 +
5337,115 55 44 107 113,47,115 27 56 59 113,26,27,21,10,14,28,36,var_0 counter_var_1 +,48,counter_var_0 var_1 +
5338,115 69 23 4 113,11,115 79 43 110 113,11,21,0,20,4,17,31,var_0 counter_var_1 +,21,counter_var_0 var_1 +
5339,115 101 107 60 113,29,115 68 90 90 113,14,10,15,21,29,28,35,var_0 counter_var_1 +,25,counter_var_0 var_1 +
5340,115 7 50 77 113,11,115 42 55 48 113,7,13,4,9,15,17,16,var_0 counter_var_1 +,17,counter_var_0 var_1 +
5341,115 68 1 40 113,11,115 112 79 57 113,10,25,1,10,9,26,20,var_0 counter_var_1 +,26,counter_var_0 var_1 +
5342,115 81 73 96 113,27,115 55 29 25 113,23,26,4,6,3,25,29,var_0 counter_var_1 +,30,counter_var_0 var_1 +
5343,115 62 92 2 113,4,115 39 40 11 113,4,10,0,17,2,11,21,var_0 counter_var_1 +,10,counter_var_0 var_1 +
5344,115 105 92 2 113,18,115 106 105 62 113,18,19,0,13,2,0,31,var_0 counter_var_1 +,19,counter_var_0 var_1 +
5345,115 18 15 53 113,33,115 45 46 80 113,18,16,15,0,22,18,18,var_0 counter_var_1 +,31,counter_var_0 var_1 +
5346,115 48 100 0 113,27,115 30 13 91 113,19,1,8,13,0,29,32,var_0 counter_var_1 +,9,counter_var_0 var_1 +
5347,115 97 69 99 113,10,115 35 0 101 113,10,6,0,0,6,8,10,var_0 counter_var_1 +,6,counter_var_0 var_1 +
5348,115 82 14 24 113,38,115 90 67 46 113,24,3,14,21,24,15,45,var_0 counter_var_1 +,17,counter_var_0 var_1 +
5349,115 59 87 69 113,19,115 99 65 17 113,1,12,18,19,7,17,20,var_0 counter_var_1 +,30,counter_var_0 var_1 +
5350,115 94 10 68 113,17,115 85 10 68 113,7,27,10,10,6,6,17,var_0 counter_var_1 +,37,counter_var_0 var_1 +
5351,115 71 102 16 113,23,115 93 62 41 113,13,6,10,16,16,10,29,var_0 counter_var_1 +,16,counter_var_0 var_1 +
5352,115 50 48 89 113,23,115 74 22 75 113,21,16,2,22,27,13,43,var_0 counter_var_1 +,18,counter_var_0 var_1 +
5353,115 25 96 6 113,29,115 9 55 48 113,25,9,4,9,6,17,34,var_0 counter_var_1 +,13,counter_var_0 var_1 +
5354,115 10 83 38 113,24,115 18 42 55 113,10,18,14,19,7,24,29,var_0 counter_var_1 +,32,counter_var_0 var_1 +
5355,115 60 41 22 113,20,115 111 96 6 113,2,24,18,4,22,6,6,var_0 counter_var_1 +,42,counter_var_0 var_1 +
5356,115 34 40 11 113,22,115 41 63 43 113,5,12,17,17,11,12,22,var_0 counter_var_1 +,29,counter_var_0 var_1 +
5357,115 48 82 67 113,32,115 71 67 46 113,19,13,13,21,5,15,40,var_0 counter_var_1 +,26,counter_var_0 var_1 +
5358,115 24 3 15 113,27,115 47 3 15 113,24,18,3,3,15,15,27,var_0 counter_var_1 +,21,counter_var_0 var_1 +
5359,115 71 47 34 113,14,115 111 50 77 113,13,24,1,4,3,15,17,var_0 counter_var_1 +,25,counter_var_0 var_1 +
5360,115 101 10 68 113,24,115 53 88 66 113,14,24,10,19,6,4,33,var_0 counter_var_1 +,34,counter_var_0 var_1 +
5361,115 24 30 70 113,31,115 75 70 36 113,24,17,7,1,8,5,25,var_0 counter_var_1 +,24,counter_var_0 var_1 +
5362,115 32 11 30 113,14,115 0 76 93 113,3,0,11,7,30,0,10,var_0 counter_var_1 +,11,counter_var_0 var_1 +
5363,115 52 78 65 113,32,115 67 59 23 113,23,9,9,13,3,23,36,var_0 counter_var_1 +,18,counter_var_0 var_1 +
5364,115 74 59 23 113,29,115 28 72 71 113,16,28,13,3,23,9,19,var_0 counter_var_1 +,41,counter_var_0 var_1 +
5365,115 109 40 11 113,39,115 3 5 47 113,22,3,17,5,11,16,27,var_0 counter_var_1 +,20,counter_var_0 var_1 +
5366,115 90 69 99 113,3,115 48 91 33 113,3,19,0,22,6,2,25,var_0 counter_var_1 +,19,counter_var_0 var_1 +
5367,115 0 101 104 113,9,115 70 65 17 113,0,12,9,19,11,17,19,var_0 counter_var_1 +,21,counter_var_0 var_1 +
5368,115 55 20 8 113,46,115 109 112 103 113,26,22,20,20,8,10,46,var_0 counter_var_1 +,42,counter_var_0 var_1 +
5369,115 58 97 81 113,5,115 90 104 84 113,0,3,5,12,19,22,12,var_0 counter_var_1 +,8,counter_var_0 var_1 +
5370,115 72 27 88 113,18,115 3 91 33 113,14,3,4,22,26,2,36,var_0 counter_var_1 +,7,counter_var_0 var_1 +
5371,115 43 40 11 113,31,115 54 91 33 113,14,25,17,22,11,2,36,var_0 counter_var_1 +,42,counter_var_0 var_1 +
5372,115 7 109 79 113,24,115 18 70 36 113,7,18,17,1,17,5,8,var_0 counter_var_1 +,35,counter_var_0 var_1 +
5373,115 19 106 35 113,33,115 32 33 50 113,19,3,14,10,4,19,29,var_0 counter_var_1 +,17,counter_var_0 var_1 +
5374,115 38 34 27 113,20,115 75 107 60 113,9,17,11,15,27,29,24,var_0 counter_var_1 +,28,counter_var_0 var_1 +
5375,115 55 60 44 113,40,115 29 59 23 113,26,0,14,13,13,23,39,var_0 counter_var_1 +,14,counter_var_0 var_1 +
5376,115 110 35 9 113,35,115 68 99 85 113,23,10,12,7,9,23,30,var_0 counter_var_1 +,22,counter_var_0 var_1 +
5377,115 80 6 56 113,28,115 80 101 104 113,22,22,6,9,25,11,31,var_0 counter_var_1 +,28,counter_var_0 var_1 +
5378,115 109 104 84 113,34,115 33 27 88 113,22,4,12,4,22,26,26,var_0 counter_var_1 +,16,counter_var_0 var_1 +
5379,115 100 60 44 113,27,115 108 22 75 113,13,21,14,22,13,13,35,var_0 counter_var_1 +,35,counter_var_0 var_1 +
5380,115 27 47 34 113,28,115 81 100 0 113,27,23,1,8,3,0,35,var_0 counter_var_1 +,24,counter_var_0 var_1 +
5381,115 90 2 63 113,5,115 70 26 112 113,3,12,2,3,1,19,6,var_0 counter_var_1 +,14,counter_var_0 var_1 +
5382,115 84 20 8 113,46,115 77 35 9 113,26,19,20,12,8,9,38,var_0 counter_var_1 +,39,counter_var_0 var_1 +
5383,115 92 74 13 113,10,115 3 98 78 113,5,3,5,6,13,16,11,var_0 counter_var_1 +,8,counter_var_0 var_1 +
5384,115 26 8 26 113,34,115 80 51 97 113,26,22,8,5,26,4,31,var_0 counter_var_1 +,30,counter_var_0 var_1 +
5385,115 11 51 97 113,16,115 29 46 80 113,11,0,5,0,4,18,11,var_0 counter_var_1 +,5,counter_var_0 var_1 +
5386,115 56 57 1 113,38,115 90 62 41 113,27,3,11,16,1,10,43,var_0 counter_var_1 +,14,counter_var_0 var_1 +
5387,115 9 0 101 113,9,115 10 112 103 113,9,10,0,20,8,10,29,var_0 counter_var_1 +,10,counter_var_0 var_1 +
5388,115 71 67 46 113,34,115 95 15 53 113,13,8,21,15,15,22,28,var_0 counter_var_1 +,29,counter_var_0 var_1 +
5389,115 43 23 4 113,14,115 18 76 93 113,14,18,0,7,4,0,21,var_0 counter_var_1 +,18,counter_var_0 var_1 +
5390,115 16 87 69 113,34,115 61 59 23 113,16,3,18,13,7,23,29,var_0 counter_var_1 +,21,counter_var_0 var_1 +
5391,115 105 109 79 113,35,115 15 77 105 113,18,15,17,8,17,12,26,var_0 counter_var_1 +,32,counter_var_0 var_1 +
5392,115 37 46 80 113,8,115 66 49 72 113,8,8,0,3,18,10,11,var_0 counter_var_1 +,8,counter_var_0 var_1 +
5393,115 73 61 18 113,30,115 106 7 10 113,15,19,15,7,18,10,22,var_0 counter_var_1 +,34,counter_var_0 var_1 +
5394,115 5 81 54 113,17,115 69 89 28 113,5,11,12,20,23,28,25,var_0 counter_var_1 +,23,counter_var_0 var_1 +
5395,115 90 4 52 113,7,115 102 40 11 113,3,15,4,17,21,11,20,var_0 counter_var_1 +,19,counter_var_0 var_1 +
5396,115 82 68 100 113,46,115 47 20 8 113,24,18,22,20,7,8,44,var_0 counter_var_1 +,40,counter_var_0 var_1 +
5397,115 91 110 61 113,22,115 23 35 9 113,4,23,18,12,30,9,16,var_0 counter_var_1 +,41,counter_var_0 var_1 +
5398,115 3 24 5 113,4,115 53 33 50 113,3,24,1,10,5,19,13,var_0 counter_var_1 +,25,counter_var_0 var_1 +
5399,115 54 5 47 113,30,115 52 97 81 113,25,23,5,5,16,19,30,var_0 counter_var_1 +,28,counter_var_0 var_1 +
5400,115 106 51 97 113,24,115 75 95 29 113,19,17,5,3,4,29,22,var_0 counter_var_1 +,22,counter_var_0 var_1 +
5401,115 58 96 6 113,4,115 60 0 101 113,0,2,4,0,6,8,0,var_0 counter_var_1 +,6,counter_var_0 var_1 +
5402,115 100 56 59 113,23,115 33 89 28 113,13,4,10,20,28,28,33,var_0 counter_var_1 +,14,counter_var_0 var_1 +
5403,115 73 84 32 113,30,115 53 79 57 113,15,24,15,10,1,26,25,var_0 counter_var_1 +,39,counter_var_0 var_1 +
5404,115 69 24 5 113,12,115 62 78 65 113,11,4,1,9,5,3,20,var_0 counter_var_1 +,5,counter_var_0 var_1 +
5405,115 97 11 30 113,21,115 71 74 13 113,10,13,11,5,30,13,15,var_0 counter_var_1 +,24,counter_var_0 var_1 +
5406,115 76 61 18 113,33,115 1 50 77 113,18,1,15,4,18,15,22,var_0 counter_var_1 +,16,counter_var_0 var_1 +
5407,115 77 1 40 113,20,115 80 80 31 113,19,22,1,11,9,0,30,var_0 counter_var_1 +,23,counter_var_0 var_1 +
5408,115 57 65 17 113,47,115 64 33 50 113,28,6,19,10,17,19,38,var_0 counter_var_1 +,25,counter_var_0 var_1 +
5409,115 60 111 12 113,21,115 3 18 73 113,2,3,19,18,12,11,20,var_0 counter_var_1 +,22,counter_var_0 var_1 +
5410,115 76 23 4 113,18,115 16 7 10 113,18,16,0,7,4,10,25,var_0 counter_var_1 +,16,counter_var_0 var_1 +
5411,115 92 47 34 113,6,115 78 95 29 113,5,20,1,3,3,29,8,var_0 counter_var_1 +,21,counter_var_0 var_1 +
5412,115 92 33 50 113,15,115 27 16 94 113,5,27,10,16,19,1,21,var_0 counter_var_1 +,37,counter_var_0 var_1 +
5413,115 23 92 2 113,23,115 15 65 17 113,23,15,0,19,2,17,42,var_0 counter_var_1 +,15,counter_var_0 var_1 +
5414,115 89 28 7 113,7,115 109 83 38 113,2,22,5,14,7,7,16,var_0 counter_var_1 +,27,counter_var_0 var_1 +
5415,115 38 29 25 113,15,115 10 19 86 113,9,10,6,19,25,24,28,var_0 counter_var_1 +,16,counter_var_0 var_1 +
5416,115 51 103 49 113,33,115 33 92 2 113,22,4,11,0,18,2,22,var_0 counter_var_1 +,15,counter_var_0 var_1 +
5417,115 28 64 19 113,46,115 108 84 32 113,28,21,18,15,19,1,43,var_0 counter_var_1 +,39,counter_var_0 var_1 +
5418,115 93 101 104 113,15,115 42 60 44 113,6,13,9,14,11,13,20,var_0 counter_var_1 +,22,counter_var_0 var_1 +
5419,115 29 48 89 113,2,115 63 4 52 113,0,5,2,4,27,21,4,var_0 counter_var_1 +,7,counter_var_0 var_1 +
5420,115 84 70 36 113,27,115 101 93 37 113,26,14,1,1,5,6,27,var_0 counter_var_1 +,15,counter_var_0 var_1 +
5421,115 1 82 67 113,14,115 74 8 26 113,1,16,13,8,5,26,9,var_0 counter_var_1 +,29,counter_var_0 var_1 +
5422,115 79 40 11 113,38,115 46 108 58 113,21,17,17,16,11,27,37,var_0 counter_var_1 +,34,counter_var_0 var_1 +
5423,115 74 6 56 113,22,115 92 67 46 113,16,5,6,21,25,15,37,var_0 counter_var_1 +,11,counter_var_0 var_1 +
5424,115 11 68 100 113,33,115 56 2 63 113,11,27,22,2,7,1,13,var_0 counter_var_1 +,49,counter_var_0 var_1 +
5425,115 14 80 31 113,25,115 61 67 46 113,14,3,11,21,0,15,35,var_0 counter_var_1 +,14,counter_var_0 var_1 +
5426,115 65 37 42 113,21,115 20 69 99 113,7,20,14,0,11,6,7,var_0 counter_var_1 +,34,counter_var_0 var_1 +
5427,115 109 96 6 113,26,115 46 1 40 113,22,17,4,1,6,9,23,var_0 counter_var_1 +,21,counter_var_0 var_1 +
5428,115 97 4 52 113,14,115 76 108 58 113,10,18,4,16,21,27,26,var_0 counter_var_1 +,22,counter_var_0 var_1 +
5429,115 111 20 8 113,44,115 105 84 32 113,24,18,20,15,8,1,39,var_0 counter_var_1 +,38,counter_var_0 var_1 +
5430,115 72 0 101 113,14,115 46 74 13 113,14,17,0,5,8,13,19,var_0 counter_var_1 +,17,counter_var_0 var_1 +
5431,115 19 100 0 113,27,115 8 33 50 113,19,8,8,10,0,19,29,var_0 counter_var_1 +,16,counter_var_0 var_1 +
5432,115 21 106 35 113,35,115 102 25 111 113,21,15,14,2,4,18,23,var_0 counter_var_1 +,29,counter_var_0 var_1 +
5433,115 25 90 90 113,46,115 6 103 49 113,25,6,21,11,28,18,36,var_0 counter_var_1 +,27,counter_var_0 var_1 +
5434,115 36 71 74 113,9,115 94 9 87 113,7,7,2,9,12,25,16,var_0 counter_var_1 +,9,counter_var_0 var_1 +
5435,115 18 82 67 113,31,115 81 32 64 113,18,23,13,9,5,2,27,var_0 counter_var_1 +,36,counter_var_0 var_1 +
5436,115 94 54 83 113,15,115 100 101 104 113,7,13,8,9,21,11,16,var_0 counter_var_1 +,21,counter_var_0 var_1 +
5437,115 13 56 59 113,23,115 62 97 81 113,13,4,10,5,28,19,18,var_0 counter_var_1 +,14,counter_var_0 var_1 +
5438,115 33 28 7 113,9,115 109 31 109 113,4,22,5,8,7,16,12,var_0 counter_var_1 +,27,counter_var_0 var_1 +
5439,115 35 48 89 113,8,115 73 1 40 113,6,15,2,1,27,9,7,var_0 counter_var_1 +,17,counter_var_0 var_1 +
5440,115 94 45 76 113,29,115 5 8 26 113,7,5,22,8,14,26,15,var_0 counter_var_1 +,27,counter_var_0 var_1 +
5441,115 77 101 104 113,28,115 70 106 35 113,19,12,9,14,11,4,33,var_0 counter_var_1 +,21,counter_var_0 var_1 +
5442,115 81 53 51 113,30,115 99 20 8 113,23,12,7,20,20,8,43,var_0 counter_var_1 +,19,counter_var_0 var_1 +
5443,115 16 69 99 113,16,115 30 106 35 113,16,1,0,14,6,4,30,var_0 counter_var_1 +,1,counter_var_0 var_1 +
5444,115 105 6 56 113,24,115 3 45 76 113,18,3,6,22,25,14,40,var_0 counter_var_1 +,9,counter_var_0 var_1 +
5445,115 93 69 99 113,6,115 46 38 20 113,6,17,0,15,6,20,21,var_0 counter_var_1 +,17,counter_var_0 var_1 +
5446,115 13 34 27 113,24,115 86 12 21 113,13,28,11,12,27,21,25,var_0 counter_var_1 +,39,counter_var_0 var_1 +
5447,115 96 67 46 113,30,115 85 103 49 113,9,27,21,11,15,18,20,var_0 counter_var_1 +,48,counter_var_0 var_1 +
5448,115 10 28 7 113,15,115 99 26 112 113,10,12,5,3,7,19,13,var_0 counter_var_1 +,17,counter_var_0 var_1 +
5449,115 25 18 73 113,43,115 27 10 68 113,25,27,18,10,11,6,35,var_0 counter_var_1 +,45,counter_var_0 var_1 +
5450,115 47 32 64 113,27,115 61 90 90 113,18,3,9,21,2,28,39,var_0 counter_var_1 +,12,counter_var_0 var_1 +
5451,115 54 84 32 113,40,115 60 15 53 113,25,2,15,15,1,22,40,var_0 counter_var_1 +,17,counter_var_0 var_1 +
5452,115 78 103 49 113,31,115 64 75 82 113,20,6,11,6,18,20,26,var_0 counter_var_1 +,17,counter_var_0 var_1 +
5453,115 23 36 106 113,36,115 26 2 63 113,23,26,13,2,13,1,25,var_0 counter_var_1 +,39,counter_var_0 var_1 +
5454,115 104 94 39 113,19,115 88 100 0 113,17,1,2,8,8,0,25,var_0 counter_var_1 +,3,counter_var_0 var_1 +
5455,115 79 96 6 113,25,115 93 0 101 113,21,6,4,0,6,8,21,var_0 counter_var_1 +,10,counter_var_0 var_1 +
5456,115 0 6 56 113,6,115 59 6 56 113,0,1,6,6,25,25,6,var_0 counter_var_1 +,7,counter_var_0 var_1 +
5457,115 30 88 66 113,20,115 40 72 71 113,1,11,19,3,4,9,4,var_0 counter_var_1 +,30,counter_var_0 var_1 +
5458,115 112 87 69 113,43,115 66 26 112 113,25,8,18,3,7,19,28,var_0 counter_var_1 +,26,counter_var_0 var_1 +
5459,115 92 62 41 113,21,115 102 80 31 113,5,15,16,11,10,0,16,var_0 counter_var_1 +,31,counter_var_0 var_1 +
5460,115 109 17 108 113,39,115 91 45 76 113,22,4,17,22,15,14,44,var_0 counter_var_1 +,21,counter_var_0 var_1 +
5461,115 49 93 37 113,21,115 94 25 111 113,20,7,1,2,6,18,22,var_0 counter_var_1 +,8,counter_var_0 var_1 +
5462,115 24 31 109 113,32,115 61 35 9 113,24,3,8,12,16,9,36,var_0 counter_var_1 +,11,counter_var_0 var_1 +
5463,115 54 45 76 113,47,115 104 95 29 113,25,17,22,3,14,29,28,var_0 counter_var_1 +,39,counter_var_0 var_1 +
5464,115 105 78 65 113,27,115 99 3 15 113,18,12,9,3,3,15,21,var_0 counter_var_1 +,21,counter_var_0 var_1 +
5465,115 19 66 102 113,39,115 47 41 22 113,19,18,20,18,9,22,37,var_0 counter_var_1 +,38,counter_var_0 var_1 +
5466,115 81 30 70 113,30,115 71 60 44 113,23,13,7,14,8,13,37,var_0 counter_var_1 +,20,counter_var_0 var_1 +
5467,115 3 9 87 113,12,115 98 21 92 113,3,11,9,21,25,30,24,var_0 counter_var_1 +,20,counter_var_0 var_1 +
5468,115 105 57 1 113,29,115 99 17 108 113,18,12,11,17,1,15,35,var_0 counter_var_1 +,23,counter_var_0 var_1 +
5469,115 77 76 93 113,26,115 67 90 90 113,19,9,7,21,0,28,40,var_0 counter_var_1 +,16,counter_var_0 var_1 +
5470,115 2 72 71 113,5,115 99 6 56 113,2,12,3,6,9,25,8,var_0 counter_var_1 +,15,counter_var_0 var_1 +
5471,115 11 54 83 113,19,115 2 70 36 113,11,2,8,1,21,5,12,var_0 counter_var_1 +,10,counter_var_0 var_1 +
5472,115 36 30 70 113,14,115 66 70 36 113,7,8,7,1,8,5,8,var_0 counter_var_1 +,15,counter_var_0 var_1 +
5473,115 76 22 75 113,40,115 42 0 101 113,18,13,22,0,13,8,18,var_0 counter_var_1 +,35,counter_var_0 var_1 +
5474,115 7 95 29 113,10,115 111 20 8 113,7,24,3,20,29,8,27,var_0 counter_var_1 +,27,counter_var_0 var_1 +
5475,115 67 83 38 113,23,115 90 111 12 113,9,3,14,19,7,12,28,var_0 counter_var_1 +,17,counter_var_0 var_1 +
5476,115 24 68 100 113,46,115 11 64 19 113,24,11,22,18,7,19,42,var_0 counter_var_1 +,33,counter_var_0 var_1 +
5477,115 4 107 60 113,19,115 21 43 110 113,4,21,15,20,29,17,24,var_0 counter_var_1 +,36,counter_var_0 var_1 +
5478,115 42 41 22 113,31,115 57 28 7 113,13,28,18,5,22,7,18,var_0 counter_var_1 +,46,counter_var_0 var_1 +
5479,115 76 58 98 113,30,115 57 85 3 113,18,28,12,16,5,3,34,var_0 counter_var_1 +,40,counter_var_0 var_1 +
5480,115 31 68 100 113,24,115 8 21 92 113,2,8,22,21,7,30,23,var_0 counter_var_1 +,30,counter_var_0 var_1 +
5481,115 93 8 26 113,14,115 96 47 34 113,6,9,8,1,26,3,7,var_0 counter_var_1 +,17,counter_var_0 var_1 +
5482,115 15 8 26 113,23,115 18 38 20 113,15,18,8,15,26,20,30,var_0 counter_var_1 +,26,counter_var_0 var_1 +
5483,115 16 88 66 113,35,115 41 12 21 113,16,12,19,12,4,21,28,var_0 counter_var_1 +,31,counter_var_0 var_1 +
5484,115 69 102 16 113,21,115 68 4 52 113,11,10,10,4,16,21,15,var_0 counter_var_1 +,20,counter_var_0 var_1 +
5485,115 17 32 64 113,26,115 43 50 77 113,17,14,9,4,2,15,21,var_0 counter_var_1 +,23,counter_var_0 var_1 +
5486,115 49 90 90 113,41,115 1 80 31 113,20,1,21,11,28,0,31,var_0 counter_var_1 +,22,counter_var_0 var_1 +
5487,115 67 64 19 113,27,115 38 104 84 113,9,9,18,12,19,22,21,var_0 counter_var_1 +,27,counter_var_0 var_1 +
5488,115 81 37 42 113,37,115 66 95 29 113,23,8,14,3,11,29,26,var_0 counter_var_1 +,22,counter_var_0 var_1 +
5489,115 40 77 105 113,19,115 98 69 99 113,11,11,8,0,12,6,11,var_0 counter_var_1 +,19,counter_var_0 var_1 +
5490,115 9 106 35 113,23,115 51 95 29 113,9,22,14,3,4,29,12,var_0 counter_var_1 +,36,counter_var_0 var_1 +
5491,115 51 95 29 113,25,115 43 23 4 113,22,14,3,0,29,4,22,var_0 counter_var_1 +,17,counter_var_0 var_1 +
5492,115 40 98 78 113,17,115 6 59 23 113,11,6,6,13,16,23,24,var_0 counter_var_1 +,12,counter_var_0 var_1 +
5493,115 86 103 49 113,39,115 52 33 50 113,28,23,11,10,18,19,38,var_0 counter_var_1 +,34,counter_var_0 var_1 +
5494,115 72 2 63 113,16,115 62 55 48 113,14,4,2,9,1,17,23,var_0 counter_var_1 +,6,counter_var_0 var_1 +
5495,115 36 75 82 113,13,115 54 51 97 113,7,25,6,5,20,4,12,var_0 counter_var_1 +,31,counter_var_0 var_1 +
5496,115 88 42 55 113,20,115 19 112 103 113,1,19,19,20,24,10,21,var_0 counter_var_1 +,38,counter_var_0 var_1 +
5497,115 78 42 55 113,39,115 0 14 24 113,20,0,19,14,24,24,34,var_0 counter_var_1 +,19,counter_var_0 var_1 +
5498,115 69 5 47 113,16,115 86 95 29 113,11,28,5,3,16,29,14,var_0 counter_var_1 +,33,counter_var_0 var_1 +
5499,115 76 19 86 113,37,115 5 57 1 113,18,5,19,11,24,1,29,var_0 counter_var_1 +,24,counter_var_0 var_1 +
5500,115 44 68 100 113,37,115 2 63 43 113,15,2,22,17,7,12,32,var_0 counter_var_1 +,24,counter_var_0 var_1 +
5501,115 29 82 67 113,13,115 108 47 34 113,0,21,13,1,5,3,1,var_0 counter_var_1 +,34,counter_var_0 var_1 +
5502,115 56 62 41 113,43,115 23 75 82 113,27,23,16,6,10,20,33,var_0 counter_var_1 +,39,counter_var_0 var_1 +
5503,115 77 87 69 113,37,115 5 21 92 113,19,5,18,21,7,30,40,var_0 counter_var_1 +,23,counter_var_0 var_1 +
5504,115 35 53 51 113,13,115 83 101 104 113,6,25,7,9,20,11,15,var_0 counter_var_1 +,32,counter_var_0 var_1 +
5505,115 61 90 90 113,24,115 95 28 7 113,3,8,21,5,28,7,8,var_0 counter_var_1 +,29,counter_var_0 var_1 +
5506,115 1 52 95 113,7,115 79 16 94 113,1,21,6,16,2,1,17,var_0 counter_var_1 +,27,counter_var_0 var_1 +
5507,115 54 109 79 113,42,115 43 4 52 113,25,14,17,4,17,21,29,var_0 counter_var_1 +,31,counter_var_0 var_1 +
5508,115 62 4 52 113,8,115 75 57 1 113,4,17,4,11,21,1,15,var_0 counter_var_1 +,21,counter_var_0 var_1 +
5509,115 46 93 37 113,18,115 36 29 25 113,17,7,1,6,6,25,23,var_0 counter_var_1 +,8,counter_var_0 var_1 +
5510,115 9 101 104 113,18,115 10 82 67 113,9,10,9,13,11,5,22,var_0 counter_var_1 +,19,counter_var_0 var_1 +
5511,115 32 72 71 113,6,115 14 53 51 113,3,14,3,7,9,20,10,var_0 counter_var_1 +,17,counter_var_0 var_1 +
5512,115 29 8 26 113,8,115 98 31 109 113,0,11,8,8,26,16,8,var_0 counter_var_1 +,19,counter_var_0 var_1 +
5513,115 78 43 110 113,40,115 57 93 37 113,20,28,20,1,17,6,21,var_0 counter_var_1 +,48,counter_var_0 var_1 +
5514,115 98 98 78 113,17,115 49 111 12 113,11,20,6,19,16,12,30,var_0 counter_var_1 +,26,counter_var_0 var_1 +
5515,115 57 8 26 113,36,115 61 19 86 113,28,3,8,19,26,24,47,var_0 counter_var_1 +,11,counter_var_0 var_1 +
5516,115 99 17 108 113,29,115 3 80 31 113,12,3,17,11,15,0,23,var_0 counter_var_1 +,20,counter_var_0 var_1 +
5517,115 21 99 85 113,28,115 94 75 82 113,21,7,7,6,23,20,27,var_0 counter_var_1 +,14,counter_var_0 var_1 +
5518,115 62 43 110 113,24,115 48 23 4 113,4,19,20,0,17,4,4,var_0 counter_var_1 +,39,counter_var_0 var_1 +
5519,115 54 11 30 113,36,115 31 71 74 113,25,2,11,2,30,12,27,var_0 counter_var_1 +,13,counter_var_0 var_1 +
5520,115 17 80 31 113,28,115 14 14 24 113,17,14,11,14,0,24,31,var_0 counter_var_1 +,25,counter_var_0 var_1 +
5521,115 79 12 21 113,33,115 37 10 68 113,21,8,12,10,21,6,31,var_0 counter_var_1 +,20,counter_var_0 var_1 +
5522,115 90 84 32 113,18,115 49 90 90 113,3,20,15,21,1,28,24,var_0 counter_var_1 +,35,counter_var_0 var_1 +
5523,115 98 109 79 113,28,115 80 9 87 113,11,22,17,9,17,25,20,var_0 counter_var_1 +,39,counter_var_0 var_1 +
5524,115 33 56 59 113,14,115 11 48 89 113,4,11,10,2,28,27,6,var_0 counter_var_1 +,21,counter_var_0 var_1 +
5525,115 57 69 99 113,28,115 96 10 68 113,28,9,0,10,6,6,38,var_0 counter_var_1 +,9,counter_var_0 var_1 +
5526,115 17 99 85 113,24,115 83 67 46 113,17,25,7,21,23,15,38,var_0 counter_var_1 +,32,counter_var_0 var_1 +
5527,115 5 94 39 113,7,115 80 34 27 113,5,22,2,11,8,27,16,var_0 counter_var_1 +,24,counter_var_0 var_1 +
5528,115 111 65 17 113,43,115 106 71 74 113,24,19,19,2,17,12,26,var_0 counter_var_1 +,38,counter_var_0 var_1 +
5529,115 92 45 76 113,27,115 89 44 107 113,5,2,22,21,14,14,26,var_0 counter_var_1 +,24,counter_var_0 var_1 +
5530,115 43 34 27 113,25,115 81 51 97 113,14,23,11,5,27,4,19,var_0 counter_var_1 +,34,counter_var_0 var_1 +
5531,115 93 4 52 113,10,115 21 91 33 113,6,21,4,22,21,2,28,var_0 counter_var_1 +,25,counter_var_0 var_1 +
5532,115 75 34 27 113,28,115 24 38 20 113,17,24,11,15,27,20,32,var_0 counter_var_1 +,35,counter_var_0 var_1 +
5533,115 53 33 50 113,34,115 76 76 93 113,24,18,10,7,19,0,31,var_0 counter_var_1 +,28,counter_var_0 var_1 +
5534,115 46 19 86 113,36,115 82 109 79 113,17,24,19,17,24,17,34,var_0 counter_var_1 +,43,counter_var_0 var_1 +
5535,115 35 70 36 113,7,115 20 54 83 113,6,20,1,8,5,21,14,var_0 counter_var_1 +,21,counter_var_0 var_1 +
5536,115 52 38 20 113,38,115 66 52 95 113,23,8,15,6,20,2,29,var_0 counter_var_1 +,23,counter_var_0 var_1 +
5537,115 73 82 67 113,28,115 51 44 107 113,15,22,13,21,5,14,36,var_0 counter_var_1 +,35,counter_var_0 var_1 +
5538,115 35 7 10 113,13,115 43 41 22 113,6,14,7,18,10,22,24,var_0 counter_var_1 +,21,counter_var_0 var_1 +
5539,115 100 22 75 113,35,115 8 39 14 113,13,8,22,16,13,14,29,var_0 counter_var_1 +,30,counter_var_0 var_1 +
5540,115 88 27 88 113,5,115 41 64 19 113,1,12,4,18,26,19,19,var_0 counter_var_1 +,16,counter_var_0 var_1 +
5541,115 87 31 109 113,8,115 104 38 20 113,0,17,8,15,16,20,15,var_0 counter_var_1 +,25,counter_var_0 var_1 +
5542,115 81 97 81 113,28,115 63 92 2 113,23,5,5,0,19,2,23,var_0 counter_var_1 +,10,counter_var_0 var_1 +
5543,115 5 12 21 113,17,115 70 8 26 113,5,12,12,8,21,26,13,var_0 counter_var_1 +,24,counter_var_0 var_1 +
5544,115 87 4 52 113,4,115 82 54 83 113,0,24,4,8,21,21,8,var_0 counter_var_1 +,28,counter_var_0 var_1 +
5545,115 83 0 101 113,25,115 95 96 6 113,25,8,0,4,8,6,29,var_0 counter_var_1 +,8,counter_var_0 var_1 +
5546,115 16 11 30 113,27,115 10 111 12 113,16,10,11,19,30,12,35,var_0 counter_var_1 +,21,counter_var_0 var_1 +
5547,115 49 0 101 113,20,115 41 103 49 113,20,12,0,11,8,18,31,var_0 counter_var_1 +,12,counter_var_0 var_1 +
5548,115 54 22 75 113,47,115 22 26 112 113,25,22,22,3,13,19,28,var_0 counter_var_1 +,44,counter_var_0 var_1 +
5549,115 42 43 110 113,33,115 24 78 65 113,13,24,20,9,17,3,22,var_0 counter_var_1 +,44,counter_var_0 var_1 +
5550,115 91 20 8 113,24,115 49 8 26 113,4,20,20,8,8,26,12,var_0 counter_var_1 +,40,counter_var_0 var_1 +
5551,115 75 38 20 113,32,115 85 108 58 113,17,27,15,16,20,27,33,var_0 counter_var_1 +,42,counter_var_0 var_1 +
5552,115 20 27 88 113,24,115 24 60 44 113,20,24,4,14,26,13,34,var_0 counter_var_1 +,28,counter_var_0 var_1 +
5553,115 90 39 14 113,19,115 105 28 7 113,3,18,16,5,14,7,8,var_0 counter_var_1 +,34,counter_var_0 var_1 +
5554,115 95 30 70 113,15,115 75 2 63 113,8,17,7,2,8,1,10,var_0 counter_var_1 +,24,counter_var_0 var_1 +
5555,115 78 19 86 113,39,115 112 99 85 113,20,25,19,7,24,23,27,var_0 counter_var_1 +,44,counter_var_0 var_1 +
5556,115 1 85 3 113,17,115 87 86 45 113,1,0,16,17,3,14,18,var_0 counter_var_1 +,16,counter_var_0 var_1 +
5557,115 110 16 94 113,39,115 110 106 35 113,23,23,16,14,1,4,37,var_0 counter_var_1 +,39,counter_var_0 var_1 +
5558,115 47 94 39 113,20,115 74 25 111 113,18,16,2,2,8,18,20,var_0 counter_var_1 +,18,counter_var_0 var_1 +
5559,115 36 95 29 113,10,115 112 50 77 113,7,25,3,4,29,15,11,var_0 counter_var_1 +,28,counter_var_0 var_1 +
5560,115 24 103 49 113,35,115 98 101 104 113,24,11,11,9,18,11,33,var_0 counter_var_1 +,22,counter_var_0 var_1 +
5561,115 68 85 3 113,26,115 25 49 72 113,10,25,16,3,3,10,13,var_0 counter_var_1 +,41,counter_var_0 var_1 +
5562,115 9 58 98 113,21,115 102 32 64 113,9,15,12,9,5,2,18,var_0 counter_var_1 +,27,counter_var_0 var_1 +
5563,115 29 36 106 113,13,115 57 22 75 113,0,28,13,22,13,13,22,var_0 counter_var_1 +,41,counter_var_0 var_1 +
5564,115 91 33 50 113,14,115 106 43 110 113,4,19,10,20,19,17,24,var_0 counter_var_1 +,29,counter_var_0 var_1 +
5565,115 101 24 5 113,15,115 11 30 70 113,14,11,1,7,5,8,21,var_0 counter_var_1 +,12,counter_var_0 var_1 +
5566,115 52 60 44 113,37,115 73 7 10 113,23,15,14,7,13,10,30,var_0 counter_var_1 +,29,counter_var_0 var_1 +
5567,115 57 75 82 113,34,115 60 71 74 113,28,2,6,2,20,12,30,var_0 counter_var_1 +,8,counter_var_0 var_1 +
5568,115 63 106 35 113,19,115 11 34 27 113,5,11,14,11,4,27,16,var_0 counter_var_1 +,25,counter_var_0 var_1 +
5569,115 112 81 54 113,37,115 48 40 11 113,25,19,12,17,23,11,42,var_0 counter_var_1 +,31,counter_var_0 var_1 +
5570,115 86 23 4 113,28,115 57 55 48 113,28,28,0,9,4,17,37,var_0 counter_var_1 +,28,counter_var_0 var_1 +
5571,115 56 80 31 113,38,115 73 110 61 113,27,15,11,18,0,30,45,var_0 counter_var_1 +,26,counter_var_0 var_1 +
5572,115 41 9 87 113,21,115 8 61 18 113,12,8,9,15,25,18,27,var_0 counter_var_1 +,17,counter_var_0 var_1 +
5573,115 36 96 6 113,11,115 0 32 64 113,7,0,4,9,6,2,16,var_0 counter_var_1 +,4,counter_var_0 var_1 +
5574,115 87 29 25 113,6,115 101 10 68 113,0,14,6,10,25,6,10,var_0 counter_var_1 +,20,counter_var_0 var_1 +
5575,115 60 72 71 113,5,115 55 47 34 113,2,26,3,1,9,3,3,var_0 counter_var_1 +,29,counter_var_0 var_1 +
5576,115 21 87 69 113,39,115 47 17 108 113,21,18,18,17,7,15,38,var_0 counter_var_1 +,36,counter_var_0 var_1 +
5577,115 98 46 80 113,11,115 74 31 109 113,11,16,0,8,18,16,19,var_0 counter_var_1 +,16,counter_var_0 var_1 +
5578,115 94 89 28 113,27,115 62 72 71 113,7,4,20,3,28,9,10,var_0 counter_var_1 +,24,counter_var_0 var_1 +
5579,115 112 104 84 113,37,115 21 71 74 113,25,21,12,2,22,12,27,var_0 counter_var_1 +,33,counter_var_0 var_1 +
5580,115 17 69 99 113,17,115 75 71 74 113,17,17,0,2,6,12,19,var_0 counter_var_1 +,17,counter_var_0 var_1 +
5581,115 18 2 63 113,20,115 27 53 51 113,18,27,2,7,1,20,25,var_0 counter_var_1 +,29,counter_var_0 var_1 +
5582,115 39 38 20 113,25,115 25 90 90 113,10,25,15,21,20,28,31,var_0 counter_var_1 +,40,counter_var_0 var_1 +
5583,115 13 20 8 113,33,115 1 53 51 113,13,1,20,7,8,20,20,var_0 counter_var_1 +,21,counter_var_0 var_1 +
5584,115 38 38 20 113,24,115 87 53 51 113,9,0,15,7,20,20,16,var_0 counter_var_1 +,15,counter_var_0 var_1 +
5585,115 80 104 84 113,34,115 29 25 111 113,22,0,12,2,22,18,24,var_0 counter_var_1 +,12,counter_var_0 var_1 +
5586,115 68 48 89 113,12,115 56 31 109 113,10,27,2,8,27,16,18,var_0 counter_var_1 +,29,counter_var_0 var_1 +
5587,115 69 56 59 113,21,115 46 30 70 113,11,17,10,7,28,8,18,var_0 counter_var_1 +,27,counter_var_0 var_1 +
5588,115 26 54 83 113,34,115 28 65 17 113,26,28,8,19,21,17,45,var_0 counter_var_1 +,36,counter_var_0 var_1 +
5589,115 24 93 37 113,25,115 79 21 92 113,24,21,1,21,6,30,45,var_0 counter_var_1 +,22,counter_var_0 var_1 +
5590,115 73 2 63 113,17,115 5 2 63 113,15,5,2,2,1,1,17,var_0 counter_var_1 +,7,counter_var_0 var_1 +
5591,115 44 98 78 113,21,115 21 7 10 113,15,21,6,7,16,10,22,var_0 counter_var_1 +,27,counter_var_0 var_1 +
5592,115 0 68 100 113,22,115 83 109 79 113,0,25,22,17,7,17,17,var_0 counter_var_1 +,47,counter_var_0 var_1 +
5593,115 31 86 45 113,19,115 52 11 30 113,2,23,17,11,14,30,13,var_0 counter_var_1 +,40,counter_var_0 var_1 +
5594,115 90 6 56 113,9,115 23 63 43 113,3,23,6,17,25,12,20,var_0 counter_var_1 +,29,counter_var_0 var_1 +
5595,115 2 77 105 113,10,115 65 67 46 113,2,7,8,21,12,15,23,var_0 counter_var_1 +,15,counter_var_0 var_1 +
5596,115 8 89 28 113,28,115 93 35 9 113,8,6,20,12,28,9,20,var_0 counter_var_1 +,26,counter_var_0 var_1 +
5597,115 73 80 31 113,26,115 19 33 50 113,15,19,11,10,0,19,25,var_0 counter_var_1 +,30,counter_var_0 var_1 +
5598,115 83 112 103 113,45,115 8 38 20 113,25,8,20,15,10,20,40,var_0 counter_var_1 +,28,counter_var_0 var_1 +
5599,115 106 7 10 113,26,115 83 42 55 113,19,25,7,19,10,24,38,var_0 counter_var_1 +,32,counter_var_0 var_1 +
5600,115 59 94 39 113,3,115 51 28 7 113,1,22,2,5,8,7,6,var_0 counter_var_1 +,24,counter_var_0 var_1 +
5601,115 96 32 64 113,18,115 1 49 72 113,9,1,9,3,2,10,12,var_0 counter_var_1 +,10,counter_var_0 var_1 +
5602,115 110 72 71 113,26,115 1 70 36 113,23,1,3,1,9,5,24,var_0 counter_var_1 +,4,counter_var_0 var_1 +
5603,115 67 13 91 113,22,115 90 88 66 113,9,3,13,19,29,4,28,var_0 counter_var_1 +,16,counter_var_0 var_1 +
5604,115 90 57 1 113,14,115 46 47 34 113,3,17,11,1,1,3,4,var_0 counter_var_1 +,28,counter_var_0 var_1 +
5605,115 33 103 49 113,15,115 73 89 28 113,4,15,11,20,18,28,24,var_0 counter_var_1 +,26,counter_var_0 var_1 +
5606,115 50 72 71 113,24,115 107 80 31 113,21,20,3,11,9,0,32,var_0 counter_var_1 +,23,counter_var_0 var_1 +
5607,115 47 40 11 113,35,115 89 15 53 113,18,2,17,15,11,22,33,var_0 counter_var_1 +,19,counter_var_0 var_1 +
5608,115 105 84 32 113,33,115 75 17 108 113,18,17,15,17,1,15,35,var_0 counter_var_1 +,32,counter_var_0 var_1 +
5609,115 88 108 58 113,17,115 31 95 29 113,1,2,16,3,27,29,4,var_0 counter_var_1 +,18,counter_var_0 var_1 +
5610,115 40 111 12 113,30,115 36 101 104 113,11,7,19,9,12,11,20,var_0 counter_var_1 +,26,counter_var_0 var_1 +
5611,115 55 26 112 113,29,115 18 93 37 113,26,18,3,1,19,6,27,var_0 counter_var_1 +,21,counter_var_0 var_1 +
5612,115 31 57 1 113,13,115 54 11 30 113,2,25,11,11,1,30,13,var_0 counter_var_1 +,36,counter_var_0 var_1 +
5613,115 41 93 37 113,13,115 45 27 88 113,12,16,1,4,6,26,16,var_0 counter_var_1 +,17,counter_var_0 var_1 +
5614,115 18 100 0 113,26,115 73 58 98 113,18,15,8,12,0,5,30,var_0 counter_var_1 +,23,counter_var_0 var_1 +
5615,115 65 3 15 113,10,115 40 112 103 113,7,11,3,20,15,10,27,var_0 counter_var_1 +,14,counter_var_0 var_1 +
5616,115 0 22 75 113,22,115 76 46 80 113,0,18,22,0,13,18,0,var_0 counter_var_1 +,40,counter_var_0 var_1 +
5617,115 110 31 109 113,31,115 14 110 61 113,23,14,8,18,16,30,41,var_0 counter_var_1 +,22,counter_var_0 var_1 +
5618,115 87 93 37 113,1,115 86 37 42 113,0,28,1,14,6,11,14,var_0 counter_var_1 +,29,counter_var_0 var_1 +
5619,115 47 24 5 113,19,115 57 31 109 113,18,28,1,8,5,16,26,var_0 counter_var_1 +,29,counter_var_0 var_1 +
5620,115 102 86 45 113,32,115 2 90 90 113,15,2,17,21,14,28,36,var_0 counter_var_1 +,19,counter_var_0 var_1 +
5621,115 78 62 41 113,36,115 85 9 87 113,20,27,16,9,10,25,29,var_0 counter_var_1 +,43,counter_var_0 var_1 +
5622,115 62 39 14 113,20,115 1 71 74 113,4,1,16,2,14,12,6,var_0 counter_var_1 +,17,counter_var_0 var_1 +
5623,115 43 21 92 113,35,115 108 88 66 113,14,21,21,19,30,4,33,var_0 counter_var_1 +,42,counter_var_0 var_1 +
5624,115 63 81 54 113,17,115 47 42 55 113,5,18,12,19,23,24,24,var_0 counter_var_1 +,30,counter_var_0 var_1 +
5625,115 111 67 46 113,45,115 17 26 112 113,24,17,21,3,15,19,27,var_0 counter_var_1 +,38,counter_var_0 var_1 +
5626,115 74 48 89 113,18,115 104 88 66 113,16,17,2,19,27,4,35,var_0 counter_var_1 +,19,counter_var_0 var_1 +
5627,115 88 54 83 113,9,115 105 61 18 113,1,18,8,15,21,18,16,var_0 counter_var_1 +,26,counter_var_0 var_1 +
5628,115 108 6 56 113,27,115 46 18 73 113,21,17,6,18,25,11,39,var_0 counter_var_1 +,23,counter_var_0 var_1 +
5629,115 72 52 95 113,20,115 87 7 10 113,14,0,6,7,2,10,21,var_0 counter_var_1 +,6,counter_var_0 var_1 +
5630,115 105 54 83 113,26,115 51 46 80 113,18,22,8,0,21,18,18,var_0 counter_var_1 +,30,counter_var_0 var_1 +
5631,115 90 90 90 113,24,115 71 89 28 113,3,13,21,20,28,28,23,var_0 counter_var_1 +,34,counter_var_0 var_1 +
5632,115 32 106 35 113,17,115 87 20 8 113,3,0,14,20,4,8,23,var_0 counter_var_1 +,14,counter_var_0 var_1 +
5633,115 48 18 73 113,37,115 44 54 83 113,19,15,18,8,11,21,27,var_0 counter_var_1 +,33,counter_var_0 var_1 +
5634,115 30 48 89 113,3,115 47 9 87 113,1,18,2,9,27,25,10,var_0 counter_var_1 +,20,counter_var_0 var_1 +
5635,115 82 108 58 113,40,115 84 70 36 113,24,26,16,1,27,5,25,var_0 counter_var_1 +,42,counter_var_0 var_1 +
5636,115 44 79 57 113,25,115 106 103 49 113,15,19,10,11,26,18,26,var_0 counter_var_1 +,29,counter_var_0 var_1 +
5637,115 21 85 3 113,37,115 40 56 59 113,21,11,16,10,3,28,31,var_0 counter_var_1 +,27,counter_var_0 var_1 +
5638,115 53 52 95 113,30,115 109 19 86 113,24,22,6,19,2,24,43,var_0 counter_var_1 +,28,counter_var_0 var_1 +
5639,115 27 62 41 113,43,115 8 42 55 113,27,8,16,19,10,24,46,var_0 counter_var_1 +,24,counter_var_0 var_1 +
5640,115 70 31 109 113,20,115 35 51 97 113,12,6,8,5,16,4,17,var_0 counter_var_1 +,14,counter_var_0 var_1 +
5641,115 46 65 17 113,36,115 28 32 64 113,17,28,19,9,17,2,26,var_0 counter_var_1 +,47,counter_var_0 var_1 +
5642,115 83 101 104 113,34,115 89 5 47 113,25,2,9,5,11,16,30,var_0 counter_var_1 +,11,counter_var_0 var_1 +
5643,115 17 49 72 113,20,115 77 110 61 113,17,19,3,18,10,30,35,var_0 counter_var_1 +,22,counter_var_0 var_1 +
5644,115 56 112 103 113,47,115 111 30 70 113,27,24,20,7,10,8,34,var_0 counter_var_1 +,44,counter_var_0 var_1 +
5645,115 69 4 52 113,15,115 26 28 7 113,11,26,4,5,21,7,16,var_0 counter_var_1 +,30,counter_var_0 var_1 +
5646,115 3 78 65 113,12,115 107 59 23 113,3,20,9,13,3,23,16,var_0 counter_var_1 +,29,counter_var_0 var_1 +
5647,115 41 20 8 113,32,115 77 13 91 113,12,19,20,13,8,29,25,var_0 counter_var_1 +,39,counter_var_0 var_1 +
5648,115 28 5 47 113,33,115 79 54 83 113,28,21,5,8,16,21,36,var_0 counter_var_1 +,26,counter_var_0 var_1 +
5649,115 96 70 36 113,10,115 86 48 89 113,9,28,1,2,5,27,11,var_0 counter_var_1 +,29,counter_var_0 var_1 +
5650,115 61 91 33 113,25,115 16 59 23 113,3,16,22,13,2,23,16,var_0 counter_var_1 +,38,counter_var_0 var_1 +
5651,115 95 101 104 113,17,115 55 37 42 113,8,26,9,14,11,11,22,var_0 counter_var_1 +,35,counter_var_0 var_1 +
5652,115 99 1 40 113,13,115 64 47 34 113,12,6,1,1,9,3,13,var_0 counter_var_1 +,7,counter_var_0 var_1 +
5653,115 33 19 86 113,23,115 93 70 36 113,4,6,19,1,24,5,5,var_0 counter_var_1 +,25,counter_var_0 var_1 +
5654,115 68 5 47 113,15,115 98 18 73 113,10,11,5,18,16,11,28,var_0 counter_var_1 +,16,counter_var_0 var_1 +
5655,115 40 71 74 113,13,115 51 31 109 113,11,22,2,8,12,16,19,var_0 counter_var_1 +,24,counter_var_0 var_1 +
5656,115 1 51 97 113,6,115 6 28 7 113,1,6,5,5,4,7,6,var_0 counter_var_1 +,11,counter_var_0 var_1 +
5657,115 10 7 10 113,17,115 4 59 23 113,10,4,7,13,10,23,23,var_0 counter_var_1 +,11,counter_var_0 var_1 +
5658,115 85 43 110 113,47,115 96 83 38 113,27,9,20,14,17,7,41,var_0 counter_var_1 +,29,counter_var_0 var_1 +
5659,115 60 43 110 113,22,115 94 17 108 113,2,7,20,17,17,15,19,var_0 counter_var_1 +,27,counter_var_0 var_1 +
5660,115 18 77 105 113,26,115 12 41 22 113,18,12,8,18,12,22,36,var_0 counter_var_1 +,20,counter_var_0 var_1 +
5661,115 32 43 110 113,23,115 60 16 94 113,3,2,20,16,17,1,19,var_0 counter_var_1 +,22,counter_var_0 var_1 +
5662,115 58 44 107 113,21,115 85 64 19 113,0,27,21,18,14,19,18,var_0 counter_var_1 +,48,counter_var_0 var_1 +
5663,115 6 101 104 113,15,115 39 54 83 113,6,10,9,8,11,21,14,var_0 counter_var_1 +,19,counter_var_0 var_1 +
5664,115 4 26 112 113,7,115 46 54 83 113,4,17,3,8,19,21,12,var_0 counter_var_1 +,20,counter_var_0 var_1 +
5665,115 17 91 33 113,39,115 7 41 22 113,17,7,22,18,2,22,35,var_0 counter_var_1 +,29,counter_var_0 var_1 +
5666,115 31 49 72 113,5,115 42 102 16 113,2,13,3,10,10,16,12,var_0 counter_var_1 +,16,counter_var_0 var_1 +
5667,115 78 93 37 113,21,115 15 8 26 113,20,15,1,8,6,26,28,var_0 counter_var_1 +,16,counter_var_0 var_1 +
5668,115 35 108 58 113,22,115 92 7 10 113,6,5,16,7,27,10,13,var_0 counter_var_1 +,21,counter_var_0 var_1 +
5669,115 6 93 37 113,7,115 74 58 98 113,6,16,1,12,6,5,18,var_0 counter_var_1 +,17,counter_var_0 var_1 +
5670,115 55 47 34 113,27,115 93 79 57 113,26,6,1,10,3,26,36,var_0 counter_var_1 +,7,counter_var_0 var_1 +
5671,115 53 14 24 113,38,115 23 18 73 113,24,23,14,18,24,11,42,var_0 counter_var_1 +,37,counter_var_0 var_1 +
5672,115 51 48 89 113,24,115 6 84 32 113,22,6,2,15,27,1,37,var_0 counter_var_1 +,8,counter_var_0 var_1 +
5673,115 42 13 91 113,26,115 12 21 92 113,13,12,13,21,29,30,34,var_0 counter_var_1 +,25,counter_var_0 var_1 +
5674,115 12 78 65 113,21,115 30 27 88 113,12,1,9,4,3,26,16,var_0 counter_var_1 +,10,counter_var_0 var_1 +
5675,115 66 101 104 113,17,115 35 47 34 113,8,6,9,1,11,3,9,var_0 counter_var_1 +,15,counter_var_0 var_1 +
5676,115 1 29 25 113,7,115 13 83 38 113,1,13,6,14,25,7,15,var_0 counter_var_1 +,19,counter_var_0 var_1 +
5677,115 44 111 12 113,34,115 41 24 5 113,15,12,19,1,12,5,16,var_0 counter_var_1 +,31,counter_var_0 var_1 +
5678,115 22 42 55 113,41,115 22 112 103 113,22,22,19,20,24,10,42,var_0 counter_var_1 +,41,counter_var_0 var_1 +
5679,115 43 106 35 113,28,115 7 47 34 113,14,7,14,1,4,3,15,var_0 counter_var_1 +,21,counter_var_0 var_1 +
5680,115 96 42 55 113,28,115 46 85 3 113,9,17,19,16,24,3,25,var_0 counter_var_1 +,36,counter_var_0 var_1 +
5681,115 42 46 80 113,13,115 9 13 91 113,13,9,0,13,18,29,26,var_0 counter_var_1 +,9,counter_var_0 var_1 +
5682,115 45 60 44 113,30,115 70 98 78 113,16,12,14,6,13,16,22,var_0 counter_var_1 +,26,counter_var_0 var_1 +
5683,115 44 112 103 113,35,115 102 30 70 113,15,15,20,7,10,8,22,var_0 counter_var_1 +,35,counter_var_0 var_1 +
5684,115 43 92 2 113,14,115 61 89 28 113,14,3,0,20,2,28,34,var_0 counter_var_1 +,3,counter_var_0 var_1 +
5685,115 106 66 102 113,39,115 80 26 112 113,19,22,20,3,9,19,22,var_0 counter_var_1 +,42,counter_var_0 var_1 +
5686,115 49 99 85 113,27,115 91 60 44 113,20,4,7,14,23,13,34,var_0 counter_var_1 +,11,counter_var_0 var_1 +
5687,115 94 98 78 113,13,115 53 29 25 113,7,24,6,6,16,25,13,var_0 counter_var_1 +,30,counter_var_0 var_1 +
5688,115 71 89 28 113,33,115 3 81 54 113,13,3,20,12,28,23,25,var_0 counter_var_1 +,23,counter_var_0 var_1 +
5689,115 104 76 93 113,24,115 53 101 104 113,17,24,7,9,0,11,26,var_0 counter_var_1 +,31,counter_var_0 var_1 +
5690,115 110 26 112 113,26,115 52 14 24 113,23,23,3,14,19,24,37,var_0 counter_var_1 +,26,counter_var_0 var_1 +
5691,115 34 82 67 113,18,115 9 58 98 113,5,9,13,12,5,5,17,var_0 counter_var_1 +,22,counter_var_0 var_1 +
5692,115 35 92 2 113,6,115 69 29 25 113,6,11,0,6,2,25,12,var_0 counter_var_1 +,11,counter_var_0 var_1 +
5693,115 91 91 33 113,26,115 28 15 53 113,4,28,22,15,2,22,19,var_0 counter_var_1 +,50,counter_var_0 var_1 +
5694,115 73 24 5 113,16,115 103 91 33 113,15,16,1,22,5,2,37,var_0 counter_var_1 +,17,counter_var_0 var_1 +
5695,115 55 9 87 113,35,115 10 83 38 113,26,10,9,14,25,7,40,var_0 counter_var_1 +,19,counter_var_0 var_1 +
5696,115 2 40 11 113,19,115 87 34 27 113,2,0,17,11,11,27,13,var_0 counter_var_1 +,17,counter_var_0 var_1 +
5697,115 100 61 18 113,28,115 93 77 105 113,13,6,15,8,18,12,21,var_0 counter_var_1 +,21,counter_var_0 var_1 +
5698,115 48 51 97 113,24,115 33 37 42 113,19,4,5,14,4,11,33,var_0 counter_var_1 +,9,counter_var_0 var_1 +
5699,115 16 52 95 113,22,115 48 0 101 113,16,19,6,0,2,8,16,var_0 counter_var_1 +,25,counter_var_0 var_1 +
5700,115 69 76 93 113,18,115 81 61 18 113,11,23,7,15,0,18,26,var_0 counter_var_1 +,30,counter_var_0 var_1 +
5701,115 91 58 98 113,16,115 35 84 32 113,4,6,12,15,5,1,19,var_0 counter_var_1 +,18,counter_var_0 var_1 +
5702,115 94 58 98 113,19,115 95 53 51 113,7,8,12,7,5,20,14,var_0 counter_var_1 +,20,counter_var_0 var_1 +
5703,115 75 15 53 113,32,115 23 33 50 113,17,23,15,10,22,19,27,var_0 counter_var_1 +,38,counter_var_0 var_1 +
5704,115 83 106 35 113,39,115 66 89 28 113,25,8,14,20,4,28,45,var_0 counter_var_1 +,22,counter_var_0 var_1 +
5705,115 73 34 27 113,26,115 58 7 10 113,15,0,11,7,27,10,22,var_0 counter_var_1 +,11,counter_var_0 var_1 +
5706,115 57 58 98 113,40,115 59 83 38 113,28,1,12,14,5,7,42,var_0 counter_var_1 +,13,counter_var_0 var_1 +
5707,115 28 86 45 113,45,115 32 55 48 113,28,3,17,9,14,17,37,var_0 counter_var_1 +,20,counter_var_0 var_1 +
5708,115 22 81 54 113,34,115 104 79 57 113,22,17,12,10,23,26,32,var_0 counter_var_1 +,29,counter_var_0 var_1 +
5709,115 97 58 98 113,22,115 88 77 105 113,10,1,12,8,5,12,18,var_0 counter_var_1 +,13,counter_var_0 var_1 +
5710,115 98 102 16 113,21,115 92 41 22 113,11,5,10,18,16,22,29,var_0 counter_var_1 +,15,counter_var_0 var_1 +
5711,115 46 28 7 113,22,115 33 90 90 113,17,4,5,21,7,28,38,var_0 counter_var_1 +,9,counter_var_0 var_1 +
5712,115 78 37 42 113,34,115 61 55 48 113,20,3,14,9,11,17,29,var_0 counter_var_1 +,17,counter_var_0 var_1 +
5713,115 62 28 7 113,9,115 12 13 91 113,4,12,5,13,7,29,17,var_0 counter_var_1 +,17,counter_var_0 var_1 +
5714,115 86 39 14 113,44,115 87 70 36 113,28,0,16,1,14,5,29,var_0 counter_var_1 +,16,counter_var_0 var_1 +
5715,115 8 15 53 113,23,115 38 77 105 113,8,9,15,8,22,12,16,var_0 counter_var_1 +,24,counter_var_0 var_1 +
5716,115 24 78 65 113,33,115 33 33 50 113,24,4,9,10,3,19,34,var_0 counter_var_1 +,13,counter_var_0 var_1 +
5717,115 102 6 56 113,21,115 108 108 58 113,15,21,6,16,25,27,31,var_0 counter_var_1 +,27,counter_var_0 var_1 +
5718,115 49 42 55 113,39,115 106 2 63 113,20,19,19,2,24,1,22,var_0 counter_var_1 +,38,counter_var_0 var_1 +
5719,115 107 98 78 113,26,115 80 15 53 113,20,22,6,15,16,22,35,var_0 counter_var_1 +,28,counter_var_0 var_1 +
5720,115 13 106 35 113,27,115 110 85 3 113,13,23,14,16,4,3,29,var_0 counter_var_1 +,37,counter_var_0 var_1 +
5721,115 112 112 103 113,45,115 109 13 91 113,25,22,20,13,10,29,38,var_0 counter_var_1 +,42,counter_var_0 var_1 +
5722,115 13 29 25 113,19,115 86 80 31 113,13,28,6,11,25,0,24,var_0 counter_var_1 +,34,counter_var_0 var_1 +
5723,115 45 0 101 113,16,115 47 27 88 113,16,18,0,4,8,26,20,var_0 counter_var_1 +,18,counter_var_0 var_1 +
5724,115 75 6 56 113,23,115 76 24 5 113,17,18,6,1,25,5,18,var_0 counter_var_1 +,24,counter_var_0 var_1 +
5725,115 32 47 34 113,4,115 55 63 43 113,3,26,1,17,3,12,20,var_0 counter_var_1 +,27,counter_var_0 var_1 +
5726,115 19 25 111 113,21,115 111 90 90 113,19,24,2,21,18,28,40,var_0 counter_var_1 +,26,counter_var_0 var_1 +
5727,115 111 36 106 113,37,115 104 86 45 113,24,17,13,17,13,14,41,var_0 counter_var_1 +,30,counter_var_0 var_1 +
5728,115 11 109 79 113,28,115 104 97 81 113,11,17,17,5,17,19,16,var_0 counter_var_1 +,34,counter_var_0 var_1 +
5729,115 69 58 98 113,23,115 1 16 94 113,11,1,12,16,5,1,27,var_0 counter_var_1 +,13,counter_var_0 var_1 +
5730,115 64 22 75 113,28,115 58 87 69 113,6,0,22,18,13,7,24,var_0 counter_var_1 +,22,counter_var_0 var_1 +
5731,115 27 25 111 113,29,115 96 58 98 113,27,9,2,12,18,5,39,var_0 counter_var_1 +,11,counter_var_0 var_1 +
5732,115 12 83 38 113,26,115 38 55 48 113,12,9,14,9,7,17,21,var_0 counter_var_1 +,23,counter_var_0 var_1 +
5733,115 103 104 84 113,28,115 30 101 104 113,16,1,12,9,22,11,25,var_0 counter_var_1 +,13,counter_var_0 var_1 +
5734,115 99 98 78 113,18,115 10 50 77 113,12,10,6,4,16,15,16,var_0 counter_var_1 +,16,counter_var_0 var_1 +
5735,115 106 58 98 113,31,115 43 66 102 113,19,14,12,20,5,9,39,var_0 counter_var_1 +,26,counter_var_0 var_1 +
5736,115 107 31 109 113,28,115 53 36 106 113,20,24,8,13,16,13,33,var_0 counter_var_1 +,32,counter_var_0 var_1 +
5737,115 10 92 2 113,10,115 68 17 108 113,10,10,0,17,2,15,27,var_0 counter_var_1 +,10,counter_var_0 var_1 +
5738,115 1 73 96 113,5,115 88 93 37 113,1,1,4,1,3,6,2,var_0 counter_var_1 +,5,counter_var_0 var_1 +
5739,115 17 77 105 113,25,115 94 28 7 113,17,7,8,5,12,7,22,var_0 counter_var_1 +,15,counter_var_0 var_1 +
5740,115 100 66 102 113,33,115 20 30 70 113,13,20,20,7,9,8,20,var_0 counter_var_1 +,40,counter_var_0 var_1 +
5741,115 23 15 53 113,38,115 68 26 112 113,23,10,15,3,22,19,26,var_0 counter_var_1 +,25,counter_var_0 var_1 +
5742,115 7 40 11 113,24,115 38 45 76 113,7,9,17,22,11,14,29,var_0 counter_var_1 +,26,counter_var_0 var_1 +
5743,115 57 54 83 113,36,115 35 34 27 113,28,6,8,11,21,27,39,var_0 counter_var_1 +,14,counter_var_0 var_1 +
5744,115 57 34 27 113,39,115 82 31 109 113,28,24,11,8,27,16,36,var_0 counter_var_1 +,35,counter_var_0 var_1 +
5745,115 72 24 5 113,15,115 5 58 98 113,14,5,1,12,5,5,26,var_0 counter_var_1 +,6,counter_var_0 var_1 +
5746,115 2 25 111 113,4,115 93 42 55 113,2,6,2,19,18,24,21,var_0 counter_var_1 +,8,counter_var_0 var_1 +
5747,115 41 42 55 113,31,115 82 49 72 113,12,24,19,3,24,10,15,var_0 counter_var_1 +,43,counter_var_0 var_1 +
5748,115 8 39 14 113,24,115 56 22 75 113,8,27,16,22,14,13,30,var_0 counter_var_1 +,43,counter_var_0 var_1 +
5749,115 72 6 56 113,20,115 38 16 94 113,14,9,6,16,25,1,30,var_0 counter_var_1 +,15,counter_var_0 var_1 +
5750,115 40 58 98 113,23,115 65 99 85 113,11,7,12,7,5,23,18,var_0 counter_var_1 +,19,counter_var_0 var_1 +
5751,115 11 62 41 113,27,115 9 52 95 113,11,9,16,6,10,2,17,var_0 counter_var_1 +,25,counter_var_0 var_1 +
5752,115 52 22 75 113,45,115 38 35 9 113,23,9,22,12,13,9,35,var_0 counter_var_1 +,31,counter_var_0 var_1 +
5753,115 43 110 61 113,32,115 73 49 72 113,14,15,18,3,30,10,17,var_0 counter_var_1 +,33,counter_var_0 var_1 +
5754,115 38 59 23 113,22,115 39 61 18 113,9,10,13,15,23,18,24,var_0 counter_var_1 +,23,counter_var_0 var_1 +
5755,115 4 10 68 113,14,115 97 59 23 113,4,10,10,13,6,23,17,var_0 counter_var_1 +,20,counter_var_0 var_1 +
5756,115 39 62 41 113,26,115 0 74 13 113,10,0,16,5,10,13,15,var_0 counter_var_1 +,16,counter_var_0 var_1 +
5757,115 67 82 67 113,22,115 80 105 62 113,9,22,13,13,5,0,22,var_0 counter_var_1 +,35,counter_var_0 var_1 +
5758,115 102 61 18 113,30,115 84 4 52 113,15,26,15,4,18,21,19,var_0 counter_var_1 +,41,counter_var_0 var_1 +
5759,115 30 73 96 113,5,115 54 109 79 113,1,25,4,17,3,17,18,var_0 counter_var_1 +,29,counter_var_0 var_1 +
5760,115 88 16 94 113,17,115 63 67 46 113,1,5,16,21,1,15,22,var_0 counter_var_1 +,21,counter_var_0 var_1 +
5761,115 33 64 19 113,22,115 26 66 102 113,4,26,18,20,19,9,24,var_0 counter_var_1 +,44,counter_var_0 var_1 +
5762,115 24 14 24 113,38,115 12 96 6 113,24,12,14,4,24,6,28,var_0 counter_var_1 +,26,counter_var_0 var_1 +
5763,115 38 65 17 113,28,115 62 84 32 113,9,4,19,15,17,1,24,var_0 counter_var_1 +,23,counter_var_0 var_1 +
5764,115 44 104 84 113,27,115 26 24 5 113,15,26,12,1,22,5,16,var_0 counter_var_1 +,38,counter_var_0 var_1 +
5765,115 44 76 93 113,22,115 87 110 61 113,15,0,7,18,0,30,33,var_0 counter_var_1 +,7,counter_var_0 var_1 +
5766,115 8 90 90 113,29,115 78 52 95 113,8,20,21,6,28,2,14,var_0 counter_var_1 +,41,counter_var_0 var_1 +
5767,115 60 54 83 113,10,115 96 68 100 113,2,9,8,22,21,7,24,var_0 counter_var_1 +,17,counter_var_0 var_1 +
5768,115 28 28 7 113,33,115 52 47 34 113,28,23,5,1,7,3,29,var_0 counter_var_1 +,28,counter_var_0 var_1 +
5769,115 19 74 13 113,24,115 45 87 69 113,19,16,5,18,13,7,37,var_0 counter_var_1 +,21,counter_var_0 var_1 +
5770,115 28 111 12 113,47,115 15 57 1 113,28,15,19,11,12,1,39,var_0 counter_var_1 +,34,counter_var_0 var_1 +
5771,115 109 66 102 113,42,115 58 54 83 113,22,0,20,8,9,21,30,var_0 counter_var_1 +,20,counter_var_0 var_1 +
5772,115 71 8 26 113,21,115 16 0 101 113,13,16,8,0,26,8,13,var_0 counter_var_1 +,24,counter_var_0 var_1 +
5773,115 31 81 54 113,14,115 69 28 7 113,2,11,12,5,23,7,7,var_0 counter_var_1 +,23,counter_var_0 var_1 +
5774,115 15 92 2 113,15,115 25 107 60 113,15,25,0,15,2,29,30,var_0 counter_var_1 +,25,counter_var_0 var_1 +
5775,115 66 34 27 113,19,115 105 53 51 113,8,18,11,7,27,20,15,var_0 counter_var_1 +,29,counter_var_0 var_1 +
5776,115 26 96 6 113,30,115 104 77 105 113,26,17,4,8,6,12,34,var_0 counter_var_1 +,21,counter_var_0 var_1 +
5777,115 72 14 24 113,28,115 25 102 16 113,14,25,14,10,24,16,24,var_0 counter_var_1 +,39,counter_var_0 var_1 +
5778,115 92 82 67 113,18,115 38 60 44 113,5,9,13,14,5,13,19,var_0 counter_var_1 +,22,counter_var_0 var_1 +
5779,115 49 86 45 113,37,115 92 102 16 113,20,5,17,10,14,16,30,var_0 counter_var_1 +,22,counter_var_0 var_1 +
5780,115 17 63 43 113,34,115 98 109 79 113,17,11,17,17,12,17,34,var_0 counter_var_1 +,28,counter_var_0 var_1 +
5781,115 104 111 12 113,36,115 80 39 14 113,17,22,19,16,12,14,33,var_0 counter_var_1 +,41,counter_var_0 var_1 +
5782,115 0 70 36 113,1,115 23 0 101 113,0,23,1,0,5,8,0,var_0 counter_var_1 +,24,counter_var_0 var_1 +
5783,115 15 95 29 113,18,115 60 28 7 113,15,2,3,5,29,7,20,var_0 counter_var_1 +,5,counter_var_0 var_1 +
5784,115 64 20 8 113,26,115 41 95 29 113,6,12,20,3,8,29,9,var_0 counter_var_1 +,32,counter_var_0 var_1 +
5785,115 97 16 94 113,26,115 48 28 7 113,10,19,16,5,1,7,15,var_0 counter_var_1 +,35,counter_var_0 var_1 +
5786,115 63 51 97 113,10,115 89 68 100 113,5,2,5,22,4,7,27,var_0 counter_var_1 +,7,counter_var_0 var_1 +
5787,115 104 80 31 113,28,115 73 96 6 113,17,15,11,4,0,6,21,var_0 counter_var_1 +,26,counter_var_0 var_1 +
5788,115 15 71 74 113,17,115 21 49 72 113,15,21,2,3,12,10,18,var_0 counter_var_1 +,23,counter_var_0 var_1 +
5789,115 50 75 82 113,27,115 22 25 111 113,21,22,6,2,20,18,23,var_0 counter_var_1 +,28,counter_var_0 var_1 +
5790,115 101 66 102 113,34,115 38 98 78 113,14,9,20,6,9,16,20,var_0 counter_var_1 +,29,counter_var_0 var_1 +
5791,115 60 0 101 113,2,115 74 14 24 113,2,16,0,14,8,24,16,var_0 counter_var_1 +,16,counter_var_0 var_1 +
5792,115 40 11 30 113,22,115 24 90 90 113,11,24,11,21,30,28,32,var_0 counter_var_1 +,35,counter_var_0 var_1 +
5793,115 112 51 97 113,30,115 9 99 85 113,25,9,5,7,4,23,32,var_0 counter_var_1 +,14,counter_var_0 var_1 +
5794,115 12 63 43 113,29,115 17 68 100 113,12,17,17,22,12,7,34,var_0 counter_var_1 +,34,counter_var_0 var_1 +
5795,115 87 56 59 113,10,115 81 14 24 113,0,23,10,14,28,24,14,var_0 counter_var_1 +,33,counter_var_0 var_1 +
5796,115 7 58 98 113,19,115 111 83 38 113,7,24,12,14,5,7,21,var_0 counter_var_1 +,36,counter_var_0 var_1 +
5797,115 29 16 94 113,16,115 16 60 44 113,0,16,16,14,1,13,14,var_0 counter_var_1 +,32,counter_var_0 var_1 +
5798,115 16 54 83 113,24,115 88 19 86 113,16,1,8,19,21,24,35,var_0 counter_var_1 +,9,counter_var_0 var_1 +
5799,115 29 111 12 113,19,115 93 58 98 113,0,6,19,12,12,5,12,var_0 counter_var_1 +,25,counter_var_0 var_1 +
5800,115 59 14 24 113,15,115 38 49 72 113,1,9,14,3,24,10,4,var_0 counter_var_1 +,23,counter_var_0 var_1 +
5801,115 107 80 31 113,31,115 74 28 7 113,20,16,11,5,0,7,25,var_0 counter_var_1 +,27,counter_var_0 var_1 +
5802,115 95 88 66 113,27,115 71 3 15 113,8,13,19,3,4,15,11,var_0 counter_var_1 +,32,counter_var_0 var_1 +
5803,115 54 6 56 113,31,115 111 68 100 113,25,24,6,22,25,7,47,var_0 counter_var_1 +,30,counter_var_0 var_1 +
5804,115 72 93 37 113,15,115 45 100 0 113,14,16,1,8,6,0,22,var_0 counter_var_1 +,17,counter_var_0 var_1 +
5805,115 59 91 33 113,23,115 81 38 20 113,1,23,22,15,2,20,16,var_0 counter_var_1 +,45,counter_var_0 var_1 +
5806,115 31 13 91 113,15,115 22 27 88 113,2,22,13,4,29,26,6,var_0 counter_var_1 +,35,counter_var_0 var_1 +
5807,115 2 54 83 113,10,115 52 52 95 113,2,23,8,6,21,2,8,var_0 counter_var_1 +,31,counter_var_0 var_1 +
5808,115 65 64 19 113,25,115 53 112 103 113,7,24,18,20,19,10,27,var_0 counter_var_1 +,42,counter_var_0 var_1 +
5809,115 60 83 38 113,16,115 40 2 63 113,2,11,14,2,7,1,4,var_0 counter_var_1 +,25,counter_var_0 var_1 +
5810,115 43 36 106 113,27,115 111 66 102 113,14,24,13,20,13,9,34,var_0 counter_var_1 +,37,counter_var_0 var_1 +
5811,115 62 86 45 113,21,115 17 71 74 113,4,17,17,2,14,12,6,var_0 counter_var_1 +,34,counter_var_0 var_1 +
5812,115 16 100 0 113,24,115 45 4 52 113,16,16,8,4,0,21,20,var_0 counter_var_1 +,24,counter_var_0 var_1 +
5813,115 39 13 91 113,23,115 8 24 5 113,10,8,13,1,29,5,11,var_0 counter_var_1 +,21,counter_var_0 var_1 +
5814,115 46 57 1 113,28,115 57 21 92 113,17,28,11,21,1,30,38,var_0 counter_var_1 +,39,counter_var_0 var_1 +
5815,115 63 74 13 113,10,115 32 107 60 113,5,3,5,15,13,29,20,var_0 counter_var_1 +,8,counter_var_0 var_1 +
5816,115 36 41 22 113,25,115 61 81 54 113,7,3,18,12,22,23,19,var_0 counter_var_1 +,21,counter_var_0 var_1 +
5817,115 92 96 6 113,9,115 67 91 33 113,5,9,4,22,6,2,27,var_0 counter_var_1 +,13,counter_var_0 var_1 +
5818,115 70 47 34 113,13,115 44 39 14 113,12,15,1,16,3,14,28,var_0 counter_var_1 +,16,counter_var_0 var_1 +
5819,115 106 100 0 113,27,115 74 95 29 113,19,16,8,3,0,29,22,var_0 counter_var_1 +,24,counter_var_0 var_1 +
5820,115 10 105 62 113,23,115 111 106 35 113,10,24,13,14,0,4,24,var_0 counter_var_1 +,37,counter_var_0 var_1 +
5821,115 67 88 66 113,28,115 69 48 89 113,9,11,19,2,4,27,11,var_0 counter_var_1 +,30,counter_var_0 var_1 +
5822,115 34 5 47 113,10,115 100 83 38 113,5,13,5,14,16,7,19,var_0 counter_var_1 +,18,counter_var_0 var_1 +
5823,115 68 8 26 113,18,115 105 47 34 113,10,18,8,1,26,3,11,var_0 counter_var_1 +,26,counter_var_0 var_1 +
5824,115 2 27 88 113,6,115 105 106 35 113,2,18,4,14,26,4,16,var_0 counter_var_1 +,22,counter_var_0 var_1 +
5825,115 64 103 49 113,17,115 110 43 110 113,6,23,11,20,18,17,26,var_0 counter_var_1 +,34,counter_var_0 var_1 +
5826,115 22 28 7 113,27,115 58 105 62 113,22,0,5,13,7,0,35,var_0 counter_var_1 +,5,counter_var_0 var_1 +
5827,115 83 11 30 113,36,115 29 80 31 113,25,0,11,11,30,0,36,var_0 counter_var_1 +,11,counter_var_0 var_1 +
5828,115 46 85 3 113,33,115 91 46 80 113,17,4,16,0,3,18,17,var_0 counter_var_1 +,20,counter_var_0 var_1 +
5829,115 77 70 36 113,20,115 90 28 7 113,19,3,1,5,5,7,24,var_0 counter_var_1 +,4,counter_var_0 var_1 +
5830,115 96 58 98 113,21,115 93 91 33 113,9,6,12,22,5,2,31,var_0 counter_var_1 +,18,counter_var_0 var_1 +
5831,115 70 106 35 113,26,115 70 14 24 113,12,12,14,14,4,24,26,var_0 counter_var_1 +,26,counter_var_0 var_1 +
5832,115 56 39 14 113,43,115 103 75 82 113,27,16,16,6,14,20,33,var_0 counter_var_1 +,32,counter_var_0 var_1 +
5833,115 111 111 12 113,43,115 70 31 109 113,24,12,19,8,12,16,32,var_0 counter_var_1 +,31,counter_var_0 var_1 +
5834,115 28 85 3 113,44,115 45 85 3 113,28,16,16,16,3,3,44,var_0 counter_var_1 +,32,counter_var_0 var_1 +
5835,115 72 38 20 113,29,115 85 4 52 113,14,27,15,4,20,21,18,var_0 counter_var_1 +,42,counter_var_0 var_1 +
5836,115 81 68 100 113,45,115 6 47 34 113,23,6,22,1,7,3,24,var_0 counter_var_1 +,28,counter_var_0 var_1 +
5837,115 100 68 100 113,35,115 107 27 88 113,13,20,22,4,7,26,17,var_0 counter_var_1 +,42,counter_var_0 var_1 +
5838,115 5 25 111 113,7,115 46 89 28 113,5,17,2,20,18,28,25,var_0 counter_var_1 +,19,counter_var_0 var_1 +
5839,115 110 63 43 113,40,115 19 14 24 113,23,19,17,14,12,24,37,var_0 counter_var_1 +,36,counter_var_0 var_1 +
5840,115 38 85 3 113,25,115 21 46 80 113,9,21,16,0,3,18,9,var_0 counter_var_1 +,37,counter_var_0 var_1 +
5841,115 71 25 111 113,15,115 54 52 95 113,13,25,2,6,18,2,19,var_0 counter_var_1 +,27,counter_var_0 var_1 +
5842,115 33 30 70 113,11,115 76 67 46 113,4,18,7,21,8,15,25,var_0 counter_var_1 +,25,counter_var_0 var_1 +
5843,115 94 106 35 113,21,115 82 56 59 113,7,24,14,10,4,28,17,var_0 counter_var_1 +,38,counter_var_0 var_1 +
5844,115 111 18 73 113,42,115 37 37 42 113,24,8,18,14,11,11,38,var_0 counter_var_1 +,26,counter_var_0 var_1 +
5845,115 79 35 9 113,33,115 41 29 25 113,21,12,12,6,9,25,27,var_0 counter_var_1 +,24,counter_var_0 var_1 +
5846,115 23 55 48 113,32,115 5 91 33 113,23,5,9,22,17,2,45,var_0 counter_var_1 +,14,counter_var_0 var_1 +
5847,115 76 77 105 113,26,115 44 95 29 113,18,15,8,3,12,29,21,var_0 counter_var_1 +,23,counter_var_0 var_1 +
5848,115 84 83 38 113,40,115 31 15 53 113,26,2,14,15,7,22,41,var_0 counter_var_1 +,16,counter_var_0 var_1 +
5849,115 72 70 36 113,15,115 103 59 23 113,14,16,1,13,5,23,27,var_0 counter_var_1 +,17,counter_var_0 var_1 +
5850,115 109 93 37 113,23,115 36 32 64 113,22,7,1,9,6,2,31,var_0 counter_var_1 +,8,counter_var_0 var_1 +
5851,115 45 21 92 113,37,115 94 79 57 113,16,7,21,10,30,26,26,var_0 counter_var_1 +,28,counter_var_0 var_1 +
5852,115 110 48 89 113,25,115 31 45 76 113,23,2,2,22,27,14,45,var_0 counter_var_1 +,4,counter_var_0 var_1 +
5853,115 79 25 111 113,23,115 94 98 78 113,21,7,2,6,18,16,27,var_0 counter_var_1 +,9,counter_var_0 var_1 +
5854,115 44 46 80 113,15,115 83 71 74 113,15,25,0,2,18,12,17,var_0 counter_var_1 +,25,counter_var_0 var_1 +
5855,115 72 47 34 113,15,115 82 5 47 113,14,24,1,5,3,16,19,var_0 counter_var_1 +,25,counter_var_0 var_1 +
5856,115 2 22 75 113,24,115 23 106 35 113,2,23,22,14,13,4,16,var_0 counter_var_1 +,45,counter_var_0 var_1 +
5857,115 19 82 67 113,32,115 76 107 60 113,19,18,13,15,5,29,34,var_0 counter_var_1 +,31,counter_var_0 var_1 +
5858,115 69 43 110 113,31,115 37 73 96 113,11,8,20,4,17,3,15,var_0 counter_var_1 +,28,counter_var_0 var_1 +
5859,115 20 98 78 113,26,115 91 18 73 113,20,4,6,18,16,11,38,var_0 counter_var_1 +,10,counter_var_0 var_1 +
5860,115 57 74 13 113,33,115 24 58 98 113,28,24,5,12,13,5,40,var_0 counter_var_1 +,29,counter_var_0 var_1 +
5861,115 73 3 15 113,18,115 99 23 4 113,15,12,3,0,15,4,15,var_0 counter_var_1 +,15,counter_var_0 var_1 +
5862,115 10 75 82 113,16,115 90 73 96 113,10,3,6,4,20,3,14,var_0 counter_var_1 +,9,counter_var_0 var_1 +
5863,115 107 87 69 113,38,115 55 76 93 113,20,26,18,7,7,0,27,var_0 counter_var_1 +,44,counter_var_0 var_1 +
5864,115 77 20 8 113,39,115 89 90 90 113,19,2,20,21,8,28,40,var_0 counter_var_1 +,22,counter_var_0 var_1 +
5865,115 35 65 17 113,25,115 16 55 48 113,6,16,19,9,17,17,15,var_0 counter_var_1 +,35,counter_var_0 var_1 +
5866,115 17 103 49 113,28,115 107 39 14 113,17,20,11,16,18,14,33,var_0 counter_var_1 +,31,counter_var_0 var_1 +
5867,115 84 86 45 113,43,115 34 2 63 113,26,5,17,2,14,1,28,var_0 counter_var_1 +,22,counter_var_0 var_1 +
5868,115 92 49 72 113,8,115 38 95 29 113,5,9,3,3,10,29,8,var_0 counter_var_1 +,12,counter_var_0 var_1 +
5869,115 46 49 72 113,20,115 36 102 16 113,17,7,3,10,10,16,27,var_0 counter_var_1 +,10,counter_var_0 var_1 +
5870,115 23 83 38 113,37,115 46 25 111 113,23,17,14,2,7,18,25,var_0 counter_var_1 +,31,counter_var_0 var_1 +
5871,115 66 76 93 113,15,115 6 18 73 113,8,6,7,18,0,11,26,var_0 counter_var_1 +,13,counter_var_0 var_1 +
5872,115 44 32 64 113,24,115 26 39 14 113,15,26,9,16,2,14,31,var_0 counter_var_1 +,35,counter_var_0 var_1 +
5873,115 17 83 38 113,31,115 83 15 53 113,17,25,14,15,7,22,32,var_0 counter_var_1 +,39,counter_var_0 var_1 +
5874,115 59 84 32 113,16,115 8 7 10 113,1,8,15,7,1,10,8,var_0 counter_var_1 +,23,counter_var_0 var_1 +
5875,115 98 100 0 113,19,115 96 8 26 113,11,9,8,8,0,26,19,var_0 counter_var_1 +,17,counter_var_0 var_1 +
5876,115 88 9 87 113,10,115 40 45 76 113,1,11,9,22,25,14,23,var_0 counter_var_1 +,20,counter_var_0 var_1 +
5877,115 48 87 69 113,37,115 53 32 64 113,19,24,18,9,7,2,28,var_0 counter_var_1 +,42,counter_var_0 var_1 +
5878,115 2 13 91 113,15,115 27 74 13 113,2,27,13,5,29,13,7,var_0 counter_var_1 +,40,counter_var_0 var_1 +
5879,115 41 108 58 113,28,115 59 57 1 113,12,1,16,11,27,1,23,var_0 counter_var_1 +,17,counter_var_0 var_1 +
5880,115 47 4 52 113,22,115 20 77 105 113,18,20,4,8,21,12,26,var_0 counter_var_1 +,24,counter_var_0 var_1 +
5881,115 47 31 109 113,26,115 71 30 70 113,18,13,8,7,16,8,25,var_0 counter_var_1 +,21,counter_var_0 var_1 +
5882,115 85 7 10 113,34,115 5 87 69 113,27,5,7,18,10,7,45,var_0 counter_var_1 +,12,counter_var_0 var_1 +
5883,115 44 9 87 113,24,115 48 65 17 113,15,19,9,19,25,17,34,var_0 counter_var_1 +,28,counter_var_0 var_1 +
5884,115 84 7 10 113,33,115 0 12 21 113,26,0,7,12,10,21,38,var_0 counter_var_1 +,7,counter_var_0 var_1 +
5885,115 44 3 15 113,18,115 51 20 8 113,15,22,3,20,15,8,35,var_0 counter_var_1 +,25,counter_var_0 var_1 +
5886,115 99 63 43 113,29,115 3 37 42 113,12,3,17,14,12,11,26,var_0 counter_var_1 +,20,counter_var_0 var_1 +
5887,115 66 3 15 113,11,115 73 65 17 113,8,15,3,19,15,17,27,var_0 counter_var_1 +,18,counter_var_0 var_1 +
5888,115 78 4 52 113,24,115 87 29 25 113,20,0,4,6,21,25,26,var_0 counter_var_1 +,4,counter_var_0 var_1 +
5889,115 76 16 94 113,34,115 53 97 81 113,18,24,16,5,1,19,23,var_0 counter_var_1 +,40,counter_var_0 var_1 +
5890,115 51 96 6 113,26,115 61 33 50 113,22,3,4,10,6,19,32,var_0 counter_var_1 +,7,counter_var_0 var_1 +
5891,115 67 28 7 113,14,115 72 3 15 113,9,14,5,3,7,15,12,var_0 counter_var_1 +,19,counter_var_0 var_1 +
5892,115 90 63 43 113,20,115 6 96 6 113,3,6,17,4,12,6,7,var_0 counter_var_1 +,23,counter_var_0 var_1 +
5893,115 44 51 97 113,20,115 53 1 40 113,15,24,5,1,4,9,16,var_0 counter_var_1 +,29,counter_var_0 var_1 +
5894,115 37 31 109 113,16,115 67 18 73 113,8,9,8,18,16,11,26,var_0 counter_var_1 +,17,counter_var_0 var_1 +
5895,115 32 100 0 113,11,115 59 24 5 113,3,1,8,1,0,5,4,var_0 counter_var_1 +,9,counter_var_0 var_1 +
5896,115 57 83 38 113,42,115 88 39 14 113,28,1,14,16,7,14,44,var_0 counter_var_1 +,15,counter_var_0 var_1 +
5897,115 50 10 68 113,31,115 104 93 37 113,21,17,10,1,6,6,22,var_0 counter_var_1 +,27,counter_var_0 var_1 +
5898,115 74 70 36 113,17,115 18 62 41 113,16,18,1,16,5,10,32,var_0 counter_var_1 +,19,counter_var_0 var_1 +
5899,115 21 95 29 113,24,115 20 99 85 113,21,20,3,7,29,23,28,var_0 counter_var_1 +,23,counter_var_0 var_1 +
5900,115 52 40 11 113,40,115 25 77 105 113,23,25,17,8,11,12,31,var_0 counter_var_1 +,42,counter_var_0 var_1 +
5901,115 67 19 86 113,28,115 105 5 47 113,9,18,19,5,24,16,14,var_0 counter_var_1 +,37,counter_var_0 var_1 +
5902,115 92 46 80 113,5,115 35 24 5 113,5,6,0,1,18,5,6,var_0 counter_var_1 +,6,counter_var_0 var_1 +
5903,115 106 28 7 113,24,115 21 80 31 113,19,21,5,11,7,0,30,var_0 counter_var_1 +,26,counter_var_0 var_1 +
5904,115 80 92 2 113,22,115 94 111 12 113,22,7,0,19,2,12,41,var_0 counter_var_1 +,7,counter_var_0 var_1 +
5905,115 59 33 50 113,11,115 1 4 52 113,1,1,10,4,19,21,5,var_0 counter_var_1 +,11,counter_var_0 var_1 +
5906,115 100 101 104 113,22,115 26 75 82 113,13,26,9,6,11,20,19,var_0 counter_var_1 +,35,counter_var_0 var_1 +
5907,115 81 64 19 113,41,115 86 40 11 113,23,28,18,17,19,11,40,var_0 counter_var_1 +,46,counter_var_0 var_1 +
5908,115 16 82 67 113,29,115 45 73 96 113,16,16,13,4,5,3,20,var_0 counter_var_1 +,29,counter_var_0 var_1 +
5909,115 100 9 87 113,22,115 38 103 49 113,13,9,9,11,25,18,24,var_0 counter_var_1 +,18,counter_var_0 var_1 +
5910,115 106 24 5 113,20,115 99 98 78 113,19,12,1,6,5,16,25,var_0 counter_var_1 +,13,counter_var_0 var_1 +
5911,115 21 110 61 113,39,115 59 20 8 113,21,1,18,20,30,8,41,var_0 counter_var_1 +,19,counter_var_0 var_1 +
5912,115 44 88 66 113,34,115 70 111 12 113,15,12,19,19,4,12,34,var_0 counter_var_1 +,31,counter_var_0 var_1 +
5913,115 62 72 71 113,7,115 12 28 7 113,4,12,3,5,9,7,9,var_0 counter_var_1 +,15,counter_var_0 var_1 +
5914,115 110 88 66 113,42,115 37 41 22 113,23,8,19,18,4,22,41,var_0 counter_var_1 +,27,counter_var_0 var_1 +
5915,115 48 78 65 113,28,115 77 91 33 113,19,19,9,22,3,2,41,var_0 counter_var_1 +,28,counter_var_0 var_1 +
5916,115 102 68 100 113,37,115 1 12 21 113,15,1,22,12,7,21,27,var_0 counter_var_1 +,23,counter_var_0 var_1 +
5917,115 50 46 80 113,21,115 91 107 60 113,21,4,0,15,18,29,36,var_0 counter_var_1 +,4,counter_var_0 var_1 +
5918,115 7 19 86 113,26,115 69 58 98 113,7,11,19,12,24,5,19,var_0 counter_var_1 +,30,counter_var_0 var_1 +
5919,115 57 86 45 113,45,115 22 57 1 113,28,22,17,11,14,1,39,var_0 counter_var_1 +,39,counter_var_0 var_1 +
5920,115 93 50 77 113,10,115 83 32 64 113,6,25,4,9,15,2,15,var_0 counter_var_1 +,29,counter_var_0 var_1 +
5921,115 47 59 23 113,31,115 43 83 38 113,18,14,13,14,23,7,32,var_0 counter_var_1 +,27,counter_var_0 var_1 +
5922,115 14 47 34 113,15,115 77 55 48 113,14,19,1,9,3,17,23,var_0 counter_var_1 +,20,counter_var_0 var_1 +
5923,115 53 22 75 113,46,115 86 13 91 113,24,28,22,13,13,29,37,var_0 counter_var_1 +,50,counter_var_0 var_1 +
5924,115 98 69 99 113,11,115 96 38 20 113,11,9,0,15,6,20,26,var_0 counter_var_1 +,9,counter_var_0 var_1 +
5925,115 27 65 17 113,46,115 85 19 86 113,27,27,19,19,17,24,46,var_0 counter_var_1 +,46,counter_var_0 var_1 +
5926,115 104 34 27 113,28,115 104 20 8 113,17,17,11,20,27,8,37,var_0 counter_var_1 +,28,counter_var_0 var_1 +
5927,115 27 74 13 113,32,115 13 78 65 113,27,13,5,9,13,3,36,var_0 counter_var_1 +,18,counter_var_0 var_1 +
5928,115 56 101 104 113,36,115 88 91 33 113,27,1,9,22,11,2,49,var_0 counter_var_1 +,10,counter_var_0 var_1 +
5929,115 92 53 51 113,12,115 64 35 9 113,5,6,7,12,20,9,17,var_0 counter_var_1 +,13,counter_var_0 var_1 +
5930,115 79 43 110 113,41,115 78 1 40 113,21,20,20,1,17,9,22,var_0 counter_var_1 +,40,counter_var_0 var_1 +
5931,115 86 69 99 113,28,115 81 88 66 113,28,23,0,19,6,4,47,var_0 counter_var_1 +,23,counter_var_0 var_1 +
5932,115 20 0 101 113,20,115 85 43 110 113,20,27,0,20,8,17,40,var_0 counter_var_1 +,27,counter_var_0 var_1 +
5933,115 98 104 84 113,23,115 101 98 78 113,11,14,12,6,22,16,17,var_0 counter_var_1 +,26,counter_var_0 var_1 +
5934,115 46 41 22 113,35,115 17 87 69 113,17,17,18,18,22,7,35,var_0 counter_var_1 +,35,counter_var_0 var_1 +
5935,115 77 51 97 113,24,115 40 25 111 113,19,11,5,2,4,18,21,var_0 counter_var_1 +,16,counter_var_0 var_1 +
5936,115 1 7 10 113,8,115 15 18 73 113,1,15,7,18,10,11,19,var_0 counter_var_1 +,22,counter_var_0 var_1 +
5937,115 52 9 87 113,32,115 87 4 52 113,23,0,9,4,25,21,27,var_0 counter_var_1 +,9,counter_var_0 var_1 +
5938,115 11 103 49 113,22,115 30 55 48 113,11,1,11,9,18,17,20,var_0 counter_var_1 +,12,counter_var_0 var_1 +
5939,115 34 4 52 113,9,115 5 16 94 113,5,5,4,16,21,1,21,var_0 counter_var_1 +,9,counter_var_0 var_1 +
5940,115 55 13 91 113,39,115 45 30 70 113,26,16,13,7,29,8,33,var_0 counter_var_1 +,29,counter_var_0 var_1 +
5941,115 6 26 112 113,9,115 32 62 41 113,6,3,3,16,19,10,22,var_0 counter_var_1 +,6,counter_var_0 var_1 +
5942,115 78 51 97 113,25,115 87 41 22 113,20,0,5,18,4,22,38,var_0 counter_var_1 +,5,counter_var_0 var_1 +
5943,115 32 54 83 113,11,115 109 8 26 113,3,22,8,8,21,26,11,var_0 counter_var_1 +,30,counter_var_0 var_1 +
5944,115 95 107 60 113,23,115 69 90 90 113,8,11,15,21,29,28,29,var_0 counter_var_1 +,26,counter_var_0 var_1 +
5945,115 81 29 25 113,29,115 75 33 50 113,23,17,6,10,25,19,33,var_0 counter_var_1 +,23,counter_var_0 var_1 +
5946,115 35 84 32 113,21,115 96 108 58 113,6,9,15,16,1,27,22,var_0 counter_var_1 +,24,counter_var_0 var_1 +
5947,115 89 12 21 113,14,115 100 54 83 113,2,13,12,8,21,21,10,var_0 counter_var_1 +,25,counter_var_0 var_1 +
5948,115 54 102 16 113,35,115 89 105 62 113,25,2,10,13,16,0,38,var_0 counter_var_1 +,12,counter_var_0 var_1 +
5949,115 62 80 31 113,15,115 66 37 42 113,4,8,11,14,0,11,18,var_0 counter_var_1 +,19,counter_var_0 var_1 +
5950,115 33 39 14 113,20,115 22 69 99 113,4,22,16,0,14,6,4,var_0 counter_var_1 +,38,counter_var_0 var_1 +
5951,115 86 60 44 113,42,115 4 79 57 113,28,4,14,10,13,26,38,var_0 counter_var_1 +,18,counter_var_0 var_1 +
5952,115 60 109 79 113,19,115 110 86 45 113,2,23,17,17,17,14,19,var_0 counter_var_1 +,40,counter_var_0 var_1 +
5953,115 35 45 76 113,28,115 102 34 27 113,6,15,22,11,14,27,17,var_0 counter_var_1 +,37,counter_var_0 var_1 +
5954,115 54 78 65 113,34,115 83 81 54 113,25,25,9,12,3,23,37,var_0 counter_var_1 +,34,counter_var_0 var_1 +
5955,115 21 27 88 113,25,115 87 50 77 113,21,0,4,4,26,15,25,var_0 counter_var_1 +,4,counter_var_0 var_1 +
5956,115 41 86 45 113,29,115 31 33 50 113,12,2,17,10,14,19,22,var_0 counter_var_1 +,19,counter_var_0 var_1 +
5957,115 28 93 37 113,29,115 36 10 68 113,28,7,1,10,6,6,38,var_0 counter_var_1 +,8,counter_var_0 var_1 +
5958,115 43 18 73 113,32,115 87 79 57 113,14,0,18,10,11,26,24,var_0 counter_var_1 +,18,counter_var_0 var_1 +
5959,115 0 76 93 113,7,115 67 67 46 113,0,9,7,21,0,15,21,var_0 counter_var_1 +,16,counter_var_0 var_1 +
5960,115 89 66 102 113,22,115 29 20 8 113,2,0,20,20,9,8,22,var_0 counter_var_1 +,20,counter_var_0 var_1 +
5961,115 42 53 51 113,20,115 47 112 103 113,13,18,7,20,20,10,33,var_0 counter_var_1 +,25,counter_var_0 var_1 +
5962,115 92 29 25 113,11,115 21 66 102 113,5,21,6,20,25,9,25,var_0 counter_var_1 +,27,counter_var_0 var_1 +
5963,115 10 51 97 113,15,115 5 13 91 113,10,5,5,13,4,29,23,var_0 counter_var_1 +,10,counter_var_0 var_1 +
5964,115 110 79 57 113,33,115 63 56 59 113,23,5,10,10,26,28,33,var_0 counter_var_1 +,15,counter_var_0 var_1 +
5965,115 14 28 7 113,19,115 82 85 3 113,14,24,5,16,7,3,30,var_0 counter_var_1 +,29,counter_var_0 var_1 +
5966,115 63 45 76 113,27,115 71 43 110 113,5,13,22,20,14,17,25,var_0 counter_var_1 +,35,counter_var_0 var_1 +
5967,115 31 17 108 113,19,115 48 51 97 113,2,19,17,5,15,4,7,var_0 counter_var_1 +,36,counter_var_0 var_1 +
5968,115 30 31 109 113,9,115 85 1 40 113,1,27,8,1,16,9,2,var_0 counter_var_1 +,35,counter_var_0 var_1 +
5969,115 17 54 83 113,25,115 86 102 16 113,17,28,8,10,21,16,27,var_0 counter_var_1 +,36,counter_var_0 var_1 +
5970,115 39 106 35 113,24,115 0 27 88 113,10,0,14,4,4,26,14,var_0 counter_var_1 +,14,counter_var_0 var_1 +
5971,115 73 4 52 113,19,115 68 55 48 113,15,10,4,9,21,17,24,var_0 counter_var_1 +,14,counter_var_0 var_1 +
5972,115 32 3 15 113,6,115 24 54 83 113,3,24,3,8,15,21,11,var_0 counter_var_1 +,27,counter_var_0 var_1 +
5973,115 78 106 35 113,34,115 62 96 6 113,20,4,14,4,4,6,24,var_0 counter_var_1 +,18,counter_var_0 var_1 +
5974,115 100 17 108 113,30,115 53 92 2 113,13,24,17,0,15,2,13,var_0 counter_var_1 +,41,counter_var_0 var_1 +
5975,115 64 108 58 113,22,115 27 4 52 113,6,27,16,4,27,21,10,var_0 counter_var_1 +,43,counter_var_0 var_1 +
5976,115 91 40 11 113,21,115 53 72 71 113,4,24,17,3,11,9,7,var_0 counter_var_1 +,41,counter_var_0 var_1 +
5977,115 6 62 41 113,22,115 69 65 17 113,6,11,16,19,10,17,25,var_0 counter_var_1 +,27,counter_var_0 var_1 +
5978,115 87 9 87 113,9,115 23 45 76 113,0,23,9,22,25,14,22,var_0 counter_var_1 +,32,counter_var_0 var_1 +
5979,115 72 106 35 113,28,115 24 7 10 113,14,24,14,7,4,10,21,var_0 counter_var_1 +,38,counter_var_0 var_1 +
5980,115 79 50 77 113,25,115 76 50 77 113,21,18,4,4,15,15,25,var_0 counter_var_1 +,22,counter_var_0 var_1 +
5981,115 39 45 76 113,32,115 39 16 94 113,10,10,22,16,14,1,26,var_0 counter_var_1 +,32,counter_var_0 var_1 +
5982,115 59 95 29 113,4,115 13 20 8 113,1,13,3,20,29,8,21,var_0 counter_var_1 +,16,counter_var_0 var_1 +
5983,115 24 0 101 113,24,115 107 0 101 113,24,20,0,0,8,8,24,var_0 counter_var_1 +,20,counter_var_0 var_1 +
5984,115 98 49 72 113,14,115 76 112 103 113,11,18,3,20,10,10,31,var_0 counter_var_1 +,21,counter_var_0 var_1 +
5985,115 28 47 34 113,29,115 1 28 7 113,28,1,1,5,3,7,33,var_0 counter_var_1 +,2,counter_var_0 var_1 +
5986,115 21 61 18 113,36,115 44 74 13 113,21,15,15,5,18,13,26,var_0 counter_var_1 +,30,counter_var_0 var_1 +
5987,115 92 0 101 113,5,115 3 42 55 113,5,3,0,19,8,24,24,var_0 counter_var_1 +,3,counter_var_0 var_1 +
5988,115 39 95 29 113,13,115 22 31 109 113,10,22,3,8,29,16,18,var_0 counter_var_1 +,25,counter_var_0 var_1 +
5989,115 82 79 57 113,34,115 44 13 91 113,24,15,10,13,26,29,37,var_0 counter_var_1 +,25,counter_var_0 var_1 +
5990,115 93 60 44 113,20,115 32 68 100 113,6,3,14,22,13,7,28,var_0 counter_var_1 +,17,counter_var_0 var_1 +
5991,115 77 28 7 113,24,115 54 79 57 113,19,25,5,10,7,26,29,var_0 counter_var_1 +,30,counter_var_0 var_1 +
5992,115 26 25 111 113,28,115 99 25 111 113,26,12,2,2,18,18,28,var_0 counter_var_1 +,14,counter_var_0 var_1 +
5993,115 79 78 65 113,30,115 36 49 72 113,21,7,9,3,3,10,24,var_0 counter_var_1 +,16,counter_var_0 var_1 +
5994,115 98 66 102 113,31,115 39 22 75 113,11,10,20,22,9,13,33,var_0 counter_var_1 +,30,counter_var_0 var_1 +
5995,115 39 36 106 113,23,115 9 2 63 113,10,9,13,2,13,1,12,var_0 counter_var_1 +,22,counter_var_0 var_1 +
5996,115 90 16 94 113,19,115 81 103 49 113,3,23,16,11,1,18,14,var_0 counter_var_1 +,39,counter_var_0 var_1 +
5997,115 88 35 9 113,13,115 12 15 53 113,1,12,12,15,9,22,16,var_0 counter_var_1 +,24,counter_var_0 var_1 +
5998,115 33 1 40 113,5,115 63 90 90 113,4,5,1,21,9,28,25,var_0 counter_var_1 +,6,counter_var_0 var_1 +
5999,115 64 101 104 113,15,115 19 59 23 113,6,19,9,13,11,23,19,var_0 counter_var_1 +,28,counter_var_0 var_1 +
6000,115 63 104 84 113,17,115 91 14 24 113,5,4,12,14,22,24,19,var_0 counter_var_1 +,16,counter_var_0 var_1 +
6001,115 95 38 20 113,23,115 74 6 56 113,8,16,15,6,20,25,14,var_0 counter_var_1 +,31,counter_var_0 var_1 +
6002,115 29 39 14 113,16,115 75 93 37 113,0,17,16,1,14,6,1,var_0 counter_var_1 +,33,counter_var_0 var_1 +
6003,115 98 55 48 113,20,115 101 24 5 113,11,14,9,1,17,5,12,var_0 counter_var_1 +,23,counter_var_0 var_1 +
6004,115 69 68 100 113,33,115 75 63 43 113,11,17,22,17,7,12,28,var_0 counter_var_1 +,39,counter_var_0 var_1 +
6005,115 98 22 75 113,33,115 77 54 83 113,11,19,22,8,13,21,19,var_0 counter_var_1 +,41,counter_var_0 var_1 +
6006,115 110 34 27 113,34,115 40 107 60 113,23,11,11,15,27,29,38,var_0 counter_var_1 +,22,counter_var_0 var_1 +
6007,115 99 66 102 113,32,115 2 75 82 113,12,2,20,6,9,20,18,var_0 counter_var_1 +,22,counter_var_0 var_1 +
6008,115 30 2 63 113,3,115 85 76 93 113,1,27,2,7,1,0,8,var_0 counter_var_1 +,29,counter_var_0 var_1 +
6009,115 73 73 96 113,19,115 41 112 103 113,15,12,4,20,3,10,35,var_0 counter_var_1 +,16,counter_var_0 var_1 +
6010,115 27 23 4 113,27,115 69 35 9 113,27,11,0,12,4,9,39,var_0 counter_var_1 +,11,counter_var_0 var_1 +
6011,115 74 53 51 113,23,115 112 53 51 113,16,25,7,7,20,20,23,var_0 counter_var_1 +,32,counter_var_0 var_1 +
6012,115 78 71 74 113,22,115 66 78 65 113,20,8,2,9,12,3,29,var_0 counter_var_1 +,10,counter_var_0 var_1 +
6013,115 29 41 22 113,18,115 39 55 48 113,0,10,18,9,22,17,9,var_0 counter_var_1 +,28,counter_var_0 var_1 +
6014,115 105 21 92 113,39,115 98 65 17 113,18,11,21,19,30,17,37,var_0 counter_var_1 +,32,counter_var_0 var_1 +
6015,115 20 95 29 113,23,115 2 72 71 113,20,2,3,3,29,9,23,var_0 counter_var_1 +,5,counter_var_0 var_1 +
6016,115 37 103 49 113,19,115 0 42 55 113,8,0,11,19,18,24,27,var_0 counter_var_1 +,11,counter_var_0 var_1 +
6017,115 14 93 37 113,15,115 96 105 62 113,14,9,1,13,6,0,27,var_0 counter_var_1 +,10,counter_var_0 var_1 +
6018,115 93 23 4 113,6,115 102 102 16 113,6,15,0,10,4,16,16,var_0 counter_var_1 +,15,counter_var_0 var_1 +
6019,115 89 9 87 113,11,115 108 32 64 113,2,21,9,9,25,2,11,var_0 counter_var_1 +,30,counter_var_0 var_1 +
6020,115 0 55 48 113,9,115 106 16 94 113,0,19,9,16,17,1,16,var_0 counter_var_1 +,28,counter_var_0 var_1 +
6021,115 77 49 72 113,22,115 100 80 31 113,19,13,3,11,10,0,30,var_0 counter_var_1 +,16,counter_var_0 var_1 +
6022,115 69 41 22 113,29,115 36 64 19 113,11,7,18,18,22,19,29,var_0 counter_var_1 +,25,counter_var_0 var_1 +
6023,115 72 49 72 113,17,115 29 75 82 113,14,0,3,6,10,20,20,var_0 counter_var_1 +,3,counter_var_0 var_1 +
6024,115 79 16 94 113,37,115 55 79 57 113,21,26,16,10,1,26,31,var_0 counter_var_1 +,42,counter_var_0 var_1 +
6025,115 5 31 109 113,13,115 76 81 54 113,5,18,8,12,16,23,17,var_0 counter_var_1 +,26,counter_var_0 var_1 +
6026,115 65 88 66 113,26,115 28 25 111 113,7,28,19,2,4,18,9,var_0 counter_var_1 +,47,counter_var_0 var_1 +
6027,115 75 1 40 113,18,115 15 46 80 113,17,15,1,0,9,18,17,var_0 counter_var_1 +,16,counter_var_0 var_1 +
6028,115 41 69 99 113,12,115 87 89 28 113,12,0,0,20,6,28,32,var_0 counter_var_1 +,0,counter_var_0 var_1 +
6029,115 109 86 45 113,39,115 99 90 90 113,22,12,17,21,14,28,43,var_0 counter_var_1 +,29,counter_var_0 var_1 +
6030,115 29 10 68 113,10,115 79 78 65 113,0,21,10,9,6,3,9,var_0 counter_var_1 +,31,counter_var_0 var_1 +
6031,115 10 99 85 113,17,115 34 11 30 113,10,5,7,11,23,30,21,var_0 counter_var_1 +,12,counter_var_0 var_1 +
6032,115 56 48 89 113,29,115 63 79 57 113,27,5,2,10,27,26,37,var_0 counter_var_1 +,7,counter_var_0 var_1 +
6033,115 6 67 46 113,27,115 4 98 78 113,6,4,21,6,15,16,12,var_0 counter_var_1 +,25,counter_var_0 var_1 +
6034,115 94 28 7 113,12,115 47 26 112 113,7,18,5,3,7,19,10,var_0 counter_var_1 +,23,counter_var_0 var_1 +
6035,115 6 47 34 113,7,115 29 43 110 113,6,0,1,20,3,17,26,var_0 counter_var_1 +,1,counter_var_0 var_1 +
6036,115 97 79 57 113,20,115 79 93 37 113,10,21,10,1,26,6,11,var_0 counter_var_1 +,31,counter_var_0 var_1 +
6037,115 37 105 62 113,21,115 63 59 23 113,8,5,13,13,0,23,21,var_0 counter_var_1 +,18,counter_var_0 var_1 +
6038,115 63 67 46 113,26,115 59 37 42 113,5,1,21,14,15,11,19,var_0 counter_var_1 +,22,counter_var_0 var_1 +
6039,115 95 111 12 113,27,115 9 25 111 113,8,9,19,2,12,18,10,var_0 counter_var_1 +,28,counter_var_0 var_1 +
6040,115 48 94 39 113,21,115 44 56 59 113,19,15,2,10,8,28,29,var_0 counter_var_1 +,17,counter_var_0 var_1 +
6041,115 19 98 78 113,25,115 75 12 21 113,19,17,6,12,16,21,31,var_0 counter_var_1 +,23,counter_var_0 var_1 +
6042,115 8 95 29 113,11,115 1 7 10 113,8,1,3,7,29,10,15,var_0 counter_var_1 +,4,counter_var_0 var_1 +
6043,115 15 35 9 113,27,115 12 1 40 113,15,12,12,1,9,9,16,var_0 counter_var_1 +,24,counter_var_0 var_1 +
6044,115 97 109 79 113,27,115 38 2 63 113,10,9,17,2,17,1,12,var_0 counter_var_1 +,26,counter_var_0 var_1 +
6045,115 43 65 17 113,33,115 100 79 57 113,14,13,19,10,17,26,24,var_0 counter_var_1 +,32,counter_var_0 var_1 +
6046,115 71 71 74 113,15,115 97 49 72 113,13,10,2,3,12,10,16,var_0 counter_var_1 +,12,counter_var_0 var_1 +
6047,115 18 79 57 113,28,115 39 63 43 113,18,10,10,17,26,12,35,var_0 counter_var_1 +,20,counter_var_0 var_1 +
6048,115 109 54 83 113,30,115 111 92 2 113,22,24,8,0,21,2,22,var_0 counter_var_1 +,32,counter_var_0 var_1 +
6049,115 90 87 69 113,21,115 35 70 36 113,3,6,18,1,7,5,4,var_0 counter_var_1 +,24,counter_var_0 var_1 +
6050,115 76 53 51 113,25,115 91 9 87 113,18,4,7,9,20,25,27,var_0 counter_var_1 +,11,counter_var_0 var_1 +
6051,115 61 64 19 113,21,115 59 28 7 113,3,1,18,5,19,7,8,var_0 counter_var_1 +,19,counter_var_0 var_1 +
6052,115 64 82 67 113,19,115 74 56 59 113,6,16,13,10,5,28,16,var_0 counter_var_1 +,29,counter_var_0 var_1 +
6053,115 73 72 71 113,18,115 0 69 99 113,15,0,3,0,9,6,15,var_0 counter_var_1 +,3,counter_var_0 var_1 +
6054,115 32 23 4 113,3,115 61 10 68 113,3,3,0,10,4,6,13,var_0 counter_var_1 +,3,counter_var_0 var_1 +
6055,115 71 19 86 113,32,115 58 59 23 113,13,0,19,13,24,23,26,var_0 counter_var_1 +,19,counter_var_0 var_1 +
6056,115 112 37 42 113,39,115 64 4 52 113,25,6,14,4,11,21,29,var_0 counter_var_1 +,20,counter_var_0 var_1 +
6057,115 93 2 63 113,8,115 32 28 7 113,6,3,2,5,1,7,11,var_0 counter_var_1 +,5,counter_var_0 var_1 +
6058,115 58 99 85 113,7,115 65 59 23 113,0,7,7,13,23,23,13,var_0 counter_var_1 +,14,counter_var_0 var_1 +
6059,115 20 37 42 113,34,115 51 98 78 113,20,22,14,6,11,16,26,var_0 counter_var_1 +,36,counter_var_0 var_1 +
6060,115 112 58 98 113,37,115 32 4 52 113,25,3,12,4,5,21,29,var_0 counter_var_1 +,15,counter_var_0 var_1 +
6061,115 12 97 81 113,17,115 17 67 46 113,12,17,5,21,19,15,33,var_0 counter_var_1 +,22,counter_var_0 var_1 +
6062,115 106 72 71 113,22,115 69 13 91 113,19,11,3,13,9,29,32,var_0 counter_var_1 +,14,counter_var_0 var_1 +
6063,115 26 26 112 113,29,115 87 108 58 113,26,0,3,16,19,27,42,var_0 counter_var_1 +,3,counter_var_0 var_1 +
6064,115 95 41 22 113,26,115 54 36 106 113,8,25,18,13,22,13,21,var_0 counter_var_1 +,43,counter_var_0 var_1 +
6065,115 112 21 92 113,46,115 81 16 94 113,25,23,21,16,30,1,41,var_0 counter_var_1 +,44,counter_var_0 var_1 +
6066,115 19 26 112 113,22,115 54 45 76 113,19,25,3,22,19,14,41,var_0 counter_var_1 +,28,counter_var_0 var_1 +
6067,115 22 88 66 113,41,115 57 70 36 113,22,28,19,1,4,5,23,var_0 counter_var_1 +,47,counter_var_0 var_1 +
6068,115 42 83 38 113,27,115 98 16 94 113,13,11,14,16,7,1,29,var_0 counter_var_1 +,25,counter_var_0 var_1 +
6069,115 26 21 92 113,47,115 17 45 76 113,26,17,21,22,30,14,48,var_0 counter_var_1 +,38,counter_var_0 var_1 +
6070,115 28 98 78 113,34,115 44 35 9 113,28,15,6,12,16,9,40,var_0 counter_var_1 +,21,counter_var_0 var_1 +
6071,115 43 102 16 113,24,115 72 72 71 113,14,14,10,3,16,9,17,var_0 counter_var_1 +,24,counter_var_0 var_1 +
6072,115 30 94 39 113,3,115 59 0 101 113,1,1,2,0,8,8,1,var_0 counter_var_1 +,3,counter_var_0 var_1 +
6073,115 32 85 3 113,19,115 57 32 64 113,3,28,16,9,3,2,12,var_0 counter_var_1 +,44,counter_var_0 var_1 +
6074,115 43 9 87 113,23,115 52 72 71 113,14,23,9,3,25,9,17,var_0 counter_var_1 +,32,counter_var_0 var_1 +
6075,115 29 106 35 113,14,115 79 19 86 113,0,21,14,19,4,24,19,var_0 counter_var_1 +,35,counter_var_0 var_1 +
6076,115 107 18 73 113,38,115 90 68 100 113,20,3,18,22,11,7,42,var_0 counter_var_1 +,21,counter_var_0 var_1 +
6077,115 43 95 29 113,17,115 75 44 107 113,14,17,3,21,29,14,35,var_0 counter_var_1 +,20,counter_var_0 var_1 +
6078,115 32 26 112 113,6,115 68 71 74 113,3,10,3,2,19,12,5,var_0 counter_var_1 +,13,counter_var_0 var_1 +
6079,115 62 95 29 113,7,115 42 111 12 113,4,13,3,19,29,12,23,var_0 counter_var_1 +,16,counter_var_0 var_1 +
6080,115 108 95 29 113,24,115 27 87 69 113,21,27,3,18,29,7,39,var_0 counter_var_1 +,30,counter_var_0 var_1 +
6081,115 74 60 44 113,30,115 37 64 19 113,16,8,14,18,13,19,34,var_0 counter_var_1 +,22,counter_var_0 var_1 +
6082,115 36 43 110 113,27,115 44 100 0 113,7,15,20,8,17,0,15,var_0 counter_var_1 +,35,counter_var_0 var_1 +
6083,115 58 111 12 113,19,115 27 51 97 113,0,27,19,5,12,4,5,var_0 counter_var_1 +,46,counter_var_0 var_1 +
6084,115 108 3 15 113,24,115 0 112 103 113,21,0,3,20,15,10,41,var_0 counter_var_1 +,3,counter_var_0 var_1 +
6085,115 57 71 74 113,30,115 15 30 70 113,28,15,2,7,12,8,35,var_0 counter_var_1 +,17,counter_var_0 var_1 +
6086,115 95 60 44 113,22,115 108 105 62 113,8,21,14,13,13,0,21,var_0 counter_var_1 +,35,counter_var_0 var_1 +
6087,115 3 82 67 113,16,115 15 40 11 113,3,15,13,17,5,11,20,var_0 counter_var_1 +,28,counter_var_0 var_1 +
6088,115 1 97 81 113,6,115 22 105 62 113,1,22,5,13,19,0,14,var_0 counter_var_1 +,27,counter_var_0 var_1 +
6089,115 92 72 71 113,8,115 68 80 31 113,5,10,3,11,9,0,16,var_0 counter_var_1 +,13,counter_var_0 var_1 +
6090,115 29 19 86 113,19,115 86 99 85 113,0,28,19,7,24,23,7,var_0 counter_var_1 +,47,counter_var_0 var_1 +
6091,115 22 45 76 113,44,115 93 9 87 113,22,6,22,9,14,25,31,var_0 counter_var_1 +,28,counter_var_0 var_1 +
6092,115 28 32 64 113,37,115 112 75 82 113,28,25,9,6,2,20,34,var_0 counter_var_1 +,34,counter_var_0 var_1 +
6093,115 108 60 44 113,35,115 63 105 62 113,21,5,14,13,13,0,34,var_0 counter_var_1 +,19,counter_var_0 var_1 +
6094,115 6 43 110 113,26,115 63 112 103 113,6,5,20,20,17,10,26,var_0 counter_var_1 +,25,counter_var_0 var_1 +
6095,115 99 45 76 113,34,115 4 28 7 113,12,4,22,5,14,7,17,var_0 counter_var_1 +,26,counter_var_0 var_1 +
6096,115 58 79 57 113,10,115 19 93 37 113,0,19,10,1,26,6,1,var_0 counter_var_1 +,29,counter_var_0 var_1 +
6097,115 5 7 10 113,12,115 78 57 1 113,5,20,7,11,10,1,16,var_0 counter_var_1 +,27,counter_var_0 var_1 +
6098,115 24 74 13 113,29,115 29 3 15 113,24,0,5,3,13,15,27,var_0 counter_var_1 +,5,counter_var_0 var_1 +
6099,115 87 77 105 113,8,115 87 68 100 113,0,0,8,22,12,7,22,var_0 counter_var_1 +,8,counter_var_0 var_1 +
6100,115 78 15 53 113,35,115 106 66 102 113,20,19,15,20,22,9,40,var_0 counter_var_1 +,34,counter_var_0 var_1 +
6101,115 69 28 7 113,16,115 80 62 41 113,11,22,5,16,7,10,27,var_0 counter_var_1 +,27,counter_var_0 var_1 +
6102,115 66 19 86 113,27,115 16 3 15 113,8,16,19,3,24,15,11,var_0 counter_var_1 +,35,counter_var_0 var_1 +
6103,115 67 72 71 113,12,115 41 78 65 113,9,12,3,9,9,3,18,var_0 counter_var_1 +,15,counter_var_0 var_1 +
6104,115 14 32 64 113,23,115 9 98 78 113,14,9,9,6,2,16,20,var_0 counter_var_1 +,18,counter_var_0 var_1 +
6105,115 36 99 85 113,14,115 5 105 62 113,7,5,7,13,23,0,20,var_0 counter_var_1 +,12,counter_var_0 var_1 +
6106,115 87 104 84 113,12,115 42 93 37 113,0,13,12,1,22,6,1,var_0 counter_var_1 +,25,counter_var_0 var_1 +
6107,115 101 7 10 113,21,115 102 20 8 113,14,15,7,20,10,8,34,var_0 counter_var_1 +,22,counter_var_0 var_1 +
6108,115 26 57 1 113,37,115 15 62 41 113,26,15,11,16,1,10,42,var_0 counter_var_1 +,26,counter_var_0 var_1 +
6109,115 90 31 109 113,11,115 33 51 97 113,3,4,8,5,16,4,8,var_0 counter_var_1 +,12,counter_var_0 var_1 +
6110,115 68 6 56 113,16,115 49 89 28 113,10,20,6,20,25,28,30,var_0 counter_var_1 +,26,counter_var_0 var_1 +
6111,115 108 83 38 113,35,115 10 36 106 113,21,10,14,13,7,13,34,var_0 counter_var_1 +,24,counter_var_0 var_1 +
6112,115 35 30 70 113,13,115 13 48 89 113,6,13,7,2,8,27,8,var_0 counter_var_1 +,20,counter_var_0 var_1 +
6113,115 100 10 68 113,23,115 49 97 81 113,13,20,10,5,6,19,18,var_0 counter_var_1 +,30,counter_var_0 var_1 +
6114,115 66 103 49 113,19,115 78 91 33 113,8,20,11,22,18,2,30,var_0 counter_var_1 +,31,counter_var_0 var_1 +
6115,115 13 65 17 113,32,115 103 10 68 113,13,16,19,10,17,6,23,var_0 counter_var_1 +,35,counter_var_0 var_1 +
6116,115 39 44 107 113,31,115 90 39 14 113,10,3,21,16,14,14,26,var_0 counter_var_1 +,24,counter_var_0 var_1 +
6117,115 86 79 57 113,38,115 95 112 103 113,28,8,10,20,26,10,48,var_0 counter_var_1 +,18,counter_var_0 var_1 +
6118,115 72 17 108 113,31,115 100 62 41 113,14,13,17,16,15,10,30,var_0 counter_var_1 +,30,counter_var_0 var_1 +
6119,115 5 4 52 113,9,115 81 30 70 113,5,23,4,7,21,8,12,var_0 counter_var_1 +,27,counter_var_0 var_1 +
6120,115 83 97 81 113,30,115 21 30 70 113,25,21,5,7,19,8,32,var_0 counter_var_1 +,26,counter_var_0 var_1 +
6121,115 73 35 9 113,27,115 108 103 49 113,15,21,12,11,9,18,26,var_0 counter_var_1 +,33,counter_var_0 var_1 +
6122,115 57 7 10 113,35,115 74 112 103 113,28,16,7,20,10,10,48,var_0 counter_var_1 +,23,counter_var_0 var_1 +
6123,115 112 17 108 113,42,115 53 12 21 113,25,24,17,12,15,21,37,var_0 counter_var_1 +,41,counter_var_0 var_1 +
6124,115 56 70 36 113,28,115 103 42 55 113,27,16,1,19,5,24,46,var_0 counter_var_1 +,17,counter_var_0 var_1 +
6125,115 45 104 84 113,28,115 12 32 64 113,16,12,12,9,22,2,25,var_0 counter_var_1 +,24,counter_var_0 var_1 +
6126,115 16 83 38 113,30,115 45 36 106 113,16,16,14,13,7,13,29,var_0 counter_var_1 +,30,counter_var_0 var_1 +
6127,115 54 95 29 113,28,115 95 45 76 113,25,8,3,22,29,14,47,var_0 counter_var_1 +,11,counter_var_0 var_1 +
6128,115 14 75 82 113,20,115 110 72 71 113,14,23,6,3,20,9,17,var_0 counter_var_1 +,29,counter_var_0 var_1 +
6129,115 80 30 70 113,29,115 0 45 76 113,22,0,7,22,8,14,44,var_0 counter_var_1 +,7,counter_var_0 var_1 +
6130,115 6 31 109 113,14,115 103 34 27 113,6,16,8,11,16,27,17,var_0 counter_var_1 +,24,counter_var_0 var_1 +
6131,115 47 91 33 113,40,115 24 69 99 113,18,24,22,0,2,6,18,var_0 counter_var_1 +,46,counter_var_0 var_1 +
6132,115 14 21 92 113,35,115 80 74 13 113,14,22,21,5,30,13,19,var_0 counter_var_1 +,43,counter_var_0 var_1 +
6133,115 75 110 61 113,35,115 78 104 84 113,17,20,18,12,30,22,29,var_0 counter_var_1 +,38,counter_var_0 var_1 +
6134,115 85 25 111 113,29,115 61 63 43 113,27,3,2,17,18,12,44,var_0 counter_var_1 +,5,counter_var_0 var_1 +
6135,115 46 11 30 113,28,115 91 43 110 113,17,4,11,20,30,17,37,var_0 counter_var_1 +,15,counter_var_0 var_1 +
6136,115 58 26 112 113,3,115 93 99 85 113,0,6,3,7,19,23,7,var_0 counter_var_1 +,9,counter_var_0 var_1 +
6137,115 103 32 64 113,25,115 41 20 8 113,16,12,9,20,2,8,36,var_0 counter_var_1 +,21,counter_var_0 var_1 +
6138,115 34 94 39 113,7,115 20 33 50 113,5,20,2,10,8,19,15,var_0 counter_var_1 +,22,counter_var_0 var_1 +
6139,115 52 35 9 113,35,115 59 64 19 113,23,1,12,18,9,19,41,var_0 counter_var_1 +,13,counter_var_0 var_1 +
6140,115 41 59 23 113,25,115 46 91 33 113,12,17,13,22,23,2,34,var_0 counter_var_1 +,30,counter_var_0 var_1 +
6141,115 27 85 3 113,43,115 106 47 34 113,27,19,16,1,3,3,28,var_0 counter_var_1 +,35,counter_var_0 var_1 +
6142,115 64 94 39 113,8,115 15 16 94 113,6,15,2,16,8,1,22,var_0 counter_var_1 +,17,counter_var_0 var_1 +
6143,115 1 102 16 113,11,115 5 29 25 113,1,5,10,6,16,25,7,var_0 counter_var_1 +,15,counter_var_0 var_1 +
6144,115 29 105 62 113,13,115 42 21 92 113,0,13,13,21,0,30,21,var_0 counter_var_1 +,26,counter_var_0 var_1 +
6145,115 44 74 13 113,20,115 31 104 84 113,15,2,5,12,13,22,27,var_0 counter_var_1 +,7,counter_var_0 var_1 +
6146,115 16 68 100 113,38,115 49 71 74 113,16,20,22,2,7,12,18,var_0 counter_var_1 +,42,counter_var_0 var_1 +
6147,115 56 53 51 113,34,115 4 6 56 113,27,4,7,6,20,25,33,var_0 counter_var_1 +,11,counter_var_0 var_1 +
6148,115 27 91 33 113,49,115 107 10 68 113,27,20,22,10,2,6,37,var_0 counter_var_1 +,42,counter_var_0 var_1 +
6149,115 89 67 46 113,23,115 44 58 98 113,2,15,21,12,15,5,14,var_0 counter_var_1 +,36,counter_var_0 var_1 +
6150,115 101 11 30 113,25,115 39 71 74 113,14,10,11,2,30,12,16,var_0 counter_var_1 +,21,counter_var_0 var_1 +
6151,115 54 112 103 113,45,115 68 104 84 113,25,10,20,12,10,22,37,var_0 counter_var_1 +,30,counter_var_0 var_1 +
6152,115 24 50 77 113,28,115 77 8 26 113,24,19,4,8,15,26,32,var_0 counter_var_1 +,23,counter_var_0 var_1 +
6153,115 17 50 77 113,21,115 26 90 90 113,17,26,4,21,15,28,38,var_0 counter_var_1 +,30,counter_var_0 var_1 +
6154,115 9 49 72 113,12,115 91 74 13 113,9,4,3,5,10,13,14,var_0 counter_var_1 +,7,counter_var_0 var_1 +
6155,115 50 60 44 113,35,115 66 47 34 113,21,8,14,1,13,3,22,var_0 counter_var_1 +,22,counter_var_0 var_1 +
6156,115 10 58 98 113,22,115 16 32 64 113,10,16,12,9,5,2,19,var_0 counter_var_1 +,28,counter_var_0 var_1 +
6157,115 60 112 103 113,22,115 42 12 21 113,2,13,20,12,10,21,14,var_0 counter_var_1 +,33,counter_var_0 var_1 +
6158,115 23 88 66 113,42,115 6 15 53 113,23,6,19,15,4,22,38,var_0 counter_var_1 +,25,counter_var_0 var_1 +
6159,115 40 18 73 113,29,115 84 67 46 113,11,26,18,21,11,15,32,var_0 counter_var_1 +,44,counter_var_0 var_1 +
6160,115 10 1 40 113,11,115 92 87 69 113,10,5,1,18,9,7,28,var_0 counter_var_1 +,6,counter_var_0 var_1 +
6161,115 29 0 101 113,0,115 11 104 84 113,0,11,0,12,8,22,12,var_0 counter_var_1 +,11,counter_var_0 var_1 +
6162,115 8 64 19 113,26,115 65 84 32 113,8,7,18,15,19,1,23,var_0 counter_var_1 +,25,counter_var_0 var_1 +
6163,115 63 111 12 113,24,115 87 21 92 113,5,0,19,21,12,30,26,var_0 counter_var_1 +,19,counter_var_0 var_1 +
6164,115 110 102 16 113,33,115 72 86 45 113,23,14,10,17,16,14,40,var_0 counter_var_1 +,24,counter_var_0 var_1 +
6165,115 88 48 89 113,3,115 91 111 12 113,1,4,2,19,27,12,20,var_0 counter_var_1 +,6,counter_var_0 var_1 +
6166,115 23 29 25 113,29,115 19 61 18 113,23,19,6,15,25,18,38,var_0 counter_var_1 +,25,counter_var_0 var_1 +
6167,115 53 31 109 113,32,115 12 81 54 113,24,12,8,12,16,23,36,var_0 counter_var_1 +,20,counter_var_0 var_1 +
6168,115 0 31 109 113,8,115 27 22 75 113,0,27,8,22,16,13,22,var_0 counter_var_1 +,35,counter_var_0 var_1 +
6169,115 33 23 4 113,4,115 51 106 35 113,4,22,0,14,4,4,18,var_0 counter_var_1 +,22,counter_var_0 var_1 +
6170,115 21 72 71 113,24,115 44 0 101 113,21,15,3,0,9,8,21,var_0 counter_var_1 +,18,counter_var_0 var_1 +
6171,115 102 41 22 113,33,115 13 73 96 113,15,13,18,4,22,3,19,var_0 counter_var_1 +,31,counter_var_0 var_1 +
6172,115 26 27 88 113,30,115 3 22 75 113,26,3,4,22,26,13,48,var_0 counter_var_1 +,7,counter_var_0 var_1 +
6173,115 91 35 9 113,16,115 4 8 26 113,4,4,12,8,9,26,12,var_0 counter_var_1 +,16,counter_var_0 var_1 +
6174,115 104 51 97 113,22,115 91 81 54 113,17,4,5,12,4,23,29,var_0 counter_var_1 +,9,counter_var_0 var_1 +
6175,115 104 103 49 113,28,115 0 13 91 113,17,0,11,13,18,29,30,var_0 counter_var_1 +,11,counter_var_0 var_1 +
6176,115 42 99 85 113,20,115 36 93 37 113,13,7,7,1,23,6,14,var_0 counter_var_1 +,14,counter_var_0 var_1 +
6177,115 19 83 38 113,33,115 80 59 23 113,19,22,14,13,7,23,32,var_0 counter_var_1 +,36,counter_var_0 var_1 +
6178,115 76 104 84 113,30,115 12 52 95 113,18,12,12,6,22,2,24,var_0 counter_var_1 +,24,counter_var_0 var_1 +
6179,115 98 37 42 113,25,115 30 44 107 113,11,1,14,21,11,14,32,var_0 counter_var_1 +,15,counter_var_0 var_1 +
6180,115 88 49 72 113,4,115 56 100 0 113,1,27,3,8,10,0,9,var_0 counter_var_1 +,30,counter_var_0 var_1 +
6181,115 51 60 44 113,36,115 84 92 2 113,22,26,14,0,13,2,22,var_0 counter_var_1 +,40,counter_var_0 var_1 +
6182,115 46 107 60 113,32,115 62 89 28 113,17,4,15,20,29,28,37,var_0 counter_var_1 +,19,counter_var_0 var_1 +
6183,115 12 112 103 113,32,115 112 108 58 113,12,25,20,16,10,27,28,var_0 counter_var_1 +,45,counter_var_0 var_1 +
6184,115 22 1 40 113,23,115 58 60 44 113,22,0,1,14,9,13,36,var_0 counter_var_1 +,1,counter_var_0 var_1 +
6185,115 35 87 69 113,24,115 53 56 59 113,6,24,18,10,7,28,16,var_0 counter_var_1 +,42,counter_var_0 var_1 +
6186,115 110 51 97 113,28,115 103 33 50 113,23,16,5,10,4,19,33,var_0 counter_var_1 +,21,counter_var_0 var_1 +
6187,115 15 18 73 113,33,115 66 11 30 113,15,8,18,11,11,30,26,var_0 counter_var_1 +,26,counter_var_0 var_1 +
6188,115 44 16 94 113,31,115 3 54 83 113,15,3,16,8,1,21,23,var_0 counter_var_1 +,19,counter_var_0 var_1 +
6189,115 85 50 77 113,31,115 101 20 8 113,27,14,4,20,15,8,47,var_0 counter_var_1 +,18,counter_var_0 var_1 +
6190,115 95 104 84 113,20,115 26 77 105 113,8,26,12,8,22,12,16,var_0 counter_var_1 +,38,counter_var_0 var_1 +
6191,115 56 86 45 113,44,115 45 23 4 113,27,16,17,0,14,4,27,var_0 counter_var_1 +,33,counter_var_0 var_1 +
6192,115 106 87 69 113,37,115 13 10 68 113,19,13,18,10,7,6,29,var_0 counter_var_1 +,31,counter_var_0 var_1 +
6193,115 2 4 52 113,6,115 20 51 97 113,2,20,4,5,21,4,7,var_0 counter_var_1 +,24,counter_var_0 var_1 +
6194,115 11 49 72 113,14,115 28 75 82 113,11,28,3,6,10,20,17,var_0 counter_var_1 +,31,counter_var_0 var_1 +
6195,115 85 26 112 113,30,115 12 110 61 113,27,12,3,18,19,30,45,var_0 counter_var_1 +,15,counter_var_0 var_1 +
6196,115 27 61 18 113,42,115 6 54 83 113,27,6,15,8,18,21,35,var_0 counter_var_1 +,21,counter_var_0 var_1 +
6197,115 89 16 94 113,18,115 65 60 44 113,2,7,16,14,1,13,16,var_0 counter_var_1 +,23,counter_var_0 var_1 +
6198,115 26 19 86 113,45,115 59 7 10 113,26,1,19,7,24,10,33,var_0 counter_var_1 +,20,counter_var_0 var_1 +
6199,115 22 32 64 113,31,115 86 94 39 113,22,28,9,2,2,8,24,var_0 counter_var_1 +,37,counter_var_0 var_1 +
6200,115 71 34 27 113,24,115 30 59 23 113,13,1,11,13,27,23,26,var_0 counter_var_1 +,12,counter_var_0 var_1 +
6201,115 18 46 80 113,18,115 82 25 111 113,18,24,0,2,18,18,20,var_0 counter_var_1 +,24,counter_var_0 var_1 +
6202,115 4 108 58 113,20,115 35 102 16 113,4,6,16,10,27,16,14,var_0 counter_var_1 +,22,counter_var_0 var_1 +
6203,115 73 39 14 113,31,115 69 49 72 113,15,11,16,3,14,10,18,var_0 counter_var_1 +,27,counter_var_0 var_1 +
6204,115 91 94 39 113,6,115 96 1 40 113,4,9,2,1,8,9,5,var_0 counter_var_1 +,11,counter_var_0 var_1 +
6205,115 31 47 34 113,3,115 108 20 8 113,2,21,1,20,3,8,22,var_0 counter_var_1 +,22,counter_var_0 var_1 +
6206,115 1 107 60 113,16,115 17 40 11 113,1,17,15,17,29,11,18,var_0 counter_var_1 +,32,counter_var_0 var_1 +
6207,115 50 28 7 113,26,115 21 84 32 113,21,21,5,15,7,1,36,var_0 counter_var_1 +,26,counter_var_0 var_1 +
6208,115 62 60 44 113,18,115 108 58 98 113,4,21,14,12,13,5,16,var_0 counter_var_1 +,35,counter_var_0 var_1 +
6209,115 29 75 82 113,6,115 16 95 29 113,0,16,6,3,20,29,3,var_0 counter_var_1 +,22,counter_var_0 var_1 +
6210,115 70 79 57 113,22,115 76 78 65 113,12,18,10,9,26,3,21,var_0 counter_var_1 +,28,counter_var_0 var_1 +
6211,115 66 29 25 113,14,115 105 54 83 113,8,18,6,8,25,21,16,var_0 counter_var_1 +,24,counter_var_0 var_1 +
6212,115 22 90 90 113,43,115 95 111 12 113,22,8,21,19,28,12,41,var_0 counter_var_1 +,29,counter_var_0 var_1 +
6213,115 49 84 32 113,35,115 51 72 71 113,20,22,15,3,1,9,23,var_0 counter_var_1 +,37,counter_var_0 var_1 +
6214,115 110 89 28 113,43,115 32 7 10 113,23,3,20,7,28,10,30,var_0 counter_var_1 +,23,counter_var_0 var_1 +
6215,115 44 70 36 113,16,115 44 1 40 113,15,15,1,1,5,9,16,var_0 counter_var_1 +,16,counter_var_0 var_1 +
6216,115 68 64 19 113,28,115 7 99 85 113,10,7,18,7,19,23,17,var_0 counter_var_1 +,25,counter_var_0 var_1 +
6217,115 68 58 98 113,22,115 83 107 60 113,10,25,12,15,5,29,25,var_0 counter_var_1 +,37,counter_var_0 var_1 +
6218,115 39 111 12 113,29,115 105 86 45 113,10,18,19,17,12,14,27,var_0 counter_var_1 +,37,counter_var_0 var_1 +
6219,115 110 42 55 113,42,115 84 108 58 113,23,26,19,16,24,27,39,var_0 counter_var_1 +,45,counter_var_0 var_1 +
6220,115 37 45 76 113,30,115 58 57 1 113,8,0,22,11,14,1,19,var_0 counter_var_1 +,22,counter_var_0 var_1 +
6221,115 48 112 103 113,39,115 93 40 11 113,19,6,20,17,10,11,36,var_0 counter_var_1 +,26,counter_var_0 var_1 +
6222,115 72 90 90 113,35,115 109 11 30 113,14,22,21,11,28,30,25,var_0 counter_var_1 +,43,counter_var_0 var_1 +
6223,115 15 27 88 113,19,115 78 84 32 113,15,20,4,15,26,1,30,var_0 counter_var_1 +,24,counter_var_0 var_1 +
6224,115 69 83 38 113,25,115 5 88 66 113,11,5,14,19,7,4,30,var_0 counter_var_1 +,19,counter_var_0 var_1 +
6225,115 55 103 49 113,37,115 93 97 81 113,26,6,11,5,18,19,31,var_0 counter_var_1 +,17,counter_var_0 var_1 +
6226,115 46 10 68 113,27,115 49 13 91 113,17,20,10,13,6,29,30,var_0 counter_var_1 +,30,counter_var_0 var_1 +
6227,115 57 109 79 113,45,115 40 92 2 113,28,11,17,0,17,2,28,var_0 counter_var_1 +,28,counter_var_0 var_1 +
6228,115 20 8 26 113,28,115 70 7 10 113,20,12,8,7,26,10,27,var_0 counter_var_1 +,20,counter_var_0 var_1 +
6229,115 90 107 60 113,18,115 5 46 80 113,3,5,15,0,29,18,3,var_0 counter_var_1 +,20,counter_var_0 var_1 +
6230,115 14 63 43 113,31,115 95 56 59 113,14,8,17,10,12,28,24,var_0 counter_var_1 +,25,counter_var_0 var_1 +
6231,115 46 56 59 113,27,115 94 16 94 113,17,7,10,16,28,1,33,var_0 counter_var_1 +,17,counter_var_0 var_1 +
6232,115 21 16 94 113,37,115 62 88 66 113,21,4,16,19,1,4,40,var_0 counter_var_1 +,20,counter_var_0 var_1 +
6233,115 51 82 67 113,35,115 55 44 107 113,22,26,13,21,5,14,43,var_0 counter_var_1 +,39,counter_var_0 var_1 +
6234,115 14 96 6 113,18,115 91 90 90 113,14,4,4,21,6,28,35,var_0 counter_var_1 +,8,counter_var_0 var_1 +
6235,115 52 79 57 113,33,115 2 112 103 113,23,2,10,20,26,10,43,var_0 counter_var_1 +,12,counter_var_0 var_1 +
6236,115 30 24 5 113,2,115 82 76 93 113,1,24,1,7,5,0,8,var_0 counter_var_1 +,25,counter_var_0 var_1 +
6237,115 35 85 3 113,22,115 99 27 88 113,6,12,16,4,3,26,10,var_0 counter_var_1 +,28,counter_var_0 var_1 +
6238,115 61 0 101 113,3,115 78 69 99 113,3,20,0,0,8,6,3,var_0 counter_var_1 +,20,counter_var_0 var_1 +
6239,115 90 24 5 113,4,115 33 47 34 113,3,4,1,1,5,3,4,var_0 counter_var_1 +,5,counter_var_0 var_1 +
6240,115 48 103 49 113,30,115 109 6 56 113,19,22,11,6,18,25,25,var_0 counter_var_1 +,33,counter_var_0 var_1 +
6241,115 73 33 50 113,25,115 63 27 88 113,15,5,10,4,19,26,19,var_0 counter_var_1 +,15,counter_var_0 var_1 +
6242,115 67 14 24 113,23,115 7 49 72 113,9,7,14,3,24,10,12,var_0 counter_var_1 +,21,counter_var_0 var_1 +
6243,115 70 74 13 113,17,115 12 102 16 113,12,12,5,10,13,16,22,var_0 counter_var_1 +,17,counter_var_0 var_1 +
6244,115 18 50 77 113,22,115 12 72 71 113,18,12,4,3,15,9,21,var_0 counter_var_1 +,16,counter_var_0 var_1 +
6245,115 87 46 80 113,0,115 93 75 82 113,0,6,0,6,18,20,6,var_0 counter_var_1 +,6,counter_var_0 var_1 +
6246,115 53 81 54 113,36,115 61 70 36 113,24,3,12,1,23,5,25,var_0 counter_var_1 +,15,counter_var_0 var_1 +
6247,115 67 6 56 113,15,115 60 1 40 113,9,2,6,1,25,9,10,var_0 counter_var_1 +,8,counter_var_0 var_1 +
6248,115 81 42 55 113,42,115 35 111 12 113,23,6,19,19,24,12,42,var_0 counter_var_1 +,25,counter_var_0 var_1 +
6249,115 66 41 22 113,26,115 110 104 84 113,8,23,18,12,22,22,20,var_0 counter_var_1 +,41,counter_var_0 var_1 +
6250,115 96 61 18 113,24,115 86 85 3 113,9,28,15,16,18,3,25,var_0 counter_var_1 +,43,counter_var_0 var_1 +
6251,115 96 34 27 113,20,115 66 99 85 113,9,8,11,7,27,23,16,var_0 counter_var_1 +,19,counter_var_0 var_1 +
6252,115 11 14 24 113,25,115 109 29 25 113,11,22,14,6,24,25,17,var_0 counter_var_1 +,36,counter_var_0 var_1 +
6253,115 70 69 99 113,12,115 84 80 31 113,12,26,0,11,6,0,23,var_0 counter_var_1 +,26,counter_var_0 var_1 +
6254,115 63 29 25 113,11,115 110 35 9 113,5,23,6,12,25,9,17,var_0 counter_var_1 +,29,counter_var_0 var_1 +
6255,115 105 67 46 113,39,115 24 81 54 113,18,24,21,12,15,23,30,var_0 counter_var_1 +,45,counter_var_0 var_1 +
6256,115 30 56 59 113,11,115 6 50 77 113,1,6,10,4,28,15,5,var_0 counter_var_1 +,16,counter_var_0 var_1 +
6257,115 64 62 41 113,22,115 31 2 63 113,6,2,16,2,10,1,8,var_0 counter_var_1 +,18,counter_var_0 var_1 +
6258,115 18 102 16 113,28,115 71 62 41 113,18,13,10,16,16,10,34,var_0 counter_var_1 +,23,counter_var_0 var_1 +
6259,115 57 67 46 113,49,115 31 64 19 113,28,2,21,18,15,19,46,var_0 counter_var_1 +,23,counter_var_0 var_1 +
6260,115 98 28 7 113,16,115 18 57 1 113,11,18,5,11,7,1,22,var_0 counter_var_1 +,23,counter_var_0 var_1 +
6261,115 80 111 12 113,41,115 37 110 61 113,22,8,19,18,12,30,40,var_0 counter_var_1 +,27,counter_var_0 var_1 +
6262,115 93 91 33 113,28,115 90 102 16 113,6,3,22,10,2,16,16,var_0 counter_var_1 +,25,counter_var_0 var_1 +
6263,115 41 48 89 113,14,115 42 81 54 113,12,13,2,12,27,23,24,var_0 counter_var_1 +,15,counter_var_0 var_1 +
6264,115 13 99 85 113,20,115 103 81 54 113,13,16,7,12,23,23,25,var_0 counter_var_1 +,23,counter_var_0 var_1 +
6265,115 6 39 14 113,22,115 66 35 9 113,6,8,16,12,14,9,18,var_0 counter_var_1 +,24,counter_var_0 var_1 +
6266,115 18 88 66 113,37,115 55 0 101 113,18,26,19,0,4,8,18,var_0 counter_var_1 +,45,counter_var_0 var_1 +
6267,115 16 34 27 113,27,115 63 28 7 113,16,5,11,5,27,7,21,var_0 counter_var_1 +,16,counter_var_0 var_1 +
6268,115 14 2 63 113,16,115 8 41 22 113,14,8,2,18,1,22,32,var_0 counter_var_1 +,10,counter_var_0 var_1 +
6269,115 58 41 22 113,18,115 57 47 34 113,0,28,18,1,22,3,1,var_0 counter_var_1 +,46,counter_var_0 var_1 +
6270,115 80 16 94 113,38,115 34 90 90 113,22,5,16,21,1,28,43,var_0 counter_var_1 +,21,counter_var_0 var_1 +
6271,115 62 35 9 113,16,115 6 12 21 113,4,6,12,12,9,21,16,var_0 counter_var_1 +,18,counter_var_0 var_1 +
6272,115 48 46 80 113,19,115 4 56 59 113,19,4,0,10,18,28,29,var_0 counter_var_1 +,4,counter_var_0 var_1 +
6273,115 100 49 72 113,16,115 79 81 54 113,13,21,3,12,10,23,25,var_0 counter_var_1 +,24,counter_var_0 var_1 +
6274,115 101 44 107 113,35,115 54 61 18 113,14,25,21,15,14,18,29,var_0 counter_var_1 +,46,counter_var_0 var_1 +
6275,115 49 100 0 113,28,115 23 103 49 113,20,23,8,11,0,18,31,var_0 counter_var_1 +,31,counter_var_0 var_1 +
6276,115 107 71 74 113,22,115 64 41 22 113,20,6,2,18,12,22,38,var_0 counter_var_1 +,8,counter_var_0 var_1 +
6277,115 23 87 69 113,41,115 12 55 48 113,23,12,18,9,7,17,32,var_0 counter_var_1 +,30,counter_var_0 var_1 +
6278,115 54 58 98 113,37,115 52 105 62 113,25,23,12,13,5,0,38,var_0 counter_var_1 +,35,counter_var_0 var_1 +
6279,115 10 18 73 113,28,115 39 37 42 113,10,10,18,14,11,11,24,var_0 counter_var_1 +,28,counter_var_0 var_1 +
6280,115 107 24 5 113,21,115 8 5 47 113,20,8,1,5,5,16,25,var_0 counter_var_1 +,9,counter_var_0 var_1 +
6281,115 108 20 8 113,41,115 111 100 0 113,21,24,20,8,8,0,29,var_0 counter_var_1 +,44,counter_var_0 var_1 +
6282,115 17 29 25 113,23,115 77 99 85 113,17,19,6,7,25,23,24,var_0 counter_var_1 +,25,counter_var_0 var_1 +
6283,115 7 33 50 113,17,115 83 60 44 113,7,25,10,14,19,13,21,var_0 counter_var_1 +,35,counter_var_0 var_1 +
6284,115 56 75 82 113,33,115 46 22 75 113,27,17,6,22,20,13,49,var_0 counter_var_1 +,23,counter_var_0 var_1 +
6285,115 18 103 49 113,29,115 42 74 13 113,18,13,11,5,18,13,23,var_0 counter_var_1 +,24,counter_var_0 var_1 +
6286,115 72 15 53 113,29,115 54 54 83 113,14,25,15,8,22,21,22,var_0 counter_var_1 +,40,counter_var_0 var_1 +
6287,115 100 48 89 113,15,115 64 96 6 113,13,6,2,4,27,6,17,var_0 counter_var_1 +,8,counter_var_0 var_1 +
6288,115 93 58 98 113,18,115 101 61 18 113,6,14,12,15,5,18,21,var_0 counter_var_1 +,26,counter_var_0 var_1 +
6289,115 103 71 74 113,18,115 49 16 94 113,16,20,2,16,12,1,32,var_0 counter_var_1 +,22,counter_var_0 var_1 +
6290,115 25 48 89 113,27,115 82 83 38 113,25,24,2,14,27,7,39,var_0 counter_var_1 +,26,counter_var_0 var_1 +
6291,115 22 5 47 113,27,115 45 47 34 113,22,16,5,1,16,3,23,var_0 counter_var_1 +,21,counter_var_0 var_1 +
6292,115 64 98 78 113,12,115 80 64 19 113,6,22,6,18,16,19,24,var_0 counter_var_1 +,28,counter_var_0 var_1 +
6293,115 101 50 77 113,18,115 23 100 0 113,14,23,4,8,15,0,22,var_0 counter_var_1 +,27,counter_var_0 var_1 +
6294,115 54 86 45 113,42,115 39 32 64 113,25,10,17,9,14,2,34,var_0 counter_var_1 +,27,counter_var_0 var_1 +
6295,115 98 84 32 113,26,115 71 58 98 113,11,13,15,12,1,5,23,var_0 counter_var_1 +,28,counter_var_0 var_1 +
6296,115 57 94 39 113,30,115 52 43 110 113,28,23,2,20,8,17,48,var_0 counter_var_1 +,25,counter_var_0 var_1 +
6297,115 33 59 23 113,17,115 104 31 109 113,4,17,13,8,23,16,12,var_0 counter_var_1 +,30,counter_var_0 var_1 +
6298,115 65 18 73 113,25,115 107 52 95 113,7,20,18,6,11,2,13,var_0 counter_var_1 +,38,counter_var_0 var_1 +
6299,115 13 30 70 113,20,115 63 60 44 113,13,5,7,14,8,13,27,var_0 counter_var_1 +,12,counter_var_0 var_1 +
6300,115 23 30 70 113,30,115 56 85 3 113,23,27,7,16,8,3,39,var_0 counter_var_1 +,34,counter_var_0 var_1 +
6301,115 25 28 7 113,30,115 9 94 39 113,25,9,5,2,7,8,27,var_0 counter_var_1 +,14,counter_var_0 var_1 +
6302,115 95 77 105 113,16,115 38 18 73 113,8,9,8,18,12,11,26,var_0 counter_var_1 +,17,counter_var_0 var_1 +
6303,115 105 46 80 113,18,115 67 104 84 113,18,9,0,12,18,22,30,var_0 counter_var_1 +,9,counter_var_0 var_1 +
6304,115 35 91 33 113,28,115 54 83 38 113,6,25,22,14,2,7,20,var_0 counter_var_1 +,47,counter_var_0 var_1 +
6305,115 31 112 103 113,22,115 93 89 28 113,2,6,20,20,10,28,22,var_0 counter_var_1 +,26,counter_var_0 var_1 +
6306,115 112 14 24 113,39,115 57 4 52 113,25,28,14,4,24,21,29,var_0 counter_var_1 +,42,counter_var_0 var_1 +
6307,115 89 4 52 113,6,115 53 31 109 113,2,24,4,8,21,16,10,var_0 counter_var_1 +,28,counter_var_0 var_1 +
6308,115 3 10 68 113,13,115 18 29 25 113,3,18,10,6,6,25,9,var_0 counter_var_1 +,28,counter_var_0 var_1 +
6309,115 3 102 16 113,13,115 57 36 106 113,3,28,10,13,16,13,16,var_0 counter_var_1 +,38,counter_var_0 var_1 +
6310,115 74 26 112 113,19,115 34 71 74 113,16,5,3,2,19,12,18,var_0 counter_var_1 +,8,counter_var_0 var_1 +
6311,115 17 42 55 113,36,115 48 71 74 113,17,19,19,2,24,12,19,var_0 counter_var_1 +,38,counter_var_0 var_1 +
6312,115 54 20 8 113,45,115 19 12 21 113,25,19,20,12,8,21,37,var_0 counter_var_1 +,39,counter_var_0 var_1 +
6313,115 23 74 13 113,28,115 42 20 8 113,23,13,5,20,13,8,43,var_0 counter_var_1 +,18,counter_var_0 var_1 +
6314,115 92 20 8 113,25,115 0 106 35 113,5,0,20,14,8,4,19,var_0 counter_var_1 +,20,counter_var_0 var_1 +
6315,115 60 61 18 113,17,115 102 74 13 113,2,15,15,5,18,13,7,var_0 counter_var_1 +,30,counter_var_0 var_1 +
6316,115 57 37 42 113,42,115 92 8 26 113,28,5,14,8,11,26,36,var_0 counter_var_1 +,19,counter_var_0 var_1 +
6317,115 44 78 65 113,24,115 90 94 39 113,15,3,9,2,3,8,17,var_0 counter_var_1 +,12,counter_var_0 var_1 +
6318,115 47 75 82 113,24,115 20 102 16 113,18,20,6,10,20,16,28,var_0 counter_var_1 +,26,counter_var_0 var_1 +
6319,115 22 84 32 113,37,115 62 17 108 113,22,4,15,17,1,15,39,var_0 counter_var_1 +,19,counter_var_0 var_1 +
6320,115 65 56 59 113,17,115 60 55 48 113,7,2,10,9,28,17,16,var_0 counter_var_1 +,12,counter_var_0 var_1 +
6321,115 50 91 33 113,43,115 23 108 58 113,21,23,22,16,2,27,37,var_0 counter_var_1 +,45,counter_var_0 var_1 +
6322,115 40 15 53 113,26,115 111 44 107 113,11,24,15,21,22,14,32,var_0 counter_var_1 +,39,counter_var_0 var_1 +
6323,115 31 60 44 113,16,115 21 70 36 113,2,21,14,1,13,5,3,var_0 counter_var_1 +,35,counter_var_0 var_1 +
6324,115 20 83 38 113,34,115 64 78 65 113,20,6,14,9,7,3,29,var_0 counter_var_1 +,20,counter_var_0 var_1 +
6325,115 53 68 100 113,46,115 104 104 84 113,24,17,22,12,7,22,36,var_0 counter_var_1 +,39,counter_var_0 var_1 +
6326,115 104 87 69 113,35,115 11 79 57 113,17,11,18,10,7,26,27,var_0 counter_var_1 +,29,counter_var_0 var_1 +
6327,115 44 31 109 113,23,115 84 13 91 113,15,26,8,13,16,29,28,var_0 counter_var_1 +,34,counter_var_0 var_1 +
6328,115 12 19 86 113,31,115 101 102 16 113,12,14,19,10,24,16,22,var_0 counter_var_1 +,33,counter_var_0 var_1 +
6329,115 48 105 62 113,32,115 109 70 36 113,19,22,13,1,0,5,20,var_0 counter_var_1 +,35,counter_var_0 var_1 +
6330,115 52 91 33 113,45,115 39 96 6 113,23,10,22,4,2,6,27,var_0 counter_var_1 +,32,counter_var_0 var_1 +
6331,115 105 105 62 113,31,115 28 31 109 113,18,28,13,8,0,16,26,var_0 counter_var_1 +,41,counter_var_0 var_1 +
6332,115 13 36 106 113,26,115 27 43 110 113,13,27,13,20,13,17,33,var_0 counter_var_1 +,40,counter_var_0 var_1 +
6333,115 14 112 103 113,34,115 64 74 13 113,14,6,20,5,10,13,19,var_0 counter_var_1 +,26,counter_var_0 var_1 +
6334,115 101 33 50 113,24,115 66 69 99 113,14,8,10,0,19,6,14,var_0 counter_var_1 +,18,counter_var_0 var_1 +
6335,115 86 13 91 113,41,115 95 24 5 113,28,8,13,1,29,5,29,var_0 counter_var_1 +,21,counter_var_0 var_1 +
6336,115 86 33 50 113,38,115 67 75 82 113,28,9,10,6,19,20,34,var_0 counter_var_1 +,19,counter_var_0 var_1 +
6337,115 23 5 47 113,28,115 110 22 75 113,23,23,5,22,16,13,45,var_0 counter_var_1 +,28,counter_var_0 var_1 +
6338,115 78 35 9 113,32,115 39 2 63 113,20,10,12,2,9,1,22,var_0 counter_var_1 +,22,counter_var_0 var_1 +
6339,115 11 63 43 113,28,115 108 52 95 113,11,21,17,6,12,2,17,var_0 counter_var_1 +,38,counter_var_0 var_1 +
6340,115 96 12 21 113,21,115 73 56 59 113,9,15,12,10,21,28,19,var_0 counter_var_1 +,27,counter_var_0 var_1 +
6341,115 4 55 48 113,13,115 3 63 43 113,4,3,9,17,17,12,21,var_0 counter_var_1 +,12,counter_var_0 var_1 +
6342,115 14 36 106 113,27,115 24 102 16 113,14,24,13,10,13,16,24,var_0 counter_var_1 +,37,counter_var_0 var_1 +
6343,115 109 80 31 113,33,115 40 108 58 113,22,11,11,16,0,27,38,var_0 counter_var_1 +,22,counter_var_0 var_1 +
6344,115 77 7 10 113,26,115 82 102 16 113,19,24,7,10,10,16,29,var_0 counter_var_1 +,31,counter_var_0 var_1 +
6345,115 73 49 72 113,18,115 0 34 27 113,15,0,3,11,10,27,26,var_0 counter_var_1 +,3,counter_var_0 var_1 +
6346,115 17 22 75 113,39,115 14 97 81 113,17,14,22,5,13,19,22,var_0 counter_var_1 +,36,counter_var_0 var_1 +
6347,115 95 63 43 113,25,115 7 75 82 113,8,7,17,6,12,20,14,var_0 counter_var_1 +,24,counter_var_0 var_1 +
6348,115 82 16 94 113,40,115 0 39 14 113,24,0,16,16,1,14,40,var_0 counter_var_1 +,16,counter_var_0 var_1 +
6349,115 28 90 90 113,49,115 89 87 69 113,28,2,21,18,28,7,46,var_0 counter_var_1 +,23,counter_var_0 var_1 +
6350,115 5 88 66 113,24,115 16 56 59 113,5,16,19,10,4,28,15,var_0 counter_var_1 +,35,counter_var_0 var_1 +
6351,115 102 102 16 113,25,115 100 90 90 113,15,13,10,21,16,28,36,var_0 counter_var_1 +,23,counter_var_0 var_1 +
6352,115 49 104 84 113,32,115 49 41 22 113,20,20,12,18,22,22,38,var_0 counter_var_1 +,32,counter_var_0 var_1 +
6353,115 50 31 109 113,29,115 102 36 106 113,21,15,8,13,16,13,34,var_0 counter_var_1 +,23,counter_var_0 var_1 +
6354,115 23 79 57 113,33,115 15 9 87 113,23,15,10,9,26,25,32,var_0 counter_var_1 +,25,counter_var_0 var_1 +
6355,115 68 42 55 113,29,115 89 78 65 113,10,2,19,9,24,3,19,var_0 counter_var_1 +,21,counter_var_0 var_1 +
6356,115 46 91 33 113,39,115 20 111 12 113,17,20,22,19,2,12,36,var_0 counter_var_1 +,42,counter_var_0 var_1 +
6357,115 73 38 20 113,30,115 76 26 112 113,15,18,15,3,20,19,18,var_0 counter_var_1 +,33,counter_var_0 var_1 +
6358,115 74 36 106 113,29,115 60 108 58 113,16,2,13,16,13,27,32,var_0 counter_var_1 +,15,counter_var_0 var_1 +
6359,115 108 7 10 113,28,115 62 111 12 113,21,4,7,19,10,12,40,var_0 counter_var_1 +,11,counter_var_0 var_1 +
6360,115 23 82 67 113,36,115 71 0 101 113,23,13,13,0,5,8,23,var_0 counter_var_1 +,26,counter_var_0 var_1 +
6361,115 52 17 108 113,40,115 67 76 93 113,23,9,17,7,15,0,30,var_0 counter_var_1 +,26,counter_var_0 var_1 +
6362,115 12 32 64 113,21,115 42 26 112 113,12,13,9,3,2,19,15,var_0 counter_var_1 +,22,counter_var_0 var_1 +
6363,115 26 10 68 113,36,115 61 99 85 113,26,3,10,7,6,23,33,var_0 counter_var_1 +,13,counter_var_0 var_1 +
6364,115 2 29 25 113,8,115 90 29 25 113,2,3,6,6,25,25,8,var_0 counter_var_1 +,9,counter_var_0 var_1 +
6365,115 109 15 53 113,37,115 28 71 74 113,22,28,15,2,22,12,24,var_0 counter_var_1 +,43,counter_var_0 var_1 +
6366,115 25 23 4 113,25,115 40 102 16 113,25,11,0,10,4,16,35,var_0 counter_var_1 +,11,counter_var_0 var_1 +
6367,115 18 32 64 113,27,115 98 97 81 113,18,11,9,5,2,19,23,var_0 counter_var_1 +,20,counter_var_0 var_1 +
6368,115 50 17 108 113,38,115 49 26 112 113,21,20,17,3,15,19,24,var_0 counter_var_1 +,37,counter_var_0 var_1 +
6369,115 7 108 58 113,23,115 34 25 111 113,7,5,16,2,27,18,9,var_0 counter_var_1 +,21,counter_var_0 var_1 +
6370,115 95 26 112 113,11,115 22 22 75 113,8,22,3,22,19,13,30,var_0 counter_var_1 +,25,counter_var_0 var_1 +
6371,115 96 29 25 113,15,115 36 4 52 113,9,7,6,4,25,21,13,var_0 counter_var_1 +,13,counter_var_0 var_1 +
6372,115 20 44 107 113,41,115 21 75 82 113,20,21,21,6,14,20,26,var_0 counter_var_1 +,42,counter_var_0 var_1 +
6373,115 52 110 61 113,41,115 46 66 102 113,23,17,18,20,30,9,43,var_0 counter_var_1 +,35,counter_var_0 var_1 +
6374,115 27 95 29 113,30,115 45 20 8 113,27,16,3,20,29,8,47,var_0 counter_var_1 +,19,counter_var_0 var_1 +
6375,115 48 64 19 113,37,115 50 105 62 113,19,21,18,13,19,0,32,var_0 counter_var_1 +,39,counter_var_0 var_1 +
6376,115 82 3 15 113,27,115 107 105 62 113,24,20,3,13,15,0,37,var_0 counter_var_1 +,23,counter_var_0 var_1 +
6377,115 80 11 30 113,33,115 1 24 5 113,22,1,11,1,30,5,23,var_0 counter_var_1 +,12,counter_var_0 var_1 +
6378,115 94 78 65 113,16,115 71 98 78 113,7,13,9,6,3,16,13,var_0 counter_var_1 +,22,counter_var_0 var_1 +
6379,115 110 65 17 113,42,115 21 9 87 113,23,21,19,9,17,25,32,var_0 counter_var_1 +,40,counter_var_0 var_1 +
6380,115 94 96 6 113,11,115 88 13 91 113,7,1,4,13,6,29,20,var_0 counter_var_1 +,5,counter_var_0 var_1 +
6381,115 2 82 67 113,15,115 14 46 80 113,2,14,13,0,5,18,2,var_0 counter_var_1 +,27,counter_var_0 var_1 +
6382,115 41 102 16 113,22,115 56 105 62 113,12,27,10,13,16,0,25,var_0 counter_var_1 +,37,counter_var_0 var_1 +
6383,115 104 0 101 113,17,115 17 104 84 113,17,17,0,12,8,22,29,var_0 counter_var_1 +,17,counter_var_0 var_1 +
6384,115 84 93 37 113,27,115 43 1 40 113,26,14,1,1,6,9,27,var_0 counter_var_1 +,15,counter_var_0 var_1 +
6385,115 107 60 44 113,34,115 55 96 6 113,20,26,14,4,13,6,24,var_0 counter_var_1 +,40,counter_var_0 var_1 +
6386,115 102 5 47 113,20,115 56 95 29 113,15,27,5,3,16,29,18,var_0 counter_var_1 +,32,counter_var_0 var_1 +
6387,115 3 59 23 113,16,115 82 65 17 113,3,24,13,19,23,17,22,var_0 counter_var_1 +,37,counter_var_0 var_1 +
6388,115 72 61 18 113,29,115 12 74 13 113,14,12,15,5,18,13,19,var_0 counter_var_1 +,27,counter_var_0 var_1 +
6389,115 67 29 25 113,15,115 16 70 36 113,9,16,6,1,25,5,10,var_0 counter_var_1 +,22,counter_var_0 var_1 +
6390,115 110 110 61 113,41,115 50 42 55 113,23,21,18,19,30,24,42,var_0 counter_var_1 +,39,counter_var_0 var_1 +
6391,115 27 50 77 113,31,115 13 79 57 113,27,13,4,10,15,26,37,var_0 counter_var_1 +,17,counter_var_0 var_1 +
6392,115 0 28 7 113,5,115 37 109 79 113,0,8,5,17,7,17,17,var_0 counter_var_1 +,13,counter_var_0 var_1 +
6393,115 100 111 12 113,32,115 64 64 19 113,13,6,19,18,12,19,31,var_0 counter_var_1 +,25,counter_var_0 var_1 +
6394,115 99 91 33 113,34,115 97 6 56 113,12,10,22,6,2,25,18,var_0 counter_var_1 +,32,counter_var_0 var_1 +
6395,115 12 94 39 113,14,115 82 69 99 113,12,24,2,0,8,6,12,var_0 counter_var_1 +,26,counter_var_0 var_1 +
6396,115 83 98 78 113,31,115 87 12 21 113,25,0,6,12,16,21,37,var_0 counter_var_1 +,6,counter_var_0 var_1 +
6397,115 104 12 21 113,29,115 93 22 75 113,17,6,12,22,21,13,39,var_0 counter_var_1 +,18,counter_var_0 var_1 +
6398,115 46 15 53 113,32,115 76 7 10 113,17,18,15,7,22,10,24,var_0 counter_var_1 +,33,counter_var_0 var_1 +
6399,115 63 87 69 113,23,115 91 54 83 113,5,4,18,8,7,21,13,var_0 counter_var_1 +,22,counter_var_0 var_1 +
6400,115 65 47 34 113,8,115 27 63 43 113,7,27,1,17,3,12,24,var_0 counter_var_1 +,28,counter_var_0 var_1 +
6401,115 86 101 104 113,37,115 73 2 63 113,28,15,9,2,11,1,30,var_0 counter_var_1 +,24,counter_var_0 var_1 +
6402,115 95 31 109 113,16,115 37 63 43 113,8,8,8,17,16,12,25,var_0 counter_var_1 +,16,counter_var_0 var_1 +
6403,115 45 6 56 113,22,115 84 15 53 113,16,26,6,15,25,22,31,var_0 counter_var_1 +,32,counter_var_0 var_1 +
6404,115 86 57 1 113,39,115 9 28 7 113,28,9,11,5,1,7,33,var_0 counter_var_1 +,20,counter_var_0 var_1 +
6405,115 89 97 81 113,7,115 17 15 53 113,2,17,5,15,19,22,17,var_0 counter_var_1 +,22,counter_var_0 var_1 +
6406,115 108 103 49 113,32,115 2 10 68 113,21,2,11,10,18,6,31,var_0 counter_var_1 +,13,counter_var_0 var_1 +
6407,115 80 39 14 113,38,115 26 102 16 113,22,26,16,10,14,16,32,var_0 counter_var_1 +,42,counter_var_0 var_1 +
6408,115 98 36 106 113,24,115 62 105 62 113,11,4,13,13,13,0,24,var_0 counter_var_1 +,17,counter_var_0 var_1 +
6409,115 91 79 57 113,14,115 74 73 96 113,4,16,10,4,26,3,8,var_0 counter_var_1 +,26,counter_var_0 var_1 +
6410,115 0 69 99 113,0,115 11 68 100 113,0,11,0,22,6,7,22,var_0 counter_var_1 +,11,counter_var_0 var_1 +
6411,115 96 50 77 113,13,115 12 100 0 113,9,12,4,8,15,0,17,var_0 counter_var_1 +,16,counter_var_0 var_1 +
6412,115 74 61 18 113,31,115 10 107 60 113,16,10,15,15,18,29,31,var_0 counter_var_1 +,25,counter_var_0 var_1 +
6413,115 89 24 5 113,3,115 30 12 21 113,2,1,1,12,5,21,14,var_0 counter_var_1 +,2,counter_var_0 var_1 +
6414,115 79 54 83 113,29,115 57 49 72 113,21,28,8,3,21,10,24,var_0 counter_var_1 +,36,counter_var_0 var_1 +
6415,115 14 88 66 113,33,115 28 96 6 113,14,28,19,4,4,6,18,var_0 counter_var_1 +,47,counter_var_0 var_1 +
6416,115 30 39 14 113,17,115 79 65 17 113,1,21,16,19,14,17,20,var_0 counter_var_1 +,37,counter_var_0 var_1 +
6417,115 22 31 109 113,30,115 69 81 54 113,22,11,8,12,16,23,34,var_0 counter_var_1 +,19,counter_var_0 var_1 +
6418,115 65 71 74 113,9,115 49 64 19 113,7,20,2,18,12,19,25,var_0 counter_var_1 +,22,counter_var_0 var_1 +
6419,115 12 16 94 113,28,115 41 108 58 113,12,12,16,16,1,27,28,var_0 counter_var_1 +,28,counter_var_0 var_1 +
6420,115 21 88 66 113,40,115 15 79 57 113,21,15,19,10,4,26,31,var_0 counter_var_1 +,34,counter_var_0 var_1 +
6421,115 86 0 101 113,28,115 103 9 87 113,28,16,0,9,8,25,37,var_0 counter_var_1 +,16,counter_var_0 var_1 +
6422,115 86 43 110 113,48,115 99 2 63 113,28,12,20,2,17,1,30,var_0 counter_var_1 +,32,counter_var_0 var_1 +
6423,115 81 80 31 113,34,115 48 33 50 113,23,19,11,10,0,19,33,var_0 counter_var_1 +,30,counter_var_0 var_1 +
6424,115 14 68 100 113,36,115 106 25 111 113,14,19,22,2,7,18,16,var_0 counter_var_1 +,41,counter_var_0 var_1 +
6425,115 87 74 13 113,5,115 111 112 103 113,0,24,5,20,13,10,20,var_0 counter_var_1 +,29,counter_var_0 var_1 +
6426,115 17 107 60 113,32,115 2 99 85 113,17,2,15,7,29,23,24,var_0 counter_var_1 +,17,counter_var_0 var_1 +
6427,115 12 33 50 113,22,115 21 48 89 113,12,21,10,2,19,27,14,var_0 counter_var_1 +,31,counter_var_0 var_1 +
6428,115 27 58 98 113,39,115 32 59 23 113,27,3,12,13,5,23,40,var_0 counter_var_1 +,15,counter_var_0 var_1 +
6429,115 94 55 48 113,16,115 59 38 20 113,7,1,9,15,17,20,22,var_0 counter_var_1 +,10,counter_var_0 var_1 +
6430,115 99 68 100 113,34,115 79 98 78 113,12,21,22,6,7,16,18,var_0 counter_var_1 +,43,counter_var_0 var_1 +
6431,115 28 94 39 113,30,115 23 71 74 113,28,23,2,2,8,12,30,var_0 counter_var_1 +,25,counter_var_0 var_1 +
6432,115 4 28 7 113,9,115 95 54 83 113,4,8,5,8,7,21,12,var_0 counter_var_1 +,13,counter_var_0 var_1 +
6433,115 67 91 33 113,31,115 76 49 72 113,9,18,22,3,2,10,12,var_0 counter_var_1 +,40,counter_var_0 var_1 +
6434,115 112 2 63 113,27,115 21 55 48 113,25,21,2,9,1,17,34,var_0 counter_var_1 +,23,counter_var_0 var_1 +
6435,115 69 81 54 113,23,115 23 12 21 113,11,23,12,12,23,21,23,var_0 counter_var_1 +,35,counter_var_0 var_1 +
6436,115 46 52 95 113,23,115 34 41 22 113,17,5,6,18,2,22,35,var_0 counter_var_1 +,11,counter_var_0 var_1 +
6437,115 2 38 20 113,17,115 31 86 45 113,2,2,15,17,20,14,19,var_0 counter_var_1 +,17,counter_var_0 var_1 +
6438,115 52 24 5 113,24,115 96 72 71 113,23,9,1,3,5,9,26,var_0 counter_var_1 +,10,counter_var_0 var_1 +
6439,115 104 97 81 113,22,115 41 48 89 113,17,12,5,2,19,27,19,var_0 counter_var_1 +,17,counter_var_0 var_1 +
6440,115 28 29 25 113,34,115 67 39 14 113,28,9,6,16,25,14,44,var_0 counter_var_1 +,15,counter_var_0 var_1 +
6441,115 101 3 15 113,17,115 108 101 104 113,14,21,3,9,15,11,23,var_0 counter_var_1 +,24,counter_var_0 var_1 +
6442,115 81 33 50 113,33,115 15 27 88 113,23,15,10,4,19,26,27,var_0 counter_var_1 +,25,counter_var_0 var_1 +
6443,115 75 101 104 113,26,115 46 50 77 113,17,17,9,4,11,15,21,var_0 counter_var_1 +,26,counter_var_0 var_1 +
6444,115 27 11 30 113,38,115 64 59 23 113,27,6,11,13,30,23,40,var_0 counter_var_1 +,17,counter_var_0 var_1 +
6445,115 46 5 47 113,22,115 70 23 4 113,17,12,5,0,16,4,17,var_0 counter_var_1 +,17,counter_var_0 var_1 +
6446,115 78 85 3 113,36,115 57 67 46 113,20,28,16,21,3,15,41,var_0 counter_var_1 +,44,counter_var_0 var_1 +
6447,115 12 59 23 113,25,115 21 108 58 113,12,21,13,16,23,27,28,var_0 counter_var_1 +,34,counter_var_0 var_1 +
6448,115 25 87 69 113,43,115 29 37 42 113,25,0,18,14,7,11,39,var_0 counter_var_1 +,18,counter_var_0 var_1 +
6449,115 64 40 11 113,23,115 16 110 61 113,6,16,17,18,11,30,24,var_0 counter_var_1 +,33,counter_var_0 var_1 +
6450,115 33 108 58 113,20,115 17 70 36 113,4,17,16,1,27,5,5,var_0 counter_var_1 +,33,counter_var_0 var_1 +
6451,115 97 8 26 113,18,115 0 83 38 113,10,0,8,14,26,7,24,var_0 counter_var_1 +,8,counter_var_0 var_1 +
6452,115 28 11 30 113,39,115 80 81 54 113,28,22,11,12,30,23,40,var_0 counter_var_1 +,33,counter_var_0 var_1 +
6453,115 42 42 55 113,32,115 64 60 44 113,13,6,19,14,24,13,27,var_0 counter_var_1 +,25,counter_var_0 var_1 +
6454,115 52 69 99 113,23,115 87 85 3 113,23,0,0,16,6,3,39,var_0 counter_var_1 +,0,counter_var_0 var_1 +
6455,115 4 8 26 113,12,115 108 0 101 113,4,21,8,0,26,8,4,var_0 counter_var_1 +,29,counter_var_0 var_1 +
6456,115 57 100 0 113,36,115 35 64 19 113,28,6,8,18,0,19,46,var_0 counter_var_1 +,14,counter_var_0 var_1 +
6457,115 108 15 53 113,36,115 73 81 54 113,21,15,15,12,22,23,33,var_0 counter_var_1 +,30,counter_var_0 var_1 +
6458,115 53 56 59 113,34,115 60 56 59 113,24,2,10,10,28,28,34,var_0 counter_var_1 +,12,counter_var_0 var_1 +
6459,115 4 99 85 113,11,115 3 67 46 113,4,3,7,21,23,15,25,var_0 counter_var_1 +,10,counter_var_0 var_1 +
6460,115 39 91 33 113,32,115 107 75 82 113,10,20,22,6,2,20,16,var_0 counter_var_1 +,42,counter_var_0 var_1 +
6461,115 35 28 7 113,11,115 63 53 51 113,6,5,5,7,7,20,13,var_0 counter_var_1 +,10,counter_var_0 var_1 +
6462,115 29 109 79 113,17,115 42 31 109 113,0,13,17,8,17,16,8,var_0 counter_var_1 +,30,counter_var_0 var_1 +
6463,115 25 1 40 113,26,115 78 26 112 113,25,20,1,3,9,19,28,var_0 counter_var_1 +,21,counter_var_0 var_1 +
6464,115 96 97 81 113,14,115 18 111 12 113,9,18,5,19,19,12,28,var_0 counter_var_1 +,23,counter_var_0 var_1 +
6465,115 104 24 5 113,18,115 109 102 16 113,17,22,1,10,5,16,27,var_0 counter_var_1 +,23,counter_var_0 var_1 +
6466,115 13 95 29 113,16,115 68 29 25 113,13,10,3,6,29,25,19,var_0 counter_var_1 +,13,counter_var_0 var_1 +
6467,115 87 2 63 113,2,115 60 66 102 113,0,2,2,20,1,9,20,var_0 counter_var_1 +,4,counter_var_0 var_1 +
6468,115 43 93 37 113,15,115 26 3 15 113,14,26,1,3,6,15,17,var_0 counter_var_1 +,27,counter_var_0 var_1 +
6469,115 102 22 75 113,37,115 59 112 103 113,15,1,22,20,13,10,35,var_0 counter_var_1 +,23,counter_var_0 var_1 +
6470,115 92 84 32 113,20,115 12 18 73 113,5,12,15,18,1,11,23,var_0 counter_var_1 +,27,counter_var_0 var_1 +
6471,115 51 72 71 113,25,115 109 23 4 113,22,22,3,0,9,4,22,var_0 counter_var_1 +,25,counter_var_0 var_1 +
6472,115 102 53 51 113,22,115 13 38 20 113,15,13,7,15,20,20,30,var_0 counter_var_1 +,20,counter_var_0 var_1 +
6473,115 59 71 74 113,3,115 51 1 40 113,1,22,2,1,12,9,2,var_0 counter_var_1 +,24,counter_var_0 var_1 +
6474,115 22 89 28 113,42,115 19 66 102 113,22,19,20,20,28,9,42,var_0 counter_var_1 +,39,counter_var_0 var_1 +
6475,115 105 86 45 113,35,115 52 34 27 113,18,23,17,11,14,27,29,var_0 counter_var_1 +,40,counter_var_0 var_1 +
6476,115 110 41 22 113,41,115 71 13 91 113,23,13,18,13,22,29,36,var_0 counter_var_1 +,31,counter_var_0 var_1 +
6477,115 24 77 105 113,32,115 102 27 88 113,24,15,8,4,12,26,28,var_0 counter_var_1 +,23,counter_var_0 var_1 +
6478,115 60 68 100 113,24,115 27 66 102 113,2,27,22,20,7,9,22,var_0 counter_var_1 +,49,counter_var_0 var_1 +
6479,115 37 25 111 113,10,115 39 10 68 113,8,10,2,10,18,6,18,var_0 counter_var_1 +,12,counter_var_0 var_1 +
6480,115 5 72 71 113,8,115 2 14 24 113,5,2,3,14,9,24,19,var_0 counter_var_1 +,5,counter_var_0 var_1 +
6481,115 18 17 108 113,35,115 65 86 45 113,18,7,17,17,15,14,35,var_0 counter_var_1 +,24,counter_var_0 var_1 +
6482,115 6 98 78 113,12,115 77 21 92 113,6,19,6,21,16,30,27,var_0 counter_var_1 +,25,counter_var_0 var_1 +
6483,115 61 40 11 113,20,115 64 37 42 113,3,6,17,14,11,11,17,var_0 counter_var_1 +,23,counter_var_0 var_1 +
6484,115 65 52 95 113,13,115 98 73 96 113,7,11,6,4,2,3,11,var_0 counter_var_1 +,17,counter_var_0 var_1 +
6485,115 11 57 1 113,22,115 72 90 90 113,11,14,11,21,1,28,32,var_0 counter_var_1 +,25,counter_var_0 var_1 +
6486,115 26 3 15 113,29,115 46 44 107 113,26,17,3,21,15,14,47,var_0 counter_var_1 +,20,counter_var_0 var_1 +
6487,115 63 32 64 113,14,115 23 41 22 113,5,23,9,18,2,22,23,var_0 counter_var_1 +,32,counter_var_0 var_1 +
6488,115 77 82 67 113,32,115 34 67 46 113,19,5,13,21,5,15,40,var_0 counter_var_1 +,18,counter_var_0 var_1 +
6489,115 71 76 93 113,20,115 19 10 68 113,13,19,7,10,0,6,23,var_0 counter_var_1 +,26,counter_var_0 var_1 +
6490,115 34 52 95 113,11,115 9 17 108 113,5,9,6,17,2,15,22,var_0 counter_var_1 +,15,counter_var_0 var_1 +
6491,115 81 78 65 113,32,115 98 84 32 113,23,11,9,15,3,1,38,var_0 counter_var_1 +,20,counter_var_0 var_1 +
6492,115 16 29 25 113,22,115 53 54 83 113,16,24,6,8,25,21,24,var_0 counter_var_1 +,30,counter_var_0 var_1 +
6493,115 13 15 53 113,28,115 86 27 88 113,13,28,15,4,22,26,17,var_0 counter_var_1 +,43,counter_var_0 var_1 +
6494,115 35 83 38 113,20,115 80 12 21 113,6,22,14,12,7,21,18,var_0 counter_var_1 +,36,counter_var_0 var_1 +
6495,115 30 44 107 113,22,115 73 61 18 113,1,15,21,15,14,18,16,var_0 counter_var_1 +,36,counter_var_0 var_1 +
6496,115 109 105 62 113,35,115 80 98 78 113,22,22,13,6,0,16,28,var_0 counter_var_1 +,35,counter_var_0 var_1 +
6497,115 68 90 90 113,31,115 82 0 101 113,10,24,21,0,28,8,10,var_0 counter_var_1 +,45,counter_var_0 var_1 +
6498,115 35 42 55 113,25,115 1 15 53 113,6,1,19,15,24,22,21,var_0 counter_var_1 +,20,counter_var_0 var_1 +
6499,115 87 61 18 113,15,115 102 112 103 113,0,15,15,20,18,10,20,var_0 counter_var_1 +,30,counter_var_0 var_1 +
6500,115 37 75 82 113,14,115 65 68 100 113,8,7,6,22,20,7,30,var_0 counter_var_1 +,13,counter_var_0 var_1 +
6501,115 102 78 65 113,24,115 84 6 56 113,15,26,9,6,3,25,21,var_0 counter_var_1 +,35,counter_var_0 var_1 +
6502,115 54 76 93 113,32,115 18 64 19 113,25,18,7,18,0,19,43,var_0 counter_var_1 +,25,counter_var_0 var_1 +
6503,115 17 40 11 113,34,115 62 75 82 113,17,4,17,6,11,20,23,var_0 counter_var_1 +,21,counter_var_0 var_1 +
6504,115 70 60 44 113,26,115 103 92 2 113,12,16,14,0,13,2,12,var_0 counter_var_1 +,30,counter_var_0 var_1 +
6505,115 30 100 0 113,9,115 81 72 71 113,1,23,8,3,0,9,4,var_0 counter_var_1 +,31,counter_var_0 var_1 +
6506,115 104 54 83 113,25,115 99 41 22 113,17,12,8,18,21,22,35,var_0 counter_var_1 +,20,counter_var_0 var_1 +
6507,115 98 87 69 113,29,115 71 91 33 113,11,13,18,22,7,2,33,var_0 counter_var_1 +,31,counter_var_0 var_1 +
6508,115 60 35 9 113,14,115 30 61 18 113,2,1,12,15,9,18,17,var_0 counter_var_1 +,13,counter_var_0 var_1 +
6509,115 20 12 21 113,32,115 38 97 81 113,20,9,12,5,21,19,25,var_0 counter_var_1 +,21,counter_var_0 var_1 +
6510,115 67 43 110 113,29,115 32 22 75 113,9,3,20,22,17,13,31,var_0 counter_var_1 +,23,counter_var_0 var_1 +
6511,115 21 55 48 113,30,115 31 93 37 113,21,2,9,1,17,6,22,var_0 counter_var_1 +,11,counter_var_0 var_1 +
6512,115 96 17 108 113,26,115 105 75 82 113,9,18,17,6,15,20,15,var_0 counter_var_1 +,35,counter_var_0 var_1 +
6513,115 3 4 52 113,7,115 13 76 93 113,3,13,4,7,21,0,10,var_0 counter_var_1 +,17,counter_var_0 var_1 +
6514,115 63 99 85 113,12,115 81 56 59 113,5,23,7,10,23,28,15,var_0 counter_var_1 +,30,counter_var_0 var_1 +
6515,115 13 83 38 113,27,115 101 19 86 113,13,14,14,19,7,24,32,var_0 counter_var_1 +,28,counter_var_0 var_1 +
6516,115 35 112 103 113,26,115 80 31 109 113,6,22,20,8,10,16,14,var_0 counter_var_1 +,42,counter_var_0 var_1 +
6517,115 15 79 57 113,25,115 68 7 10 113,15,10,10,7,26,10,22,var_0 counter_var_1 +,20,counter_var_0 var_1 +
6518,115 8 55 48 113,17,115 74 55 48 113,8,16,9,9,17,17,17,var_0 counter_var_1 +,25,counter_var_0 var_1 +
6519,115 55 19 86 113,45,115 17 75 82 113,26,17,19,6,24,20,32,var_0 counter_var_1 +,36,counter_var_0 var_1 +
6520,115 55 16 94 113,42,115 74 71 74 113,26,16,16,2,1,12,28,var_0 counter_var_1 +,32,counter_var_0 var_1 +
6521,115 49 105 62 113,33,115 68 111 12 113,20,10,13,19,0,12,39,var_0 counter_var_1 +,23,counter_var_0 var_1 +
6522,115 5 51 97 113,10,115 96 66 102 113,5,9,5,20,4,9,25,var_0 counter_var_1 +,14,counter_var_0 var_1 +
6523,115 106 43 110 113,39,115 36 3 15 113,19,7,20,3,17,15,22,var_0 counter_var_1 +,27,counter_var_0 var_1 +
6524,115 50 55 48 113,30,115 86 63 43 113,21,28,9,17,17,12,38,var_0 counter_var_1 +,37,counter_var_0 var_1 +
6525,115 83 46 80 113,25,115 57 52 95 113,25,28,0,6,18,2,31,var_0 counter_var_1 +,28,counter_var_0 var_1 +
6526,115 107 3 15 113,23,115 60 35 9 113,20,2,3,12,15,9,32,var_0 counter_var_1 +,5,counter_var_0 var_1 +
6527,115 83 48 89 113,27,115 78 55 48 113,25,20,2,9,27,17,34,var_0 counter_var_1 +,22,counter_var_0 var_1 +
6528,115 106 23 4 113,19,115 72 74 13 113,19,14,0,5,4,13,24,var_0 counter_var_1 +,14,counter_var_0 var_1 +
6529,115 10 36 106 113,23,115 72 44 107 113,10,14,13,21,13,14,31,var_0 counter_var_1 +,27,counter_var_0 var_1 +
6530,115 108 57 1 113,32,115 1 54 83 113,21,1,11,8,1,21,29,var_0 counter_var_1 +,12,counter_var_0 var_1 +
6531,115 39 41 22 113,28,115 44 49 72 113,10,15,18,3,22,10,13,var_0 counter_var_1 +,33,counter_var_0 var_1 +
6532,115 50 51 97 113,26,115 55 95 29 113,21,26,5,3,4,29,24,var_0 counter_var_1 +,31,counter_var_0 var_1 +
6533,115 53 109 79 113,41,115 1 44 107 113,24,1,17,21,17,14,45,var_0 counter_var_1 +,18,counter_var_0 var_1 +
6534,115 22 44 107 113,43,115 13 41 22 113,22,13,21,18,14,22,40,var_0 counter_var_1 +,34,counter_var_0 var_1 +
6535,115 110 99 85 113,30,115 108 93 37 113,23,21,7,1,23,6,24,var_0 counter_var_1 +,28,counter_var_0 var_1 +
6536,115 94 52 95 113,13,115 8 32 64 113,7,8,6,9,2,2,16,var_0 counter_var_1 +,14,counter_var_0 var_1 +
6537,115 93 54 83 113,14,115 89 57 1 113,6,2,8,11,21,1,17,var_0 counter_var_1 +,10,counter_var_0 var_1 +
6538,115 35 96 6 113,10,115 41 56 59 113,6,12,4,10,6,28,16,var_0 counter_var_1 +,16,counter_var_0 var_1 +
6539,115 19 49 72 113,22,115 78 81 54 113,19,20,3,12,10,23,31,var_0 counter_var_1 +,23,counter_var_0 var_1 +
6540,115 42 70 36 113,14,115 62 12 21 113,13,4,1,12,5,21,25,var_0 counter_var_1 +,5,counter_var_0 var_1 +
6541,115 24 84 32 113,39,115 69 109 79 113,24,11,15,17,1,17,41,var_0 counter_var_1 +,26,counter_var_0 var_1 +
6542,115 5 43 110 113,25,115 22 96 6 113,5,22,20,4,17,6,9,var_0 counter_var_1 +,42,counter_var_0 var_1 +
6543,115 11 78 65 113,20,115 9 50 77 113,11,9,9,4,3,15,15,var_0 counter_var_1 +,18,counter_var_0 var_1 +
6544,115 76 51 97 113,23,115 17 4 52 113,18,17,5,4,4,21,22,var_0 counter_var_1 +,22,counter_var_0 var_1 +
6545,115 21 82 67 113,34,115 1 8 26 113,21,1,13,8,5,26,29,var_0 counter_var_1 +,14,counter_var_0 var_1 +
6546,115 42 20 8 113,33,115 111 10 68 113,13,24,20,10,8,6,23,var_0 counter_var_1 +,44,counter_var_0 var_1 +
6547,115 52 64 19 113,41,115 16 98 78 113,23,16,18,6,19,16,29,var_0 counter_var_1 +,34,counter_var_0 var_1 +
6548,115 109 103 49 113,33,115 84 103 49 113,22,26,11,11,18,18,33,var_0 counter_var_1 +,37,counter_var_0 var_1 +
6549,115 94 3 15 113,10,115 70 79 57 113,7,12,3,10,15,26,17,var_0 counter_var_1 +,15,counter_var_0 var_1 +
6550,115 112 6 56 113,31,115 17 31 109 113,25,17,6,8,25,16,33,var_0 counter_var_1 +,23,counter_var_0 var_1 +
6551,115 88 46 80 113,1,115 40 12 21 113,1,11,0,12,18,21,13,var_0 counter_var_1 +,11,counter_var_0 var_1 +
6552,115 43 96 6 113,18,115 32 54 83 113,14,3,4,8,6,21,22,var_0 counter_var_1 +,7,counter_var_0 var_1 +
6553,115 105 107 60 113,33,115 24 41 22 113,18,24,15,18,29,22,36,var_0 counter_var_1 +,39,counter_var_0 var_1 +
6554,115 12 67 46 113,33,115 45 71 74 113,12,16,21,2,15,12,14,var_0 counter_var_1 +,37,counter_var_0 var_1 +
6555,115 80 33 50 113,32,115 65 47 34 113,22,7,10,1,19,3,23,var_0 counter_var_1 +,17,counter_var_0 var_1 +
6556,115 84 22 75 113,48,115 58 45 76 113,26,0,22,22,13,14,48,var_0 counter_var_1 +,22,counter_var_0 var_1 +
6557,115 15 9 87 113,24,115 36 40 11 113,15,7,9,17,25,11,32,var_0 counter_var_1 +,16,counter_var_0 var_1 +
6558,115 97 30 70 113,17,115 16 96 6 113,10,16,7,4,8,6,14,var_0 counter_var_1 +,23,counter_var_0 var_1 +
6559,115 70 8 26 113,20,115 9 64 19 113,12,9,8,18,26,19,30,var_0 counter_var_1 +,17,counter_var_0 var_1 +
6560,115 22 37 42 113,36,115 79 112 103 113,22,21,14,20,11,10,42,var_0 counter_var_1 +,35,counter_var_0 var_1 +
6561,115 27 33 50 113,37,115 15 105 62 113,27,15,10,13,19,0,40,var_0 counter_var_1 +,25,counter_var_0 var_1 +
6562,115 11 70 36 113,12,115 77 72 71 113,11,19,1,3,5,9,14,var_0 counter_var_1 +,20,counter_var_0 var_1 +
6563,115 50 111 12 113,40,115 48 61 18 113,21,19,19,15,12,18,36,var_0 counter_var_1 +,38,counter_var_0 var_1 +
6564,115 77 62 41 113,35,115 109 2 63 113,19,22,16,2,10,1,21,var_0 counter_var_1 +,38,counter_var_0 var_1 +
6565,115 90 5 47 113,8,115 3 71 74 113,3,3,5,2,16,12,5,var_0 counter_var_1 +,8,counter_var_0 var_1 +
6566,115 67 24 5 113,10,115 105 34 27 113,9,18,1,11,5,27,20,var_0 counter_var_1 +,19,counter_var_0 var_1 +
6567,115 46 90 90 113,38,115 11 72 71 113,17,11,21,3,28,9,20,var_0 counter_var_1 +,32,counter_var_0 var_1 +
6568,115 75 94 39 113,19,115 19 77 105 113,17,19,2,8,8,12,25,var_0 counter_var_1 +,21,counter_var_0 var_1 +
6569,115 102 29 25 113,21,115 77 30 70 113,15,19,6,7,25,8,22,var_0 counter_var_1 +,25,counter_var_0 var_1 +
6570,115 3 55 48 113,12,115 65 79 57 113,3,7,9,10,17,26,13,var_0 counter_var_1 +,16,counter_var_0 var_1 +
6571,115 90 92 2 113,3,115 33 71 74 113,3,4,0,2,2,12,5,var_0 counter_var_1 +,4,counter_var_0 var_1 +
6572,115 76 79 57 113,28,115 36 71 74 113,18,7,10,2,26,12,20,var_0 counter_var_1 +,17,counter_var_0 var_1 +
6573,115 20 43 110 113,40,115 15 33 50 113,20,15,20,10,17,19,30,var_0 counter_var_1 +,35,counter_var_0 var_1 +
6574,115 52 25 111 113,25,115 68 10 68 113,23,10,2,10,18,6,33,var_0 counter_var_1 +,12,counter_var_0 var_1 +
6575,115 38 32 64 113,18,115 82 16 94 113,9,24,9,16,2,1,25,var_0 counter_var_1 +,33,counter_var_0 var_1 +
6576,115 92 71 74 113,7,115 111 43 110 113,5,24,2,20,12,17,25,var_0 counter_var_1 +,26,counter_var_0 var_1 +
6577,115 32 9 87 113,12,115 97 96 6 113,3,10,9,4,25,6,7,var_0 counter_var_1 +,19,counter_var_0 var_1 +
6578,115 42 33 50 113,23,115 22 42 55 113,13,22,10,19,19,24,32,var_0 counter_var_1 +,32,counter_var_0 var_1 +
6579,115 56 84 32 113,42,115 24 23 4 113,27,24,15,0,1,4,27,var_0 counter_var_1 +,39,counter_var_0 var_1 +
6580,115 56 108 58 113,43,115 47 98 78 113,27,18,16,6,27,16,33,var_0 counter_var_1 +,34,counter_var_0 var_1 +
6581,115 91 82 67 113,17,115 46 35 9 113,4,17,13,12,5,9,16,var_0 counter_var_1 +,30,counter_var_0 var_1 +
6582,115 64 100 0 113,14,115 76 109 79 113,6,18,8,17,0,17,23,var_0 counter_var_1 +,26,counter_var_0 var_1 +
6583,115 14 111 12 113,33,115 74 104 84 113,14,16,19,12,12,22,26,var_0 counter_var_1 +,35,counter_var_0 var_1 +
6584,115 47 102 16 113,28,115 95 100 0 113,18,8,10,8,16,0,26,var_0 counter_var_1 +,18,counter_var_0 var_1 +
6585,115 23 24 5 113,24,115 10 40 11 113,23,10,1,17,5,11,40,var_0 counter_var_1 +,11,counter_var_0 var_1 +
6586,115 10 25 111 113,12,115 28 44 107 113,10,28,2,21,18,14,31,var_0 counter_var_1 +,30,counter_var_0 var_1 +
6587,115 57 29 25 113,34,115 40 8 26 113,28,11,6,8,25,26,36,var_0 counter_var_1 +,17,counter_var_0 var_1 +
6588,115 27 78 65 113,36,115 105 98 78 113,27,18,9,6,3,16,33,var_0 counter_var_1 +,27,counter_var_0 var_1 +
6589,115 82 87 69 113,42,115 36 106 35 113,24,7,18,14,7,4,38,var_0 counter_var_1 +,25,counter_var_0 var_1 +
6590,115 71 109 79 113,30,115 69 71 74 113,13,11,17,2,17,12,15,var_0 counter_var_1 +,28,counter_var_0 var_1 +
6591,115 111 3 15 113,27,115 5 61 18 113,24,5,3,15,15,18,39,var_0 counter_var_1 +,8,counter_var_0 var_1 +
6592,115 35 26 112 113,9,115 74 72 71 113,6,16,3,3,19,9,9,var_0 counter_var_1 +,19,counter_var_0 var_1 +
6593,115 79 60 44 113,35,115 20 87 69 113,21,20,14,18,13,7,39,var_0 counter_var_1 +,34,counter_var_0 var_1 +
6594,115 36 54 83 113,15,115 55 75 82 113,7,26,8,6,21,20,13,var_0 counter_var_1 +,34,counter_var_0 var_1 +
6595,115 79 17 108 113,38,115 42 50 77 113,21,13,17,4,15,15,25,var_0 counter_var_1 +,30,counter_var_0 var_1 +
6596,115 36 56 59 113,17,115 5 35 9 113,7,5,10,12,28,9,19,var_0 counter_var_1 +,15,counter_var_0 var_1 +
6597,115 64 3 15 113,9,115 80 24 5 113,6,22,3,1,15,5,7,var_0 counter_var_1 +,25,counter_var_0 var_1 +
6598,115 12 76 93 113,19,115 79 74 13 113,12,21,7,5,0,13,17,var_0 counter_var_1 +,28,counter_var_0 var_1 +
6599,115 42 32 64 113,22,115 37 70 36 113,13,8,9,1,2,5,14,var_0 counter_var_1 +,17,counter_var_0 var_1 +
6600,115 33 86 45 113,21,115 28 4 52 113,4,28,17,4,14,21,8,var_0 counter_var_1 +,45,counter_var_0 var_1 +
6601,115 111 57 1 113,35,115 36 85 3 113,24,7,11,16,1,3,40,var_0 counter_var_1 +,18,counter_var_0 var_1 +
6602,115 17 7 10 113,24,115 10 109 79 113,17,10,7,17,10,17,34,var_0 counter_var_1 +,17,counter_var_0 var_1 +
6603,115 45 14 24 113,30,115 112 49 72 113,16,25,14,3,24,10,19,var_0 counter_var_1 +,39,counter_var_0 var_1 +
6604,115 102 0 101 113,15,115 40 97 81 113,15,11,0,5,8,19,20,var_0 counter_var_1 +,11,counter_var_0 var_1 +
6605,115 12 107 60 113,27,115 13 52 95 113,12,13,15,6,29,2,18,var_0 counter_var_1 +,28,counter_var_0 var_1 +
6606,115 32 102 16 113,13,115 80 102 16 113,3,22,10,10,16,16,13,var_0 counter_var_1 +,32,counter_var_0 var_1 +
6607,115 73 48 89 113,17,115 86 93 37 113,15,28,2,1,27,6,16,var_0 counter_var_1 +,30,counter_var_0 var_1 +
6608,115 4 65 17 113,23,115 40 39 14 113,4,11,19,16,17,14,20,var_0 counter_var_1 +,30,counter_var_0 var_1 +
6609,115 45 106 35 113,30,115 102 54 83 113,16,15,14,8,4,21,24,var_0 counter_var_1 +,29,counter_var_0 var_1 +
6610,115 65 86 45 113,24,115 101 104 84 113,7,14,17,12,14,22,19,var_0 counter_var_1 +,31,counter_var_0 var_1 +
6611,115 22 103 49 113,33,115 62 26 112 113,22,4,11,3,18,19,25,var_0 counter_var_1 +,15,counter_var_0 var_1 +
6612,115 71 4 52 113,17,115 76 41 22 113,13,18,4,18,21,22,31,var_0 counter_var_1 +,22,counter_var_0 var_1 +
6613,115 46 74 13 113,22,115 55 30 70 113,17,26,5,7,13,8,24,var_0 counter_var_1 +,31,counter_var_0 var_1 +
6614,115 60 78 65 113,11,115 74 68 100 113,2,16,9,22,3,7,24,var_0 counter_var_1 +,25,counter_var_0 var_1 +
6615,115 18 48 89 113,20,115 0 75 82 113,18,0,2,6,27,20,24,var_0 counter_var_1 +,2,counter_var_0 var_1 +
6616,115 50 34 27 113,32,115 12 84 32 113,21,12,11,15,27,1,36,var_0 counter_var_1 +,23,counter_var_0 var_1 +
6617,115 40 51 97 113,16,115 88 42 55 113,11,1,5,19,4,24,30,var_0 counter_var_1 +,6,counter_var_0 var_1 +
6618,115 104 107 60 113,32,115 110 14 24 113,17,23,15,14,29,24,31,var_0 counter_var_1 +,38,counter_var_0 var_1 +
6619,115 70 20 8 113,32,115 77 97 81 113,12,19,20,5,8,19,17,var_0 counter_var_1 +,39,counter_var_0 var_1 +
6620,115 44 101 104 113,24,115 5 90 90 113,15,5,9,21,11,28,36,var_0 counter_var_1 +,14,counter_var_0 var_1 +
6621,115 111 23 4 113,24,115 38 89 28 113,24,9,0,20,4,28,44,var_0 counter_var_1 +,9,counter_var_0 var_1 +
6622,115 87 82 67 113,13,115 91 6 56 113,0,4,13,6,5,25,6,var_0 counter_var_1 +,17,counter_var_0 var_1 +
6623,115 95 65 17 113,27,115 51 39 14 113,8,22,19,16,17,14,24,var_0 counter_var_1 +,41,counter_var_0 var_1 +
6624,115 35 47 34 113,7,115 82 34 27 113,6,24,1,11,3,27,17,var_0 counter_var_1 +,25,counter_var_0 var_1 +
6625,115 41 4 52 113,16,115 63 104 84 113,12,5,4,12,21,22,24,var_0 counter_var_1 +,9,counter_var_0 var_1 +
6626,115 70 33 50 113,22,115 66 32 64 113,12,8,10,9,19,2,21,var_0 counter_var_1 +,18,counter_var_0 var_1 +
6627,115 41 35 9 113,24,115 1 60 44 113,12,1,12,14,9,13,26,var_0 counter_var_1 +,13,counter_var_0 var_1 +
6628,115 93 104 84 113,18,115 0 23 4 113,6,0,12,0,22,4,6,var_0 counter_var_1 +,12,counter_var_0 var_1 +
6629,115 59 58 98 113,13,115 58 43 110 113,1,0,12,20,5,17,21,var_0 counter_var_1 +,12,counter_var_0 var_1 +
6630,115 9 105 62 113,22,115 55 80 31 113,9,26,13,11,0,0,20,var_0 counter_var_1 +,39,counter_var_0 var_1 +
6631,115 87 101 104 113,9,115 8 107 60 113,0,8,9,15,11,29,15,var_0 counter_var_1 +,17,counter_var_0 var_1 +
6632,115 51 61 18 113,37,115 34 111 12 113,22,5,15,19,18,12,41,var_0 counter_var_1 +,20,counter_var_0 var_1 +
6633,115 18 4 52 113,22,115 50 1 40 113,18,21,4,1,21,9,19,var_0 counter_var_1 +,25,counter_var_0 var_1 +
6634,115 103 41 22 113,34,115 77 86 45 113,16,19,18,17,22,14,33,var_0 counter_var_1 +,37,counter_var_0 var_1 +
6635,115 14 49 72 113,17,115 20 106 35 113,14,20,3,14,10,4,28,var_0 counter_var_1 +,23,counter_var_0 var_1 +
6636,115 62 51 97 113,9,115 17 39 14 113,4,17,5,16,4,14,20,var_0 counter_var_1 +,22,counter_var_0 var_1 +
6637,115 94 51 97 113,12,115 71 52 95 113,7,13,5,6,4,2,13,var_0 counter_var_1 +,18,counter_var_0 var_1 +
6638,115 28 61 18 113,43,115 35 28 7 113,28,6,15,5,18,7,33,var_0 counter_var_1 +,21,counter_var_0 var_1 +
6639,115 8 60 44 113,22,115 12 112 103 113,8,12,14,20,13,10,28,var_0 counter_var_1 +,26,counter_var_0 var_1 +
6640,115 107 69 99 113,20,115 83 56 59 113,20,25,0,10,6,28,30,var_0 counter_var_1 +,25,counter_var_0 var_1 +
6641,115 81 79 57 113,33,115 68 37 42 113,23,10,10,14,26,11,37,var_0 counter_var_1 +,20,counter_var_0 var_1 +
6642,115 106 84 32 113,34,115 27 27 88 113,19,27,15,4,1,26,23,var_0 counter_var_1 +,42,counter_var_0 var_1 +
6643,115 103 83 38 113,30,115 48 29 25 113,16,19,14,6,7,25,22,var_0 counter_var_1 +,33,counter_var_0 var_1 +
6644,115 40 50 77 113,15,115 77 112 103 113,11,19,4,20,15,10,31,var_0 counter_var_1 +,23,counter_var_0 var_1 +
6645,115 91 100 0 113,12,115 54 100 0 113,4,25,8,8,0,0,12,var_0 counter_var_1 +,33,counter_var_0 var_1 +
6646,115 59 46 80 113,1,115 10 85 3 113,1,10,0,16,18,3,17,var_0 counter_var_1 +,10,counter_var_0 var_1 +
6647,115 5 74 13 113,10,115 76 4 52 113,5,18,5,4,13,21,9,var_0 counter_var_1 +,23,counter_var_0 var_1 +
6648,115 45 103 49 113,27,115 54 82 67 113,16,25,11,13,18,5,29,var_0 counter_var_1 +,36,counter_var_0 var_1 +
6649,115 6 6 56 113,12,115 107 103 49 113,6,20,6,11,25,18,17,var_0 counter_var_1 +,26,counter_var_0 var_1 +
6650,115 2 96 6 113,6,115 80 33 50 113,2,22,4,10,6,19,12,var_0 counter_var_1 +,26,counter_var_0 var_1 +
6651,115 10 43 110 113,30,115 1 90 90 113,10,1,20,21,17,28,31,var_0 counter_var_1 +,21,counter_var_0 var_1 +
6652,115 55 17 108 113,43,115 63 82 67 113,26,5,17,13,15,5,39,var_0 counter_var_1 +,22,counter_var_0 var_1 +
6653,115 28 4 52 113,32,115 75 14 24 113,28,17,4,14,21,24,42,var_0 counter_var_1 +,21,counter_var_0 var_1 +
6654,115 112 63 43 113,42,115 27 48 89 113,25,27,17,2,12,27,27,var_0 counter_var_1 +,44,counter_var_0 var_1 +
6655,115 75 20 8 113,37,115 44 94 39 113,17,15,20,2,8,8,19,var_0 counter_var_1 +,35,counter_var_0 var_1 +
6656,115 50 57 1 113,32,115 7 105 62 113,21,7,11,13,1,0,34,var_0 counter_var_1 +,18,counter_var_0 var_1 +
6657,115 88 19 86 113,20,115 63 45 76 113,1,5,19,22,24,14,23,var_0 counter_var_1 +,24,counter_var_0 var_1 +
6658,115 51 90 90 113,43,115 45 13 91 113,22,16,21,13,28,29,35,var_0 counter_var_1 +,37,counter_var_0 var_1 +
6659,115 83 2 63 113,27,115 17 103 49 113,25,17,2,11,1,18,36,var_0 counter_var_1 +,19,counter_var_0 var_1 +
6660,115 112 54 83 113,33,115 74 45 76 113,25,16,8,22,21,14,47,var_0 counter_var_1 +,24,counter_var_0 var_1 +
6661,115 63 23 4 113,5,115 92 72 71 113,5,5,0,3,4,9,8,var_0 counter_var_1 +,5,counter_var_0 var_1 +
6662,115 29 85 3 113,16,115 71 34 27 113,0,13,16,11,3,27,11,var_0 counter_var_1 +,29,counter_var_0 var_1 +
6663,115 96 45 76 113,31,115 89 10 68 113,9,2,22,10,14,6,19,var_0 counter_var_1 +,24,counter_var_0 var_1 +
6664,115 109 73 96 113,26,115 79 42 55 113,22,21,4,19,3,24,41,var_0 counter_var_1 +,25,counter_var_0 var_1 +
6665,115 6 40 11 113,23,115 24 40 11 113,6,24,17,17,11,11,23,var_0 counter_var_1 +,41,counter_var_0 var_1 +
6666,115 90 34 27 113,14,115 23 27 88 113,3,23,11,4,27,26,7,var_0 counter_var_1 +,34,counter_var_0 var_1 +
6667,115 85 111 12 113,46,115 16 80 31 113,27,16,19,11,12,0,38,var_0 counter_var_1 +,35,counter_var_0 var_1 +
6668,115 4 78 65 113,13,115 53 69 99 113,4,24,9,0,3,6,4,var_0 counter_var_1 +,33,counter_var_0 var_1 +
6669,115 62 102 16 113,14,115 19 86 45 113,4,19,10,17,16,14,21,var_0 counter_var_1 +,29,counter_var_0 var_1 +
6670,115 109 72 71 113,25,115 58 93 37 113,22,0,3,1,9,6,23,var_0 counter_var_1 +,3,counter_var_0 var_1 +
6671,115 72 45 76 113,36,115 45 101 104 113,14,16,22,9,14,11,23,var_0 counter_var_1 +,38,counter_var_0 var_1 +
6672,115 36 44 107 113,28,115 73 3 15 113,7,15,21,3,14,15,10,var_0 counter_var_1 +,36,counter_var_0 var_1 +
6673,115 24 85 3 113,40,115 64 87 69 113,24,6,16,18,3,7,42,var_0 counter_var_1 +,22,counter_var_0 var_1 +
6674,115 28 110 61 113,46,115 52 92 2 113,28,23,18,0,30,2,28,var_0 counter_var_1 +,41,counter_var_0 var_1 +
6675,115 74 51 97 113,21,115 95 65 17 113,16,8,5,19,4,17,35,var_0 counter_var_1 +,13,counter_var_0 var_1 +
6676,115 96 88 66 113,28,115 21 24 5 113,9,21,19,1,4,5,10,var_0 counter_var_1 +,40,counter_var_0 var_1 +
6677,115 16 31 109 113,24,115 0 108 58 113,16,0,8,16,16,27,32,var_0 counter_var_1 +,8,counter_var_0 var_1 +
6678,115 32 19 86 113,22,115 56 83 38 113,3,27,19,14,24,7,17,var_0 counter_var_1 +,46,counter_var_0 var_1 +
6679,115 49 103 49 113,31,115 41 54 83 113,20,12,11,8,18,21,28,var_0 counter_var_1 +,23,counter_var_0 var_1 +
6680,115 93 36 106 113,19,115 84 28 7 113,6,26,13,5,13,7,11,var_0 counter_var_1 +,39,counter_var_0 var_1 +
6681,115 30 26 112 113,4,115 92 91 33 113,1,5,3,22,19,2,23,var_0 counter_var_1 +,8,counter_var_0 var_1 +
6682,115 56 109 79 113,44,115 7 88 66 113,27,7,17,19,17,4,46,var_0 counter_var_1 +,24,counter_var_0 var_1 +
6683,115 76 38 20 113,33,115 26 19 86 113,18,26,15,19,20,24,37,var_0 counter_var_1 +,41,counter_var_0 var_1 +
6684,115 80 40 11 113,39,115 107 18 73 113,22,20,17,18,11,11,40,var_0 counter_var_1 +,37,counter_var_0 var_1 +
6685,115 24 87 69 113,42,115 29 13 91 113,24,0,18,13,7,29,37,var_0 counter_var_1 +,18,counter_var_0 var_1 +
6686,115 12 73 96 113,16,115 1 21 92 113,12,1,4,21,3,30,33,var_0 counter_var_1 +,5,counter_var_0 var_1 +
6687,115 1 109 79 113,18,115 69 104 84 113,1,11,17,12,17,22,13,var_0 counter_var_1 +,28,counter_var_0 var_1 +
6688,115 5 66 102 113,25,115 23 43 110 113,5,23,20,20,9,17,25,var_0 counter_var_1 +,43,counter_var_0 var_1 +
6689,115 62 29 25 113,10,115 0 97 81 113,4,0,6,5,25,19,9,var_0 counter_var_1 +,6,counter_var_0 var_1 +
6690,115 3 89 28 113,23,115 52 79 57 113,3,23,20,10,28,26,13,var_0 counter_var_1 +,43,counter_var_0 var_1 +
6691,115 77 104 84 113,31,115 48 85 3 113,19,19,12,16,22,3,35,var_0 counter_var_1 +,31,counter_var_0 var_1 +
6692,115 23 40 11 113,40,115 51 77 105 113,23,22,17,8,11,12,31,var_0 counter_var_1 +,39,counter_var_0 var_1 +
6693,115 37 77 105 113,16,115 9 102 16 113,8,9,8,10,12,16,18,var_0 counter_var_1 +,17,counter_var_0 var_1 +
6694,115 6 38 20 113,21,115 25 111 12 113,6,25,15,19,20,12,25,var_0 counter_var_1 +,40,counter_var_0 var_1 +
6695,115 7 65 17 113,26,115 74 109 79 113,7,16,19,17,17,17,24,var_0 counter_var_1 +,35,counter_var_0 var_1 +
6696,115 12 75 82 113,18,115 64 42 55 113,12,6,6,19,20,24,31,var_0 counter_var_1 +,12,counter_var_0 var_1 +
6697,115 40 109 79 113,28,115 97 100 0 113,11,10,17,8,17,0,19,var_0 counter_var_1 +,27,counter_var_0 var_1 +
6698,115 23 57 1 113,34,115 47 110 61 113,23,18,11,18,1,30,41,var_0 counter_var_1 +,29,counter_var_0 var_1 +
6699,115 91 99 85 113,11,115 7 22 75 113,4,7,7,22,23,13,26,var_0 counter_var_1 +,14,counter_var_0 var_1 +
6700,115 65 23 4 113,7,115 44 70 36 113,7,15,0,1,4,5,8,var_0 counter_var_1 +,15,counter_var_0 var_1 +
6701,115 25 109 79 113,42,115 9 72 71 113,25,9,17,3,17,9,28,var_0 counter_var_1 +,26,counter_var_0 var_1 +
6702,115 99 59 23 113,25,115 73 50 77 113,12,15,13,4,23,15,16,var_0 counter_var_1 +,28,counter_var_0 var_1 +
6703,115 104 99 85 113,24,115 101 41 22 113,17,14,7,18,23,22,35,var_0 counter_var_1 +,21,counter_var_0 var_1 +
6704,115 84 85 3 113,42,115 97 97 81 113,26,10,16,5,3,19,31,var_0 counter_var_1 +,26,counter_var_0 var_1 +
6705,115 68 68 100 113,32,115 34 35 9 113,10,5,22,12,7,9,22,var_0 counter_var_1 +,27,counter_var_0 var_1 +
6706,115 95 94 39 113,10,115 37 11 30 113,8,8,2,11,8,30,19,var_0 counter_var_1 +,10,counter_var_0 var_1 +
6707,115 42 28 7 113,18,115 11 105 62 113,13,11,5,13,7,0,26,var_0 counter_var_1 +,16,counter_var_0 var_1 +
6708,115 28 51 97 113,33,115 87 71 74 113,28,0,5,2,4,12,30,var_0 counter_var_1 +,5,counter_var_0 var_1 +
6709,115 18 36 106 113,31,115 18 24 5 113,18,18,13,1,13,5,19,var_0 counter_var_1 +,31,counter_var_0 var_1 +
6710,115 27 77 105 113,35,115 110 111 12 113,27,23,8,19,12,12,46,var_0 counter_var_1 +,31,counter_var_0 var_1 +
6711,115 33 97 81 113,9,115 87 106 35 113,4,0,5,14,19,4,18,var_0 counter_var_1 +,5,counter_var_0 var_1 +
6712,115 0 49 72 113,3,115 78 73 96 113,0,20,3,4,10,3,4,var_0 counter_var_1 +,23,counter_var_0 var_1 +
6713,115 84 29 25 113,32,115 47 53 51 113,26,18,6,7,25,20,33,var_0 counter_var_1 +,24,counter_var_0 var_1 +
6714,115 42 6 56 113,19,115 103 76 93 113,13,16,6,7,25,0,20,var_0 counter_var_1 +,22,counter_var_0 var_1 +
6715,115 82 20 8 113,44,115 25 2 63 113,24,25,20,2,8,1,26,var_0 counter_var_1 +,45,counter_var_0 var_1 +
6716,115 69 89 28 113,31,115 83 8 26 113,11,25,20,8,28,26,19,var_0 counter_var_1 +,45,counter_var_0 var_1 +
6717,115 60 52 95 113,8,115 72 35 9 113,2,14,6,12,2,9,14,var_0 counter_var_1 +,20,counter_var_0 var_1 +
6718,115 94 14 24 113,21,115 33 16 94 113,7,4,14,16,24,1,23,var_0 counter_var_1 +,18,counter_var_0 var_1 +
6719,115 52 70 36 113,24,115 42 48 89 113,23,13,1,2,5,27,25,var_0 counter_var_1 +,14,counter_var_0 var_1 +
6720,115 29 20 8 113,20,115 10 29 25 113,0,10,20,6,8,25,6,var_0 counter_var_1 +,30,counter_var_0 var_1 +
6721,115 112 86 45 113,42,115 54 9 87 113,25,25,17,9,14,25,34,var_0 counter_var_1 +,42,counter_var_0 var_1 +
6722,115 80 25 111 113,24,115 13 28 7 113,22,13,2,5,18,7,27,var_0 counter_var_1 +,15,counter_var_0 var_1 +
6723,115 13 13 91 113,26,115 92 104 84 113,13,5,13,12,29,22,25,var_0 counter_var_1 +,18,counter_var_0 var_1 +
6724,115 13 21 92 113,34,115 74 2 63 113,13,16,21,2,30,1,15,var_0 counter_var_1 +,37,counter_var_0 var_1 +
6725,115 106 33 50 113,29,115 9 42 55 113,19,9,10,19,19,24,38,var_0 counter_var_1 +,19,counter_var_0 var_1 +
6726,115 69 19 86 113,30,115 111 51 97 113,11,24,19,5,24,4,16,var_0 counter_var_1 +,43,counter_var_0 var_1 +
6727,115 82 6 56 113,30,115 0 53 51 113,24,0,6,7,25,20,31,var_0 counter_var_1 +,6,counter_var_0 var_1 +
6728,115 49 78 65 113,29,115 75 78 65 113,20,17,9,9,3,3,29,var_0 counter_var_1 +,26,counter_var_0 var_1 +
6729,115 34 16 94 113,21,115 60 27 88 113,5,2,16,4,1,26,9,var_0 counter_var_1 +,18,counter_var_0 var_1 +
6730,115 35 78 65 113,15,115 4 3 15 113,6,4,9,3,3,15,9,var_0 counter_var_1 +,13,counter_var_0 var_1 +
6731,115 4 25 111 113,6,115 1 110 61 113,4,1,2,18,18,30,22,var_0 counter_var_1 +,3,counter_var_0 var_1 +
6732,115 95 81 54 113,20,115 35 98 78 113,8,6,12,6,23,16,14,var_0 counter_var_1 +,18,counter_var_0 var_1 +
6733,115 75 51 97 113,22,115 4 0 101 113,17,4,5,0,4,8,17,var_0 counter_var_1 +,9,counter_var_0 var_1 +
6734,115 27 26 112 113,30,115 79 28 7 113,27,21,3,5,19,7,32,var_0 counter_var_1 +,24,counter_var_0 var_1 +
6735,115 86 4 52 113,32,115 5 33 50 113,28,5,4,10,21,19,38,var_0 counter_var_1 +,9,counter_var_0 var_1 +
6736,115 48 56 59 113,29,115 18 50 77 113,19,18,10,4,28,15,23,var_0 counter_var_1 +,28,counter_var_0 var_1 +
6737,115 82 17 108 113,41,115 42 85 3 113,24,13,17,16,15,3,40,var_0 counter_var_1 +,30,counter_var_0 var_1 +
6738,115 50 6 56 113,27,115 78 9 87 113,21,20,6,9,25,25,30,var_0 counter_var_1 +,26,counter_var_0 var_1 +
6739,115 68 73 96 113,14,115 89 62 41 113,10,2,4,16,3,10,26,var_0 counter_var_1 +,6,counter_var_0 var_1 +
6740,115 7 79 57 113,17,115 78 28 7 113,7,20,10,5,26,7,12,var_0 counter_var_1 +,30,counter_var_0 var_1 +
6741,115 54 100 0 113,33,115 55 31 109 113,25,26,8,8,0,16,33,var_0 counter_var_1 +,34,counter_var_0 var_1 +
6742,115 14 66 102 113,34,115 9 90 90 113,14,9,20,21,9,28,35,var_0 counter_var_1 +,29,counter_var_0 var_1 +
6743,115 34 25 111 113,7,115 38 59 23 113,5,9,2,13,18,23,18,var_0 counter_var_1 +,11,counter_var_0 var_1 +
6744,115 85 64 19 113,45,115 57 111 12 113,27,28,18,19,19,12,46,var_0 counter_var_1 +,46,counter_var_0 var_1 +
6745,115 102 72 71 113,18,115 110 0 101 113,15,23,3,0,9,8,15,var_0 counter_var_1 +,26,counter_var_0 var_1 +
6746,115 67 45 76 113,31,115 40 73 96 113,9,11,22,4,14,3,13,var_0 counter_var_1 +,33,counter_var_0 var_1 +
6747,115 43 26 112 113,17,115 32 91 33 113,14,3,3,22,19,2,36,var_0 counter_var_1 +,6,counter_var_0 var_1 +
6748,115 10 108 58 113,26,115 78 54 83 113,10,20,16,8,27,21,18,var_0 counter_var_1 +,36,counter_var_0 var_1 +
6749,115 19 84 32 113,34,115 52 44 107 113,19,23,15,21,1,14,40,var_0 counter_var_1 +,38,counter_var_0 var_1 +
6750,115 71 95 29 113,16,115 14 25 111 113,13,14,3,2,29,18,15,var_0 counter_var_1 +,17,counter_var_0 var_1 +
6751,115 64 30 70 113,13,115 44 112 103 113,6,15,7,20,8,10,26,var_0 counter_var_1 +,22,counter_var_0 var_1 +
6752,115 104 17 108 113,34,115 112 87 69 113,17,25,17,18,15,7,35,var_0 counter_var_1 +,42,counter_var_0 var_1 +
6753,115 110 6 56 113,29,115 104 42 55 113,23,17,6,19,25,24,42,var_0 counter_var_1 +,23,counter_var_0 var_1 +
6754,115 111 96 6 113,28,115 47 99 85 113,24,18,4,7,6,23,31,var_0 counter_var_1 +,22,counter_var_0 var_1 +
6755,115 39 92 2 113,10,115 84 11 30 113,10,26,0,11,2,30,21,var_0 counter_var_1 +,26,counter_var_0 var_1 +
6756,115 7 62 41 113,23,115 58 39 14 113,7,0,16,16,10,14,23,var_0 counter_var_1 +,16,counter_var_0 var_1 +
6757,115 70 96 6 113,16,115 87 47 34 113,12,0,4,1,6,3,13,var_0 counter_var_1 +,4,counter_var_0 var_1 +
6758,115 103 100 0 113,24,115 5 110 61 113,16,5,8,18,0,30,34,var_0 counter_var_1 +,13,counter_var_0 var_1 +
6759,115 14 78 65 113,23,115 42 64 19 113,14,13,9,18,3,19,32,var_0 counter_var_1 +,22,counter_var_0 var_1 +
6760,115 108 43 110 113,41,115 55 21 92 113,21,26,20,21,17,30,42,var_0 counter_var_1 +,46,counter_var_0 var_1 +
6761,115 29 103 49 113,11,115 45 106 35 113,0,16,11,14,18,4,14,var_0 counter_var_1 +,27,counter_var_0 var_1 +
6762,115 66 112 103 113,28,115 20 81 54 113,8,20,20,12,10,23,20,var_0 counter_var_1 +,40,counter_var_0 var_1 +
6763,115 8 70 36 113,9,115 43 24 5 113,8,14,1,1,5,5,9,var_0 counter_var_1 +,15,counter_var_0 var_1 +
6764,115 109 91 33 113,44,115 41 40 11 113,22,12,22,17,2,11,39,var_0 counter_var_1 +,34,counter_var_0 var_1 +
6765,115 73 43 110 113,35,115 37 57 1 113,15,8,20,11,17,1,26,var_0 counter_var_1 +,28,counter_var_0 var_1 +
6766,115 112 66 102 113,45,115 56 20 8 113,25,27,20,20,9,8,45,var_0 counter_var_1 +,47,counter_var_0 var_1 +
6767,115 82 38 20 113,39,115 28 53 51 113,24,28,15,7,20,20,31,var_0 counter_var_1 +,43,counter_var_0 var_1 +
6768,115 33 57 1 113,15,115 24 107 60 113,4,24,11,15,1,29,19,var_0 counter_var_1 +,35,counter_var_0 var_1 +
6769,115 85 71 74 113,29,115 93 66 102 113,27,6,2,20,12,9,47,var_0 counter_var_1 +,8,counter_var_0 var_1 +
6770,115 61 109 79 113,20,115 93 18 73 113,3,6,17,18,17,11,21,var_0 counter_var_1 +,23,counter_var_0 var_1 +
6771,115 12 8 26 113,20,115 2 80 31 113,12,2,8,11,26,0,23,var_0 counter_var_1 +,10,counter_var_0 var_1 +
6772,115 111 97 81 113,29,115 97 27 88 113,24,10,5,4,19,26,28,var_0 counter_var_1 +,15,counter_var_0 var_1 +
6773,115 26 37 42 113,40,115 108 70 36 113,26,21,14,1,11,5,27,var_0 counter_var_1 +,35,counter_var_0 var_1 +
6774,115 109 48 89 113,24,115 31 100 0 113,22,2,2,8,27,0,30,var_0 counter_var_1 +,4,counter_var_0 var_1 +
6775,115 54 83 38 113,39,115 27 20 8 113,25,27,14,20,7,8,45,var_0 counter_var_1 +,41,counter_var_0 var_1 +
6776,115 1 92 2 113,1,115 59 42 55 113,1,1,0,19,2,24,20,var_0 counter_var_1 +,1,counter_var_0 var_1 +
6777,115 8 104 84 113,20,115 80 100 0 113,8,22,12,8,22,0,16,var_0 counter_var_1 +,34,counter_var_0 var_1 +
6778,115 28 81 54 113,40,115 4 14 24 113,28,4,12,14,23,24,42,var_0 counter_var_1 +,16,counter_var_0 var_1 +
6779,115 106 49 72 113,22,115 72 24 5 113,19,14,3,1,10,5,20,var_0 counter_var_1 +,17,counter_var_0 var_1 +
6780,115 94 81 54 113,19,115 49 78 65 113,7,20,12,9,23,3,16,var_0 counter_var_1 +,32,counter_var_0 var_1 +
6781,115 54 40 11 113,42,115 81 95 29 113,25,23,17,3,11,29,28,var_0 counter_var_1 +,40,counter_var_0 var_1 +
6782,115 46 112 103 113,37,115 107 37 42 113,17,20,20,14,10,11,31,var_0 counter_var_1 +,40,counter_var_0 var_1 +
6783,115 35 20 8 113,26,115 25 97 81 113,6,25,20,5,8,19,11,var_0 counter_var_1 +,45,counter_var_0 var_1 +
6784,115 96 36 106 113,22,115 86 107 60 113,9,28,13,15,13,29,24,var_0 counter_var_1 +,41,counter_var_0 var_1 +
6785,115 96 2 63 113,11,115 40 10 68 113,9,11,2,10,1,6,19,var_0 counter_var_1 +,13,counter_var_0 var_1 +
6786,115 56 102 16 113,37,115 32 109 79 113,27,3,10,17,16,17,44,var_0 counter_var_1 +,13,counter_var_0 var_1 +
6787,115 66 95 29 113,11,115 40 65 17 113,8,11,3,19,29,17,27,var_0 counter_var_1 +,14,counter_var_0 var_1 +
6788,115 79 92 2 113,21,115 101 69 99 113,21,14,0,0,2,6,21,var_0 counter_var_1 +,14,counter_var_0 var_1 +
6789,115 24 59 23 113,37,115 56 71 74 113,24,27,13,2,23,12,26,var_0 counter_var_1 +,40,counter_var_0 var_1 +
6790,115 15 38 20 113,30,115 72 97 81 113,15,14,15,5,20,19,20,var_0 counter_var_1 +,29,counter_var_0 var_1 +
6791,115 14 55 48 113,23,115 82 111 12 113,14,24,9,19,17,12,33,var_0 counter_var_1 +,33,counter_var_0 var_1 +
6792,115 73 37 42 113,29,115 90 2 63 113,15,3,14,2,11,1,17,var_0 counter_var_1 +,17,counter_var_0 var_1 +
6793,115 3 71 74 113,5,115 88 84 32 113,3,1,2,15,12,1,18,var_0 counter_var_1 +,3,counter_var_0 var_1 +
6794,115 6 36 106 113,19,115 87 8 26 113,6,0,13,8,13,26,14,var_0 counter_var_1 +,13,counter_var_0 var_1 +
6795,115 80 48 89 113,24,115 93 108 58 113,22,6,2,16,27,27,38,var_0 counter_var_1 +,8,counter_var_0 var_1 +
6796,115 2 33 50 113,12,115 92 78 65 113,2,5,10,9,19,3,11,var_0 counter_var_1 +,15,counter_var_0 var_1 +
6797,115 39 9 87 113,19,115 63 58 98 113,10,5,9,12,25,5,22,var_0 counter_var_1 +,14,counter_var_0 var_1 +
6798,115 33 2 63 113,6,115 10 71 74 113,4,10,2,2,1,12,6,var_0 counter_var_1 +,12,counter_var_0 var_1 +
6799,115 83 32 64 113,34,115 62 100 0 113,25,4,9,8,2,0,33,var_0 counter_var_1 +,13,counter_var_0 var_1 +
6800,115 75 21 92 113,38,115 88 57 1 113,17,1,21,11,30,1,28,var_0 counter_var_1 +,22,counter_var_0 var_1 +
6801,115 89 43 110 113,22,115 25 58 98 113,2,25,20,12,17,5,14,var_0 counter_var_1 +,45,counter_var_0 var_1 +
6802,115 32 0 101 113,3,115 14 45 76 113,3,14,0,22,8,14,25,var_0 counter_var_1 +,14,counter_var_0 var_1 +
6803,115 26 74 13 113,31,115 7 71 74 113,26,7,5,2,13,12,28,var_0 counter_var_1 +,12,counter_var_0 var_1 +
6804,115 96 78 65 113,18,115 38 5 47 113,9,9,9,5,3,16,14,var_0 counter_var_1 +,18,counter_var_0 var_1 +
6805,115 105 35 9 113,30,115 110 73 96 113,18,23,12,4,9,3,22,var_0 counter_var_1 +,35,counter_var_0 var_1 +
6806,115 72 98 78 113,20,115 104 33 50 113,14,17,6,10,16,19,24,var_0 counter_var_1 +,23,counter_var_0 var_1 +
6807,115 70 100 0 113,20,115 71 57 1 113,12,13,8,11,0,1,23,var_0 counter_var_1 +,21,counter_var_0 var_1 +
6808,115 66 66 102 113,28,115 10 94 39 113,8,10,20,2,9,8,10,var_0 counter_var_1 +,30,counter_var_0 var_1 +
6809,115 12 95 29 113,15,115 64 72 71 113,12,6,3,3,29,9,15,var_0 counter_var_1 +,9,counter_var_0 var_1 +
6810,115 11 3 15 113,14,115 105 22 75 113,11,18,3,22,15,13,33,var_0 counter_var_1 +,21,counter_var_0 var_1 +
6811,115 99 5 47 113,17,115 41 7 10 113,12,12,5,7,16,10,19,var_0 counter_var_1 +,17,counter_var_0 var_1 +
6812,115 29 69 99 113,0,115 40 18 73 113,0,11,0,18,6,11,18,var_0 counter_var_1 +,11,counter_var_0 var_1 +
6813,115 90 59 23 113,16,115 0 63 43 113,3,0,13,17,23,12,20,var_0 counter_var_1 +,13,counter_var_0 var_1 +
6814,115 84 71 74 113,28,115 13 44 107 113,26,13,2,21,12,14,47,var_0 counter_var_1 +,15,counter_var_0 var_1 +
6815,115 74 100 0 113,24,115 72 33 50 113,16,14,8,10,0,19,26,var_0 counter_var_1 +,22,counter_var_0 var_1 +
6816,115 12 71 74 113,14,115 20 75 82 113,12,20,2,6,12,20,18,var_0 counter_var_1 +,22,counter_var_0 var_1 +
6817,115 94 102 16 113,17,115 92 42 55 113,7,5,10,19,16,24,26,var_0 counter_var_1 +,15,counter_var_0 var_1 +
6818,115 49 75 82 113,26,115 90 105 62 113,20,3,6,13,20,0,33,var_0 counter_var_1 +,9,counter_var_0 var_1 +
6819,115 91 43 110 113,24,115 53 34 27 113,4,24,20,11,17,27,15,var_0 counter_var_1 +,44,counter_var_0 var_1 +
6820,115 38 83 38 113,23,115 6 91 33 113,9,6,14,22,7,2,31,var_0 counter_var_1 +,20,counter_var_0 var_1 +
6821,115 42 45 76 113,35,115 62 33 50 113,13,4,22,10,14,19,23,var_0 counter_var_1 +,26,counter_var_0 var_1 +
6822,115 53 24 5 113,25,115 89 112 103 113,24,2,1,20,5,10,44,var_0 counter_var_1 +,3,counter_var_0 var_1 +
6823,115 71 59 23 113,26,115 47 54 83 113,13,18,13,8,23,21,21,var_0 counter_var_1 +,31,counter_var_0 var_1 +
6824,115 16 41 22 113,34,115 76 2 63 113,16,18,18,2,22,1,18,var_0 counter_var_1 +,36,counter_var_0 var_1 +
6825,115 16 32 64 113,25,115 103 60 44 113,16,16,9,14,2,13,30,var_0 counter_var_1 +,25,counter_var_0 var_1 +
6826,115 11 84 32 113,26,115 51 51 97 113,11,22,15,5,1,4,16,var_0 counter_var_1 +,37,counter_var_0 var_1 +
6827,115 110 85 3 113,39,115 76 35 9 113,23,18,16,12,3,9,35,var_0 counter_var_1 +,34,counter_var_0 var_1 +
6828,115 21 100 0 113,29,115 3 93 37 113,21,3,8,1,0,6,22,var_0 counter_var_1 +,11,counter_var_0 var_1 +
6829,115 7 4 52 113,11,115 52 90 90 113,7,23,4,21,21,28,28,var_0 counter_var_1 +,27,counter_var_0 var_1 +
6830,115 96 68 100 113,31,115 50 95 29 113,9,21,22,3,7,29,12,var_0 counter_var_1 +,43,counter_var_0 var_1 +
6831,115 71 32 64 113,22,115 87 103 49 113,13,0,9,11,2,18,24,var_0 counter_var_1 +,9,counter_var_0 var_1 +
6832,115 70 94 39 113,14,115 30 35 9 113,12,1,2,12,8,9,24,var_0 counter_var_1 +,3,counter_var_0 var_1 +
6833,115 110 54 83 113,31,115 74 51 97 113,23,16,8,5,21,4,28,var_0 counter_var_1 +,24,counter_var_0 var_1 +
6834,115 96 48 89 113,11,115 19 63 43 113,9,19,2,17,27,12,26,var_0 counter_var_1 +,21,counter_var_0 var_1 +
6835,115 18 83 38 113,32,115 43 3 15 113,18,14,14,3,7,15,21,var_0 counter_var_1 +,28,counter_var_0 var_1 +
6836,115 89 47 34 113,3,115 111 2 63 113,2,24,1,2,3,1,4,var_0 counter_var_1 +,25,counter_var_0 var_1 +
6837,115 5 57 1 113,16,115 44 86 45 113,5,15,11,17,1,14,22,var_0 counter_var_1 +,26,counter_var_0 var_1 +
6838,115 43 3 15 113,17,115 81 19 86 113,14,23,3,19,15,24,33,var_0 counter_var_1 +,26,counter_var_0 var_1 +
6839,115 94 110 61 113,25,115 60 95 29 113,7,2,18,3,30,29,10,var_0 counter_var_1 +,20,counter_var_0 var_1 +
6840,115 39 54 83 113,18,115 86 43 110 113,10,28,8,20,21,17,30,var_0 counter_var_1 +,36,counter_var_0 var_1 +
6841,115 22 107 60 113,37,115 66 50 77 113,22,8,15,4,29,15,26,var_0 counter_var_1 +,23,counter_var_0 var_1 +
6842,115 32 99 85 113,10,115 106 78 65 113,3,19,7,9,23,3,12,var_0 counter_var_1 +,26,counter_var_0 var_1 +
6843,115 46 103 49 113,28,115 81 31 109 113,17,23,11,8,18,16,25,var_0 counter_var_1 +,34,counter_var_0 var_1 +
6844,115 29 61 18 113,15,115 77 50 77 113,0,19,15,4,18,15,4,var_0 counter_var_1 +,34,counter_var_0 var_1 +
6845,115 90 0 101 113,3,115 1 20 8 113,3,1,0,20,8,8,23,var_0 counter_var_1 +,1,counter_var_0 var_1 +
6846,115 109 87 69 113,40,115 31 70 36 113,22,2,18,1,7,5,23,var_0 counter_var_1 +,20,counter_var_0 var_1 +
6847,115 15 66 102 113,35,115 11 41 22 113,15,11,20,18,9,22,33,var_0 counter_var_1 +,31,counter_var_0 var_1 +
6848,115 101 34 27 113,25,115 45 77 105 113,14,16,11,8,27,12,22,var_0 counter_var_1 +,27,counter_var_0 var_1 +
6849,115 46 3 15 113,20,115 59 105 62 113,17,1,3,13,15,0,30,var_0 counter_var_1 +,4,counter_var_0 var_1 +
6850,115 18 16 94 113,34,115 5 54 83 113,18,5,16,8,1,21,26,var_0 counter_var_1 +,21,counter_var_0 var_1 +
6851,115 47 76 93 113,25,115 59 65 17 113,18,1,7,19,0,17,37,var_0 counter_var_1 +,8,counter_var_0 var_1 +
6852,115 19 73 96 113,23,115 20 83 38 113,19,20,4,14,3,7,33,var_0 counter_var_1 +,24,counter_var_0 var_1 +
6853,115 89 54 83 113,10,115 7 91 33 113,2,7,8,22,21,2,24,var_0 counter_var_1 +,15,counter_var_0 var_1 +
6854,115 37 40 11 113,25,115 108 40 11 113,8,21,17,17,11,11,25,var_0 counter_var_1 +,38,counter_var_0 var_1 +
6855,115 17 112 103 113,37,115 22 81 54 113,17,22,20,12,10,23,29,var_0 counter_var_1 +,42,counter_var_0 var_1 +
6856,115 3 96 6 113,7,115 80 4 52 113,3,22,4,4,6,21,7,var_0 counter_var_1 +,26,counter_var_0 var_1 +
6857,115 34 26 112 113,8,115 19 74 13 113,5,19,3,5,19,13,10,var_0 counter_var_1 +,22,counter_var_0 var_1 +
6858,115 31 15 53 113,17,115 57 108 58 113,2,28,15,16,22,27,18,var_0 counter_var_1 +,43,counter_var_0 var_1 +
6859,115 22 100 0 113,30,115 14 98 78 113,22,14,8,6,0,16,28,var_0 counter_var_1 +,22,counter_var_0 var_1 +
6860,115 3 41 22 113,21,115 32 92 2 113,3,3,18,0,22,2,3,var_0 counter_var_1 +,21,counter_var_0 var_1 +
6861,115 66 65 17 113,27,115 97 9 87 113,8,10,19,9,17,25,17,var_0 counter_var_1 +,29,counter_var_0 var_1 +
6862,115 70 70 36 113,13,115 67 100 0 113,12,9,1,8,5,0,20,var_0 counter_var_1 +,10,counter_var_0 var_1 +
6863,115 68 107 60 113,25,115 10 6 56 113,10,10,15,6,29,25,16,var_0 counter_var_1 +,25,counter_var_0 var_1 +
6864,115 50 82 67 113,34,115 47 56 59 113,21,18,13,10,5,28,31,var_0 counter_var_1 +,31,counter_var_0 var_1 +
6865,115 27 44 107 113,48,115 44 42 55 113,27,15,21,19,14,24,46,var_0 counter_var_1 +,36,counter_var_0 var_1 +
6866,115 36 9 87 113,16,115 47 74 13 113,7,18,9,5,25,13,12,var_0 counter_var_1 +,27,counter_var_0 var_1 +
6867,115 25 73 96 113,29,115 6 49 72 113,25,6,4,3,3,10,28,var_0 counter_var_1 +,10,counter_var_0 var_1 +
6868,115 6 35 9 113,18,115 22 49 72 113,6,22,12,3,9,10,9,var_0 counter_var_1 +,34,counter_var_0 var_1 +
6869,115 32 98 78 113,9,115 111 35 9 113,3,24,6,12,16,9,15,var_0 counter_var_1 +,30,counter_var_0 var_1 +
6870,115 90 70 36 113,4,115 13 18 73 113,3,13,1,18,5,11,21,var_0 counter_var_1 +,14,counter_var_0 var_1 +
6871,115 57 3 15 113,31,115 46 64 19 113,28,17,3,18,15,19,46,var_0 counter_var_1 +,20,counter_var_0 var_1 +
6872,115 75 92 2 113,17,115 27 71 74 113,17,27,0,2,2,12,19,var_0 counter_var_1 +,27,counter_var_0 var_1 +
6873,115 15 108 58 113,31,115 18 104 84 113,15,18,16,12,27,22,27,var_0 counter_var_1 +,34,counter_var_0 var_1 +
6874,115 109 22 75 113,44,115 61 75 82 113,22,3,22,6,13,20,28,var_0 counter_var_1 +,25,counter_var_0 var_1 +
6875,115 68 83 38 113,24,115 78 15 53 113,10,20,14,15,7,22,25,var_0 counter_var_1 +,34,counter_var_0 var_1 +
6876,115 83 44 107 113,46,115 4 55 48 113,25,4,21,9,14,17,34,var_0 counter_var_1 +,25,counter_var_0 var_1 +
6877,115 41 71 74 113,14,115 94 34 27 113,12,7,2,11,12,27,23,var_0 counter_var_1 +,9,counter_var_0 var_1 +
6878,115 65 9 87 113,16,115 7 46 80 113,7,7,9,0,25,18,7,var_0 counter_var_1 +,16,counter_var_0 var_1 +
6879,115 112 38 20 113,40,115 77 23 4 113,25,19,15,0,20,4,25,var_0 counter_var_1 +,34,counter_var_0 var_1 +
6880,115 108 85 3 113,37,115 33 42 55 113,21,4,16,19,3,24,40,var_0 counter_var_1 +,20,counter_var_0 var_1 +
6881,115 28 17 108 113,45,115 49 22 75 113,28,20,17,22,15,13,50,var_0 counter_var_1 +,37,counter_var_0 var_1 +
6882,115 29 62 41 113,16,115 95 59 23 113,0,8,16,13,10,23,13,var_0 counter_var_1 +,24,counter_var_0 var_1 +
6883,115 46 109 79 113,34,115 63 44 107 113,17,5,17,21,17,14,38,var_0 counter_var_1 +,22,counter_var_0 var_1 +
6884,115 11 95 29 113,14,115 90 27 88 113,11,3,3,4,29,26,15,var_0 counter_var_1 +,6,counter_var_0 var_1 +
6885,115 95 19 86 113,27,115 67 26 112 113,8,9,19,3,24,19,11,var_0 counter_var_1 +,28,counter_var_0 var_1 +
6886,115 1 100 0 113,9,115 16 100 0 113,1,16,8,8,0,0,9,var_0 counter_var_1 +,24,counter_var_0 var_1 +
6887,115 35 100 0 113,14,115 89 84 32 113,6,2,8,15,0,1,21,var_0 counter_var_1 +,10,counter_var_0 var_1 +
6888,115 71 57 1 113,24,115 105 39 14 113,13,18,11,16,1,14,29,var_0 counter_var_1 +,29,counter_var_0 var_1 +
6889,115 2 15 53 113,17,115 35 108 58 113,2,6,15,16,22,27,18,var_0 counter_var_1 +,21,counter_var_0 var_1 +
6890,115 88 70 36 113,2,115 45 42 55 113,1,16,1,19,5,24,20,var_0 counter_var_1 +,17,counter_var_0 var_1 +
6891,115 1 112 103 113,21,115 41 30 70 113,1,12,20,7,10,8,8,var_0 counter_var_1 +,32,counter_var_0 var_1 +
6892,115 105 17 108 113,35,115 76 63 43 113,18,18,17,17,15,12,35,var_0 counter_var_1 +,35,counter_var_0 var_1 +
6893,115 7 74 13 113,12,115 20 112 103 113,7,20,5,20,13,10,27,var_0 counter_var_1 +,25,counter_var_0 var_1 +
6894,115 37 35 9 113,20,115 35 94 39 113,8,6,12,2,9,8,10,var_0 counter_var_1 +,18,counter_var_0 var_1 +
6895,115 18 112 103 113,38,115 85 91 33 113,18,27,20,22,10,2,40,var_0 counter_var_1 +,47,counter_var_0 var_1 +
6896,115 72 63 43 113,31,115 59 39 14 113,14,1,17,16,12,14,30,var_0 counter_var_1 +,18,counter_var_0 var_1 +
6897,115 92 40 11 113,22,115 77 88 66 113,5,19,17,19,11,4,24,var_0 counter_var_1 +,36,counter_var_0 var_1 +
6898,115 37 13 91 113,21,115 37 82 67 113,8,8,13,13,29,5,21,var_0 counter_var_1 +,21,counter_var_0 var_1 +
6899,115 92 42 55 113,24,115 70 84 32 113,5,12,19,15,24,1,20,var_0 counter_var_1 +,31,counter_var_0 var_1 +
6900,115 83 9 87 113,34,115 64 109 79 113,25,6,9,17,25,17,42,var_0 counter_var_1 +,15,counter_var_0 var_1 +
6901,115 88 102 16 113,11,115 52 76 93 113,1,23,10,7,16,0,8,var_0 counter_var_1 +,33,counter_var_0 var_1 +
6902,115 71 72 71 113,16,115 57 97 81 113,13,28,3,5,9,19,18,var_0 counter_var_1 +,31,counter_var_0 var_1 +
6903,115 59 102 16 113,11,115 43 79 57 113,1,14,10,10,16,26,11,var_0 counter_var_1 +,24,counter_var_0 var_1 +
6904,115 42 12 21 113,25,115 54 78 65 113,13,25,12,9,21,3,22,var_0 counter_var_1 +,37,counter_var_0 var_1 +
6905,115 17 11 30 113,28,115 18 94 39 113,17,18,11,2,30,8,19,var_0 counter_var_1 +,29,counter_var_0 var_1 +
6906,115 66 57 1 113,19,115 21 26 112 113,8,21,11,3,1,19,11,var_0 counter_var_1 +,32,counter_var_0 var_1 +
6907,115 71 50 77 113,17,115 49 68 100 113,13,20,4,22,15,7,35,var_0 counter_var_1 +,24,counter_var_0 var_1 +
6908,115 4 7 10 113,11,115 0 60 44 113,4,0,7,14,10,13,18,var_0 counter_var_1 +,7,counter_var_0 var_1 +
6909,115 87 66 102 113,20,115 112 14 24 113,0,25,20,14,9,24,14,var_0 counter_var_1 +,45,counter_var_0 var_1 +
6910,115 29 84 32 113,15,115 20 89 28 113,0,20,15,20,1,28,20,var_0 counter_var_1 +,35,counter_var_0 var_1 +
6911,115 23 59 23 113,36,115 33 24 5 113,23,4,13,1,23,5,24,var_0 counter_var_1 +,17,counter_var_0 var_1 +
6912,115 97 99 85 113,17,115 17 7 10 113,10,17,7,7,23,10,17,var_0 counter_var_1 +,24,counter_var_0 var_1 +
6913,115 106 79 57 113,29,115 27 55 48 113,19,27,10,9,26,17,28,var_0 counter_var_1 +,37,counter_var_0 var_1 +
6914,115 83 71 74 113,27,115 1 57 1 113,25,1,2,11,12,1,36,var_0 counter_var_1 +,3,counter_var_0 var_1 +
6915,115 81 72 71 113,26,115 20 8 26 113,23,20,3,8,9,26,31,var_0 counter_var_1 +,23,counter_var_0 var_1 +
6916,115 5 30 70 113,12,115 29 36 106 113,5,0,7,13,8,13,18,var_0 counter_var_1 +,7,counter_var_0 var_1 +
6917,115 31 53 51 113,9,115 96 49 72 113,2,9,7,3,20,10,5,var_0 counter_var_1 +,16,counter_var_0 var_1 +
6918,115 75 58 98 113,29,115 19 109 79 113,17,19,12,17,5,17,34,var_0 counter_var_1 +,31,counter_var_0 var_1 +
6919,115 63 69 99 113,5,115 46 111 12 113,5,17,0,19,6,12,24,var_0 counter_var_1 +,17,counter_var_0 var_1 +
6920,115 0 25 111 113,2,115 31 5 47 113,0,2,2,5,18,16,5,var_0 counter_var_1 +,4,counter_var_0 var_1 +
6921,115 97 110 61 113,28,115 92 50 77 113,10,5,18,4,30,15,14,var_0 counter_var_1 +,23,counter_var_0 var_1 +
6922,115 102 12 21 113,27,115 69 16 94 113,15,11,12,16,21,1,31,var_0 counter_var_1 +,23,counter_var_0 var_1 +
6923,115 74 5 47 113,21,115 62 69 99 113,16,4,5,0,16,6,16,var_0 counter_var_1 +,9,counter_var_0 var_1 +
6924,115 72 51 97 113,19,115 100 55 48 113,14,13,5,9,4,17,23,var_0 counter_var_1 +,18,counter_var_0 var_1 +
6925,115 72 23 4 113,14,115 80 38 20 113,14,22,0,15,4,20,29,var_0 counter_var_1 +,22,counter_var_0 var_1 +
6926,115 105 80 31 113,29,115 50 106 35 113,18,21,11,14,0,4,32,var_0 counter_var_1 +,32,counter_var_0 var_1 +
6927,115 64 86 45 113,23,115 50 72 71 113,6,21,17,3,14,9,9,var_0 counter_var_1 +,38,counter_var_0 var_1 +
6928,115 78 46 80 113,20,115 96 35 9 113,20,9,0,12,18,9,32,var_0 counter_var_1 +,9,counter_var_0 var_1 +
6929,115 70 62 41 113,28,115 22 73 96 113,12,22,16,4,10,3,16,var_0 counter_var_1 +,38,counter_var_0 var_1 +
6930,115 72 67 46 113,35,115 97 71 74 113,14,10,21,2,15,12,16,var_0 counter_var_1 +,31,counter_var_0 var_1 +
6931,115 1 1 40 113,2,115 2 26 112 113,1,2,1,3,9,19,4,var_0 counter_var_1 +,3,counter_var_0 var_1 +
6932,115 60 46 80 113,2,115 64 97 81 113,2,6,0,5,18,19,7,var_0 counter_var_1 +,6,counter_var_0 var_1 +
6933,115 92 60 44 113,19,115 91 44 107 113,5,4,14,21,13,14,26,var_0 counter_var_1 +,18,counter_var_0 var_1 +
6934,115 106 85 3 113,35,115 24 57 1 113,19,24,16,11,3,1,30,var_0 counter_var_1 +,40,counter_var_0 var_1 +
6935,115 98 18 73 113,29,115 103 94 39 113,11,16,18,2,11,8,13,var_0 counter_var_1 +,34,counter_var_0 var_1 +
6936,115 12 37 42 113,26,115 69 54 83 113,12,11,14,8,11,21,20,var_0 counter_var_1 +,25,counter_var_0 var_1 +
6937,115 5 104 84 113,17,115 99 33 50 113,5,12,12,10,22,19,15,var_0 counter_var_1 +,24,counter_var_0 var_1 +
6938,115 48 70 36 113,20,115 109 4 52 113,19,22,1,4,5,21,23,var_0 counter_var_1 +,23,counter_var_0 var_1 +
6939,115 44 0 101 113,15,115 61 60 44 113,15,3,0,14,8,13,29,var_0 counter_var_1 +,3,counter_var_0 var_1 +
6940,115 36 88 66 113,26,115 62 93 37 113,7,4,19,1,4,6,8,var_0 counter_var_1 +,23,counter_var_0 var_1 +
6941,115 69 32 64 113,20,115 57 76 93 113,11,28,9,7,2,0,18,var_0 counter_var_1 +,37,counter_var_0 var_1 +
6942,115 8 94 39 113,10,115 85 57 1 113,8,27,2,11,8,1,19,var_0 counter_var_1 +,29,counter_var_0 var_1 +
6943,115 54 103 49 113,36,115 100 99 85 113,25,13,11,7,18,23,32,var_0 counter_var_1 +,24,counter_var_0 var_1 +
6944,115 84 105 62 113,39,115 70 90 90 113,26,12,13,21,0,28,47,var_0 counter_var_1 +,25,counter_var_0 var_1 +
6945,115 77 42 55 113,38,115 6 8 26 113,19,6,19,8,24,26,27,var_0 counter_var_1 +,25,counter_var_0 var_1 +
6946,115 68 23 4 113,10,115 37 8 26 113,10,8,0,8,4,26,18,var_0 counter_var_1 +,8,counter_var_0 var_1 +
6947,115 92 7 10 113,12,115 85 97 81 113,5,27,7,5,10,19,10,var_0 counter_var_1 +,34,counter_var_0 var_1 +
6948,115 8 43 110 113,28,115 33 74 13 113,8,4,20,5,17,13,13,var_0 counter_var_1 +,24,counter_var_0 var_1 +
6949,115 16 84 32 113,31,115 56 15 53 113,16,27,15,15,1,22,31,var_0 counter_var_1 +,42,counter_var_0 var_1 +
6950,115 15 67 46 113,36,115 57 84 32 113,15,28,21,15,15,1,30,var_0 counter_var_1 +,49,counter_var_0 var_1 +
6951,115 21 112 103 113,41,115 2 48 89 113,21,2,20,2,10,27,23,var_0 counter_var_1 +,22,counter_var_0 var_1 +
6952,115 0 60 44 113,14,115 98 37 42 113,0,11,14,14,13,11,14,var_0 counter_var_1 +,25,counter_var_0 var_1 +
6953,115 68 61 18 113,25,115 6 61 18 113,10,6,15,15,18,18,25,var_0 counter_var_1 +,21,counter_var_0 var_1 +
6954,115 103 75 82 113,22,115 38 107 60 113,16,9,6,15,20,29,31,var_0 counter_var_1 +,15,counter_var_0 var_1 +
6955,115 12 22 75 113,34,115 107 36 106 113,12,20,22,13,13,13,25,var_0 counter_var_1 +,42,counter_var_0 var_1 +
6956,115 78 5 47 113,25,115 82 78 65 113,20,24,5,9,16,3,29,var_0 counter_var_1 +,29,counter_var_0 var_1 +
6957,115 2 64 19 113,20,115 44 3 15 113,2,15,18,3,19,15,5,var_0 counter_var_1 +,33,counter_var_0 var_1 +
6958,115 88 57 1 113,12,115 105 15 53 113,1,18,11,15,1,22,16,var_0 counter_var_1 +,29,counter_var_0 var_1 +
6959,115 56 13 91 113,40,115 65 105 62 113,27,7,13,13,29,0,40,var_0 counter_var_1 +,20,counter_var_0 var_1 +
6960,115 77 64 19 113,37,115 35 60 44 113,19,6,18,14,19,13,33,var_0 counter_var_1 +,24,counter_var_0 var_1 +
6961,115 81 8 26 113,31,115 85 5 47 113,23,27,8,5,26,16,28,var_0 counter_var_1 +,35,counter_var_0 var_1 +
6962,115 3 2 63 113,5,115 28 29 25 113,3,28,2,6,1,25,9,var_0 counter_var_1 +,30,counter_var_0 var_1 +
6963,115 53 7 10 113,31,115 18 47 34 113,24,18,7,1,10,3,25,var_0 counter_var_1 +,25,counter_var_0 var_1 +
6964,115 19 55 48 113,28,115 107 107 60 113,19,20,9,15,17,29,34,var_0 counter_var_1 +,29,counter_var_0 var_1 +
6965,115 100 54 83 113,21,115 108 56 59 113,13,21,8,10,21,28,23,var_0 counter_var_1 +,29,counter_var_0 var_1 +
6966,115 112 9 87 113,34,115 81 76 93 113,25,23,9,7,25,0,32,var_0 counter_var_1 +,32,counter_var_0 var_1 +
6967,115 52 7 10 113,30,115 107 91 33 113,23,20,7,22,10,2,45,var_0 counter_var_1 +,27,counter_var_0 var_1 +
6968,115 3 11 30 113,14,115 67 46 80 113,3,9,11,0,30,18,3,var_0 counter_var_1 +,20,counter_var_0 var_1 +
6969,115 48 106 35 113,33,115 92 18 73 113,19,5,14,18,4,11,37,var_0 counter_var_1 +,19,counter_var_0 var_1 +
6970,115 97 103 49 113,21,115 101 56 59 113,10,14,11,10,18,28,20,var_0 counter_var_1 +,25,counter_var_0 var_1 +
6971,115 78 107 60 113,35,115 8 35 9 113,20,8,15,12,29,9,32,var_0 counter_var_1 +,23,counter_var_0 var_1 +
6972,115 53 49 72 113,27,115 40 4 52 113,24,11,3,4,10,21,28,var_0 counter_var_1 +,14,counter_var_0 var_1 +
6973,115 24 63 43 113,41,115 88 92 2 113,24,1,17,0,12,2,24,var_0 counter_var_1 +,18,counter_var_0 var_1 +
6974,115 22 34 27 113,33,115 55 46 80 113,22,26,11,0,27,18,22,var_0 counter_var_1 +,37,counter_var_0 var_1 +
6975,115 63 20 8 113,25,115 34 24 5 113,5,5,20,1,8,5,6,var_0 counter_var_1 +,25,counter_var_0 var_1 +
6976,115 111 78 65 113,33,115 47 64 19 113,24,18,9,18,3,19,42,var_0 counter_var_1 +,27,counter_var_0 var_1 +
6977,115 106 71 74 113,21,115 27 91 33 113,19,27,2,22,12,2,41,var_0 counter_var_1 +,29,counter_var_0 var_1 +
6978,115 94 71 74 113,9,115 28 33 50 113,7,28,2,10,12,19,17,var_0 counter_var_1 +,30,counter_var_0 var_1 +
6979,115 5 11 30 113,16,115 91 53 51 113,5,4,11,7,30,20,12,var_0 counter_var_1 +,15,counter_var_0 var_1 +
6980,115 93 11 30 113,17,115 13 69 99 113,6,13,11,0,30,6,6,var_0 counter_var_1 +,24,counter_var_0 var_1 +
6981,115 103 86 45 113,33,115 112 78 65 113,16,25,17,9,14,3,25,var_0 counter_var_1 +,42,counter_var_0 var_1 +
6982,115 45 17 108 113,33,115 46 79 57 113,16,17,17,10,15,26,26,var_0 counter_var_1 +,34,counter_var_0 var_1 +
6983,115 40 44 107 113,32,115 68 46 80 113,11,10,21,0,14,18,11,var_0 counter_var_1 +,31,counter_var_0 var_1 +
6984,115 49 89 28 113,40,115 5 32 64 113,20,5,20,9,28,2,29,var_0 counter_var_1 +,25,counter_var_0 var_1 +
6985,115 112 11 30 113,36,115 36 50 77 113,25,7,11,4,30,15,29,var_0 counter_var_1 +,18,counter_var_0 var_1 +
6986,115 79 72 71 113,24,115 66 79 57 113,21,8,3,10,9,26,31,var_0 counter_var_1 +,11,counter_var_0 var_1 +
6987,115 35 82 67 113,19,115 11 81 54 113,6,11,13,12,5,23,18,var_0 counter_var_1 +,24,counter_var_0 var_1 +
6988,115 73 52 95 113,21,115 104 18 73 113,15,17,6,18,2,11,33,var_0 counter_var_1 +,23,counter_var_0 var_1 +
6989,115 12 6 56 113,18,115 58 88 66 113,12,0,6,19,25,4,31,var_0 counter_var_1 +,6,counter_var_0 var_1 +
6990,115 63 94 39 113,7,115 39 51 97 113,5,10,2,5,8,4,10,var_0 counter_var_1 +,12,counter_var_0 var_1 +
6991,115 37 37 42 113,22,115 30 102 16 113,8,1,14,10,11,16,18,var_0 counter_var_1 +,15,counter_var_0 var_1 +
6992,115 51 15 53 113,37,115 86 67 46 113,22,28,15,21,22,15,43,var_0 counter_var_1 +,43,counter_var_0 var_1 +
6993,115 25 64 19 113,43,115 98 19 86 113,25,11,18,19,19,24,44,var_0 counter_var_1 +,29,counter_var_0 var_1 +
6994,115 38 51 97 113,14,115 68 97 81 113,9,10,5,5,4,19,14,var_0 counter_var_1 +,15,counter_var_0 var_1 +
6995,115 103 85 3 113,32,115 40 87 69 113,16,11,16,18,3,7,34,var_0 counter_var_1 +,27,counter_var_0 var_1 +
6996,115 19 70 36 113,20,115 61 104 84 113,19,3,1,12,5,22,31,var_0 counter_var_1 +,4,counter_var_0 var_1 +
6997,115 1 42 55 113,20,115 89 26 112 113,1,2,19,3,24,19,4,var_0 counter_var_1 +,21,counter_var_0 var_1 +
6998,115 110 29 25 113,29,115 34 65 17 113,23,5,6,19,25,17,42,var_0 counter_var_1 +,11,counter_var_0 var_1 +
6999,115 56 97 81 113,32,115 25 70 36 113,27,25,5,1,19,5,28,var_0 counter_var_1 +,30,counter_var_0 var_1 +
7000,115 41 76 93 113,19,115 17 101 104 113,12,17,7,9,0,11,21,var_0 counter_var_1 +,24,counter_var_0 var_1 +
7001,115 24 94 39 113,26,115 41 74 13 113,24,12,2,5,8,13,29,var_0 counter_var_1 +,14,counter_var_0 var_1 +
7002,115 23 45 76 113,45,115 10 52 95 113,23,10,22,6,14,2,29,var_0 counter_var_1 +,32,counter_var_0 var_1 +
7003,115 87 16 94 113,16,115 59 91 33 113,0,1,16,22,1,2,22,var_0 counter_var_1 +,17,counter_var_0 var_1 +
7004,115 22 7 10 113,29,115 15 92 2 113,22,15,7,0,10,2,22,var_0 counter_var_1 +,22,counter_var_0 var_1 +
7005,115 39 69 99 113,10,115 72 71 74 113,10,14,0,2,6,12,12,var_0 counter_var_1 +,14,counter_var_0 var_1 +
7006,115 58 53 51 113,7,115 107 83 38 113,0,20,7,14,20,7,14,var_0 counter_var_1 +,27,counter_var_0 var_1 +
7007,115 64 19 86 113,25,115 112 21 92 113,6,25,19,21,24,30,27,var_0 counter_var_1 +,44,counter_var_0 var_1 +
7008,115 1 22 75 113,23,115 13 91 33 113,1,13,22,22,13,2,23,var_0 counter_var_1 +,35,counter_var_0 var_1 +
7009,115 81 5 47 113,28,115 95 68 100 113,23,8,5,22,16,7,45,var_0 counter_var_1 +,13,counter_var_0 var_1 +
7010,115 58 13 91 113,13,115 110 103 49 113,0,23,13,11,29,18,11,var_0 counter_var_1 +,36,counter_var_0 var_1 +
7011,115 13 25 111 113,15,115 14 77 105 113,13,14,2,8,18,12,21,var_0 counter_var_1 +,16,counter_var_0 var_1 +
7012,115 5 99 85 113,12,115 7 112 103 113,5,7,7,20,23,10,25,var_0 counter_var_1 +,14,counter_var_0 var_1 +
7013,115 108 1 40 113,22,115 69 20 8 113,21,11,1,20,9,8,41,var_0 counter_var_1 +,12,counter_var_0 var_1 +
7014,115 75 86 45 113,34,115 14 32 64 113,17,14,17,9,14,2,26,var_0 counter_var_1 +,31,counter_var_0 var_1 +
7015,115 82 39 14 113,40,115 20 86 45 113,24,20,16,17,14,14,41,var_0 counter_var_1 +,36,counter_var_0 var_1 +
7016,115 34 60 44 113,19,115 26 62 41 113,5,26,14,16,13,10,21,var_0 counter_var_1 +,40,counter_var_0 var_1 +
7017,115 5 48 89 113,7,115 92 64 19 113,5,5,2,18,27,19,23,var_0 counter_var_1 +,7,counter_var_0 var_1 +
7018,115 98 10 68 113,21,115 107 110 61 113,11,20,10,18,6,30,29,var_0 counter_var_1 +,30,counter_var_0 var_1 +
7019,115 9 91 33 113,31,115 33 76 93 113,9,4,22,7,2,0,16,var_0 counter_var_1 +,26,counter_var_0 var_1 +
7020,115 27 14 24 113,41,115 67 19 86 113,27,9,14,19,24,24,46,var_0 counter_var_1 +,23,counter_var_0 var_1 +
7021,115 64 54 83 113,14,115 100 60 44 113,6,13,8,14,21,13,20,var_0 counter_var_1 +,21,counter_var_0 var_1 +
7022,115 10 52 95 113,16,115 11 9 87 113,10,11,6,9,2,25,19,var_0 counter_var_1 +,17,counter_var_0 var_1 +
7023,115 69 88 66 113,30,115 63 80 31 113,11,5,19,11,4,0,22,var_0 counter_var_1 +,24,counter_var_0 var_1 +
7024,115 5 1 40 113,6,115 59 22 75 113,5,1,1,22,9,13,27,var_0 counter_var_1 +,2,counter_var_0 var_1 +
7025,115 58 108 58 113,16,115 36 76 93 113,0,7,16,7,27,0,7,var_0 counter_var_1 +,23,counter_var_0 var_1 +
7026,115 83 96 6 113,29,115 105 82 67 113,25,18,4,13,6,5,38,var_0 counter_var_1 +,22,counter_var_0 var_1 +
7027,115 104 66 102 113,37,115 49 25 111 113,17,20,20,2,9,18,19,var_0 counter_var_1 +,40,counter_var_0 var_1 +
7028,115 59 78 65 113,10,115 61 107 60 113,1,3,9,15,3,29,16,var_0 counter_var_1 +,12,counter_var_0 var_1 +
7029,115 95 4 52 113,12,115 14 63 43 113,8,14,4,17,21,12,25,var_0 counter_var_1 +,18,counter_var_0 var_1 +
7030,115 34 89 28 113,25,115 21 82 67 113,5,21,20,13,28,5,18,var_0 counter_var_1 +,41,counter_var_0 var_1 +
7031,115 72 3 15 113,17,115 22 85 3 113,14,22,3,16,15,3,30,var_0 counter_var_1 +,25,counter_var_0 var_1 +
7032,115 104 93 37 113,18,115 71 68 100 113,17,13,1,22,6,7,39,var_0 counter_var_1 +,14,counter_var_0 var_1 +
7033,115 18 52 95 113,24,115 54 19 86 113,18,25,6,19,2,24,37,var_0 counter_var_1 +,31,counter_var_0 var_1 +
7034,115 97 71 74 113,12,115 50 47 34 113,10,21,2,1,12,3,11,var_0 counter_var_1 +,23,counter_var_0 var_1 +
7035,115 27 89 28 113,47,115 72 20 8 113,27,14,20,20,28,8,47,var_0 counter_var_1 +,34,counter_var_0 var_1 +
7036,115 110 30 70 113,30,115 100 84 32 113,23,13,7,15,8,1,38,var_0 counter_var_1 +,20,counter_var_0 var_1 +
7037,115 83 53 51 113,32,115 20 31 109 113,25,20,7,8,20,16,33,var_0 counter_var_1 +,27,counter_var_0 var_1 +
7038,115 4 44 107 113,25,115 0 58 98 113,4,0,21,12,14,5,16,var_0 counter_var_1 +,21,counter_var_0 var_1 +
7039,115 97 106 35 113,24,115 99 60 44 113,10,12,14,14,4,13,24,var_0 counter_var_1 +,26,counter_var_0 var_1 +
7040,115 52 63 43 113,40,115 51 16 94 113,23,22,17,16,12,1,39,var_0 counter_var_1 +,39,counter_var_0 var_1 +
7041,115 25 97 81 113,30,115 81 48 89 113,25,23,5,2,19,27,27,var_0 counter_var_1 +,28,counter_var_0 var_1 +
7042,115 74 18 73 113,34,115 95 39 14 113,16,8,18,16,11,14,32,var_0 counter_var_1 +,26,counter_var_0 var_1 +
7043,115 69 40 11 113,28,115 7 96 6 113,11,7,17,4,11,6,15,var_0 counter_var_1 +,24,counter_var_0 var_1 +
7044,115 87 52 95 113,6,115 60 50 77 113,0,2,6,4,2,15,4,var_0 counter_var_1 +,8,counter_var_0 var_1 +
7045,115 1 19 86 113,20,115 96 73 96 113,1,9,19,4,24,3,5,var_0 counter_var_1 +,28,counter_var_0 var_1 +
7046,115 39 79 57 113,20,115 83 54 83 113,10,25,10,8,26,21,18,var_0 counter_var_1 +,35,counter_var_0 var_1 +
7047,115 57 51 97 113,33,115 72 8 26 113,28,14,5,8,4,26,36,var_0 counter_var_1 +,19,counter_var_0 var_1 +
7048,115 51 16 94 113,38,115 72 68 100 113,22,14,16,22,1,7,44,var_0 counter_var_1 +,30,counter_var_0 var_1 +
7049,115 67 44 107 113,30,115 65 75 82 113,9,7,21,6,14,20,15,var_0 counter_var_1 +,28,counter_var_0 var_1 +
7050,115 96 84 32 113,24,115 78 88 66 113,9,20,15,19,1,4,28,var_0 counter_var_1 +,35,counter_var_0 var_1 +
7051,115 103 105 62 113,29,115 27 36 106 113,16,27,13,13,0,13,29,var_0 counter_var_1 +,40,counter_var_0 var_1 +
7052,115 9 9 87 113,18,115 30 23 4 113,9,1,9,0,25,4,9,var_0 counter_var_1 +,10,counter_var_0 var_1 +
7053,115 56 76 93 113,34,115 92 19 86 113,27,5,7,19,0,24,46,var_0 counter_var_1 +,12,counter_var_0 var_1 +
7054,115 82 49 72 113,27,115 63 43 110 113,24,5,3,20,10,17,44,var_0 counter_var_1 +,8,counter_var_0 var_1 +
7055,115 4 30 70 113,11,115 17 102 16 113,4,17,7,10,8,16,14,var_0 counter_var_1 +,24,counter_var_0 var_1 +
7056,115 84 30 70 113,33,115 4 35 9 113,26,4,7,12,8,9,38,var_0 counter_var_1 +,11,counter_var_0 var_1 +
7057,115 48 80 31 113,30,115 40 111 12 113,19,11,11,19,0,12,38,var_0 counter_var_1 +,22,counter_var_0 var_1 +
7058,115 89 93 37 113,3,115 52 85 3 113,2,23,1,16,6,3,18,var_0 counter_var_1 +,24,counter_var_0 var_1 +
7059,115 5 95 29 113,8,115 92 15 53 113,5,5,3,15,29,22,20,var_0 counter_var_1 +,8,counter_var_0 var_1 +
7060,115 97 31 109 113,18,115 108 29 25 113,10,21,8,6,16,25,16,var_0 counter_var_1 +,29,counter_var_0 var_1 +
7061,115 55 61 18 113,41,115 26 21 92 113,26,26,15,21,18,30,47,var_0 counter_var_1 +,41,counter_var_0 var_1 +
7062,115 69 110 61 113,29,115 62 7 10 113,11,4,18,7,30,10,18,var_0 counter_var_1 +,22,counter_var_0 var_1 +
7063,115 37 110 61 113,26,115 34 45 76 113,8,5,18,22,30,14,30,var_0 counter_var_1 +,23,counter_var_0 var_1 +
7064,115 13 96 6 113,17,115 20 9 87 113,13,20,4,9,6,25,22,var_0 counter_var_1 +,24,counter_var_0 var_1 +
7065,115 48 27 88 113,23,115 13 1 40 113,19,13,4,1,26,9,20,var_0 counter_var_1 +,17,counter_var_0 var_1 +
7066,115 78 27 88 113,24,115 30 26 112 113,20,1,4,3,26,19,23,var_0 counter_var_1 +,5,counter_var_0 var_1 +
7067,115 77 103 49 113,30,115 35 81 54 113,19,6,11,12,18,23,31,var_0 counter_var_1 +,17,counter_var_0 var_1 +
7068,115 5 19 86 113,24,115 17 79 57 113,5,17,19,10,24,26,15,var_0 counter_var_1 +,36,counter_var_0 var_1 +
7069,115 51 112 103 113,42,115 46 23 4 113,22,17,20,0,10,4,22,var_0 counter_var_1 +,37,counter_var_0 var_1 +
7070,115 14 97 81 113,19,115 75 80 31 113,14,17,5,11,19,0,25,var_0 counter_var_1 +,22,counter_var_0 var_1 +
7071,115 9 100 0 113,17,115 51 96 6 113,9,22,8,4,0,6,13,var_0 counter_var_1 +,30,counter_var_0 var_1 +
7072,115 24 24 5 113,25,115 24 80 31 113,24,24,1,11,5,0,35,var_0 counter_var_1 +,25,counter_var_0 var_1 +
7073,115 49 39 14 113,36,115 85 80 31 113,20,27,16,11,14,0,31,var_0 counter_var_1 +,43,counter_var_0 var_1 +
7074,115 70 67 46 113,33,115 40 33 50 113,12,11,21,10,15,19,22,var_0 counter_var_1 +,32,counter_var_0 var_1 +
7075,115 105 62 41 113,34,115 48 13 91 113,18,19,16,13,10,29,31,var_0 counter_var_1 +,35,counter_var_0 var_1 +
7076,115 41 85 3 113,28,115 9 27 88 113,12,9,16,4,3,26,16,var_0 counter_var_1 +,25,counter_var_0 var_1 +
7077,115 87 78 65 113,9,115 77 94 39 113,0,19,9,2,3,8,2,var_0 counter_var_1 +,28,counter_var_0 var_1 +
7078,115 81 48 89 113,25,115 37 58 98 113,23,8,2,12,27,5,35,var_0 counter_var_1 +,10,counter_var_0 var_1 +
7079,115 13 70 36 113,14,115 51 22 75 113,13,22,1,22,5,13,35,var_0 counter_var_1 +,23,counter_var_0 var_1 +
7080,115 95 75 82 113,14,115 6 42 55 113,8,6,6,19,20,24,27,var_0 counter_var_1 +,12,counter_var_0 var_1 +
7081,115 66 54 83 113,16,115 92 35 9 113,8,5,8,12,21,9,20,var_0 counter_var_1 +,13,counter_var_0 var_1 +
7082,115 110 101 104 113,32,115 74 97 81 113,23,16,9,5,11,19,28,var_0 counter_var_1 +,25,counter_var_0 var_1 +
7083,115 83 24 5 113,26,115 46 27 88 113,25,17,1,4,5,26,29,var_0 counter_var_1 +,18,counter_var_0 var_1 +
7084,115 41 34 27 113,23,115 50 34 27 113,12,21,11,11,27,27,23,var_0 counter_var_1 +,32,counter_var_0 var_1 +
7085,115 95 39 14 113,24,115 57 75 82 113,8,28,16,6,14,20,14,var_0 counter_var_1 +,44,counter_var_0 var_1 +
7086,115 75 43 110 113,37,115 67 31 109 113,17,9,20,8,17,16,25,var_0 counter_var_1 +,29,counter_var_0 var_1 +
7087,115 11 17 108 113,28,115 95 47 34 113,11,8,17,1,15,3,12,var_0 counter_var_1 +,25,counter_var_0 var_1 +
7088,115 104 109 79 113,34,115 24 36 106 113,17,24,17,13,17,13,30,var_0 counter_var_1 +,41,counter_var_0 var_1 +
7089,115 81 32 64 113,32,115 19 22 75 113,23,19,9,22,2,13,45,var_0 counter_var_1 +,28,counter_var_0 var_1 +
7090,115 21 45 76 113,43,115 54 20 8 113,21,25,22,20,14,8,41,var_0 counter_var_1 +,47,counter_var_0 var_1 +
7091,115 38 35 9 113,21,115 74 86 45 113,9,16,12,17,9,14,26,var_0 counter_var_1 +,28,counter_var_0 var_1 +
7092,115 107 48 89 113,22,115 112 100 0 113,20,25,2,8,27,0,28,var_0 counter_var_1 +,27,counter_var_0 var_1 +
7093,115 99 46 80 113,12,115 57 9 87 113,12,28,0,9,18,25,21,var_0 counter_var_1 +,28,counter_var_0 var_1 +
7094,115 70 66 102 113,32,115 37 61 18 113,12,8,20,15,9,18,27,var_0 counter_var_1 +,28,counter_var_0 var_1 +
7095,115 67 63 43 113,26,115 9 53 51 113,9,9,17,7,12,20,16,var_0 counter_var_1 +,26,counter_var_0 var_1 +
7096,115 71 30 70 113,20,115 67 61 18 113,13,9,7,15,8,18,28,var_0 counter_var_1 +,16,counter_var_0 var_1 +
7097,115 50 56 59 113,31,115 1 77 105 113,21,1,10,8,28,12,29,var_0 counter_var_1 +,11,counter_var_0 var_1 +
7098,115 21 36 106 113,34,115 75 28 7 113,21,17,13,5,13,7,26,var_0 counter_var_1 +,30,counter_var_0 var_1 +
7099,115 107 14 24 113,34,115 109 69 99 113,20,22,14,0,24,6,20,var_0 counter_var_1 +,36,counter_var_0 var_1 +
7100,115 65 12 21 113,19,115 67 92 2 113,7,9,12,0,21,2,7,var_0 counter_var_1 +,21,counter_var_0 var_1 +
7101,115 6 24 5 113,7,115 49 60 44 113,6,20,1,14,5,13,20,var_0 counter_var_1 +,21,counter_var_0 var_1 +
7102,115 98 63 43 113,28,115 22 1 40 113,11,22,17,1,12,9,12,var_0 counter_var_1 +,39,counter_var_0 var_1 +
7103,115 61 102 16 113,13,115 110 58 98 113,3,23,10,12,16,5,15,var_0 counter_var_1 +,33,counter_var_0 var_1 +
7104,115 88 52 95 113,7,115 71 77 105 113,1,13,6,8,2,12,9,var_0 counter_var_1 +,19,counter_var_0 var_1 +
7105,115 27 27 88 113,31,115 69 102 16 113,27,11,4,10,26,16,37,var_0 counter_var_1 +,15,counter_var_0 var_1 +
7106,115 108 8 26 113,29,115 27 82 67 113,21,27,8,13,26,5,34,var_0 counter_var_1 +,35,counter_var_0 var_1 +
7107,115 38 2 63 113,11,115 111 73 96 113,9,24,2,4,1,3,13,var_0 counter_var_1 +,26,counter_var_0 var_1 +
7108,115 53 44 107 113,45,115 53 48 89 113,24,24,21,2,14,27,26,var_0 counter_var_1 +,45,counter_var_0 var_1 +
7109,115 65 30 70 113,14,115 19 29 25 113,7,19,7,6,8,25,13,var_0 counter_var_1 +,26,counter_var_0 var_1 +
7110,115 111 95 29 113,27,115 82 82 67 113,24,24,3,13,29,5,37,var_0 counter_var_1 +,27,counter_var_0 var_1 +
7111,115 92 44 107 113,26,115 61 49 72 113,5,3,21,3,14,10,8,var_0 counter_var_1 +,24,counter_var_0 var_1 +
7112,115 59 34 27 113,12,115 21 13 91 113,1,21,11,13,27,29,14,var_0 counter_var_1 +,32,counter_var_0 var_1 +
7113,115 97 86 45 113,27,115 20 45 76 113,10,20,17,22,14,14,32,var_0 counter_var_1 +,37,counter_var_0 var_1 +
7114,115 99 110 61 113,30,115 90 20 8 113,12,3,18,20,30,8,32,var_0 counter_var_1 +,21,counter_var_0 var_1 +
7115,115 63 58 98 113,17,115 112 98 78 113,5,25,12,6,5,16,11,var_0 counter_var_1 +,37,counter_var_0 var_1 +
7116,115 55 68 100 113,48,115 64 69 99 113,26,6,22,0,7,6,26,var_0 counter_var_1 +,28,counter_var_0 var_1 +
7117,115 20 19 86 113,39,115 58 98 78 113,20,0,19,6,24,16,26,var_0 counter_var_1 +,19,counter_var_0 var_1 +
7118,115 16 72 71 113,19,115 58 84 32 113,16,0,3,15,9,1,31,var_0 counter_var_1 +,3,counter_var_0 var_1 +
7119,115 4 13 91 113,17,115 10 90 90 113,4,10,13,21,29,28,25,var_0 counter_var_1 +,23,counter_var_0 var_1 +
7120,115 5 91 33 113,27,115 69 21 92 113,5,11,22,21,2,30,26,var_0 counter_var_1 +,33,counter_var_0 var_1 +
7121,115 59 74 13 113,6,115 17 64 19 113,1,17,5,18,13,19,19,var_0 counter_var_1 +,22,counter_var_0 var_1 +
7122,115 97 90 90 113,31,115 105 88 66 113,10,18,21,19,28,4,29,var_0 counter_var_1 +,39,counter_var_0 var_1 +
7123,115 18 91 33 113,40,115 20 35 9 113,18,20,22,12,2,9,30,var_0 counter_var_1 +,42,counter_var_0 var_1 +
7124,115 57 4 52 113,32,115 33 52 95 113,28,4,4,6,21,2,34,var_0 counter_var_1 +,8,counter_var_0 var_1 +
7125,115 8 22 75 113,30,115 111 77 105 113,8,24,22,8,13,12,16,var_0 counter_var_1 +,46,counter_var_0 var_1 +
7126,115 63 1 40 113,6,115 75 27 88 113,5,17,1,4,9,26,9,var_0 counter_var_1 +,18,counter_var_0 var_1 +
7127,115 34 108 58 113,21,115 66 19 86 113,5,8,16,19,27,24,24,var_0 counter_var_1 +,24,counter_var_0 var_1 +
7128,115 97 59 23 113,23,115 4 20 8 113,10,4,13,20,23,8,30,var_0 counter_var_1 +,17,counter_var_0 var_1 +
7129,115 89 63 43 113,19,115 85 42 55 113,2,27,17,19,12,24,21,var_0 counter_var_1 +,44,counter_var_0 var_1 +
7130,115 60 60 44 113,16,115 40 99 85 113,2,11,14,7,13,23,9,var_0 counter_var_1 +,25,counter_var_0 var_1 +
7131,115 52 86 45 113,40,115 88 61 18 113,23,1,17,15,14,18,38,var_0 counter_var_1 +,18,counter_var_0 var_1 +
7132,115 88 45 76 113,23,115 80 18 73 113,1,22,22,18,14,11,19,var_0 counter_var_1 +,44,counter_var_0 var_1 +
7133,115 39 26 112 113,13,115 88 2 63 113,10,1,3,2,19,1,12,var_0 counter_var_1 +,4,counter_var_0 var_1 +
7134,115 84 5 47 113,31,115 36 67 46 113,26,7,5,21,16,15,47,var_0 counter_var_1 +,12,counter_var_0 var_1 +
7135,115 108 68 100 113,43,115 58 107 60 113,21,0,22,15,7,29,36,var_0 counter_var_1 +,22,counter_var_0 var_1 +
7136,115 39 67 46 113,31,115 78 33 50 113,10,20,21,10,15,19,20,var_0 counter_var_1 +,41,counter_var_0 var_1 +
7137,115 107 21 92 113,41,115 43 62 41 113,20,14,21,16,30,10,36,var_0 counter_var_1 +,35,counter_var_0 var_1 +
7138,115 77 44 107 113,40,115 22 9 87 113,19,22,21,9,14,25,28,var_0 counter_var_1 +,43,counter_var_0 var_1 +
7139,115 86 112 103 113,48,115 41 18 73 113,28,12,20,18,10,11,46,var_0 counter_var_1 +,32,counter_var_0 var_1 +
7140,115 88 62 41 113,17,115 21 1 40 113,1,21,16,1,10,9,2,var_0 counter_var_1 +,37,counter_var_0 var_1 +
7141,115 77 0 101 113,19,115 19 69 99 113,19,19,0,0,8,6,19,var_0 counter_var_1 +,19,counter_var_0 var_1 +
7142,115 45 63 43 113,33,115 94 107 60 113,16,7,17,15,12,29,31,var_0 counter_var_1 +,24,counter_var_0 var_1 +
7143,115 61 76 93 113,10,115 5 3 15 113,3,5,7,3,0,15,6,var_0 counter_var_1 +,12,counter_var_0 var_1 +
7144,115 6 66 102 113,26,115 28 12 21 113,6,28,20,12,9,21,18,var_0 counter_var_1 +,48,counter_var_0 var_1 +
7145,115 54 48 89 113,27,115 71 101 104 113,25,13,2,9,27,11,34,var_0 counter_var_1 +,15,counter_var_0 var_1 +
7146,115 35 14 24 113,20,115 25 40 11 113,6,25,14,17,24,11,23,var_0 counter_var_1 +,39,counter_var_0 var_1 +
7147,115 99 76 93 113,19,115 80 11 30 113,12,22,7,11,0,30,23,var_0 counter_var_1 +,29,counter_var_0 var_1 +
7148,115 45 108 58 113,32,115 106 59 23 113,16,19,16,13,27,23,29,var_0 counter_var_1 +,35,counter_var_0 var_1 +
7149,115 85 33 50 113,37,115 106 12 21 113,27,19,10,12,19,21,39,var_0 counter_var_1 +,29,counter_var_0 var_1 +
7150,115 94 25 111 113,9,115 82 64 19 113,7,24,2,18,18,19,25,var_0 counter_var_1 +,26,counter_var_0 var_1 +
7151,115 73 45 76 113,37,115 49 96 6 113,15,20,22,4,14,6,19,var_0 counter_var_1 +,42,counter_var_0 var_1 +
7152,115 109 13 91 113,35,115 55 110 61 113,22,26,13,18,29,30,40,var_0 counter_var_1 +,39,counter_var_0 var_1 +
7153,115 94 57 1 113,18,115 73 55 48 113,7,15,11,9,1,17,16,var_0 counter_var_1 +,26,counter_var_0 var_1 +
7154,115 56 45 76 113,49,115 2 87 69 113,27,2,22,18,14,7,45,var_0 counter_var_1 +,24,counter_var_0 var_1 +
7155,115 82 44 107 113,45,115 102 85 3 113,24,15,21,16,14,3,40,var_0 counter_var_1 +,36,counter_var_0 var_1 +
7156,115 101 54 83 113,22,115 30 90 90 113,14,1,8,21,21,28,35,var_0 counter_var_1 +,9,counter_var_0 var_1 +
7157,115 24 61 18 113,39,115 48 9 87 113,24,19,15,9,18,25,33,var_0 counter_var_1 +,34,counter_var_0 var_1 +
7158,115 37 22 75 113,30,115 110 56 59 113,8,23,22,10,13,28,18,var_0 counter_var_1 +,45,counter_var_0 var_1 +
7159,115 78 48 89 113,22,115 50 2 63 113,20,21,2,2,27,1,22,var_0 counter_var_1 +,23,counter_var_0 var_1 +
7160,115 37 55 48 113,17,115 11 24 5 113,8,11,9,1,17,5,9,var_0 counter_var_1 +,20,counter_var_0 var_1 +
7161,115 36 62 41 113,23,115 100 18 73 113,7,13,16,18,10,11,25,var_0 counter_var_1 +,29,counter_var_0 var_1 +
7162,115 39 81 54 113,22,115 52 58 98 113,10,23,12,12,23,5,22,var_0 counter_var_1 +,35,counter_var_0 var_1 +
7163,115 21 111 12 113,40,115 35 100 0 113,21,6,19,8,12,0,29,var_0 counter_var_1 +,25,counter_var_0 var_1 +
7164,115 100 102 16 113,23,115 41 6 56 113,13,12,10,6,16,25,19,var_0 counter_var_1 +,22,counter_var_0 var_1 +
7165,115 7 53 51 113,14,115 86 100 0 113,7,28,7,8,20,0,15,var_0 counter_var_1 +,35,counter_var_0 var_1 +
7166,115 52 77 105 113,31,115 83 64 19 113,23,25,8,18,12,19,41,var_0 counter_var_1 +,33,counter_var_0 var_1 +
7167,115 15 49 72 113,18,115 31 65 17 113,15,2,3,19,10,17,34,var_0 counter_var_1 +,5,counter_var_0 var_1 +
7168,115 50 27 88 113,25,115 73 20 8 113,21,15,4,20,26,8,41,var_0 counter_var_1 +,19,counter_var_0 var_1 +
7169,115 37 57 1 113,19,115 13 7 10 113,8,13,11,7,1,10,15,var_0 counter_var_1 +,24,counter_var_0 var_1 +
7170,115 33 45 76 113,26,115 85 53 51 113,4,27,22,7,14,20,11,var_0 counter_var_1 +,49,counter_var_0 var_1 +
7171,115 103 52 95 113,22,115 51 24 5 113,16,22,6,1,2,5,17,var_0 counter_var_1 +,28,counter_var_0 var_1 +
7172,115 73 53 51 113,22,115 24 16 94 113,15,24,7,16,20,1,31,var_0 counter_var_1 +,31,counter_var_0 var_1 +
7173,115 33 4 52 113,8,115 84 107 60 113,4,26,4,15,21,29,19,var_0 counter_var_1 +,30,counter_var_0 var_1 +
7174,115 38 94 39 113,11,115 88 24 5 113,9,1,2,1,8,5,10,var_0 counter_var_1 +,3,counter_var_0 var_1 +
7175,115 101 74 13 113,19,115 65 45 76 113,14,7,5,22,13,14,36,var_0 counter_var_1 +,12,counter_var_0 var_1 +
7176,115 36 1 40 113,8,115 15 56 59 113,7,15,1,10,9,28,17,var_0 counter_var_1 +,16,counter_var_0 var_1 +
7177,115 101 92 2 113,14,115 48 22 75 113,14,19,0,22,2,13,36,var_0 counter_var_1 +,19,counter_var_0 var_1 +
7178,115 89 39 14 113,18,115 75 11 30 113,2,17,16,11,14,30,13,var_0 counter_var_1 +,33,counter_var_0 var_1 +
7179,115 44 53 51 113,22,115 47 22 75 113,15,18,7,22,20,13,37,var_0 counter_var_1 +,25,counter_var_0 var_1 +
7180,115 91 85 3 113,20,115 77 18 73 113,4,19,16,18,3,11,22,var_0 counter_var_1 +,35,counter_var_0 var_1 +
7181,115 56 99 85 113,34,115 27 18 73 113,27,27,7,18,23,11,45,var_0 counter_var_1 +,34,counter_var_0 var_1 +
7182,115 19 19 86 113,38,115 77 3 15 113,19,19,19,3,24,15,22,var_0 counter_var_1 +,38,counter_var_0 var_1 +
7183,115 34 39 14 113,21,115 2 15 53 113,5,2,16,15,14,22,20,var_0 counter_var_1 +,18,counter_var_0 var_1 +
7184,115 44 87 69 113,33,115 0 71 74 113,15,0,18,2,7,12,17,var_0 counter_var_1 +,18,counter_var_0 var_1 +
7185,115 18 23 4 113,18,115 86 41 22 113,18,28,0,18,4,22,36,var_0 counter_var_1 +,28,counter_var_0 var_1 +
7186,115 42 19 86 113,32,115 94 2 63 113,13,7,19,2,24,1,15,var_0 counter_var_1 +,26,counter_var_0 var_1 +
7187,115 76 60 44 113,32,115 40 48 89 113,18,11,14,2,13,27,20,var_0 counter_var_1 +,25,counter_var_0 var_1 +
7188,115 102 42 55 113,34,115 109 65 17 113,15,22,19,19,24,17,34,var_0 counter_var_1 +,41,counter_var_0 var_1 +
7189,115 74 74 13 113,21,115 10 106 35 113,16,10,5,14,13,4,30,var_0 counter_var_1 +,15,counter_var_0 var_1 +
7190,115 31 20 8 113,22,115 109 53 51 113,2,22,20,7,8,20,9,var_0 counter_var_1 +,42,counter_var_0 var_1 +
7191,115 82 63 43 113,41,115 72 13 91 113,24,14,17,13,12,29,37,var_0 counter_var_1 +,31,counter_var_0 var_1 +
7192,115 77 4 52 113,23,115 82 30 70 113,19,24,4,7,21,8,26,var_0 counter_var_1 +,28,counter_var_0 var_1 +
7193,115 66 22 75 113,30,115 31 18 73 113,8,2,22,18,13,11,26,var_0 counter_var_1 +,24,counter_var_0 var_1 +
7194,115 40 30 70 113,18,115 92 26 112 113,11,5,7,3,8,19,14,var_0 counter_var_1 +,12,counter_var_0 var_1 +
7195,115 54 26 112 113,28,115 96 76 93 113,25,9,3,7,19,0,32,var_0 counter_var_1 +,12,counter_var_0 var_1 +
7196,115 44 33 50 113,25,115 58 94 39 113,15,0,10,2,19,8,17,var_0 counter_var_1 +,10,counter_var_0 var_1 +
7197,115 80 108 58 113,38,115 93 72 71 113,22,6,16,3,27,9,25,var_0 counter_var_1 +,22,counter_var_0 var_1 +
7198,115 1 30 70 113,8,115 9 66 102 113,1,9,7,20,8,9,21,var_0 counter_var_1 +,16,counter_var_0 var_1 +
7199,115 99 60 44 113,26,115 67 99 85 113,12,9,14,7,13,23,19,var_0 counter_var_1 +,23,counter_var_0 var_1 +
7200,115 111 80 31 113,35,115 108 27 88 113,24,21,11,4,0,26,28,var_0 counter_var_1 +,32,counter_var_0 var_1 +
7201,115 32 15 53 113,18,115 49 109 79 113,3,20,15,17,22,17,20,var_0 counter_var_1 +,35,counter_var_0 var_1 +
7202,115 59 47 34 113,2,115 78 105 62 113,1,20,1,13,3,0,14,var_0 counter_var_1 +,21,counter_var_0 var_1 +
7203,115 34 17 108 113,22,115 53 38 20 113,5,24,17,15,15,20,20,var_0 counter_var_1 +,41,counter_var_0 var_1 +
7204,115 53 97 81 113,29,115 79 109 79 113,24,21,5,17,19,17,41,var_0 counter_var_1 +,26,counter_var_0 var_1 +
7205,115 66 25 111 113,10,115 85 3 15 113,8,27,2,3,18,15,11,var_0 counter_var_1 +,29,counter_var_0 var_1 +
7206,115 4 40 11 113,21,115 52 25 111 113,4,23,17,2,11,18,6,var_0 counter_var_1 +,40,counter_var_0 var_1 +
7207,115 93 73 96 113,10,115 79 108 58 113,6,21,4,16,3,27,22,var_0 counter_var_1 +,25,counter_var_0 var_1 +
7208,115 28 31 109 113,36,115 70 107 60 113,28,12,8,15,16,29,43,var_0 counter_var_1 +,20,counter_var_0 var_1 +
7209,115 64 42 55 113,25,115 13 94 39 113,6,13,19,2,24,8,8,var_0 counter_var_1 +,32,counter_var_0 var_1 +
7210,115 76 17 108 113,35,115 33 40 11 113,18,4,17,17,15,11,35,var_0 counter_var_1 +,21,counter_var_0 var_1 +
7211,115 9 37 42 113,23,115 10 64 19 113,9,10,14,18,11,19,27,var_0 counter_var_1 +,24,counter_var_0 var_1 +
7212,115 107 89 28 113,40,115 73 25 111 113,20,15,20,2,28,18,22,var_0 counter_var_1 +,35,counter_var_0 var_1 +
7213,115 91 14 24 113,18,115 65 64 19 113,4,7,14,18,24,19,22,var_0 counter_var_1 +,21,counter_var_0 var_1 +
7214,115 18 107 60 113,33,115 85 84 32 113,18,27,15,15,29,1,33,var_0 counter_var_1 +,42,counter_var_0 var_1 +
7215,115 81 69 99 113,23,115 71 36 106 113,23,13,0,13,6,13,36,var_0 counter_var_1 +,13,counter_var_0 var_1 +
7216,115 13 44 107 113,34,115 93 95 29 113,13,6,21,3,14,29,16,var_0 counter_var_1 +,27,counter_var_0 var_1 +
7217,115 8 108 58 113,24,115 99 66 102 113,8,12,16,20,27,9,28,var_0 counter_var_1 +,28,counter_var_0 var_1 +
7218,115 96 64 19 113,27,115 15 6 56 113,9,15,18,6,19,25,15,var_0 counter_var_1 +,33,counter_var_0 var_1 +
7219,115 107 40 11 113,37,115 64 90 90 113,20,6,17,21,11,28,41,var_0 counter_var_1 +,23,counter_var_0 var_1 +
7220,115 69 11 30 113,22,115 46 68 100 113,11,17,11,22,30,7,33,var_0 counter_var_1 +,28,counter_var_0 var_1 +
7221,115 93 108 58 113,22,115 109 21 92 113,6,22,16,21,27,30,27,var_0 counter_var_1 +,38,counter_var_0 var_1 +
7222,115 32 103 49 113,14,115 10 24 5 113,3,10,11,1,18,5,4,var_0 counter_var_1 +,21,counter_var_0 var_1 +
7223,115 87 37 42 113,14,115 95 89 28 113,0,8,14,20,11,28,20,var_0 counter_var_1 +,22,counter_var_0 var_1 +
7224,115 58 104 84 113,12,115 59 8 26 113,0,1,12,8,22,26,8,var_0 counter_var_1 +,13,counter_var_0 var_1 +
7225,115 60 100 0 113,10,115 82 94 39 113,2,24,8,2,0,8,4,var_0 counter_var_1 +,32,counter_var_0 var_1 +
7226,115 89 13 91 113,15,115 46 106 35 113,2,17,13,14,29,4,16,var_0 counter_var_1 +,30,counter_var_0 var_1 +
7227,115 103 36 106 113,29,115 89 91 33 113,16,2,13,22,13,2,38,var_0 counter_var_1 +,15,counter_var_0 var_1 +
7228,115 81 91 33 113,45,115 83 103 49 113,23,25,22,11,2,18,34,var_0 counter_var_1 +,47,counter_var_0 var_1 +
7229,115 44 7 10 113,22,115 19 34 27 113,15,19,7,11,10,27,26,var_0 counter_var_1 +,26,counter_var_0 var_1 +
7230,115 13 1 40 113,14,115 22 89 28 113,13,22,1,20,9,28,33,var_0 counter_var_1 +,23,counter_var_0 var_1 +
7231,115 8 31 109 113,16,115 20 24 5 113,8,20,8,1,16,5,9,var_0 counter_var_1 +,28,counter_var_0 var_1 +
7232,115 96 80 31 113,20,115 110 5 47 113,9,23,11,5,0,16,14,var_0 counter_var_1 +,34,counter_var_0 var_1 +
7233,115 16 63 43 113,33,115 44 62 41 113,16,15,17,16,12,10,32,var_0 counter_var_1 +,32,counter_var_0 var_1 +
7234,115 6 59 23 113,19,115 21 77 105 113,6,21,13,8,23,12,14,var_0 counter_var_1 +,34,counter_var_0 var_1 +
7235,115 73 27 88 113,19,115 34 82 67 113,15,5,4,13,26,5,28,var_0 counter_var_1 +,9,counter_var_0 var_1 +
7236,115 108 104 84 113,33,115 4 12 21 113,21,4,12,12,22,21,33,var_0 counter_var_1 +,16,counter_var_0 var_1 +
7237,115 26 102 16 113,36,115 48 88 66 113,26,19,10,19,16,4,45,var_0 counter_var_1 +,29,counter_var_0 var_1 +
7238,115 94 94 39 113,9,115 20 82 67 113,7,20,2,13,8,5,20,var_0 counter_var_1 +,22,counter_var_0 var_1 +
7239,115 62 103 49 113,15,115 62 82 67 113,4,4,11,13,18,5,17,var_0 counter_var_1 +,15,counter_var_0 var_1 +
7240,115 15 3 15 113,18,115 25 85 3 113,15,25,3,16,15,3,31,var_0 counter_var_1 +,28,counter_var_0 var_1 +
7241,115 71 7 10 113,20,115 94 37 42 113,13,7,7,14,10,11,27,var_0 counter_var_1 +,14,counter_var_0 var_1 +
7242,115 71 51 97 113,18,115 65 109 79 113,13,7,5,17,4,17,30,var_0 counter_var_1 +,12,counter_var_0 var_1 +
7243,115 76 37 42 113,32,115 77 101 104 113,18,19,14,9,11,11,27,var_0 counter_var_1 +,33,counter_var_0 var_1 +
7244,115 81 108 58 113,39,115 51 19 86 113,23,22,16,19,27,24,42,var_0 counter_var_1 +,38,counter_var_0 var_1 +
7245,115 40 103 49 113,22,115 34 30 70 113,11,5,11,7,18,8,18,var_0 counter_var_1 +,16,counter_var_0 var_1 +
7246,115 22 91 33 113,44,115 7 2 63 113,22,7,22,2,2,1,24,var_0 counter_var_1 +,29,counter_var_0 var_1 +
7247,115 16 81 54 113,28,115 109 84 32 113,16,22,12,15,23,1,31,var_0 counter_var_1 +,34,counter_var_0 var_1 +
7248,115 61 18 73 113,21,115 73 63 43 113,3,15,18,17,11,12,20,var_0 counter_var_1 +,33,counter_var_0 var_1 +
7249,115 40 112 103 113,31,115 55 39 14 113,11,26,20,16,10,14,27,var_0 counter_var_1 +,46,counter_var_0 var_1 +
7250,115 50 63 43 113,38,115 18 90 90 113,21,18,17,21,12,28,42,var_0 counter_var_1 +,35,counter_var_0 var_1 +
7251,115 73 68 100 113,37,115 103 24 5 113,15,16,22,1,7,5,16,var_0 counter_var_1 +,38,counter_var_0 var_1 +
7252,115 3 52 95 113,9,115 28 30 70 113,3,28,6,7,2,8,10,var_0 counter_var_1 +,34,counter_var_0 var_1 +
7253,115 55 77 105 113,34,115 77 100 0 113,26,19,8,8,12,0,34,var_0 counter_var_1 +,27,counter_var_0 var_1 +
7254,115 3 29 25 113,9,115 19 107 60 113,3,19,6,15,25,29,18,var_0 counter_var_1 +,25,counter_var_0 var_1 +
7255,115 84 73 96 113,30,115 60 79 57 113,26,2,4,10,3,26,36,var_0 counter_var_1 +,6,counter_var_0 var_1 +
7256,115 29 44 107 113,21,115 42 43 110 113,0,13,21,20,14,17,20,var_0 counter_var_1 +,34,counter_var_0 var_1 +
7257,115 32 6 56 113,9,115 11 56 59 113,3,11,6,10,25,28,13,var_0 counter_var_1 +,17,counter_var_0 var_1 +
7258,115 79 20 8 113,41,115 22 46 80 113,21,22,20,0,8,18,21,var_0 counter_var_1 +,42,counter_var_0 var_1 +
7259,115 59 15 53 113,16,115 77 53 51 113,1,19,15,7,22,20,8,var_0 counter_var_1 +,34,counter_var_0 var_1 +
7260,115 94 6 56 113,13,115 54 39 14 113,7,25,6,16,25,14,23,var_0 counter_var_1 +,31,counter_var_0 var_1 +
7261,115 99 36 106 113,25,115 91 62 41 113,12,4,13,16,13,10,28,var_0 counter_var_1 +,17,counter_var_0 var_1 +
7262,115 25 81 54 113,37,115 85 33 50 113,25,27,12,10,23,19,35,var_0 counter_var_1 +,39,counter_var_0 var_1 +
7263,115 97 33 50 113,20,115 30 112 103 113,10,1,10,20,19,10,30,var_0 counter_var_1 +,11,counter_var_0 var_1 +
7264,115 89 48 89 113,4,115 61 17 108 113,2,3,2,17,27,15,19,var_0 counter_var_1 +,5,counter_var_0 var_1 +
7265,115 104 2 63 113,19,115 12 63 43 113,17,12,2,17,1,12,34,var_0 counter_var_1 +,14,counter_var_0 var_1 +
7266,115 77 84 32 113,34,115 44 88 66 113,19,15,15,19,1,4,38,var_0 counter_var_1 +,30,counter_var_0 var_1 +
7267,115 67 39 14 113,25,115 58 27 88 113,9,0,16,4,14,26,13,var_0 counter_var_1 +,16,counter_var_0 var_1 +
7268,115 96 23 4 113,9,115 0 80 31 113,9,0,0,11,4,0,20,var_0 counter_var_1 +,0,counter_var_0 var_1 +
7269,115 69 61 18 113,26,115 55 27 88 113,11,26,15,4,18,26,15,var_0 counter_var_1 +,41,counter_var_0 var_1 +
7270,115 20 96 6 113,24,115 11 89 28 113,20,11,4,20,6,28,40,var_0 counter_var_1 +,15,counter_var_0 var_1 +
7271,115 12 39 14 113,28,115 99 105 62 113,12,12,16,13,14,0,25,var_0 counter_var_1 +,28,counter_var_0 var_1 +
7272,115 64 7 10 113,13,115 27 106 35 113,6,27,7,14,10,4,20,var_0 counter_var_1 +,34,counter_var_0 var_1 +
7273,115 109 21 92 113,43,115 10 7 10 113,22,10,21,7,30,10,29,var_0 counter_var_1 +,31,counter_var_0 var_1 +
7274,115 18 110 61 113,36,115 74 99 85 113,18,16,18,7,30,23,25,var_0 counter_var_1 +,34,counter_var_0 var_1 +
7275,115 19 99 85 113,26,115 28 45 76 113,19,28,7,22,23,14,41,var_0 counter_var_1 +,35,counter_var_0 var_1 +
7276,115 56 104 84 113,39,115 65 102 16 113,27,7,12,10,22,16,37,var_0 counter_var_1 +,19,counter_var_0 var_1 +
7277,115 30 50 77 113,5,115 23 90 90 113,1,23,4,21,15,28,22,var_0 counter_var_1 +,27,counter_var_0 var_1 +
7278,115 105 58 98 113,30,115 107 108 58 113,18,20,12,16,5,27,34,var_0 counter_var_1 +,32,counter_var_0 var_1 +
7279,115 68 18 73 113,28,115 105 26 112 113,10,18,18,3,11,19,13,var_0 counter_var_1 +,36,counter_var_0 var_1 +
7280,115 65 58 98 113,19,115 101 86 45 113,7,14,12,17,5,14,24,var_0 counter_var_1 +,26,counter_var_0 var_1 +
7281,115 56 83 38 113,41,115 81 84 32 113,27,23,14,15,7,1,42,var_0 counter_var_1 +,37,counter_var_0 var_1 +
7282,115 1 46 80 113,1,115 65 11 30 113,1,7,0,11,18,30,12,var_0 counter_var_1 +,7,counter_var_0 var_1 +
7283,115 23 99 85 113,30,115 18 44 107 113,23,18,7,21,23,14,44,var_0 counter_var_1 +,25,counter_var_0 var_1 +
7284,115 69 74 13 113,16,115 36 81 54 113,11,7,5,12,13,23,23,var_0 counter_var_1 +,12,counter_var_0 var_1 +
7285,115 86 72 71 113,31,115 32 3 15 113,28,3,3,3,9,15,31,var_0 counter_var_1 +,6,counter_var_0 var_1 +
7286,115 13 102 16 113,23,115 105 40 11 113,13,18,10,17,16,11,30,var_0 counter_var_1 +,28,counter_var_0 var_1 +
7287,115 88 81 54 113,13,115 103 106 35 113,1,16,12,14,23,4,15,var_0 counter_var_1 +,28,counter_var_0 var_1 +
7288,115 50 21 92 113,42,115 27 97 81 113,21,27,21,5,30,19,26,var_0 counter_var_1 +,48,counter_var_0 var_1 +
7289,115 86 15 53 113,43,115 6 95 29 113,28,6,15,3,22,29,31,var_0 counter_var_1 +,21,counter_var_0 var_1 +
7290,115 37 64 19 113,26,115 88 71 74 113,8,1,18,2,19,12,10,var_0 counter_var_1 +,19,counter_var_0 var_1 +
7291,115 108 42 55 113,40,115 6 83 38 113,21,6,19,14,24,7,35,var_0 counter_var_1 +,25,counter_var_0 var_1 +
7292,115 108 38 20 113,36,115 98 96 6 113,21,11,15,4,20,6,25,var_0 counter_var_1 +,26,counter_var_0 var_1 +
7293,115 11 66 102 113,31,115 87 2 63 113,11,0,20,2,9,1,13,var_0 counter_var_1 +,20,counter_var_0 var_1 +
7294,115 73 89 28 113,35,115 40 36 106 113,15,11,20,13,28,13,28,var_0 counter_var_1 +,31,counter_var_0 var_1 +
7295,115 71 48 89 113,15,115 94 106 35 113,13,7,2,14,27,4,27,var_0 counter_var_1 +,9,counter_var_0 var_1 +
7296,115 26 31 109 113,34,115 70 34 27 113,26,12,8,11,16,27,37,var_0 counter_var_1 +,20,counter_var_0 var_1 +
7297,115 96 91 33 113,31,115 68 18 73 113,9,10,22,18,2,11,27,var_0 counter_var_1 +,32,counter_var_0 var_1 +
7298,115 18 49 72 113,21,115 1 56 59 113,18,1,3,10,10,28,28,var_0 counter_var_1 +,4,counter_var_0 var_1 +
7299,115 37 108 58 113,24,115 30 105 62 113,8,1,16,13,27,0,21,var_0 counter_var_1 +,17,counter_var_0 var_1 +
7300,115 0 20 8 113,20,115 84 3 15 113,0,26,20,3,8,15,3,var_0 counter_var_1 +,46,counter_var_0 var_1 +
7301,115 7 38 20 113,22,115 69 27 88 113,7,11,15,4,20,26,11,var_0 counter_var_1 +,26,counter_var_0 var_1 +
7302,115 95 62 41 113,24,115 27 30 70 113,8,27,16,7,10,8,15,var_0 counter_var_1 +,43,counter_var_0 var_1 +
7303,115 55 34 27 113,37,115 92 17 108 113,26,5,11,17,27,15,43,var_0 counter_var_1 +,16,counter_var_0 var_1 +
7304,115 50 18 73 113,39,115 95 52 95 113,21,8,18,6,11,2,27,var_0 counter_var_1 +,26,counter_var_0 var_1 +
7305,115 44 92 2 113,15,115 78 78 65 113,15,20,0,9,2,3,24,var_0 counter_var_1 +,20,counter_var_0 var_1 +
7306,115 61 67 46 113,24,115 14 64 19 113,3,14,21,18,15,19,21,var_0 counter_var_1 +,35,counter_var_0 var_1 +
7307,115 99 42 55 113,31,115 25 106 35 113,12,25,19,14,24,4,26,var_0 counter_var_1 +,44,counter_var_0 var_1 +
7308,115 68 105 62 113,23,115 107 46 80 113,10,20,13,0,0,18,10,var_0 counter_var_1 +,33,counter_var_0 var_1 +
7309,115 98 56 59 113,21,115 30 24 5 113,11,1,10,1,28,5,12,var_0 counter_var_1 +,11,counter_var_0 var_1 +
7310,115 59 66 102 113,21,115 66 8 26 113,1,8,20,8,9,26,9,var_0 counter_var_1 +,28,counter_var_0 var_1 +
7311,115 52 2 63 113,25,115 66 96 6 113,23,8,2,4,1,6,27,var_0 counter_var_1 +,10,counter_var_0 var_1 +
7312,115 50 45 76 113,43,115 74 48 89 113,21,16,22,2,14,27,23,var_0 counter_var_1 +,38,counter_var_0 var_1 +
7313,115 98 31 109 113,19,115 14 103 49 113,11,14,8,11,16,18,22,var_0 counter_var_1 +,22,counter_var_0 var_1 +
7314,115 82 60 44 113,38,115 18 73 96 113,24,18,14,4,13,3,28,var_0 counter_var_1 +,32,counter_var_0 var_1 +
7315,115 100 89 28 113,33,115 14 83 38 113,13,14,20,14,28,7,27,var_0 counter_var_1 +,34,counter_var_0 var_1 +
7316,115 94 39 14 113,23,115 52 107 60 113,7,23,16,15,14,29,22,var_0 counter_var_1 +,39,counter_var_0 var_1 +
7317,115 9 57 1 113,20,115 90 0 101 113,9,3,11,0,1,8,9,var_0 counter_var_1 +,14,counter_var_0 var_1 +
7318,115 33 112 103 113,24,115 96 11 30 113,4,9,20,11,10,30,15,var_0 counter_var_1 +,29,counter_var_0 var_1 +
7319,115 64 9 87 113,15,115 48 86 45 113,6,19,9,17,25,14,23,var_0 counter_var_1 +,28,counter_var_0 var_1 +
7320,115 66 48 89 113,10,115 14 7 10 113,8,14,2,7,27,10,15,var_0 counter_var_1 +,16,counter_var_0 var_1 +
7321,115 109 42 55 113,41,115 29 109 79 113,22,0,19,17,24,17,39,var_0 counter_var_1 +,19,counter_var_0 var_1 +
7322,115 40 49 72 113,14,115 61 94 39 113,11,3,3,2,10,8,13,var_0 counter_var_1 +,6,counter_var_0 var_1 +
7323,115 47 77 105 113,26,115 16 47 34 113,18,16,8,1,12,3,19,var_0 counter_var_1 +,24,counter_var_0 var_1 +
7324,115 55 41 22 113,44,115 9 11 30 113,26,9,18,11,22,30,37,var_0 counter_var_1 +,27,counter_var_0 var_1 +
7325,115 96 49 72 113,12,115 3 101 104 113,9,3,3,9,10,11,18,var_0 counter_var_1 +,6,counter_var_0 var_1 +
7326,115 39 56 59 113,20,115 49 110 61 113,10,20,10,18,28,30,28,var_0 counter_var_1 +,30,counter_var_0 var_1 +
7327,115 17 16 94 113,33,115 99 36 106 113,17,12,16,13,1,13,30,var_0 counter_var_1 +,28,counter_var_0 var_1 +
7328,115 112 108 58 113,41,115 33 43 110 113,25,4,16,20,27,17,45,var_0 counter_var_1 +,20,counter_var_0 var_1 +
7329,115 94 97 81 113,12,115 40 93 37 113,7,11,5,1,19,6,8,var_0 counter_var_1 +,16,counter_var_0 var_1 +
7330,115 47 34 27 113,29,115 37 31 109 113,18,8,11,8,27,16,26,var_0 counter_var_1 +,19,counter_var_0 var_1 +
7331,115 80 18 73 113,40,115 37 95 29 113,22,8,18,3,11,29,25,var_0 counter_var_1 +,26,counter_var_0 var_1 +
7332,115 45 32 64 113,25,115 17 78 65 113,16,17,9,9,2,3,25,var_0 counter_var_1 +,26,counter_var_0 var_1 +
7333,115 53 6 56 113,30,115 79 31 109 113,24,21,6,8,25,16,32,var_0 counter_var_1 +,27,counter_var_0 var_1 +
7334,115 32 42 55 113,22,115 55 13 91 113,3,26,19,13,24,29,16,var_0 counter_var_1 +,45,counter_var_0 var_1 +
7335,115 55 86 45 113,43,115 26 49 72 113,26,26,17,3,14,10,29,var_0 counter_var_1 +,43,counter_var_0 var_1 +
7336,115 53 95 29 113,27,115 35 48 89 113,24,6,3,2,29,27,26,var_0 counter_var_1 +,9,counter_var_0 var_1 +
7337,115 53 39 14 113,40,115 27 28 7 113,24,27,16,5,14,7,29,var_0 counter_var_1 +,43,counter_var_0 var_1 +
7338,115 71 18 73 113,31,115 2 16 94 113,13,2,18,16,11,1,29,var_0 counter_var_1 +,20,counter_var_0 var_1 +
7339,115 99 52 95 113,18,115 15 108 58 113,12,15,6,16,2,27,28,var_0 counter_var_1 +,21,counter_var_0 var_1 +
7340,115 72 102 16 113,24,115 95 14 24 113,14,8,10,14,16,24,28,var_0 counter_var_1 +,18,counter_var_0 var_1 +
7341,115 75 9 87 113,26,115 57 15 53 113,17,28,9,15,25,22,32,var_0 counter_var_1 +,37,counter_var_0 var_1 +
7342,115 75 68 100 113,39,115 16 39 14 113,17,16,22,16,7,14,33,var_0 counter_var_1 +,38,counter_var_0 var_1 +
7343,115 30 86 45 113,18,115 9 70 36 113,1,9,17,1,14,5,2,var_0 counter_var_1 +,26,counter_var_0 var_1 +
7344,115 8 103 49 113,19,115 37 49 72 113,8,8,11,3,18,10,11,var_0 counter_var_1 +,19,counter_var_0 var_1 +
7345,115 106 57 1 113,30,115 100 81 54 113,19,13,11,12,1,23,31,var_0 counter_var_1 +,24,counter_var_0 var_1 +
7346,115 43 48 89 113,16,115 22 83 38 113,14,22,2,14,27,7,28,var_0 counter_var_1 +,24,counter_var_0 var_1 +
7347,115 80 106 35 113,36,115 20 48 89 113,22,20,14,2,4,27,24,var_0 counter_var_1 +,34,counter_var_0 var_1 +
7348,115 89 91 33 113,24,115 7 103 49 113,2,7,22,11,2,18,13,var_0 counter_var_1 +,29,counter_var_0 var_1 +
7349,115 4 54 83 113,12,115 108 112 103 113,4,21,8,20,21,10,24,var_0 counter_var_1 +,29,counter_var_0 var_1 +
7350,115 15 24 5 113,16,115 109 107 60 113,15,22,1,15,5,29,30,var_0 counter_var_1 +,23,counter_var_0 var_1 +
7351,115 53 15 53 113,39,115 66 46 80 113,24,8,15,0,22,18,24,var_0 counter_var_1 +,23,counter_var_0 var_1 +
7352,115 108 84 32 113,36,115 19 46 80 113,21,19,15,0,1,18,21,var_0 counter_var_1 +,34,counter_var_0 var_1 +
7353,115 61 72 71 113,6,115 59 73 96 113,3,1,3,4,9,3,7,var_0 counter_var_1 +,4,counter_var_0 var_1 +
7354,115 19 50 77 113,23,115 108 1 40 113,19,21,4,1,15,9,20,var_0 counter_var_1 +,25,counter_var_0 var_1 +
7355,115 81 93 37 113,24,115 109 49 72 113,23,22,1,3,6,10,26,var_0 counter_var_1 +,23,counter_var_0 var_1 +
7356,115 96 65 17 113,28,115 9 60 44 113,9,9,19,14,17,13,23,var_0 counter_var_1 +,28,counter_var_0 var_1 +
7357,115 26 60 44 113,40,115 20 28 7 113,26,20,14,5,13,7,31,var_0 counter_var_1 +,34,counter_var_0 var_1 +
7358,115 25 26 112 113,28,115 84 37 42 113,25,26,3,14,19,11,39,var_0 counter_var_1 +,29,counter_var_0 var_1 +
7359,115 50 74 13 113,26,115 25 54 83 113,21,25,5,8,13,21,29,var_0 counter_var_1 +,30,counter_var_0 var_1 +
7360,115 55 27 88 113,30,115 90 69 99 113,26,3,4,0,26,6,26,var_0 counter_var_1 +,7,counter_var_0 var_1 +
7361,115 46 6 56 113,23,115 80 95 29 113,17,22,6,3,25,29,20,var_0 counter_var_1 +,28,counter_var_0 var_1 +
7362,115 19 109 79 113,36,115 90 100 0 113,19,3,17,8,17,0,27,var_0 counter_var_1 +,20,counter_var_0 var_1 +
7363,115 65 20 8 113,27,115 36 54 83 113,7,7,20,8,8,21,15,var_0 counter_var_1 +,27,counter_var_0 var_1 +
7364,115 70 80 31 113,23,115 0 62 41 113,12,0,11,16,0,10,28,var_0 counter_var_1 +,11,counter_var_0 var_1 +
7365,115 58 73 96 113,4,115 103 84 32 113,0,16,4,15,3,1,15,var_0 counter_var_1 +,20,counter_var_0 var_1 +
7366,115 93 32 64 113,15,115 99 49 72 113,6,12,9,3,2,10,9,var_0 counter_var_1 +,21,counter_var_0 var_1 +
7367,115 8 4 52 113,12,115 103 108 58 113,8,16,4,16,21,27,24,var_0 counter_var_1 +,20,counter_var_0 var_1 +
7368,115 0 13 91 113,13,115 91 78 65 113,0,4,13,9,29,3,9,var_0 counter_var_1 +,17,counter_var_0 var_1 +
7369,115 2 17 108 113,19,115 70 39 14 113,2,12,17,16,15,14,18,var_0 counter_var_1 +,29,counter_var_0 var_1 +
7370,115 91 45 76 113,26,115 0 26 112 113,4,0,22,3,14,19,7,var_0 counter_var_1 +,22,counter_var_0 var_1 +
7371,115 62 88 66 113,23,115 60 63 43 113,4,2,19,17,4,12,21,var_0 counter_var_1 +,21,counter_var_0 var_1 +
7372,115 67 102 16 113,19,115 72 32 64 113,9,14,10,9,16,2,18,var_0 counter_var_1 +,24,counter_var_0 var_1 +
7373,115 69 84 32 113,26,115 64 80 31 113,11,6,15,11,1,0,22,var_0 counter_var_1 +,21,counter_var_0 var_1 +
7374,115 44 10 68 113,25,115 59 35 9 113,15,1,10,12,6,9,27,var_0 counter_var_1 +,11,counter_var_0 var_1 +
7375,115 21 91 33 113,43,115 57 94 39 113,21,28,22,2,2,8,23,var_0 counter_var_1 +,50,counter_var_0 var_1 +
7376,115 13 10 68 113,23,115 103 27 88 113,13,16,10,4,6,26,17,var_0 counter_var_1 +,26,counter_var_0 var_1 +
7377,115 20 63 43 113,37,115 79 41 22 113,20,21,17,18,12,22,38,var_0 counter_var_1 +,38,counter_var_0 var_1 +
7378,115 5 54 83 113,13,115 67 41 22 113,5,9,8,18,21,22,23,var_0 counter_var_1 +,17,counter_var_0 var_1 +
7379,115 16 27 88 113,20,115 27 95 29 113,16,27,4,3,26,29,19,var_0 counter_var_1 +,31,counter_var_0 var_1 +
7380,115 27 80 31 113,38,115 40 76 93 113,27,11,11,7,0,0,34,var_0 counter_var_1 +,22,counter_var_0 var_1 +
7381,115 25 10 68 113,35,115 23 112 103 113,25,23,10,20,6,10,45,var_0 counter_var_1 +,33,counter_var_0 var_1 +
7382,115 102 3 15 113,18,115 19 23 4 113,15,19,3,0,15,4,15,var_0 counter_var_1 +,22,counter_var_0 var_1 +
7383,115 92 39 14 113,21,115 49 11 30 113,5,20,16,11,14,30,16,var_0 counter_var_1 +,36,counter_var_0 var_1 +
7384,115 81 99 85 113,30,115 46 7 10 113,23,17,7,7,23,10,30,var_0 counter_var_1 +,24,counter_var_0 var_1 +
7385,115 85 110 61 113,45,115 48 80 31 113,27,19,18,11,30,0,38,var_0 counter_var_1 +,37,counter_var_0 var_1 +
7386,115 93 93 37 113,7,115 70 5 47 113,6,12,1,5,6,16,11,var_0 counter_var_1 +,13,counter_var_0 var_1 +
7387,115 66 50 77 113,12,115 104 71 74 113,8,17,4,2,15,12,10,var_0 counter_var_1 +,21,counter_var_0 var_1 +
7388,115 38 31 109 113,17,115 60 101 104 113,9,2,8,9,16,11,18,var_0 counter_var_1 +,10,counter_var_0 var_1 +
7389,115 9 72 71 113,12,115 109 36 106 113,9,22,3,13,9,13,22,var_0 counter_var_1 +,25,counter_var_0 var_1 +
7390,115 53 93 37 113,25,115 46 72 71 113,24,17,1,3,6,9,27,var_0 counter_var_1 +,18,counter_var_0 var_1 +
7391,115 34 41 22 113,23,115 42 89 28 113,5,13,18,20,22,28,25,var_0 counter_var_1 +,31,counter_var_0 var_1 +
7392,115 43 24 5 113,15,115 36 79 57 113,14,7,1,10,5,26,24,var_0 counter_var_1 +,8,counter_var_0 var_1 +
7393,115 101 68 100 113,36,115 72 75 82 113,14,14,22,6,7,20,20,var_0 counter_var_1 +,36,counter_var_0 var_1 +
7394,115 78 73 96 113,24,115 111 27 88 113,20,24,4,4,3,26,24,var_0 counter_var_1 +,28,counter_var_0 var_1 +
7395,115 94 56 59 113,17,115 27 103 49 113,7,27,10,11,28,18,18,var_0 counter_var_1 +,37,counter_var_0 var_1 +
7396,115 78 87 69 113,38,115 41 39 14 113,20,12,18,16,7,14,36,var_0 counter_var_1 +,30,counter_var_0 var_1 +
7397,115 63 35 9 113,17,115 27 9 87 113,5,27,12,9,9,25,14,var_0 counter_var_1 +,39,counter_var_0 var_1 +
7398,115 38 5 47 113,14,115 89 50 77 113,9,2,5,4,16,15,13,var_0 counter_var_1 +,7,counter_var_0 var_1 +
7399,115 111 100 0 113,32,115 32 81 54 113,24,3,8,12,0,23,36,var_0 counter_var_1 +,11,counter_var_0 var_1 +
7400,115 61 33 50 113,13,115 9 110 61 113,3,9,10,18,19,30,21,var_0 counter_var_1 +,19,counter_var_0 var_1 +
7401,115 96 30 70 113,16,115 99 29 25 113,9,12,7,6,8,25,15,var_0 counter_var_1 +,19,counter_var_0 var_1 +
7402,115 111 5 47 113,29,115 87 38 20 113,24,0,5,15,16,20,39,var_0 counter_var_1 +,5,counter_var_0 var_1 +
7403,115 60 36 106 113,15,115 94 38 20 113,2,7,13,15,13,20,17,var_0 counter_var_1 +,20,counter_var_0 var_1 +
7404,115 6 53 51 113,13,115 84 102 16 113,6,26,7,10,20,16,16,var_0 counter_var_1 +,33,counter_var_0 var_1 +
7405,115 72 1 40 113,15,115 84 63 43 113,14,26,1,17,9,12,31,var_0 counter_var_1 +,27,counter_var_0 var_1 +
7406,115 58 106 35 113,14,115 45 22 75 113,0,16,14,22,4,13,22,var_0 counter_var_1 +,30,counter_var_0 var_1 +
7407,115 84 34 27 113,37,115 29 84 32 113,26,0,11,15,27,1,41,var_0 counter_var_1 +,11,counter_var_0 var_1 +
7408,115 45 67 46 113,37,115 0 78 65 113,16,0,21,9,15,3,25,var_0 counter_var_1 +,21,counter_var_0 var_1 +
7409,115 22 75 82 113,28,115 37 101 104 113,22,8,6,9,20,11,31,var_0 counter_var_1 +,14,counter_var_0 var_1 +
7410,115 81 34 27 113,34,115 27 93 37 113,23,27,11,1,27,6,24,var_0 counter_var_1 +,38,counter_var_0 var_1 +
7411,115 66 99 85 113,15,115 18 40 11 113,8,18,7,17,23,11,25,var_0 counter_var_1 +,25,counter_var_0 var_1 +
7412,115 24 97 81 113,29,115 56 103 49 113,24,27,5,11,19,18,35,var_0 counter_var_1 +,32,counter_var_0 var_1 +
7413,115 84 1 40 113,27,115 33 6 56 113,26,4,1,6,9,25,32,var_0 counter_var_1 +,5,counter_var_0 var_1 +
7414,115 59 43 110 113,21,115 57 101 104 113,1,28,20,9,17,11,10,var_0 counter_var_1 +,48,counter_var_0 var_1 +
7415,115 54 21 92 113,46,115 77 39 14 113,25,19,21,16,30,14,41,var_0 counter_var_1 +,40,counter_var_0 var_1 +
7416,115 25 50 77 113,29,115 72 105 62 113,25,14,4,13,15,0,38,var_0 counter_var_1 +,18,counter_var_0 var_1 +
7417,115 99 104 84 113,24,115 30 111 12 113,12,1,12,19,22,12,31,var_0 counter_var_1 +,13,counter_var_0 var_1 +
7418,115 27 104 84 113,39,115 79 29 25 113,27,21,12,6,22,25,33,var_0 counter_var_1 +,33,counter_var_0 var_1 +
7419,115 60 56 59 113,12,115 50 103 49 113,2,21,10,11,28,18,13,var_0 counter_var_1 +,31,counter_var_0 var_1 +
7420,115 32 112 103 113,23,115 71 54 83 113,3,13,20,8,10,21,11,var_0 counter_var_1 +,33,counter_var_0 var_1 +
7421,115 54 52 95 113,31,115 32 0 101 113,25,3,6,0,2,8,25,var_0 counter_var_1 +,9,counter_var_0 var_1 +
7422,115 14 12 21 113,26,115 38 24 5 113,14,9,12,1,21,5,15,var_0 counter_var_1 +,21,counter_var_0 var_1 +
7423,115 44 55 48 113,24,115 51 42 55 113,15,22,9,19,17,24,34,var_0 counter_var_1 +,31,counter_var_0 var_1 +
7424,115 81 21 92 113,44,115 2 84 32 113,23,2,21,15,30,1,38,var_0 counter_var_1 +,23,counter_var_0 var_1 +
7425,115 69 9 87 113,20,115 88 96 6 113,11,1,9,4,25,6,15,var_0 counter_var_1 +,10,counter_var_0 var_1 +
7426,115 58 57 1 113,11,115 15 32 64 113,0,15,11,9,1,2,9,var_0 counter_var_1 +,26,counter_var_0 var_1 +
7427,115 83 76 93 113,32,115 91 20 8 113,25,4,7,20,0,8,45,var_0 counter_var_1 +,11,counter_var_0 var_1 +
7428,115 46 39 14 113,33,115 109 75 82 113,17,22,16,6,14,20,23,var_0 counter_var_1 +,38,counter_var_0 var_1 +
7429,115 60 66 102 113,22,115 96 57 1 113,2,9,20,11,9,1,13,var_0 counter_var_1 +,29,counter_var_0 var_1 +
7430,115 75 95 29 113,20,115 58 41 22 113,17,0,3,18,29,22,35,var_0 counter_var_1 +,3,counter_var_0 var_1 +
7431,115 109 44 107 113,43,115 92 23 4 113,22,5,21,0,14,4,22,var_0 counter_var_1 +,26,counter_var_0 var_1 +
7432,115 20 58 98 113,32,115 69 2 63 113,20,11,12,2,5,1,22,var_0 counter_var_1 +,23,counter_var_0 var_1 +
7433,115 45 11 30 113,27,115 69 66 102 113,16,11,11,20,30,9,36,var_0 counter_var_1 +,22,counter_var_0 var_1 +
7434,115 31 103 49 113,13,115 27 94 39 113,2,27,11,2,18,8,4,var_0 counter_var_1 +,38,counter_var_0 var_1 +
7435,115 24 66 102 113,44,115 26 71 74 113,24,26,20,2,9,12,26,var_0 counter_var_1 +,46,counter_var_0 var_1 +
7436,115 5 53 51 113,12,115 15 72 71 113,5,15,7,3,20,9,8,var_0 counter_var_1 +,22,counter_var_0 var_1 +
7437,115 95 42 55 113,27,115 9 62 41 113,8,9,19,16,24,10,24,var_0 counter_var_1 +,28,counter_var_0 var_1 +
7438,115 107 112 103 113,40,115 66 111 12 113,20,8,20,19,10,12,39,var_0 counter_var_1 +,28,counter_var_0 var_1 +
7439,115 15 69 99 113,15,115 95 22 75 113,15,8,0,22,6,13,37,var_0 counter_var_1 +,8,counter_var_0 var_1 +
7440,115 68 99 85 113,17,115 108 3 15 113,10,21,7,3,23,15,13,var_0 counter_var_1 +,28,counter_var_0 var_1 +
7441,115 101 15 53 113,29,115 69 14 24 113,14,11,15,14,22,24,28,var_0 counter_var_1 +,26,counter_var_0 var_1 +
7442,115 106 0 101 113,19,115 17 47 34 113,19,17,0,1,8,3,20,var_0 counter_var_1 +,17,counter_var_0 var_1 +
7443,115 1 33 50 113,11,115 7 57 1 113,1,7,10,11,19,1,12,var_0 counter_var_1 +,17,counter_var_0 var_1 +
7444,115 68 15 53 113,25,115 98 82 67 113,10,11,15,13,22,5,23,var_0 counter_var_1 +,26,counter_var_0 var_1 +
7445,115 101 101 104 113,23,115 17 81 54 113,14,17,9,12,11,23,26,var_0 counter_var_1 +,26,counter_var_0 var_1 +
7446,115 64 70 36 113,7,115 89 47 34 113,6,2,1,1,5,3,7,var_0 counter_var_1 +,3,counter_var_0 var_1 +
7447,115 95 9 87 113,17,115 84 73 96 113,8,26,9,4,25,3,12,var_0 counter_var_1 +,35,counter_var_0 var_1 +
7448,115 56 36 106 113,40,115 4 100 0 113,27,4,13,8,13,0,35,var_0 counter_var_1 +,17,counter_var_0 var_1 +
7449,115 91 84 32 113,19,115 16 85 3 113,4,16,15,16,1,3,20,var_0 counter_var_1 +,31,counter_var_0 var_1 +
7450,115 50 33 50 113,31,115 0 56 59 113,21,0,10,10,19,28,31,var_0 counter_var_1 +,10,counter_var_0 var_1 +
7451,115 48 31 109 113,27,115 81 33 50 113,19,23,8,10,16,19,29,var_0 counter_var_1 +,31,counter_var_0 var_1 +
7452,115 99 44 107 113,33,115 76 28 7 113,12,18,21,5,14,7,17,var_0 counter_var_1 +,39,counter_var_0 var_1 +
7453,115 18 39 14 113,34,115 21 36 106 113,18,21,16,13,14,13,31,var_0 counter_var_1 +,37,counter_var_0 var_1 +
7454,115 105 56 59 113,28,115 84 76 93 113,18,26,10,7,28,0,25,var_0 counter_var_1 +,36,counter_var_0 var_1 +
7455,115 14 108 58 113,30,115 10 21 92 113,14,10,16,21,27,30,35,var_0 counter_var_1 +,26,counter_var_0 var_1 +
7456,115 21 4 52 113,25,115 55 11 30 113,21,26,4,11,21,30,32,var_0 counter_var_1 +,30,counter_var_0 var_1 +
7457,115 41 96 6 113,16,115 39 45 76 113,12,10,4,22,6,14,34,var_0 counter_var_1 +,14,counter_var_0 var_1 +
7458,115 64 46 80 113,6,115 37 84 32 113,6,8,0,15,18,1,21,var_0 counter_var_1 +,8,counter_var_0 var_1 +
7459,115 60 91 33 113,24,115 15 87 69 113,2,15,22,18,2,7,20,var_0 counter_var_1 +,37,counter_var_0 var_1 +
7460,115 106 109 79 113,36,115 28 108 58 113,19,28,17,16,17,27,35,var_0 counter_var_1 +,45,counter_var_0 var_1 +
7461,115 42 97 81 113,18,115 31 0 101 113,13,2,5,0,19,8,13,var_0 counter_var_1 +,7,counter_var_0 var_1 +
7462,115 37 12 21 113,20,115 41 34 27 113,8,12,12,11,21,27,19,var_0 counter_var_1 +,24,counter_var_0 var_1 +
7463,115 61 15 53 113,18,115 88 43 110 113,3,1,15,20,22,17,23,var_0 counter_var_1 +,16,counter_var_0 var_1 +
7464,115 20 48 89 113,22,115 10 30 70 113,20,10,2,7,27,8,27,var_0 counter_var_1 +,12,counter_var_0 var_1 +
7465,115 68 39 14 113,26,115 94 31 109 113,10,7,16,8,14,16,18,var_0 counter_var_1 +,23,counter_var_0 var_1 +
7466,115 37 69 99 113,8,115 96 101 104 113,8,9,0,9,6,11,17,var_0 counter_var_1 +,9,counter_var_0 var_1 +
7467,115 47 28 7 113,23,115 73 0 101 113,18,15,5,0,7,8,18,var_0 counter_var_1 +,20,counter_var_0 var_1 +
7468,115 56 21 92 113,48,115 31 94 39 113,27,2,21,2,30,8,29,var_0 counter_var_1 +,23,counter_var_0 var_1 +
7469,115 87 88 66 113,19,115 74 29 25 113,0,16,19,6,4,25,6,var_0 counter_var_1 +,35,counter_var_0 var_1 +
7470,115 99 57 1 113,23,115 59 79 57 113,12,1,11,10,1,26,22,var_0 counter_var_1 +,12,counter_var_0 var_1 +
7471,115 93 79 57 113,16,115 48 62 41 113,6,19,10,16,26,10,22,var_0 counter_var_1 +,29,counter_var_0 var_1 +
7472,115 47 99 85 113,25,115 94 18 73 113,18,7,7,18,23,11,36,var_0 counter_var_1 +,14,counter_var_0 var_1 +
7473,115 23 90 90 113,44,115 27 17 108 113,23,27,21,17,28,15,40,var_0 counter_var_1 +,48,counter_var_0 var_1 +
7474,115 95 76 93 113,15,115 101 34 27 113,8,14,7,11,0,27,19,var_0 counter_var_1 +,21,counter_var_0 var_1 +
7475,115 25 15 53 113,40,115 2 59 23 113,25,2,15,13,22,23,38,var_0 counter_var_1 +,17,counter_var_0 var_1 +
7476,115 29 27 88 113,4,115 105 97 81 113,0,18,4,5,26,19,5,var_0 counter_var_1 +,22,counter_var_0 var_1 +
7477,115 61 27 88 113,7,115 72 73 96 113,3,14,4,4,26,3,7,var_0 counter_var_1 +,18,counter_var_0 var_1 +
7478,115 3 98 78 113,9,115 34 57 1 113,3,5,6,11,16,1,14,var_0 counter_var_1 +,11,counter_var_0 var_1 +
7479,115 15 103 49 113,26,115 81 7 10 113,15,23,11,7,18,10,22,var_0 counter_var_1 +,34,counter_var_0 var_1 +
7480,115 25 41 22 113,43,115 65 55 48 113,25,7,18,9,22,17,34,var_0 counter_var_1 +,25,counter_var_0 var_1 +
7481,115 96 83 38 113,23,115 24 26 112 113,9,24,14,3,7,19,12,var_0 counter_var_1 +,38,counter_var_0 var_1 +
7482,115 77 92 2 113,19,115 37 30 70 113,19,8,0,7,2,8,26,var_0 counter_var_1 +,8,counter_var_0 var_1 +
7483,115 112 60 44 113,39,115 64 49 72 113,25,6,14,3,13,10,28,var_0 counter_var_1 +,20,counter_var_0 var_1 +
7484,115 50 2 63 113,23,115 5 86 45 113,21,5,2,17,1,14,38,var_0 counter_var_1 +,7,counter_var_0 var_1 +
7485,115 61 23 4 113,3,115 33 4 52 113,3,4,0,4,4,21,7,var_0 counter_var_1 +,4,counter_var_0 var_1 +
7486,115 93 30 70 113,13,115 51 8 26 113,6,22,7,8,8,26,14,var_0 counter_var_1 +,29,counter_var_0 var_1 +
7487,115 70 68 100 113,34,115 65 53 51 113,12,7,22,7,7,20,19,var_0 counter_var_1 +,29,counter_var_0 var_1 +
7488,115 110 97 81 113,28,115 84 82 67 113,23,26,5,13,19,5,36,var_0 counter_var_1 +,31,counter_var_0 var_1 +
7489,115 81 17 108 113,40,115 102 35 9 113,23,15,17,12,15,9,35,var_0 counter_var_1 +,32,counter_var_0 var_1 +
7490,115 65 17 108 113,24,115 17 84 32 113,7,17,17,15,15,1,22,var_0 counter_var_1 +,34,counter_var_0 var_1 +
7491,115 1 43 110 113,21,115 64 112 103 113,1,6,20,20,17,10,21,var_0 counter_var_1 +,26,counter_var_0 var_1 +
7492,115 32 5 47 113,8,115 33 10 68 113,3,4,5,10,16,6,13,var_0 counter_var_1 +,9,counter_var_0 var_1 +
7493,115 87 14 24 113,14,115 40 41 22 113,0,11,14,18,24,22,18,var_0 counter_var_1 +,25,counter_var_0 var_1 +
7494,115 48 76 93 113,26,115 110 60 44 113,19,23,7,14,0,13,33,var_0 counter_var_1 +,30,counter_var_0 var_1 +
7495,115 98 103 49 113,22,115 68 45 76 113,11,10,11,22,18,14,33,var_0 counter_var_1 +,21,counter_var_0 var_1 +
7496,115 54 94 39 113,27,115 39 108 58 113,25,10,2,16,8,27,41,var_0 counter_var_1 +,12,counter_var_0 var_1 +
7497,115 79 52 95 113,27,115 39 8 26 113,21,10,6,8,2,26,29,var_0 counter_var_1 +,16,counter_var_0 var_1 +
7498,115 96 69 99 113,9,115 62 3 15 113,9,4,0,3,6,15,12,var_0 counter_var_1 +,4,counter_var_0 var_1 +
7499,115 98 64 19 113,29,115 82 6 56 113,11,24,18,6,19,25,17,var_0 counter_var_1 +,42,counter_var_0 var_1 +
7500,115 49 19 86 113,39,115 16 1 40 113,20,16,19,1,24,9,21,var_0 counter_var_1 +,35,counter_var_0 var_1 +
7501,115 101 31 109 113,22,115 56 87 69 113,14,27,8,18,16,7,32,var_0 counter_var_1 +,35,counter_var_0 var_1 +
7502,115 112 102 16 113,35,115 30 56 59 113,25,1,10,10,16,28,35,var_0 counter_var_1 +,11,counter_var_0 var_1 +
7503,115 13 58 98 113,25,115 58 38 20 113,13,0,12,15,5,20,28,var_0 counter_var_1 +,12,counter_var_0 var_1 +
7504,115 106 13 91 113,32,115 11 71 74 113,19,11,13,2,29,12,21,var_0 counter_var_1 +,24,counter_var_0 var_1 +
7505,115 23 60 44 113,37,115 107 42 55 113,23,20,14,19,13,24,42,var_0 counter_var_1 +,34,counter_var_0 var_1 +
7506,115 33 77 105 113,12,115 27 76 93 113,4,27,8,7,12,0,11,var_0 counter_var_1 +,35,counter_var_0 var_1 +
7507,115 32 105 62 113,16,115 80 58 98 113,3,22,13,12,0,5,15,var_0 counter_var_1 +,35,counter_var_0 var_1 +
7508,115 102 46 80 113,15,115 19 18 73 113,15,19,0,18,18,11,33,var_0 counter_var_1 +,19,counter_var_0 var_1 +
7509,115 51 36 106 113,35,115 99 78 65 113,22,12,13,9,13,3,31,var_0 counter_var_1 +,25,counter_var_0 var_1 +
7510,115 9 96 6 113,13,115 19 19 86 113,9,19,4,19,6,24,28,var_0 counter_var_1 +,23,counter_var_0 var_1 +
7511,115 45 40 11 113,33,115 24 95 29 113,16,24,17,3,11,29,19,var_0 counter_var_1 +,41,counter_var_0 var_1 +
7512,115 8 67 46 113,29,115 106 68 100 113,8,19,21,22,15,7,30,var_0 counter_var_1 +,40,counter_var_0 var_1 +
7513,115 91 28 7 113,9,115 41 93 37 113,4,12,5,1,7,6,5,var_0 counter_var_1 +,17,counter_var_0 var_1 +
7514,115 0 29 25 113,6,115 16 11 30 113,0,16,6,11,25,30,11,var_0 counter_var_1 +,22,counter_var_0 var_1 +
7515,115 14 42 55 113,33,115 103 14 24 113,14,16,19,14,24,24,28,var_0 counter_var_1 +,35,counter_var_0 var_1 +
7516,115 7 105 62 113,20,115 45 24 5 113,7,16,13,1,0,5,8,var_0 counter_var_1 +,29,counter_var_0 var_1 +
7517,115 105 100 0 113,26,115 41 100 0 113,18,12,8,8,0,0,26,var_0 counter_var_1 +,20,counter_var_0 var_1 +
7518,115 101 27 88 113,18,115 44 66 102 113,14,15,4,20,26,9,34,var_0 counter_var_1 +,19,counter_var_0 var_1 +
7519,115 36 65 17 113,26,115 37 74 13 113,7,8,19,5,17,13,12,var_0 counter_var_1 +,27,counter_var_0 var_1 +
7520,115 87 3 15 113,3,115 64 67 46 113,0,6,3,21,15,15,21,var_0 counter_var_1 +,9,counter_var_0 var_1 +
7521,115 25 89 28 113,45,115 101 37 42 113,25,14,20,14,28,11,39,var_0 counter_var_1 +,34,counter_var_0 var_1 +
7522,115 11 85 3 113,27,115 35 87 69 113,11,6,16,18,3,7,29,var_0 counter_var_1 +,22,counter_var_0 var_1 +
7523,115 81 56 59 113,33,115 28 57 1 113,23,28,10,11,28,1,34,var_0 counter_var_1 +,38,counter_var_0 var_1 +
7524,115 34 77 105 113,13,115 67 88 66 113,5,9,8,19,12,4,24,var_0 counter_var_1 +,17,counter_var_0 var_1 +
7525,115 96 98 78 113,15,115 61 32 64 113,9,3,6,9,16,2,18,var_0 counter_var_1 +,9,counter_var_0 var_1 +
7526,115 60 102 16 113,12,115 45 82 67 113,2,16,10,13,16,5,15,var_0 counter_var_1 +,26,counter_var_0 var_1 +
7527,115 16 96 6 113,20,115 22 40 11 113,16,22,4,17,6,11,33,var_0 counter_var_1 +,26,counter_var_0 var_1 +
7528,115 31 8 26 113,10,115 31 77 105 113,2,2,8,8,26,12,10,var_0 counter_var_1 +,10,counter_var_0 var_1 +
7529,115 92 107 60 113,20,115 54 13 91 113,5,25,15,13,29,29,18,var_0 counter_var_1 +,40,counter_var_0 var_1 +
7530,115 86 45 76 113,50,115 96 90 90 113,28,9,22,21,14,28,49,var_0 counter_var_1 +,31,counter_var_0 var_1 +
7531,115 69 109 79 113,28,115 46 86 45 113,11,17,17,17,17,14,28,var_0 counter_var_1 +,34,counter_var_0 var_1 +
7532,115 50 92 2 113,21,115 31 60 44 113,21,2,0,14,2,13,35,var_0 counter_var_1 +,2,counter_var_0 var_1 +
7533,115 38 72 71 113,12,115 73 41 22 113,9,15,3,18,9,22,27,var_0 counter_var_1 +,18,counter_var_0 var_1 +
7534,115 39 110 61 113,28,115 57 96 6 113,10,28,18,4,30,6,14,var_0 counter_var_1 +,46,counter_var_0 var_1 +
7535,115 111 85 3 113,40,115 104 64 19 113,24,17,16,18,3,19,42,var_0 counter_var_1 +,33,counter_var_0 var_1 +
7536,115 57 9 87 113,37,115 7 7 10 113,28,7,9,7,25,10,35,var_0 counter_var_1 +,16,counter_var_0 var_1 +
7537,115 54 107 60 113,40,115 69 22 75 113,25,11,15,22,29,13,47,var_0 counter_var_1 +,26,counter_var_0 var_1 +
7538,115 105 47 34 113,19,115 34 42 55 113,18,5,1,19,3,24,37,var_0 counter_var_1 +,6,counter_var_0 var_1 +
7539,115 57 96 6 113,32,115 29 112 103 113,28,0,4,20,6,10,48,var_0 counter_var_1 +,4,counter_var_0 var_1 +
7540,115 85 62 41 113,43,115 14 52 95 113,27,14,16,6,10,2,33,var_0 counter_var_1 +,30,counter_var_0 var_1 +
7541,115 52 90 90 113,44,115 47 7 10 113,23,18,21,7,28,10,30,var_0 counter_var_1 +,39,counter_var_0 var_1 +
7542,115 83 73 96 113,29,115 109 58 98 113,25,22,4,12,3,5,37,var_0 counter_var_1 +,26,counter_var_0 var_1 +
7543,115 56 58 98 113,39,115 43 56 59 113,27,14,12,10,5,28,37,var_0 counter_var_1 +,26,counter_var_0 var_1 +
7544,115 33 48 89 113,6,115 60 112 103 113,4,2,2,20,27,10,24,var_0 counter_var_1 +,4,counter_var_0 var_1 +
7545,115 2 36 106 113,15,115 103 3 15 113,2,16,13,3,13,15,5,var_0 counter_var_1 +,29,counter_var_0 var_1 +
7546,115 55 49 72 113,29,115 55 64 19 113,26,26,3,18,10,19,44,var_0 counter_var_1 +,29,counter_var_0 var_1 +
7547,115 3 104 84 113,15,115 111 21 92 113,3,24,12,21,22,30,24,var_0 counter_var_1 +,36,counter_var_0 var_1 +
7548,115 62 83 38 113,18,115 7 93 37 113,4,7,14,1,7,6,5,var_0 counter_var_1 +,21,counter_var_0 var_1 +
7549,115 33 65 17 113,23,115 97 23 4 113,4,10,19,0,17,4,4,var_0 counter_var_1 +,29,counter_var_0 var_1 +
7550,115 78 14 24 113,34,115 82 21 92 113,20,24,14,21,24,30,41,var_0 counter_var_1 +,38,counter_var_0 var_1 +
7551,115 35 66 102 113,26,115 48 1 40 113,6,19,20,1,9,9,7,var_0 counter_var_1 +,39,counter_var_0 var_1 +
7552,115 95 27 88 113,12,115 105 31 109 113,8,18,4,8,26,16,16,var_0 counter_var_1 +,22,counter_var_0 var_1 +
7553,115 99 53 51 113,19,115 81 87 69 113,12,23,7,18,20,7,30,var_0 counter_var_1 +,30,counter_var_0 var_1 +
7554,115 49 32 64 113,29,115 96 110 61 113,20,9,9,18,2,30,38,var_0 counter_var_1 +,18,counter_var_0 var_1 +
7555,115 51 12 21 113,34,115 42 36 106 113,22,13,12,13,21,13,35,var_0 counter_var_1 +,25,counter_var_0 var_1 +
7556,115 5 42 55 113,24,115 68 41 22 113,5,10,19,18,24,22,23,var_0 counter_var_1 +,29,counter_var_0 var_1 +
7557,115 22 19 86 113,41,115 7 50 77 113,22,7,19,4,24,15,26,var_0 counter_var_1 +,26,counter_var_0 var_1 +
7558,115 14 71 74 113,16,115 94 56 59 113,14,7,2,10,12,28,24,var_0 counter_var_1 +,9,counter_var_0 var_1 +
7559,115 84 58 98 113,38,115 50 56 59 113,26,21,12,10,5,28,36,var_0 counter_var_1 +,33,counter_var_0 var_1 +
7560,115 37 81 54 113,20,115 44 15 53 113,8,15,12,15,23,22,23,var_0 counter_var_1 +,27,counter_var_0 var_1 +
7561,115 86 107 60 113,43,115 97 39 14 113,28,10,15,16,29,14,44,var_0 counter_var_1 +,25,counter_var_0 var_1 +
7562,115 3 1 40 113,4,115 84 105 62 113,3,26,1,13,9,0,16,var_0 counter_var_1 +,27,counter_var_0 var_1 +
7563,115 83 37 42 113,39,115 39 21 92 113,25,10,14,21,11,30,46,var_0 counter_var_1 +,24,counter_var_0 var_1 +
7564,115 89 86 45 113,19,115 99 21 92 113,2,12,17,21,14,30,23,var_0 counter_var_1 +,29,counter_var_0 var_1 +
7565,115 42 14 24 113,27,115 69 3 15 113,13,11,14,3,24,15,16,var_0 counter_var_1 +,25,counter_var_0 var_1 +
7566,115 69 30 70 113,18,115 96 63 43 113,11,9,7,17,8,12,28,var_0 counter_var_1 +,16,counter_var_0 var_1 +
7567,115 20 78 65 113,29,115 41 70 36 113,20,12,9,1,3,5,21,var_0 counter_var_1 +,21,counter_var_0 var_1 +
7568,115 74 57 1 113,27,115 12 48 89 113,16,12,11,2,1,27,18,var_0 counter_var_1 +,23,counter_var_0 var_1 +
7569,115 64 105 62 113,19,115 69 30 70 113,6,11,13,7,0,8,13,var_0 counter_var_1 +,24,counter_var_0 var_1 +
7570,115 64 44 107 113,27,115 35 89 28 113,6,6,21,20,14,28,26,var_0 counter_var_1 +,27,counter_var_0 var_1 +
7571,115 50 13 91 113,34,115 94 82 67 113,21,7,13,13,29,5,34,var_0 counter_var_1 +,20,counter_var_0 var_1 +
7572,115 86 108 58 113,44,115 80 3 15 113,28,22,16,3,27,15,31,var_0 counter_var_1 +,38,counter_var_0 var_1 +
7573,115 69 62 41 113,27,115 56 90 90 113,11,27,16,21,10,28,32,var_0 counter_var_1 +,43,counter_var_0 var_1 +
7574,115 77 75 82 113,25,115 39 79 57 113,19,10,6,10,20,26,29,var_0 counter_var_1 +,16,counter_var_0 var_1 +
7575,115 49 25 111 113,22,115 65 81 54 113,20,7,2,12,18,23,32,var_0 counter_var_1 +,9,counter_var_0 var_1 +
7576,115 6 22 75 113,28,115 111 78 65 113,6,24,22,9,13,3,15,var_0 counter_var_1 +,46,counter_var_0 var_1 +
7577,115 23 41 22 113,41,115 97 105 62 113,23,10,18,13,22,0,36,var_0 counter_var_1 +,28,counter_var_0 var_1 +
7578,115 56 73 96 113,31,115 24 46 80 113,27,24,4,0,3,18,27,var_0 counter_var_1 +,28,counter_var_0 var_1 +
7579,115 97 55 48 113,19,115 39 30 70 113,10,10,9,7,17,8,17,var_0 counter_var_1 +,19,counter_var_0 var_1 +
7580,115 0 23 4 113,0,115 89 76 93 113,0,2,0,7,4,0,7,var_0 counter_var_1 +,2,counter_var_0 var_1 +
7581,115 3 17 108 113,20,115 44 61 18 113,3,15,17,15,15,18,18,var_0 counter_var_1 +,32,counter_var_0 var_1 +
7582,115 23 111 12 113,42,115 109 79 57 113,23,22,19,10,12,26,33,var_0 counter_var_1 +,41,counter_var_0 var_1 +
7583,115 41 81 54 113,24,115 61 39 14 113,12,3,12,16,23,14,28,var_0 counter_var_1 +,15,counter_var_0 var_1 +
7584,115 80 91 33 113,44,115 48 112 103 113,22,19,22,20,2,10,42,var_0 counter_var_1 +,41,counter_var_0 var_1 +
7585,115 99 25 111 113,14,115 75 100 0 113,12,17,2,8,18,0,20,var_0 counter_var_1 +,19,counter_var_0 var_1 +
7586,115 3 33 50 113,13,115 73 80 31 113,3,15,10,11,19,0,14,var_0 counter_var_1 +,25,counter_var_0 var_1 +
7587,115 107 62 41 113,36,115 64 22 75 113,20,6,16,22,10,13,42,var_0 counter_var_1 +,22,counter_var_0 var_1 +
7588,115 110 75 82 113,29,115 101 26 112 113,23,14,6,3,20,19,26,var_0 counter_var_1 +,20,counter_var_0 var_1 +
7589,115 88 63 43 113,18,115 90 19 86 113,1,3,17,19,12,24,20,var_0 counter_var_1 +,20,counter_var_0 var_1 +
7590,115 45 79 57 113,26,115 109 39 14 113,16,22,10,16,26,14,32,var_0 counter_var_1 +,32,counter_var_0 var_1 +
7591,115 61 42 55 113,22,115 35 79 57 113,3,6,19,10,24,26,13,var_0 counter_var_1 +,25,counter_var_0 var_1 +
7592,115 77 3 15 113,22,115 74 49 72 113,19,16,3,3,15,10,22,var_0 counter_var_1 +,19,counter_var_0 var_1 +
7593,115 10 13 91 113,23,115 4 92 2 113,10,4,13,0,29,2,10,var_0 counter_var_1 +,17,counter_var_0 var_1 +
7594,115 29 13 91 113,13,115 65 39 14 113,0,7,13,16,29,14,16,var_0 counter_var_1 +,20,counter_var_0 var_1 +
7595,115 22 92 2 113,22,115 30 45 76 113,22,1,0,22,2,14,44,var_0 counter_var_1 +,1,counter_var_0 var_1 +
7596,115 31 78 65 113,11,115 31 111 12 113,2,2,9,19,3,12,21,var_0 counter_var_1 +,11,counter_var_0 var_1 +
7597,115 21 1 40 113,22,115 20 92 2 113,21,20,1,0,9,2,21,var_0 counter_var_1 +,21,counter_var_0 var_1 +
7598,115 100 21 92 113,34,115 93 29 25 113,13,6,21,6,30,25,19,var_0 counter_var_1 +,27,counter_var_0 var_1 +
7599,115 10 95 29 113,13,115 40 106 35 113,10,11,3,14,29,4,24,var_0 counter_var_1 +,14,counter_var_0 var_1 +
7600,115 85 29 25 113,33,115 17 38 20 113,27,17,6,15,25,20,42,var_0 counter_var_1 +,23,counter_var_0 var_1 +
7601,115 15 100 0 113,23,115 96 24 5 113,15,9,8,1,0,5,16,var_0 counter_var_1 +,17,counter_var_0 var_1 +
7602,115 102 49 72 113,18,115 64 99 85 113,15,6,3,7,10,23,22,var_0 counter_var_1 +,9,counter_var_0 var_1 +
7603,115 84 60 44 113,40,115 108 30 70 113,26,21,14,7,13,8,33,var_0 counter_var_1 +,35,counter_var_0 var_1 +
7604,115 5 14 24 113,19,115 24 82 67 113,5,24,14,13,24,5,18,var_0 counter_var_1 +,38,counter_var_0 var_1 +
7605,115 96 1 40 113,10,115 91 103 49 113,9,4,1,11,9,18,20,var_0 counter_var_1 +,5,counter_var_0 var_1 +
7606,115 49 10 68 113,30,115 26 32 64 113,20,26,10,9,6,2,29,var_0 counter_var_1 +,36,counter_var_0 var_1 +
7607,115 53 104 84 113,36,115 60 38 20 113,24,2,12,15,22,20,39,var_0 counter_var_1 +,14,counter_var_0 var_1 +
7608,115 54 51 97 113,30,115 37 16 94 113,25,8,5,16,4,1,41,var_0 counter_var_1 +,13,counter_var_0 var_1 +
7609,115 19 94 39 113,21,115 94 6 56 113,19,7,2,6,8,25,25,var_0 counter_var_1 +,9,counter_var_0 var_1 +
7610,115 36 81 54 113,19,115 93 45 76 113,7,6,12,22,23,14,29,var_0 counter_var_1 +,18,counter_var_0 var_1 +
7611,115 40 40 11 113,28,115 83 29 25 113,11,25,17,6,11,25,17,var_0 counter_var_1 +,42,counter_var_0 var_1 +
7612,115 102 48 89 113,17,115 1 84 32 113,15,1,2,15,27,1,30,var_0 counter_var_1 +,3,counter_var_0 var_1 +
7613,115 107 28 7 113,25,115 89 104 84 113,20,2,5,12,7,22,32,var_0 counter_var_1 +,7,counter_var_0 var_1 +
7614,115 71 52 95 113,19,115 67 11 30 113,13,9,6,11,2,30,24,var_0 counter_var_1 +,15,counter_var_0 var_1 +
7615,115 14 105 62 113,27,115 95 71 74 113,14,8,13,2,0,12,16,var_0 counter_var_1 +,21,counter_var_0 var_1 +
7616,115 24 86 45 113,41,115 70 82 67 113,24,12,17,13,14,5,37,var_0 counter_var_1 +,29,counter_var_0 var_1 +
7617,115 15 61 18 113,30,115 3 57 1 113,15,3,15,11,18,1,26,var_0 counter_var_1 +,18,counter_var_0 var_1 +
7618,115 97 39 14 113,26,115 50 27 88 113,10,21,16,4,14,26,14,var_0 counter_var_1 +,37,counter_var_0 var_1 +
7619,115 89 14 24 113,16,115 14 35 9 113,2,14,14,12,24,9,14,var_0 counter_var_1 +,28,counter_var_0 var_1 +
7620,115 87 103 49 113,11,115 7 66 102 113,0,7,11,20,18,9,20,var_0 counter_var_1 +,18,counter_var_0 var_1 +
7621,115 38 44 107 113,30,115 71 39 14 113,9,13,21,16,14,14,25,var_0 counter_var_1 +,34,counter_var_0 var_1 +
7622,115 25 0 101 113,25,115 68 8 26 113,25,10,0,8,8,26,33,var_0 counter_var_1 +,10,counter_var_0 var_1 +
7623,115 55 58 98 113,38,115 56 77 105 113,26,27,12,8,5,12,34,var_0 counter_var_1 +,39,counter_var_0 var_1 +
7624,115 112 29 25 113,31,115 108 73 96 113,25,21,6,4,25,3,29,var_0 counter_var_1 +,27,counter_var_0 var_1 +
7625,115 86 61 18 113,43,115 67 96 6 113,28,9,15,4,18,6,32,var_0 counter_var_1 +,24,counter_var_0 var_1 +
7626,115 66 102 16 113,18,115 38 3 15 113,8,9,10,3,16,15,11,var_0 counter_var_1 +,19,counter_var_0 var_1 +
7627,115 29 92 2 113,0,115 104 59 23 113,0,17,0,13,2,23,13,var_0 counter_var_1 +,17,counter_var_0 var_1 +
7628,115 31 5 47 113,7,115 18 9 87 113,2,18,5,9,16,25,11,var_0 counter_var_1 +,23,counter_var_0 var_1 +
7629,115 31 21 92 113,23,115 15 39 14 113,2,15,21,16,30,14,18,var_0 counter_var_1 +,36,counter_var_0 var_1 +
7630,115 103 11 30 113,27,115 44 51 97 113,16,15,11,5,30,4,21,var_0 counter_var_1 +,26,counter_var_0 var_1 +
7631,115 11 12 21 113,23,115 37 4 52 113,11,8,12,4,21,21,15,var_0 counter_var_1 +,20,counter_var_0 var_1 +
7632,115 109 9 87 113,31,115 17 19 86 113,22,17,9,19,25,24,41,var_0 counter_var_1 +,26,counter_var_0 var_1 +
7633,115 37 59 23 113,21,115 43 112 103 113,8,14,13,20,23,10,28,var_0 counter_var_1 +,27,counter_var_0 var_1 +
7634,115 82 103 49 113,35,115 32 77 105 113,24,3,11,8,18,12,32,var_0 counter_var_1 +,14,counter_var_0 var_1 +
7635,115 45 9 87 113,25,115 73 105 62 113,16,15,9,13,25,0,29,var_0 counter_var_1 +,24,counter_var_0 var_1 +
7636,115 59 31 109 113,9,115 71 69 99 113,1,13,8,0,16,6,1,var_0 counter_var_1 +,21,counter_var_0 var_1 +
7637,115 105 0 101 113,18,115 104 85 3 113,18,17,0,16,8,3,34,var_0 counter_var_1 +,17,counter_var_0 var_1 +
7638,115 11 64 19 113,29,115 67 34 27 113,11,9,18,11,19,27,22,var_0 counter_var_1 +,27,counter_var_0 var_1 +
7639,115 94 93 37 113,8,115 77 0 101 113,7,19,1,0,6,8,7,var_0 counter_var_1 +,20,counter_var_0 var_1 +
7640,115 46 32 64 113,26,115 49 31 109 113,17,20,9,8,2,16,25,var_0 counter_var_1 +,29,counter_var_0 var_1 +
7641,115 16 20 8 113,36,115 103 72 71 113,16,16,20,3,8,9,19,var_0 counter_var_1 +,36,counter_var_0 var_1 +
7642,115 44 19 86 113,34,115 31 20 8 113,15,2,19,20,24,8,35,var_0 counter_var_1 +,21,counter_var_0 var_1 +
7643,115 88 47 34 113,2,115 24 4 52 113,1,24,1,4,3,21,5,var_0 counter_var_1 +,25,counter_var_0 var_1 +
7644,115 52 72 71 113,26,115 4 93 37 113,23,4,3,1,9,6,24,var_0 counter_var_1 +,7,counter_var_0 var_1 +
7645,115 50 16 94 113,37,115 86 8 26 113,21,28,16,8,1,26,29,var_0 counter_var_1 +,44,counter_var_0 var_1 +
7646,115 45 62 41 113,32,115 51 110 61 113,16,22,16,18,10,30,34,var_0 counter_var_1 +,38,counter_var_0 var_1 +
7647,115 45 16 94 113,32,115 92 31 109 113,16,5,16,8,1,16,24,var_0 counter_var_1 +,21,counter_var_0 var_1 +
7648,115 42 102 16 113,23,115 0 10 68 113,13,0,10,10,16,6,23,var_0 counter_var_1 +,10,counter_var_0 var_1 +
7649,115 3 111 12 113,22,115 78 79 57 113,3,20,19,10,12,26,13,var_0 counter_var_1 +,39,counter_var_0 var_1 +
7650,115 37 8 26 113,16,115 92 36 106 113,8,5,8,13,26,13,21,var_0 counter_var_1 +,13,counter_var_0 var_1 +
7651,115 76 50 77 113,22,115 79 18 73 113,18,21,4,18,15,11,36,var_0 counter_var_1 +,25,counter_var_0 var_1 +
7652,115 51 62 41 113,38,115 77 104 84 113,22,19,16,12,10,22,34,var_0 counter_var_1 +,35,counter_var_0 var_1 +
7653,115 65 97 81 113,12,115 26 104 84 113,7,26,5,12,19,22,19,var_0 counter_var_1 +,31,counter_var_0 var_1 +
7654,115 18 101 104 113,27,115 74 44 107 113,18,16,9,21,11,14,39,var_0 counter_var_1 +,25,counter_var_0 var_1 +
7655,115 22 0 101 113,22,115 6 56 59 113,22,6,0,10,8,28,32,var_0 counter_var_1 +,6,counter_var_0 var_1 +
7656,115 28 73 96 113,32,115 52 30 70 113,28,23,4,7,3,8,35,var_0 counter_var_1 +,27,counter_var_0 var_1 +
7657,115 11 71 74 113,13,115 8 82 67 113,11,8,2,13,12,5,24,var_0 counter_var_1 +,10,counter_var_0 var_1 +
7658,115 106 102 16 113,29,115 28 61 18 113,19,28,10,15,16,18,34,var_0 counter_var_1 +,38,counter_var_0 var_1 +
7659,115 41 107 60 113,27,115 60 39 14 113,12,2,15,16,29,14,28,var_0 counter_var_1 +,17,counter_var_0 var_1 +
7660,115 17 5 47 113,22,115 17 111 12 113,17,17,5,19,16,12,36,var_0 counter_var_1 +,22,counter_var_0 var_1 +
